           1           2   1.02124117942345     
           2           3  0.986797180153971     
           3           4  0.978281551787184     
           4           5   1.69053577964300     
           4           6   1.17008977027577     
           5           6  0.171011272486803     
           6           7  0.918582359174408     
           7           8   1.01959615014095     
           1           9  0.985904971264399     
           1          10  0.986121897288853     
           1          11  0.987600202225024     
           2          12  0.977260790461426     
           2          13  0.975303166064220     
           3          14  0.947942808050281     
           3          15  0.971946168462756     
           7          16  0.968637877832219     
           7          17  0.969311203498495     
           8          18  0.980144915402682     
           8          19  0.983705995184513     
           8          20  0.983444205112118     
