           1           2   1.00570400045048     
           2           3   1.00437093069093     
           2           4   1.00016244898601     
           4           5   1.00137500179509     
           5           6  0.995440579859842     
           5           7   1.00239805102213     
           1           8  0.985300412239160     
           1           9  0.985307096451904     
           1          10  0.986093601267787     
           2          11  0.957928297884645     
           3          12  0.985899026684084     
           3          13  0.981871742018906     
           3          14  0.985005786519623     
           4          15  0.953305913685831     
           5          16  0.969012674470135     
           6          17  0.985195403817613     
           6          18  0.986768826735495     
           6          19  0.985638732705807     
           7          20  0.985479439886317     
           7          21  0.986507234635914     
           7          22  0.981590220927794     
