$hessian                                                                        
        0.5151761044  -0.0254297273   0.0089808566  -0.0894254565  -0.0471520496
        0.0190827847  -0.0127913283  -0.0221325699   0.0024940494  -0.0002045919
        0.0014750189   0.0010511837  -0.0017899118  -0.0012772301  -0.0003829992
       -0.0001621524  -0.0002952618  -0.0001925531   0.0001217315   0.0000380367
       -0.0000341616   0.0000394282   0.0000457454   0.0000073744  -0.1722458451
       -0.0409201299  -0.1128191719  -0.1586206752   0.1214334153  -0.0011616007
       -0.0795572743   0.0113483270   0.0833824054   0.0075733738   0.0159856393
       -0.0056751512  -0.0058927285  -0.0117508720   0.0064289675   0.0010598681
        0.0004756267   0.0009874445  -0.0031127993  -0.0017983768  -0.0021508579
       -0.0000525266   0.0000091514   0.0000020700  -0.0000372119  -0.0000064658
        0.0000047291  -0.0000068581  -0.0000051360   0.0000024456  -0.0000458386
       -0.0000137359   0.0000109184  -0.0000253077  -0.0000294054  -0.0000187340
       -0.0254297273   0.4774576937   0.0165124800  -0.0461550668  -0.1680349185
        0.0368695648  -0.0098771223  -0.0110392516  -0.0013888389   0.0005934400
       -0.0003206502  -0.0001285542  -0.0008331331   0.0005904777   0.0004828643
       -0.0000195211   0.0002098185  -0.0000059987  -0.0000108079  -0.0000703386
       -0.0000419707   0.0000166465  -0.0000625726   0.0000179738  -0.0415263880
       -0.0560620521  -0.0382484611   0.1233958712  -0.1706238058   0.0001443745
        0.0110809711  -0.0460174465  -0.0247240872  -0.0082223479  -0.0263442227
        0.0086724786  -0.0018765435  -0.0002319151   0.0019827208   0.0005477354
        0.0004109653   0.0007758262  -0.0016546980   0.0000306366  -0.0008819652
       -0.0000177955   0.0000110860   0.0000058516  -0.0000140100   0.0000372424
       -0.0000025375   0.0000094690   0.0000291632  -0.0000257791  -0.0000075450
        0.0000163273   0.0000039963   0.0000005731   0.0000137631  -0.0000199386
        0.0089808566   0.0165124800   0.5199878169   0.0193951788   0.0369692378
       -0.0798225859  -0.0076524171  -0.0143270037   0.0033658160   0.0005902902
       -0.0004213589  -0.0000293202   0.0001859442   0.0001239284   0.0006045053
       -0.0002402600   0.0000364343   0.0000194900   0.0000064063   0.0000188701
       -0.0000863141  -0.0000663076   0.0000270576  -0.0000473264  -0.1128168895
       -0.0373737765  -0.1432147187  -0.0016868687   0.0003533448  -0.0456545193
        0.0837915844  -0.0255764888  -0.2441147013   0.0003106833   0.0019824632
        0.0004938072   0.0134547006   0.0246915917  -0.0114292973  -0.0008703300
       -0.0010492313   0.0013941877  -0.0033896408  -0.0019603569  -0.0015747244
       -0.0000210798  -0.0000081608   0.0000262489   0.0000102705  -0.0000124092
        0.0000126972   0.0000077378  -0.0000119058   0.0000231467   0.0000012425
        0.0000077593   0.0000346957   0.0000088983   0.0000175247   0.0000110959
       -0.0894254565  -0.0461550668   0.0193951788   0.4893019756  -0.0375813668
       -0.0260018789  -0.1295550458  -0.0256739156  -0.0595025807  -0.0254130747
        0.0005268697  -0.0136867671   0.0012358135  -0.0041510012  -0.0006614407
       -0.0049609676   0.0027082567  -0.0000048230  -0.0011007417  -0.0006248398
       -0.0002051894  -0.0000135881   0.0000255611   0.0000467579  -0.0117734194
       -0.0208594877   0.0051575037   0.0085337710   0.0165582471  -0.0059060830
       -0.0066661055  -0.0119315909   0.0064213568  -0.1527221703   0.1181930185
        0.0014116274  -0.0739478861   0.0127264428   0.0780248823   0.0045361045
        0.0005680898   0.0009634755  -0.0076527693  -0.0043872365  -0.0054812179
       -0.0002737734   0.0001347280   0.0000429702   0.0000374034  -0.0001042656
       -0.0000103367  -0.0000408323   0.0000340567  -0.0000364739  -0.0000248741
       -0.0000122849   0.0000664212  -0.0000743632   0.0000057853  -0.0000333825
       -0.0471520496  -0.1680349185   0.0369692378  -0.0375813668   0.4905196687
        0.0060883808  -0.0226083044  -0.0754029595  -0.0209818408   0.0071803760
        0.0041309618   0.0094754439  -0.0001100179   0.0011108379   0.0006355844
        0.0047462230   0.0000629032  -0.0002672887   0.0008866409   0.0005205923
       -0.0003805440   0.0001583737  -0.0001190866  -0.0000266370  -0.0060574230
       -0.0091741146   0.0017666078  -0.0081821070  -0.0263691516   0.0078386453
       -0.0012808491   0.0001984064   0.0024984972   0.1173842824  -0.1623735467
       -0.0004042382   0.0126993550  -0.0466086384  -0.0262931377   0.0000332661
        0.0010931848  -0.0006813830  -0.0201277403  -0.0096135108  -0.0162728833
        0.0001257258  -0.0000507957   0.0000280385  -0.0001406587   0.0000802324
        0.0000177485   0.0000044835   0.0000233782  -0.0000115305   0.0000298463
        0.0000029756  -0.0000276227  -0.0000080558   0.0000035811   0.0000289216
        0.0190827847   0.0368695648  -0.0798225859  -0.0260018789   0.0060883808
        0.5044676016  -0.0572641255  -0.0227539745  -0.1145493182  -0.0048963370
        0.0032529595   0.0011923122   0.0013072770  -0.0007645586   0.0001296355
        0.0021713718  -0.0001826066   0.0004180400   0.0002987370   0.0001877704
        0.0001145438  -0.0000164654  -0.0000006377  -0.0001152591  -0.0085119748
       -0.0156157024   0.0046289170  -0.0000215266   0.0022273485   0.0001264393
        0.0135534948   0.0249707323  -0.0121811239   0.0010912127   0.0000621544
       -0.0443886965   0.0785255196  -0.0270676589  -0.2394379405  -0.0207385757
       -0.0077340283  -0.0229600308   0.0013012083   0.0005605756   0.0022065444
        0.0001421673  -0.0000559934   0.0000548518  -0.0000599684  -0.0000370592
        0.0000371807  -0.0000090400   0.0000381291   0.0000097320   0.0000190995
       -0.0000112999   0.0000222203   0.0000270195  -0.0000340958   0.0000469364
       -0.0127913283  -0.0098771223  -0.0076524171  -0.1295550458  -0.0226083044
       -0.0572641255   0.4616922520   0.0277162671  -0.0034946651  -0.1330541492
        0.0523260371   0.0172955276  -0.0016934364   0.0130161418   0.0011565823
       -0.0554935247   0.0071124156  -0.0036955504  -0.0000779570  -0.0031247771
       -0.0026139834  -0.0005199553   0.0001438477   0.0001835221  -0.0009856084
       -0.0029189231   0.0006468048   0.0003839593   0.0003575285   0.0002256933
        0.0004815680   0.0005779189  -0.0006050275  -0.0216346516  -0.0041459427
       -0.0164856486   0.0052265069   0.0012425238   0.0015444404  -0.0574998203
       -0.0073403247   0.0645288281  -0.0527458766  -0.0533656127   0.0060150466
       -0.0014294296   0.0007632147   0.0000153120  -0.0001832891   0.0000678683
        0.0001040144   0.0000180577   0.0000016421  -0.0000561247  -0.0001741188
        0.0000322206   0.0002627833   0.0000358471   0.0000233807  -0.0001110127
       -0.0221325699  -0.0110392516  -0.0143270037  -0.0256739156  -0.0754029595
       -0.0227539745   0.0277162671   0.5098993495  -0.0088238147   0.0469435040
       -0.0961932517  -0.0044969402   0.0348010458  -0.0361190122  -0.0198027732
       -0.0053689046   0.0096288427   0.0016415624  -0.0026890673  -0.0003621723
       -0.0023368987   0.0002803958  -0.0001378411  -0.0000809255  -0.0033214629
       -0.0048540612   0.0009589796   0.0001818805   0.0010567365  -0.0006714237
        0.0003272332   0.0005377848  -0.0007545902   0.0150229626   0.0039609167
        0.0122691313  -0.0030763785  -0.0005853574  -0.0037804118  -0.0088204038
       -0.0401242155   0.0274008999  -0.0532238827  -0.2604049156   0.0356333034
       -0.0007209570   0.0003518353  -0.0000173080  -0.0002552288  -0.0001795095
       -0.0002288293   0.0000266130   0.0001042490   0.0000236148   0.0000223902
       -0.0000062610  -0.0000151621  -0.0000395210  -0.0001309061   0.0001625644
        0.0024940494  -0.0013888389   0.0033658160  -0.0595025807  -0.0209818408
       -0.1145493182  -0.0034946651  -0.0088238147   0.4761968955   0.0079515269
       -0.0000563031  -0.0697607986   0.0108440420  -0.0229903431   0.0073439014
       -0.0086376786   0.0050206662   0.0082747257  -0.0014221651  -0.0032752134
        0.0039840282  -0.0009990682   0.0005184015   0.0000343734   0.0011732662
        0.0014094387   0.0005955067   0.0000756683  -0.0001503512   0.0003070766
        0.0008588166   0.0006643859   0.0013820137  -0.0036729994  -0.0006741239
       -0.0014192557  -0.0220968464  -0.0088480709  -0.0226215390   0.0688501521
        0.0233860613  -0.2484794397   0.0072181934   0.0364334775  -0.0450727634
        0.0000224804  -0.0000656269   0.0000508181   0.0006211460  -0.0001114015
        0.0000651022  -0.0000465700  -0.0000190454  -0.0000516671  -0.0001608218
       -0.0000381932   0.0003689088  -0.0000759458  -0.0000092643  -0.0000143846
       -0.0002045919   0.0005934400   0.0005902902  -0.0254130747   0.0071803760
       -0.0048963370  -0.1330541492   0.0469435040   0.0079515269   0.4656837976
       -0.0641005393   0.0112241843  -0.0789602103   0.0651955307   0.0251756335
       -0.1707606411  -0.0527265931  -0.0364794367  -0.0497311935  -0.0055240178
       -0.0121113023   0.0017676562  -0.0012288556  -0.0018142838   0.0007504089
       -0.0000163320   0.0003823968  -0.0005229758  -0.0012428235  -0.0001981599
       -0.0003598149  -0.0002788090  -0.0003231891  -0.0015930378  -0.0012910423
       -0.0014829389   0.0001730908   0.0005641198   0.0007035093  -0.0094160595
        0.0074042561   0.0067568436   0.0057296954  -0.0011609236   0.0031241158
       -0.0050686769   0.0014065867   0.0003540608   0.0009279573  -0.0019232369
        0.0003518899  -0.0005914839   0.0000359111   0.0002080834   0.0007752314
       -0.0002309147   0.0000460563  -0.0001319281   0.0004003634   0.0004370570
        0.0014750189  -0.0003206502  -0.0004213589   0.0005268697   0.0041309618
        0.0032529595   0.0523260371  -0.0961932517  -0.0000563031  -0.0641005393
        0.7794713443   0.2396837553   0.0466003185  -0.5549032547  -0.2014167649
       -0.0625128626  -0.1239322544  -0.0352846473  -0.0026525456   0.0171794496
        0.0037881374   0.0016346806  -0.0019841657  -0.0002418642  -0.0002752053
       -0.0002821559   0.0002051404  -0.0022692686  -0.0016394472   0.0002200836
        0.0000232816   0.0000139402  -0.0001241940  -0.0012789723   0.0001680016
       -0.0017628602  -0.0005773452   0.0012052122  -0.0013225252   0.0001886658
        0.0023055561  -0.0019695903   0.0224237635  -0.0226091566  -0.0052884574
        0.0039848945  -0.0027468533   0.0003984901   0.0032660620  -0.0001582627
        0.0022414301  -0.0005548805  -0.0004521237   0.0001957906   0.0009625742
       -0.0000120085  -0.0008514877   0.0008094530   0.0007591187  -0.0012457339
        0.0010511837  -0.0001285542  -0.0000293202  -0.0136867671   0.0094754439
        0.0011923122   0.0172955276  -0.0044969402  -0.0697607986   0.0112241843
        0.2396837553   0.2982600701   0.0169683026  -0.1984070961  -0.1467579566
       -0.0404028601  -0.0360805038  -0.0731094174  -0.0089534590   0.0065337705
       -0.0000225298   0.0019737297  -0.0008753177   0.0003626001  -0.0001404919
       -0.0000622037   0.0000673193  -0.0007321265  -0.0006558388   0.0005577193
        0.0001860079  -0.0001053657  -0.0003220030  -0.0038909406  -0.0009775220
       -0.0025928463  -0.0018080994   0.0010338436  -0.0006021289   0.0259900820
       -0.0161183839  -0.0083656731  -0.0048589681   0.0028387909   0.0011949590
       -0.0016124586  -0.0008459207   0.0001573353   0.0000452810  -0.0009407198
        0.0017523729   0.0001747779   0.0003994303  -0.0001649454   0.0004268622
       -0.0000085686  -0.0008479438   0.0007502324  -0.0002620994  -0.0009691252
       -0.0017899118  -0.0008331331   0.0001859442   0.0012358135  -0.0001100179
        0.0013072770  -0.0016934364   0.0348010458   0.0108440420  -0.0789602103
        0.0466003185   0.0169683026   0.0961917902  -0.0322757041  -0.0049323044
       -0.0083620143  -0.0497061432  -0.0253769734   0.0016627800  -0.0036687972
       -0.0008761697  -0.0007565037  -0.0001575863   0.0007562180  -0.0004347376
        0.0002844766  -0.0001787100  -0.0017833686   0.0008757111  -0.0001228688
       -0.0001732108   0.0003725229   0.0001150079   0.0001226644   0.0000230118
        0.0002227876   0.0002534845  -0.0003944169   0.0002960643  -0.0013425456
        0.0010084600   0.0000840182  -0.0050969641   0.0044509289   0.0010439860
        0.0009321517  -0.0009147951   0.0003944439   0.0002124321  -0.0004126903
        0.0003144682   0.0001333014  -0.0000819306  -0.0002636184   0.0000262105
        0.0000918876  -0.0002596816  -0.0003777250   0.0000468514  -0.0005222337
       -0.0012772301   0.0005904777   0.0001239284  -0.0041510012   0.0011108379
       -0.0007645586   0.0130161418  -0.0361190122  -0.0229903431   0.0651955307
       -0.5549032547  -0.1984070961  -0.0322757041   0.6672966875   0.2679251979
       -0.0478609395  -0.0761063967  -0.0506799225   0.0031913618  -0.0001366560
        0.0041846524  -0.0009695068   0.0017705380   0.0003532753   0.0001234750
       -0.0000781973  -0.0000825590   0.0005081416   0.0011476266  -0.0000521588
        0.0000255156  -0.0002209194  -0.0000474343  -0.0002220644   0.0001681452
        0.0003536201  -0.0002225253  -0.0001280659   0.0011781460   0.0015671728
       -0.0029999475  -0.0001585720   0.0047028080  -0.0032639279  -0.0010413782
        0.0003078507   0.0012086996   0.0002065549  -0.0008566025   0.0009826362
       -0.0008903299   0.0002561874   0.0001294373  -0.0003661269  -0.0004943070
       -0.0000699595   0.0003668291  -0.0005643045  -0.0003787489   0.0007882752
       -0.0003829992   0.0004828643   0.0006045053  -0.0006614407   0.0006355844
        0.0001296355   0.0011565823  -0.0198027732   0.0073439014   0.0251756335
       -0.2014167649  -0.1467579566  -0.0049323044   0.2679251979   0.1395655789
       -0.0252396360  -0.0488954947   0.0006568854   0.0015842687   0.0005100031
       -0.0025185448   0.0008122445   0.0000671882  -0.0002536377   0.0002657441
       -0.0000618271   0.0000189580   0.0002248101   0.0003525677  -0.0006669999
       -0.0001322659  -0.0000478804   0.0000989306   0.0002080217   0.0001190878
        0.0004325672   0.0005984147  -0.0004207959   0.0008391898  -0.0018161313
        0.0014109755   0.0007025269   0.0028153242  -0.0021065898   0.0001149286
        0.0003784295   0.0003936774   0.0002192674   0.0000933535   0.0006499263
       -0.0011658262   0.0000207552  -0.0000186658  -0.0000014680   0.0000509557
        0.0000317677   0.0000315080  -0.0002197602   0.0001919516   0.0006060502
       -0.0001621524  -0.0000195211  -0.0002402600  -0.0049609676   0.0047462230
        0.0021713718  -0.0554935247  -0.0053689046  -0.0086376786  -0.1707606411
       -0.0625128626  -0.0404028601  -0.0083620143  -0.0478609395  -0.0252396360
        0.4455644736   0.0170898470   0.0527975216  -0.1280766868   0.0557678630
        0.0103767330  -0.0304474935   0.0129223129   0.0134624717  -0.0001415492
       -0.0000441977  -0.0002284374   0.0008226847   0.0003898853  -0.0000779265
        0.0000672910   0.0002329610   0.0003092527  -0.0022127234   0.0002024702
       -0.0014694718   0.0006285211  -0.0002429517  -0.0000349087  -0.0018050211
       -0.0003442433   0.0001913679  -0.0006356513  -0.0002083652  -0.0017270728
       -0.0315525493   0.0103885416  -0.0039936838  -0.0125212632   0.0160432338
       -0.0009155823   0.0014373493  -0.0004685839  -0.0016253540  -0.0026438459
       -0.0002928440   0.0060413192   0.0012557639  -0.0004199242  -0.0007571658
       -0.0002952618   0.0002098185   0.0000364343   0.0027082567   0.0000629032
       -0.0001826066   0.0071124156   0.0096288427   0.0050206662  -0.0527265931
       -0.1239322544  -0.0360805038  -0.0497061432  -0.0761063967  -0.0488954947
        0.0170898470   0.3102762863   0.0995626153   0.0463261281  -0.1074140181
       -0.0129664407   0.0052282841   0.0023991820  -0.0043034758   0.0000103568
        0.0000580431  -0.0001006080   0.0007808434   0.0002326570  -0.0001635827
       -0.0000107389   0.0000725531   0.0001533023   0.0001161796   0.0001553832
        0.0002704494   0.0000552410  -0.0004321413  -0.0001277565   0.0001690527
       -0.0003715688  -0.0003599933  -0.0000061812   0.0009150664  -0.0008189393
       -0.0112438473   0.0066328213   0.0004670041   0.0356893227  -0.0230366042
       -0.0011928065  -0.0004780358   0.0005108624  -0.0001490209  -0.0004844988
        0.0007247885  -0.0005787964  -0.0003346276  -0.0005862243   0.0004095536
       -0.0001925531  -0.0000059987   0.0000194900  -0.0000048230  -0.0002672887
        0.0004180400  -0.0036955504   0.0016415624   0.0082747257  -0.0364794367
       -0.0352846473  -0.0731094174  -0.0253769734  -0.0506799225   0.0006568854
        0.0527975216   0.0995626153   0.1219665375   0.0044452966  -0.0123636007
       -0.0558180905   0.0310227626  -0.0120992327  -0.0022255301  -0.0000253888
       -0.0000029974  -0.0000818289   0.0005171898   0.0002069321  -0.0001557747
       -0.0000495496   0.0001109143   0.0001191265  -0.0000227197   0.0002015327
        0.0000448546   0.0002320404  -0.0000764692  -0.0000046934  -0.0017829637
       -0.0003119441   0.0000720612   0.0010492051  -0.0001916237  -0.0006855877
       -0.0180997255   0.0082359632   0.0011634167  -0.0067153507   0.0022699475
        0.0012955643  -0.0009618317  -0.0008097316   0.0019208720   0.0038039723
       -0.0000073560  -0.0059405808  -0.0004611220  -0.0001286550   0.0020699295
        0.0001217315  -0.0000108079   0.0000064063  -0.0011007417   0.0008866409
        0.0002987370  -0.0000779570  -0.0026890673  -0.0014221651  -0.0497311935
       -0.0026525456  -0.0089534590   0.0016627800   0.0031913618   0.0015842687
       -0.1280766868   0.0463261281   0.0044452966   0.4093675463   0.0612771725
        0.0366696768  -0.0734949531  -0.0098156189   0.0393842589  -0.0000222834
       -0.0000513345   0.0000808120  -0.0001970018   0.0000358988  -0.0000304419
       -0.0000716265  -0.0000252151  -0.0001254711  -0.0003283661  -0.0002967565
       -0.0002943484  -0.0000855631   0.0000369000   0.0002442913  -0.0006633173
        0.0002435737  -0.0001983627  -0.0001961602  -0.0003860233   0.0000186850
       -0.1060152992  -0.0695226303  -0.0880555455  -0.0423136174  -0.0258447576
        0.0039345741  -0.0015266038  -0.0019014671   0.0033617542  -0.0134068612
       -0.0009036149   0.0236989875   0.0061561741   0.0021021633  -0.0146479548
        0.0000380367  -0.0000703386   0.0000188701  -0.0006248398   0.0005205923
        0.0001877704  -0.0031247771  -0.0003621723  -0.0032752134  -0.0055240178
        0.0171794496   0.0065337705  -0.0036687972  -0.0001366560   0.0005100031
        0.0557678630  -0.1074140181  -0.0123636007   0.0612771725   0.5148952165
        0.0159602151  -0.0095547391  -0.0687304072   0.0156011893  -0.0000016852
        0.0000361006  -0.0000153822   0.0000286954   0.0000073448  -0.0000332387
       -0.0000155749   0.0000303074   0.0000727301  -0.0002464816   0.0000690044
       -0.0001631623   0.0001104857   0.0000669754  -0.0000048408   0.0005198452
       -0.0002079392   0.0002024149   0.0003238011   0.0003609352   0.0000127025
       -0.0648833890  -0.1034217229  -0.0787820445  -0.0291716554  -0.2497345104
        0.0501946049  -0.0114982670  -0.0052464719   0.0293851458   0.0050203235
        0.0004945879  -0.0093295295   0.0052280010   0.0016637225  -0.0147124050
       -0.0000341616  -0.0000419707  -0.0000863141  -0.0002051894  -0.0003805440
        0.0001145438  -0.0026139834  -0.0023368987   0.0039840282  -0.0121113023
        0.0037881374  -0.0000225298  -0.0008761697   0.0041846524  -0.0025185448
        0.0103767330  -0.0129664407  -0.0558180905   0.0366696768   0.0159602151
        0.4774500355   0.0369581926   0.0150093551  -0.1822984190  -0.0000111265
        0.0000265586  -0.0000176431  -0.0000359912   0.0000192361   0.0000517794
        0.0000574118   0.0000108126  -0.0000292298   0.0000899723   0.0000624614
        0.0000386911  -0.0000414815  -0.0000185657  -0.0000957628  -0.0007838028
        0.0005771689   0.0001953476   0.0001053493  -0.0003195526  -0.0000330539
       -0.0862122571  -0.0796986850  -0.1462679328   0.0041291007   0.0520701880
       -0.0542475549   0.0057299097   0.0050251781  -0.0121045886   0.0017773035
       -0.0003629798  -0.0016122498   0.0070318157  -0.0006083266  -0.0266825118
        0.0000394282   0.0000166465  -0.0000663076  -0.0000135881   0.0001583737
       -0.0000164654  -0.0005199553   0.0002803958  -0.0009990682   0.0017676562
        0.0016346806   0.0019737297  -0.0007565037  -0.0009695068   0.0008122445
       -0.0304474935   0.0052282841   0.0310227626  -0.0734949531  -0.0095547391
        0.0369581926   0.5216193995  -0.0065340521   0.0259494874  -0.0000768684
       -0.0000312719  -0.0000092593   0.0000167395   0.0000361708   0.0000176749
       -0.0000281844  -0.0000131048   0.0000459665  -0.0001494875  -0.0000055423
       -0.0000489284  -0.0000177800   0.0000011956   0.0000759928   0.0001096673
       -0.0000410784  -0.0000874600   0.0000072085  -0.0001210221   0.0000063182
        0.0054416468   0.0014270344  -0.0126847842  -0.0009730036  -0.0024014281
        0.0056655068  -0.0441326839  -0.0073177728   0.0010153538  -0.2539391414
        0.0882950888   0.0000860476  -0.1244521030  -0.0700883520  -0.0897170044
        0.0000457454  -0.0000625726   0.0000270576   0.0000255611  -0.0001190866
       -0.0000006377   0.0001438477  -0.0001378411   0.0005184015  -0.0012288556
       -0.0019841657  -0.0008753177  -0.0001575863   0.0017705380   0.0000671882
        0.0129223129   0.0023991820  -0.0120992327  -0.0098156189  -0.0687304072
        0.0150093551  -0.0065340521   0.5287251171   0.0041787560  -0.0000055604
        0.0000303703   0.0000055125  -0.0000329920   0.0000083650   0.0000234599
       -0.0000023181   0.0000202279  -0.0000174260   0.0000435079   0.0000260497
       -0.0000105971  -0.0000378065   0.0000091693  -0.0000446686  -0.0000661465
        0.0000452019   0.0000292054  -0.0000003492   0.0000726890  -0.0000198994
        0.0038316344   0.0018199225  -0.0140618972  -0.0104485166  -0.0052675301
        0.0273179642  -0.0070912363  -0.2723735001   0.0579949708   0.0879961675
       -0.0794506635  -0.0002607123  -0.0695877385  -0.1068010658  -0.0777814825
        0.0000073744   0.0000179738  -0.0000473264   0.0000467579  -0.0000266370
       -0.0001152591   0.0001835221  -0.0000809255   0.0000343734  -0.0018142838
       -0.0002418642   0.0003626001   0.0007562180   0.0003532753  -0.0002536377
        0.0134624717  -0.0043034758  -0.0022255301   0.0393842589   0.0156011893
       -0.1822984190   0.0259494874   0.0041787560   0.4628938270   0.0000248635
        0.0000142983   0.0000271360  -0.0000164793  -0.0000229776   0.0000091260
       -0.0000154969  -0.0000171471   0.0000376963   0.0000463088   0.0000014091
        0.0000446239  -0.0000238034   0.0000084515   0.0000716327  -0.0000789996
        0.0000318961   0.0000957716   0.0000231047   0.0000504714  -0.0000363914
        0.0063317585   0.0004248726  -0.0244453694   0.0052537122   0.0042618381
       -0.0117684264   0.0004356219   0.0594112037  -0.0582216590   0.0011916572
       -0.0008391827  -0.0411423360  -0.0911480543  -0.0788234251  -0.1430224323
       -0.1722458451  -0.0415263880  -0.1128168895  -0.0117734194  -0.0060574230
       -0.0085119748  -0.0009856084  -0.0033214629   0.0011732662   0.0007504089
       -0.0002752053  -0.0001404919  -0.0004347376   0.0001234750   0.0002657441
       -0.0001415492   0.0000103568  -0.0000253888  -0.0000222834  -0.0000016852
       -0.0000111265  -0.0000768684  -0.0000055604   0.0000248635   0.1985015274
        0.0508677743   0.1311881771  -0.0209600203  -0.0026711167  -0.0172767894
        0.0078108277   0.0026264456   0.0064450939   0.0005507776   0.0003478986
       -0.0000716538  -0.0002492322   0.0001901991  -0.0000694726   0.0000671905
        0.0000910529   0.0003659957  -0.0007759593  -0.0003706921  -0.0004909482
       -0.0000111912  -0.0000083024  -0.0000024278   0.0000134796   0.0000027584
       -0.0000031119   0.0000057438  -0.0000069851  -0.0000105189  -0.0000188760
       -0.0000035063  -0.0000072676  -0.0000043651  -0.0000116334  -0.0000250790
       -0.0409201299  -0.0560620521  -0.0373737765  -0.0208594877  -0.0091741146
       -0.0156157024  -0.0029189231  -0.0048540612   0.0014094387  -0.0000163320
       -0.0002821559  -0.0000622037   0.0002844766  -0.0000781973  -0.0000618271
       -0.0000441977   0.0000580431  -0.0000029974  -0.0000513345   0.0000361006
        0.0000265586  -0.0000312719   0.0000303703   0.0000142983   0.0508677743
        0.0660671985   0.0427371860   0.0181376030   0.0046914399   0.0149624212
       -0.0032523055  -0.0005884271  -0.0046909207  -0.0002259068   0.0002499840
       -0.0005749876   0.0000604161   0.0005454293  -0.0003031908   0.0001517053
       -0.0000610163   0.0002942158  -0.0011896955  -0.0006115881  -0.0007545407
       -0.0000017398   0.0000199196  -0.0000064441  -0.0000040395   0.0000180864
        0.0000057149   0.0000067759  -0.0000013358  -0.0000096471   0.0000018484
        0.0000132706   0.0000005582   0.0000047641  -0.0000168939   0.0000058465
       -0.1128191719  -0.0382484611  -0.1432147187   0.0051575037   0.0017666078
        0.0046289170   0.0006468048   0.0009589796   0.0005955067   0.0003823968
        0.0002051404   0.0000673193  -0.0001787100  -0.0000825590   0.0000189580
       -0.0002284374  -0.0001006080  -0.0000818289   0.0000808120  -0.0000153822
       -0.0000176431  -0.0000092593   0.0000055125   0.0000271360   0.1311881771
        0.0427371860   0.1634463954  -0.0026124366   0.0002684229  -0.0012418149
       -0.0223164928  -0.0077674408  -0.0253159597   0.0001593495  -0.0002829316
        0.0000278788   0.0003199547   0.0002686555   0.0005301474   0.0000336854
        0.0001268224   0.0001945207   0.0001882681   0.0001470215   0.0003225522
       -0.0000157430  -0.0000040915   0.0000037306   0.0000014590   0.0000019084
       -0.0000118034   0.0000130527  -0.0000024218   0.0000129612  -0.0000032171
        0.0000082177   0.0000116114   0.0000120041   0.0000094215  -0.0000038660
       -0.1586206752   0.1233958712  -0.0016868687   0.0085337710  -0.0081821070
       -0.0000215266   0.0003839593   0.0001818805   0.0000756683  -0.0005229758
       -0.0022692686  -0.0007321265  -0.0017833686   0.0005081416   0.0002248101
        0.0008226847   0.0007808434   0.0005171898  -0.0001970018   0.0000286954
       -0.0000359912   0.0000167395  -0.0000329920  -0.0000164793  -0.0209600203
        0.0181376030  -0.0026124366   0.1827228679  -0.1401767197   0.0014322499
       -0.0106816920   0.0106080648   0.0022582308   0.0001808899  -0.0030262845
        0.0007972586   0.0004118282  -0.0000925404  -0.0002873521  -0.0000876558
        0.0000992282   0.0000312826  -0.0001419080   0.0000557717   0.0000443875
        0.0000146715   0.0000104562   0.0000066566  -0.0000544387  -0.0000082029
       -0.0000224907  -0.0000099586   0.0000089264  -0.0000007140   0.0000055288
       -0.0000146237  -0.0000073378  -0.0000332459  -0.0000127433   0.0000355893
        0.1214334153  -0.1706238058   0.0003533448   0.0165582471  -0.0263691516
        0.0022273485   0.0003575285   0.0010567365  -0.0001503512  -0.0012428235
       -0.0016394472  -0.0006558388   0.0008757111   0.0011476266   0.0003525677
        0.0003898853   0.0002326570   0.0002069321   0.0000358988   0.0000073448
        0.0000192361   0.0000361708   0.0000083650  -0.0000229776  -0.0026711167
        0.0046914399   0.0002684229  -0.1401767197   0.2008769784  -0.0024751447
        0.0060401936  -0.0042860334  -0.0020418147  -0.0024339960  -0.0059685744
        0.0023481086   0.0004284549   0.0007839653  -0.0002525911   0.0001102344
       -0.0002685762  -0.0002040125   0.0002320333   0.0003418457  -0.0000151215
        0.0000389740   0.0000035390   0.0000020814  -0.0000069621   0.0000154666
       -0.0000066751  -0.0000039052  -0.0000170255   0.0000081400   0.0000287280
        0.0000052780  -0.0000068928  -0.0000299518   0.0000013712   0.0000452380
       -0.0011616007   0.0001443745  -0.0456545193  -0.0059060830   0.0078386453
        0.0001264393   0.0002256933  -0.0006714237   0.0003070766  -0.0001981599
        0.0002200836   0.0005577193  -0.0001228688  -0.0000521588  -0.0006669999
       -0.0000779265  -0.0001635827  -0.0001557747  -0.0000304419  -0.0000332387
        0.0000517794   0.0000176749   0.0000234599   0.0000091260  -0.0172767894
        0.0149624212  -0.0012418149   0.0014322499  -0.0024751447   0.0494509088
        0.0227168266  -0.0223590666  -0.0026416431   0.0007438066   0.0022777676
        0.0001217444  -0.0004995176   0.0005040251   0.0000764315   0.0001463748
       -0.0002277213  -0.0002028755  -0.0000126403  -0.0000133265  -0.0000973213
       -0.0000011024  -0.0000225651  -0.0000047452  -0.0000197228  -0.0000029024
        0.0000021473   0.0000049110   0.0000192610  -0.0000034540   0.0000017001
        0.0000081397  -0.0000150163   0.0000176159   0.0000229524  -0.0000192085
       -0.0795572743   0.0110809711   0.0837915844  -0.0066661055  -0.0012808491
        0.0135534948   0.0004815680   0.0003272332   0.0008588166  -0.0003598149
        0.0000232816   0.0001860079  -0.0001732108   0.0000255156  -0.0001322659
        0.0000672910  -0.0000107389  -0.0000495496  -0.0000716265  -0.0000155749
        0.0000574118  -0.0000281844  -0.0000023181  -0.0000154969   0.0078108277
       -0.0032523055  -0.0223164928  -0.0106816920   0.0060401936   0.0227168266
        0.0898100237  -0.0100816190  -0.0988633741   0.0004797203   0.0005021029
       -0.0005712328  -0.0008382485  -0.0029668717   0.0013770960  -0.0003992185
       -0.0005138281  -0.0005510219   0.0001185091   0.0001583361  -0.0000822739
        0.0000056986  -0.0000208108   0.0000080038  -0.0000014729   0.0000011242
        0.0000293680   0.0000015746   0.0000044984   0.0000006474  -0.0000009452
       -0.0000071470  -0.0000024575   0.0000025803  -0.0000111935   0.0000049082
        0.0113483270  -0.0460174465  -0.0255764888  -0.0119315909   0.0001984064
        0.0249707323   0.0005779189   0.0005377848   0.0006643859  -0.0002788090
        0.0000139402  -0.0001053657   0.0003725229  -0.0002209194  -0.0000478804
        0.0002329610   0.0000725531   0.0001109143  -0.0000252151   0.0000303074
        0.0000108126  -0.0000131048   0.0000202279  -0.0000171471   0.0026264456
       -0.0005884271  -0.0077674408   0.0106080648  -0.0042860334  -0.0223590666
       -0.0100816190   0.0538747440   0.0270852202  -0.0002191820   0.0007988226
        0.0005210039  -0.0031695773  -0.0045977953   0.0027706060  -0.0002234786
        0.0000804480  -0.0003789358   0.0001542575   0.0000736964   0.0001070307
        0.0000085914  -0.0000041792   0.0000090293   0.0000082389  -0.0000138858
       -0.0000116061  -0.0000033654   0.0000186574   0.0000155671   0.0000084913
        0.0000161282  -0.0000076792   0.0000001227  -0.0000070293   0.0000063082
        0.0833824054  -0.0247240872  -0.2441147013   0.0064213568   0.0024984972
       -0.0121811239  -0.0006050275  -0.0007545902   0.0013820137  -0.0003231891
       -0.0001241940  -0.0003220030   0.0001150079  -0.0000474343   0.0000989306
        0.0003092527   0.0001533023   0.0001191265  -0.0001254711   0.0000727301
       -0.0000292298   0.0000459665  -0.0000174260   0.0000376963   0.0064450939
       -0.0046909207  -0.0253159597   0.0022582308  -0.0020418147  -0.0026416431
       -0.0988633741   0.0270852202   0.2831634686  -0.0002795953  -0.0002376479
        0.0001080670   0.0012103338   0.0029353395  -0.0005690776   0.0002481224
        0.0000667733   0.0003255925  -0.0001932660  -0.0001795569  -0.0000557721
       -0.0000115597   0.0000011543   0.0000183282  -0.0000197244  -0.0000197730
       -0.0000152530  -0.0000109859   0.0000126277   0.0000015420   0.0000131438
       -0.0000039630   0.0000065493  -0.0000167210   0.0000157632  -0.0000165513
        0.0075733738  -0.0082223479   0.0003106833  -0.1527221703   0.1173842824
        0.0010912127  -0.0216346516   0.0150229626  -0.0036729994  -0.0015930378
       -0.0012789723  -0.0038909406   0.0001226644  -0.0002220644   0.0002080217
       -0.0022127234   0.0001161796  -0.0000227197  -0.0003283661  -0.0002464816
        0.0000899723  -0.0001494875   0.0000435079   0.0000463088   0.0005507776
       -0.0002259068   0.0001593495   0.0001808899  -0.0024339960   0.0007438066
        0.0004797203  -0.0002191820  -0.0002795953   0.1801673996  -0.1316892901
        0.0014189256  -0.0104865821   0.0113643418   0.0033622251   0.0002754019
        0.0001401931   0.0001728263  -0.0002036826   0.0004480561   0.0003118440
       -0.0000877663   0.0000277999  -0.0000138481   0.0000710488  -0.0000218047
        0.0000116444  -0.0000005433   0.0000074379  -0.0000159975  -0.0000265482
        0.0000113505   0.0000125231   0.0000242829  -0.0000060662  -0.0000432427
        0.0159856393  -0.0263442227   0.0019824632   0.1181930185  -0.1623735467
        0.0000621544  -0.0041459427   0.0039609167  -0.0006741239  -0.0012910423
        0.0001680016  -0.0009775220   0.0000230118   0.0001681452   0.0001190878
        0.0002024702   0.0001553832   0.0002015327  -0.0002967565   0.0000690044
        0.0000624614  -0.0000055423   0.0000260497   0.0000014091   0.0003478986
        0.0002499840  -0.0002829316  -0.0030262845  -0.0059685744   0.0022777676
        0.0005021029   0.0007988226  -0.0002376479  -0.1316892901   0.1929102362
       -0.0001373298   0.0061269310  -0.0045929352  -0.0021697781   0.0000634219
       -0.0001397453   0.0001237528  -0.0009476672   0.0009195169  -0.0003707506
       -0.0000040693   0.0000183291   0.0000089897  -0.0000081457  -0.0000161743
        0.0000026665  -0.0000122496   0.0000109111  -0.0000052937  -0.0000009835
       -0.0000012482   0.0000087978  -0.0000165206  -0.0000188541   0.0000042948
       -0.0056751512   0.0086724786   0.0004938072   0.0014116274  -0.0004042382
       -0.0443886965  -0.0164856486   0.0122691313  -0.0014192557  -0.0014829389
       -0.0017628602  -0.0025928463   0.0002227876   0.0003536201   0.0004325672
       -0.0014694718   0.0002704494   0.0000448546  -0.0002943484  -0.0001631623
        0.0000386911  -0.0000489284  -0.0000105971   0.0000446239  -0.0000716538
       -0.0005749876   0.0000278788   0.0007972586   0.0023481086   0.0001217444
       -0.0005712328   0.0005210039   0.0001080670   0.0014189256  -0.0001373298
        0.0496506956   0.0222807252  -0.0220378925  -0.0031676090  -0.0002008485
        0.0002402109  -0.0000616734   0.0001700756   0.0003845913   0.0006643108
       -0.0000467984   0.0000486239  -0.0000001521   0.0000359392   0.0000075300
       -0.0000011945   0.0000189359  -0.0000131175  -0.0000161317   0.0000045689
       -0.0000001287   0.0000296698  -0.0000138231  -0.0000114343  -0.0000093511
       -0.0058927285  -0.0018765435   0.0134547006  -0.0739478861   0.0126993550
        0.0785255196   0.0052265069  -0.0030763785  -0.0220968464   0.0001730908
       -0.0005773452  -0.0018080994   0.0002534845  -0.0002225253   0.0005984147
        0.0006285211   0.0000552410   0.0002320404  -0.0000855631   0.0001104857
       -0.0000414815  -0.0000177800  -0.0000378065  -0.0000238034  -0.0002492322
        0.0000604161   0.0003199547   0.0004118282   0.0004284549  -0.0004995176
       -0.0008382485  -0.0031695773   0.0012103338  -0.0104865821   0.0061269310
        0.0222807252   0.0877753752  -0.0094603359  -0.0884704785  -0.0028862898
       -0.0011182605  -0.0036667565  -0.0000196626   0.0000341380  -0.0000561554
        0.0000411716  -0.0000090754   0.0000208937  -0.0000139992  -0.0000088041
       -0.0000109663  -0.0000343508  -0.0000117964  -0.0000051783   0.0000283402
        0.0000034415   0.0000107885  -0.0000659958   0.0000499854   0.0000259122
       -0.0117508720  -0.0002319151   0.0246915917   0.0127264428  -0.0466086384
       -0.0270676589   0.0012425238  -0.0005853574  -0.0088480709   0.0005641198
        0.0012052122   0.0010338436  -0.0003944169  -0.0001280659  -0.0004207959
       -0.0002429517  -0.0004321413  -0.0000764692   0.0000369000   0.0000669754
       -0.0000185657   0.0000011956   0.0000091693   0.0000084515   0.0001901991
        0.0005454293   0.0002686555  -0.0000925404   0.0007839653   0.0005040251
       -0.0029668717  -0.0045977953   0.0029353395   0.0113643418  -0.0045929352
       -0.0220378925  -0.0094603359   0.0549092701   0.0300547485  -0.0012172915
       -0.0001018948  -0.0007897480  -0.0000190659  -0.0001768942  -0.0002574273
        0.0000082259  -0.0000075678  -0.0000144638   0.0000190837  -0.0000033880
        0.0000325438  -0.0000358294  -0.0000495585  -0.0000148517   0.0000058474
       -0.0000200390   0.0000119297   0.0000212955   0.0000161693   0.0000048150
        0.0064289675   0.0019827208  -0.0114292973   0.0780248823  -0.0262931377
       -0.2394379405   0.0015444404  -0.0037804118  -0.0226215390   0.0007035093
       -0.0013225252  -0.0006021289   0.0002960643   0.0011781460   0.0008391898
       -0.0000349087  -0.0001277565  -0.0000046934   0.0002442913  -0.0000048408
       -0.0000957628   0.0000759928  -0.0000446686   0.0000716327  -0.0000694726
       -0.0003031908   0.0005301474  -0.0002873521  -0.0002525911   0.0000764315
        0.0013770960   0.0027706060  -0.0005690776   0.0033622251  -0.0021697781
       -0.0031676090  -0.0884704785   0.0300547485   0.2796655243  -0.0033357865
       -0.0015844879  -0.0029692068   0.0001162711  -0.0001483325  -0.0002329225
        0.0000434615   0.0000254901  -0.0000214170  -0.0000022423   0.0000212286
       -0.0000494554  -0.0000087679  -0.0000314857  -0.0000093637   0.0000355526
       -0.0000096299  -0.0000131410  -0.0000437457   0.0000398968   0.0000406294
        0.0010598681   0.0005477354  -0.0008703300   0.0045361045   0.0000332661
       -0.0207385757  -0.0574998203  -0.0088204038   0.0688501521  -0.0094160595
        0.0001886658   0.0259900820  -0.0013425456   0.0015671728  -0.0018161313
       -0.0018050211   0.0001690527  -0.0017829637  -0.0006633173   0.0005198452
       -0.0007838028   0.0001096673  -0.0000661465  -0.0000789996   0.0000671905
        0.0001517053   0.0000336854  -0.0000876558   0.0001102344   0.0001463748
       -0.0003992185  -0.0002234786   0.0002481224   0.0002754019   0.0000634219
       -0.0002008485  -0.0028862898  -0.0012172915  -0.0033357865   0.0690270533
        0.0097328760  -0.0732183793  -0.0008435037  -0.0027937993   0.0076545473
       -0.0001450654   0.0000469607   0.0000109042  -0.0000867558  -0.0000191035
        0.0000290523   0.0000444192   0.0000517288  -0.0000118838   0.0000161019
        0.0000068130  -0.0000718432   0.0000394462  -0.0000492551  -0.0000533761
        0.0004756267   0.0004109653  -0.0010492313   0.0005680898   0.0010931848
       -0.0077340283  -0.0073403247  -0.0401242155   0.0233860613   0.0074042561
        0.0023055561  -0.0161183839   0.0010084600  -0.0029999475   0.0014109755
       -0.0003442433  -0.0003715688  -0.0003119441   0.0002435737  -0.0002079392
        0.0005771689  -0.0000410784   0.0000452019   0.0000318961   0.0000910529
       -0.0000610163   0.0001268224   0.0000992282  -0.0002685762  -0.0002277213
       -0.0005138281   0.0000804480   0.0000667733   0.0001401931  -0.0001397453
        0.0002402109  -0.0011182605  -0.0001018948  -0.0015844879   0.0097328760
        0.0471771618  -0.0285940867  -0.0104735754  -0.0067779261   0.0297912462
        0.0000434767  -0.0000519565   0.0000038648   0.0000697347  -0.0000181007
       -0.0000370629  -0.0000005086  -0.0000106542   0.0000215758  -0.0000144849
        0.0000160199   0.0000129341  -0.0000302640   0.0000050033  -0.0000125829
        0.0009874445   0.0007758262   0.0013941877   0.0009634755  -0.0006813830
       -0.0229600308   0.0645288281   0.0274008999  -0.2484794397   0.0067568436
       -0.0019695903  -0.0083656731   0.0000840182  -0.0001585720   0.0007025269
        0.0001913679  -0.0003599933   0.0000720612  -0.0001983627   0.0002024149
        0.0001953476  -0.0000874600   0.0000292054   0.0000957716   0.0003659957
        0.0002942158   0.0001945207   0.0000312826  -0.0002040125  -0.0002028755
       -0.0005510219  -0.0003789358   0.0003255925   0.0001728263   0.0001237528
       -0.0000616734  -0.0036667565  -0.0007897480  -0.0029692068  -0.0732183793
       -0.0285940867   0.2883090660   0.0037845609   0.0042688477  -0.0082522065
       -0.0000275524   0.0000000093   0.0000021274  -0.0000389667   0.0000400569
       -0.0000057172  -0.0000299304  -0.0000138632  -0.0000214583  -0.0000226460
       -0.0000050510   0.0000446896  -0.0000255676   0.0000200070  -0.0000176099
       -0.0031127993  -0.0016546980  -0.0033896408  -0.0076527693  -0.0201277403
        0.0013012083  -0.0527458766  -0.0532238827   0.0072181934   0.0057296954
        0.0224237635  -0.0048589681  -0.0050969641   0.0047028080   0.0028153242
       -0.0006356513  -0.0000061812   0.0010492051  -0.0001961602   0.0003238011
        0.0001053493   0.0000072085  -0.0000003492   0.0000231047  -0.0007759593
       -0.0011896955   0.0001882681  -0.0001419080   0.0002320333  -0.0000126403
        0.0001185091   0.0001542575  -0.0001932660  -0.0002036826  -0.0009476672
        0.0001700756  -0.0000196626  -0.0000190659   0.0001162711  -0.0008435037
       -0.0104735754   0.0037845609   0.0654537085   0.0599037381  -0.0083068439
        0.0000867557  -0.0000255615  -0.0000173118   0.0000797318  -0.0000684625
        0.0000113588  -0.0001068402  -0.0000263463   0.0000453397   0.0000344796
       -0.0000190184  -0.0000164934   0.0000216884   0.0000418427  -0.0000330951
       -0.0017983768   0.0000306366  -0.0019603569  -0.0043872365  -0.0096135108
        0.0005605756  -0.0533656127  -0.2604049156   0.0364334775  -0.0011609236
       -0.0226091566   0.0028387909   0.0044509289  -0.0032639279  -0.0021065898
       -0.0002083652   0.0009150664  -0.0001916237  -0.0003860233   0.0003609352
       -0.0003195526  -0.0001210221   0.0000726890   0.0000504714  -0.0003706921
       -0.0006115881   0.0001470215   0.0000557717   0.0003418457  -0.0000133265
        0.0001583361   0.0000736964  -0.0001795569   0.0004480561   0.0009195169
        0.0003845913   0.0000341380  -0.0001768942  -0.0001483325  -0.0027937993
       -0.0067779261   0.0042688477   0.0599037381   0.3005663985  -0.0397659587
       -0.0001693146   0.0000666442   0.0000108822  -0.0002572569   0.0001160342
       -0.0000139565   0.0000570290   0.0000918283  -0.0000123548  -0.0000749004
        0.0000106704   0.0000227572  -0.0000144741  -0.0001080426  -0.0000058062
       -0.0021508579  -0.0008819652  -0.0015747244  -0.0054812179  -0.0162728833
        0.0022065444   0.0060150466   0.0356333034  -0.0450727634   0.0031241158
       -0.0052884574   0.0011949590   0.0010439860  -0.0010413782   0.0001149286
       -0.0017270728  -0.0008189393  -0.0006855877   0.0000186850   0.0000127025
       -0.0000330539   0.0000063182  -0.0000198994  -0.0000363914  -0.0004909482
       -0.0007545407   0.0003225522   0.0000443875  -0.0000151215  -0.0000973213
       -0.0000822739   0.0001070307  -0.0000557721   0.0003118440  -0.0003707506
        0.0006643108  -0.0000561554  -0.0002574273  -0.0002329225   0.0076545473
        0.0297912462  -0.0082522065  -0.0083068439  -0.0397659587   0.0516557012
       -0.0000533564   0.0000294994  -0.0000404678   0.0000533194  -0.0000133646
       -0.0000190387   0.0000678888  -0.0000200611   0.0000024709  -0.0000186191
        0.0000119334  -0.0000270226   0.0000272069  -0.0000649684  -0.0000341948
       -0.0000525266  -0.0000177955  -0.0000210798  -0.0002737734   0.0001257258
        0.0001421673  -0.0014294296  -0.0007209570   0.0000224804  -0.0050686769
        0.0039848945  -0.0016124586   0.0009321517   0.0003078507   0.0003784295
       -0.0315525493  -0.0112438473  -0.0180997255  -0.1060152992  -0.0648833890
       -0.0862122571   0.0054416468   0.0038316344   0.0063317585  -0.0000111912
       -0.0000017398  -0.0000157430   0.0000146715   0.0000389740  -0.0000011024
        0.0000056986   0.0000085914  -0.0000115597  -0.0000877663  -0.0000040693
       -0.0000467984   0.0000411716   0.0000082259   0.0000434615  -0.0001450654
        0.0000434767  -0.0000275524   0.0000867557  -0.0001693146  -0.0000533564
        0.1388759553   0.0730923571   0.0997412961  -0.0014411926  -0.0046344385
       -0.0034425804   0.0002513566   0.0003085969  -0.0000619615   0.0003455517
        0.0001074739   0.0004871874   0.0000825110  -0.0001822504   0.0024593944
        0.0000091514   0.0000110860  -0.0000081608   0.0001347280  -0.0000507957
       -0.0000559934   0.0007632147   0.0003518353  -0.0000656269   0.0014065867
       -0.0027468533  -0.0008459207  -0.0009147951   0.0012086996   0.0003936774
        0.0103885416   0.0066328213   0.0082359632  -0.0695226303  -0.1034217229
       -0.0796986850   0.0014270344   0.0018199225   0.0004248726  -0.0000083024
        0.0000199196  -0.0000040915   0.0000104562   0.0000035390  -0.0000225651
       -0.0000208108  -0.0000041792   0.0000011543   0.0000277999   0.0000183291
        0.0000486239  -0.0000090754  -0.0000075678   0.0000254901   0.0000469607
       -0.0000519565   0.0000000093  -0.0000255615   0.0000666442   0.0000294994
        0.0730923571   0.1126785669   0.0895826425  -0.0173012100  -0.0179236768
       -0.0192368421   0.0002447242   0.0004366374   0.0008617309   0.0001711750
       -0.0000368602  -0.0002271570   0.0000796555   0.0009956115   0.0005613789
        0.0000020700   0.0000058516   0.0000262489   0.0000429702   0.0000280385
        0.0000548518   0.0000153120  -0.0000173080   0.0000508181   0.0003540608
        0.0003984901   0.0001573353   0.0003944439   0.0002065549   0.0002192674
       -0.0039936838   0.0004670041   0.0011634167  -0.0880555455  -0.0787820445
       -0.1462679328  -0.0126847842  -0.0140618972  -0.0244453694  -0.0000024278
       -0.0000064441   0.0000037306   0.0000066566   0.0000020814  -0.0000047452
        0.0000080038   0.0000090293   0.0000183282  -0.0000138481   0.0000089897
       -0.0000001521   0.0000208937  -0.0000144638  -0.0000214170   0.0000109042
        0.0000038648   0.0000021274  -0.0000173118   0.0000108822  -0.0000404678
        0.0997412961   0.0895826425   0.1700524511   0.0026155389   0.0020318816
        0.0041383497  -0.0006135814  -0.0003628378   0.0006449636  -0.0003396386
       -0.0001385932   0.0004647135   0.0025086712   0.0006282779  -0.0062165181
       -0.0000372119  -0.0000140100   0.0000102705   0.0000374034  -0.0001406587
       -0.0000599684  -0.0001832891  -0.0002552288   0.0006211460   0.0009279573
        0.0032660620   0.0000452810   0.0002124321  -0.0008566025   0.0000933535
       -0.0125212632   0.0356893227  -0.0067153507  -0.0423136174  -0.0291716554
        0.0041291007  -0.0009730036  -0.0104485166   0.0052537122   0.0000134796
       -0.0000040395   0.0000014590  -0.0000544387  -0.0000069621  -0.0000197228
       -0.0000014729   0.0000082389  -0.0000197244   0.0000710488  -0.0000081457
        0.0000359392  -0.0000139992   0.0000190837  -0.0000022423  -0.0000867558
        0.0000697347  -0.0000389667   0.0000797318  -0.0002572569   0.0000533194
       -0.0014411926  -0.0173012100   0.0026155389   0.0563807386   0.0195972917
       -0.0082862103  -0.0002852099  -0.0001223715   0.0027425092  -0.0000541689
       -0.0003171219   0.0002288124   0.0002428316   0.0002540460  -0.0006882565
       -0.0000064658   0.0000372424  -0.0000124092  -0.0001042656   0.0000802324
       -0.0000370592   0.0000678683  -0.0001795095  -0.0001114015  -0.0019232369
       -0.0001582627  -0.0009407198  -0.0004126903   0.0009826362   0.0006499263
        0.0160432338  -0.0230366042   0.0022699475  -0.0258447576  -0.2497345104
        0.0520701880  -0.0024014281  -0.0052675301   0.0042618381   0.0000027584
        0.0000180864   0.0000019084  -0.0000082029   0.0000154666  -0.0000029024
        0.0000011242  -0.0000138858  -0.0000197730  -0.0000218047  -0.0000161743
        0.0000075300  -0.0000088041  -0.0000033880   0.0000212286  -0.0000191035
       -0.0000181007   0.0000400569  -0.0000684625   0.0001160342  -0.0000133646
       -0.0046344385  -0.0179236768   0.0020318816   0.0195972917   0.2934336269
       -0.0604811081  -0.0005279613   0.0008531587   0.0011150756  -0.0001309793
        0.0001879596  -0.0002598785   0.0004003248   0.0006271991  -0.0005909648
        0.0000047291  -0.0000025375   0.0000126972  -0.0000103367   0.0000177485
        0.0000371807   0.0001040144  -0.0002288293   0.0000651022   0.0003518899
        0.0022414301   0.0017523729   0.0003144682  -0.0008903299  -0.0011658262
       -0.0009155823  -0.0011928065   0.0012955643   0.0039345741   0.0501946049
       -0.0542475549   0.0056655068   0.0273179642  -0.0117684264  -0.0000031119
        0.0000057149  -0.0000118034  -0.0000224907  -0.0000066751   0.0000021473
        0.0000293680  -0.0000116061  -0.0000152530   0.0000116444   0.0000026665
       -0.0000011945  -0.0000109663   0.0000325438  -0.0000494554   0.0000290523
       -0.0000370629  -0.0000057172   0.0000113588  -0.0000139565  -0.0000190387
       -0.0034425804  -0.0192368421   0.0041383497  -0.0082862103  -0.0604811081
        0.0648415089   0.0026936727   0.0013477143  -0.0059201398  -0.0002265172
        0.0001696916   0.0003704188  -0.0002324829   0.0007716751   0.0006890675
       -0.0000068581   0.0000094690   0.0000077378  -0.0000408323   0.0000044835
       -0.0000090400   0.0000180577   0.0000266130  -0.0000465700  -0.0005914839
       -0.0005548805   0.0001747779   0.0001333014   0.0002561874   0.0000207552
        0.0014373493  -0.0004780358  -0.0009618317  -0.0015266038  -0.0114982670
        0.0057299097  -0.0441326839  -0.0070912363   0.0004356219   0.0000057438
        0.0000067759   0.0000130527  -0.0000099586  -0.0000039052   0.0000049110
        0.0000015746  -0.0000033654  -0.0000109859  -0.0000005433  -0.0000122496
        0.0000189359  -0.0000343508  -0.0000358294  -0.0000087679   0.0000444192
       -0.0000005086  -0.0000299304  -0.0001068402   0.0000570290   0.0000678888
        0.0002513566   0.0002447242  -0.0006135814  -0.0002852099  -0.0005279613
        0.0026936727   0.0471068010   0.0094853079  -0.0030419834  -0.0011764747
        0.0301063842  -0.0073241210  -0.0010867643  -0.0199907349   0.0028795481
       -0.0000051360   0.0000291632  -0.0000119058   0.0000340567   0.0000233782
        0.0000381291   0.0000016421   0.0001042490  -0.0000190454   0.0000359111
       -0.0004521237   0.0003994303  -0.0000819306   0.0001294373  -0.0000186658
       -0.0004685839   0.0005108624  -0.0008097316  -0.0019014671  -0.0052464719
        0.0050251781  -0.0073177728  -0.2723735001   0.0594112037  -0.0000069851
       -0.0000013358  -0.0000024218   0.0000089264  -0.0000170255   0.0000192610
        0.0000044984   0.0000186574   0.0000126277   0.0000074379   0.0000109111
       -0.0000131175  -0.0000117964  -0.0000495585  -0.0000314857   0.0000517288
       -0.0000106542  -0.0000138632  -0.0000263463   0.0000918283  -0.0000200611
        0.0003085969   0.0004366374  -0.0003628378  -0.0001223715   0.0008531587
        0.0013477143   0.0094853079   0.3123877049  -0.0703931847   0.0023273189
       -0.0158165591   0.0033837936  -0.0023230354  -0.0206287591   0.0020589827
        0.0000024456  -0.0000257791   0.0000231467  -0.0000364739  -0.0000115305
        0.0000097320  -0.0000561247   0.0000236148  -0.0000516671   0.0002080834
        0.0001957906  -0.0001649454  -0.0002636184  -0.0003661269  -0.0000014680
       -0.0016253540  -0.0001490209   0.0019208720   0.0033617542   0.0293851458
       -0.0121045886   0.0010153538   0.0579949708  -0.0582216590  -0.0000105189
       -0.0000096471   0.0000129612  -0.0000007140   0.0000081400  -0.0000034540
        0.0000006474   0.0000155671   0.0000015420  -0.0000159975  -0.0000052937
       -0.0000161317  -0.0000051783  -0.0000148517  -0.0000093637  -0.0000118838
        0.0000215758  -0.0000214583   0.0000453397  -0.0000123548   0.0000024709
       -0.0000619615   0.0008617309   0.0006449636   0.0027425092   0.0011150756
       -0.0059201398  -0.0030419834  -0.0703931847   0.0686776207  -0.0008418077
        0.0011728777   0.0006452886  -0.0014045172  -0.0198066996   0.0045762778
       -0.0000458386  -0.0000075450   0.0000012425  -0.0000248741   0.0000298463
        0.0000190995  -0.0001741188   0.0000223902  -0.0001608218   0.0007752314
        0.0009625742   0.0004268622   0.0000262105  -0.0004943070   0.0000509557
       -0.0026438459  -0.0004844988   0.0038039723  -0.0134068612   0.0050203235
        0.0017773035  -0.2539391414   0.0879961675   0.0011916572  -0.0000188760
        0.0000018484  -0.0000032171   0.0000055288   0.0000287280   0.0000017001
       -0.0000009452   0.0000084913   0.0000131438  -0.0000265482  -0.0000009835
        0.0000045689   0.0000283402   0.0000058474   0.0000355526   0.0000161019
       -0.0000144849  -0.0000226460   0.0000344796  -0.0000749004  -0.0000186191
        0.0003455517   0.0001711750  -0.0003396386  -0.0000541689  -0.0001309793
       -0.0002265172  -0.0011764747   0.0023273189  -0.0008418077   0.2922914447
       -0.1021009164  -0.0028322626  -0.0220111958   0.0067339047  -0.0028805280
       -0.0000137359   0.0000163273   0.0000077593  -0.0000122849   0.0000029756
       -0.0000112999   0.0000322206  -0.0000062610  -0.0000381932  -0.0002309147
       -0.0000120085  -0.0000085686   0.0000918876  -0.0000699595   0.0000317677
       -0.0002928440   0.0007247885  -0.0000073560  -0.0009036149   0.0004945879
       -0.0003629798   0.0882950888  -0.0794506635  -0.0008391827  -0.0000035063
        0.0000132706   0.0000082177  -0.0000146237   0.0000052780   0.0000081397
       -0.0000071470   0.0000161282  -0.0000039630   0.0000113505  -0.0000012482
       -0.0000001287   0.0000034415  -0.0000200390  -0.0000096299   0.0000068130
        0.0000160199  -0.0000050510  -0.0000190184   0.0000106704   0.0000119334
        0.0001074739  -0.0000368602  -0.0001385932  -0.0003171219   0.0001879596
        0.0001696916   0.0301063842  -0.0158165591   0.0011728777  -0.1021009164
        0.0880589475   0.0006731268  -0.0147389321   0.0058666456  -0.0006585679
        0.0000109184   0.0000039963   0.0000346957   0.0000664212  -0.0000276227
        0.0000222203   0.0002627833  -0.0000151621   0.0003689088   0.0000460563
       -0.0008514877  -0.0008479438  -0.0002596816   0.0003668291   0.0000315080
        0.0060413192  -0.0005787964  -0.0059405808   0.0236989875  -0.0093295295
       -0.0016122498   0.0000860476  -0.0002607123  -0.0411423360  -0.0000072676
        0.0000005582   0.0000116114  -0.0000073378  -0.0000068928  -0.0000150163
       -0.0000024575  -0.0000076792   0.0000065493   0.0000125231   0.0000087978
        0.0000296698   0.0000107885   0.0000119297  -0.0000131410  -0.0000718432
        0.0000129341   0.0000446896  -0.0000164934   0.0000227572  -0.0000270226
        0.0004871874  -0.0002271570   0.0004647135   0.0002288124  -0.0002598785
        0.0003704188  -0.0073241210   0.0033837936   0.0006452886  -0.0028322626
        0.0006731268   0.0479246529  -0.0204303802   0.0070801955  -0.0003566364
       -0.0000253077   0.0000005731   0.0000088983  -0.0000743632  -0.0000080558
        0.0000270195   0.0000358471  -0.0000395210  -0.0000759458  -0.0001319281
        0.0008094530   0.0007502324  -0.0003777250  -0.0005643045  -0.0002197602
        0.0012557639  -0.0003346276  -0.0004611220   0.0061561741   0.0052280010
        0.0070318157  -0.1244521030  -0.0695877385  -0.0911480543  -0.0000043651
        0.0000047641   0.0000120041  -0.0000332459  -0.0000299518   0.0000176159
        0.0000025803   0.0000001227  -0.0000167210   0.0000242829  -0.0000165206
       -0.0000138231  -0.0000659958   0.0000212955  -0.0000437457   0.0000394462
       -0.0000302640  -0.0000255676   0.0000216884  -0.0000144741   0.0000272069
        0.0000825110   0.0000796555   0.0025086712   0.0002428316   0.0004003248
       -0.0002324829  -0.0010867643  -0.0023230354  -0.0014045172  -0.0220111958
       -0.0147389321  -0.0204303802   0.1404018684   0.0811432357   0.1036886560
       -0.0000294054   0.0000137631   0.0000175247   0.0000057853   0.0000035811
       -0.0000340958   0.0000233807  -0.0001309061  -0.0000092643   0.0004003634
        0.0007591187  -0.0002620994   0.0000468514  -0.0003787489   0.0001919516
       -0.0004199242  -0.0005862243  -0.0001286550   0.0021021633   0.0016637225
       -0.0006083266  -0.0700883520  -0.1068010658  -0.0788234251  -0.0000116334
       -0.0000168939   0.0000094215  -0.0000127433   0.0000013712   0.0000229524
       -0.0000111935  -0.0000070293   0.0000157632  -0.0000060662  -0.0000188541
       -0.0000114343   0.0000499854   0.0000161693   0.0000398968  -0.0000492551
        0.0000050033   0.0000200070   0.0000418427  -0.0001080426  -0.0000649684
       -0.0001822504   0.0009956115   0.0006282779   0.0002540460   0.0006271991
        0.0007716751  -0.0199907349  -0.0206287591  -0.0198066996   0.0067339047
        0.0058666456   0.0070801955   0.0811432357   0.1187243387   0.0909513029
       -0.0000187340  -0.0000199386   0.0000110959  -0.0000333825   0.0000289216
        0.0000469364  -0.0001110127   0.0001625644  -0.0000143846   0.0004370570
       -0.0012457339  -0.0009691252  -0.0005222337   0.0007882752   0.0006060502
       -0.0007571658   0.0004095536   0.0020699295  -0.0146479548  -0.0147124050
       -0.0266825118  -0.0897170044  -0.0777814825  -0.1430224323  -0.0000250790
        0.0000058465  -0.0000038660   0.0000355893   0.0000452380  -0.0000192085
        0.0000049082   0.0000063082  -0.0000165513  -0.0000432427   0.0000042948
       -0.0000093511   0.0000259122   0.0000048150   0.0000406294  -0.0000533761
       -0.0000125829  -0.0000176099  -0.0000330951  -0.0000058062  -0.0000341948
        0.0024593944   0.0005613789  -0.0062165181  -0.0006882565  -0.0005909648
        0.0006890675   0.0028795481   0.0020589827   0.0045762778  -0.0028805280
       -0.0006585679  -0.0003566364   0.1036886560   0.0909513029   0.1693224030
