           1           2   1.02090605751607     
           2           3   1.00208162236487     
           3           4  0.981383283982190     
           4           5   1.70362993564474     
           4           6   1.15416799415202     
           5           6  0.167801219105253     
           6           7  0.920772794423104     
           7           8   1.01380922615528     
           1           9  0.986424304120735     
           1          10  0.985995776912461     
           1          11  0.987087300004597     
           2          12  0.976505488918630     
           2          13  0.978129229993143     
           3          14  0.938309651364253     
           3          15  0.961103026114367     
           7          16  0.969594679352553     
           7          17  0.970440516701263     
           8          18  0.984752510516940     
           8          19  0.980412086008077     
           8          20  0.985532550837461     
