$hessian                                                                        
        0.5236444028   0.0036638376   0.0046018569  -0.0660405309   0.0086750047
        0.0043713834  -0.0027624328  -0.0233366176  -0.0093733326   0.0003612716
       -0.0008108811  -0.0012567272  -0.0001092386  -0.0004461040   0.0003507495
        0.0001077412  -0.0002264194   0.0000583390   0.0005736256  -0.0000563261
       -0.0000894155   0.0000764400   0.0000158065   0.0000805350  -0.1823034732
        0.0207251103   0.1142317994  -0.0485118720   0.0181975517  -0.0236554660
       -0.2202003697  -0.0485857209  -0.0959810020  -0.0023292120   0.0223731607
        0.0081921618   0.0007713179   0.0030148117   0.0006805738   0.0007322757
       -0.0006014513   0.0006408560  -0.0037938491  -0.0025665208  -0.0027577691
       -0.0000844449  -0.0000030466  -0.0000678752  -0.0000791985  -0.0000147322
        0.0000119919   0.0000145321  -0.0000288042   0.0000012483  -0.0000483265
        0.0000038493  -0.0000225873  -0.0000186588   0.0000074916  -0.0000173200
        0.0036638376   0.4652790587  -0.0190006190   0.0085720570  -0.1920856186
       -0.0373061081  -0.0058399920  -0.0129716148  -0.0068442997   0.0006407671
       -0.0002954273   0.0007807784  -0.0001818709   0.0001949878  -0.0004504964
       -0.0003401194   0.0002675953  -0.0002471352   0.0001569591  -0.0001338096
       -0.0000828904  -0.0000300789  -0.0000577446   0.0000316377   0.0211311450
       -0.0457132078  -0.0165394549   0.0181388117  -0.1280135365   0.1141229548
       -0.0491215752  -0.0552306579  -0.0258804953   0.0024551686  -0.0083421773
       -0.0045348997   0.0014096827  -0.0242286677  -0.0038395210   0.0007972664
        0.0012247378   0.0006038066  -0.0014505263   0.0000194935  -0.0008041930
        0.0000083331   0.0000140861   0.0000392352   0.0000016021   0.0000295189
       -0.0000247660  -0.0000122168   0.0000197453  -0.0000281398  -0.0000157370
        0.0000115703  -0.0000093903   0.0000164864   0.0000116684   0.0000139963
        0.0046018569  -0.0190006190   0.5176149703   0.0047481191  -0.0374631848
       -0.0793868731  -0.0039980359  -0.0153017058  -0.0061687030   0.0009095004
        0.0010161223  -0.0007156008   0.0001882171  -0.0004458247   0.0008118575
       -0.0001943560  -0.0001307723   0.0001207864   0.0002069212  -0.0000178458
       -0.0002343416  -0.0000197826   0.0000224461  -0.0000759102   0.1139953608
       -0.0161445314  -0.1403875622  -0.0237626969   0.1137791769  -0.1939020675
       -0.0960921917  -0.0255761098  -0.0967302093   0.0033417331  -0.0198103223
       -0.0068769801  -0.0016217814   0.0216743741   0.0061506921   0.0004104405
       -0.0010475127   0.0006041594  -0.0027782565  -0.0015233773  -0.0009495873
        0.0000799130   0.0000078742   0.0000395284  -0.0000257544  -0.0000094523
        0.0000300258   0.0000056983  -0.0000147604   0.0000310935  -0.0000093980
        0.0000008194   0.0000048920   0.0000144929  -0.0000147944   0.0000198297
       -0.0660405309   0.0085720570   0.0047481191   0.4881961986  -0.0130207679
       -0.0364508035  -0.1456505833  -0.0288106196  -0.0568750402  -0.0332200520
       -0.0079827511  -0.0005148017   0.0008396304   0.0032708505  -0.0040847054
       -0.0021879479  -0.0007152658   0.0026524384  -0.0009466892   0.0011800850
        0.0005216016  -0.0000425554   0.0000214753   0.0000041203  -0.0024188609
        0.0234021120   0.0086250234   0.0000183483   0.0037380754   0.0004811698
       -0.0006713476  -0.0244031999  -0.0085015657  -0.1847541338   0.0225665076
        0.1134547795  -0.0456053495   0.0139316996  -0.0157236572  -0.0068193452
       -0.0000666452  -0.0062755553  -0.0006177522  -0.0018199375  -0.0019475260
       -0.0002128402   0.0000029247   0.0000072002   0.0001965407   0.0000936194
       -0.0001417234  -0.0000489607  -0.0000049986   0.0000151257  -0.0000323540
        0.0000279545  -0.0000502380   0.0000185845   0.0000168245   0.0000560385
        0.0086750047  -0.1920856186  -0.0374631848  -0.0130207679   0.4780326476
       -0.0288223787  -0.0250533665  -0.0682850759  -0.0114280411  -0.0006449947
        0.0001924484   0.0004130086  -0.0005018144   0.0002294877   0.0006910525
       -0.0004361954   0.0000482043  -0.0008998341   0.0004682893  -0.0003185114
       -0.0003159412  -0.0000096333  -0.0000555653  -0.0000049050   0.0030386180
       -0.0081141721  -0.0050561325   0.0016166398  -0.0246084201  -0.0027345469
       -0.0016372189  -0.0103615752  -0.0041608348   0.0229841488  -0.0453343386
       -0.0150402506   0.0133395257  -0.1236072854   0.1109274205   0.0139622182
        0.0039632062   0.0086919495  -0.0228096826  -0.0097564180  -0.0148294846
        0.0000527732   0.0000298542   0.0000100759  -0.0000397101   0.0000099185
        0.0000010585   0.0000046872   0.0000114266   0.0000032450  -0.0000026702
        0.0000122752  -0.0000010428   0.0000141490  -0.0000024880   0.0000187666
        0.0043713834  -0.0373061081  -0.0793868731  -0.0364508035  -0.0288223787
        0.5156018891  -0.0471700389  -0.0098017662  -0.0968097683   0.0062232881
        0.0063468697   0.0125410851   0.0010365825  -0.0001795900  -0.0017255844
        0.0044717158  -0.0024412373  -0.0009521695   0.0002142368  -0.0010679228
       -0.0001119231   0.0001942189  -0.0000450655  -0.0001572293   0.0029672953
       -0.0209470505  -0.0076828961  -0.0015783916   0.0226638599   0.0063024591
       -0.0010530769  -0.0146705089  -0.0049465043   0.1128144559  -0.0151347241
       -0.1312158977  -0.0147549833   0.1104714586  -0.1920680987  -0.0205862106
       -0.0036690219  -0.0133922518  -0.0107210886  -0.0054383543  -0.0060204762
        0.0001218815  -0.0000545936  -0.0000738832  -0.0001187230   0.0000809909
        0.0000595583  -0.0000264531  -0.0000082978   0.0000020584   0.0000605829
       -0.0000037201   0.0000127149  -0.0000158717   0.0000271607   0.0000237908
       -0.0027624328  -0.0058399920  -0.0039980359  -0.1456505833  -0.0250533665
       -0.0471700389   0.4378949028  -0.0276586462   0.0099180916  -0.1225872259
       -0.0060662399   0.0528831060  -0.0005077136  -0.0020758773   0.0136794435
       -0.0476628382   0.0160482721   0.0147608186   0.0013975233   0.0034430563
       -0.0020466568  -0.0012323051   0.0001175861   0.0006277548   0.0009381888
        0.0003668794   0.0002563856   0.0004998946   0.0005891235   0.0005114729
        0.0010270376  -0.0005900410  -0.0002868370  -0.0269553775  -0.0061864772
       -0.0120977709  -0.0070195296  -0.0000930261  -0.0070159495  -0.0497641236
        0.0271014688  -0.0315640326  -0.0366769375   0.0257498080   0.0108876293
       -0.0009396373   0.0001312735   0.0006174819   0.0001738938  -0.0000409915
        0.0000914260   0.0000708397  -0.0000960916   0.0000440859  -0.0004044201
        0.0001326451  -0.0002016117   0.0001608438   0.0000206366   0.0001032370
       -0.0233366176  -0.0129716148  -0.0153017058  -0.0288106196  -0.0682850759
       -0.0098017662  -0.0276586462   0.5202946445  -0.0353058946  -0.0042091096
       -0.0674486328  -0.0029363950  -0.0130940018   0.0070149961   0.0236874361
        0.0223933347   0.0012896772  -0.0052329026   0.0033566902   0.0034111291
        0.0035590249   0.0010205357  -0.0000400731  -0.0005689185  -0.0004752115
        0.0010921296   0.0004064903  -0.0008775401   0.0009953569  -0.0009463784
       -0.0008232243  -0.0058382608  -0.0026626648  -0.0007977924   0.0005377506
        0.0001061653   0.0137084288   0.0040327827   0.0087886359   0.0292559997
       -0.1400548843   0.1130668836   0.0299823868  -0.2438480841  -0.0771657744
       -0.0007879849   0.0000919042   0.0004449770   0.0008545561  -0.0002043302
       -0.0002108436  -0.0000715540   0.0000774251  -0.0000825791   0.0003228411
       -0.0001632061   0.0001917624   0.0000475288   0.0000163663  -0.0000355526
       -0.0093733326  -0.0068442997  -0.0061687030  -0.0568750402  -0.0114280411
       -0.0968097683   0.0099180916  -0.0353058946   0.4946211105   0.0552648976
       -0.0015465316  -0.1094457682   0.0321678604   0.0146689501  -0.0387514011
        0.0011550396  -0.0004408103   0.0082253323  -0.0006815240   0.0037048214
        0.0014315720  -0.0000583879   0.0000331561   0.0000328380  -0.0004775183
        0.0004308048   0.0003324880   0.0007414599   0.0007772114   0.0008549065
       -0.0000786661  -0.0019319981  -0.0001665008   0.0130466830   0.0032014699
        0.0071924231  -0.0232270449  -0.0046570261  -0.0159991736  -0.0336726659
        0.1140578790  -0.1746941757   0.0123979014  -0.0747735525  -0.0706629636
       -0.0005416820   0.0001376924   0.0002995006   0.0003375628  -0.0000788045
       -0.0003293178  -0.0000246185   0.0000104779   0.0000324596  -0.0000932843
        0.0000168157  -0.0000418304   0.0000742683  -0.0000323200   0.0000469718
        0.0003612716   0.0006407671   0.0009095004  -0.0332200520  -0.0006449947
        0.0062232881  -0.1225872259  -0.0042091096   0.0552648976   0.4529366061
       -0.0614903538  -0.0777774783  -0.0764424962  -0.0244570639   0.0509108381
       -0.1701445817   0.0691041358  -0.0370941339  -0.0445722370   0.0170913843
        0.0015674210  -0.0031595674   0.0006389380   0.0022394702   0.0005581485
       -0.0008658155  -0.0001086194   0.0000830303  -0.0000698514  -0.0004506552
        0.0001990769   0.0004566382   0.0003295665  -0.0030433273  -0.0014831253
       -0.0017689588  -0.0007062312  -0.0000802490   0.0003141857   0.0047503208
       -0.0001356928  -0.0015194248  -0.0047168210   0.0039357002   0.0040822704
        0.0006693051  -0.0006143725  -0.0016946942   0.0006241317   0.0017952914
       -0.0007429754  -0.0003978530  -0.0002216296   0.0003210237  -0.0006806842
        0.0004755215  -0.0012523307  -0.0005108142   0.0001338816   0.0002468089
       -0.0008108811  -0.0002954273   0.0010161223  -0.0079827511   0.0001924484
        0.0063468697  -0.0060662399  -0.0674486328  -0.0015465316  -0.0614903538
        0.3666050699  -0.2654099669  -0.0143864885  -0.1849661845   0.2277868968
        0.0725536051  -0.1099519392   0.0434034654   0.0163637686  -0.0008246166
       -0.0077961251  -0.0023255441  -0.0002175525   0.0014272469   0.0000523495
        0.0001767738  -0.0012190885  -0.0002476835  -0.0004837313   0.0004899871
        0.0003224543  -0.0001629208  -0.0001178293  -0.0019703006   0.0000859711
       -0.0007765947   0.0019918819   0.0001299009   0.0007784851  -0.0141208132
       -0.0018173420   0.0140083902   0.0213529793  -0.0027106220  -0.0195898058
       -0.0003181323   0.0015914046   0.0010162011  -0.0031500854   0.0002257759
        0.0003192383   0.0007056695  -0.0002849735   0.0000400635  -0.0008633796
        0.0003074100   0.0002514047   0.0003899448  -0.0001508121  -0.0004284293
       -0.0012567272   0.0007807784  -0.0007156008  -0.0005148017   0.0004130086
        0.0125410851   0.0528831060  -0.0029363950  -0.1094457682  -0.0777774783
       -0.2654099669   0.7261956290   0.0337935638   0.2332512215  -0.5082802662
       -0.0436296116   0.0473927404  -0.1018026194   0.0031765382  -0.0100387589
        0.0121950422   0.0043603645   0.0006517092  -0.0033099578   0.0003260920
       -0.0011958948   0.0002324550   0.0003587135   0.0003364162  -0.0004280678
       -0.0003261465  -0.0008295892  -0.0003779732  -0.0043125636  -0.0008313452
       -0.0016445743  -0.0018300970   0.0008810208   0.0000621584   0.0150845616
        0.0029806178  -0.0174656655   0.0130887883  -0.0038431746  -0.0082277228
        0.0033582559  -0.0027687163  -0.0012533350   0.0033771455   0.0012646631
        0.0015864333  -0.0007211385   0.0003007954  -0.0000143777   0.0016156361
       -0.0004952447   0.0002779191  -0.0010542011   0.0000961141  -0.0001247933
       -0.0001092386  -0.0001818709   0.0001882171   0.0008396304  -0.0005018144
        0.0010365825  -0.0005077136  -0.0130940018   0.0321678604  -0.0764424962
       -0.0143864885   0.0337935638   0.0849444430  -0.0074899642  -0.0262923029
       -0.0070571348   0.0363590285  -0.0406872539   0.0009742450   0.0005078832
       -0.0055759645   0.0005840035   0.0006142671  -0.0007555605  -0.0002642727
        0.0001539940  -0.0000050784   0.0000027092   0.0000063154   0.0001706313
       -0.0000292145   0.0000598295  -0.0000240203   0.0002283324   0.0000730741
        0.0000681287   0.0008778591  -0.0000882105   0.0002876518  -0.0048454442
       -0.0001874261   0.0049746389  -0.0005898309  -0.0006570116   0.0005938955
        0.0007966321  -0.0011076979  -0.0000598971   0.0005021085  -0.0000036822
       -0.0000980363  -0.0001439211   0.0000213588  -0.0000930014   0.0002072857
       -0.0001500693   0.0001888627   0.0000320177   0.0000524867   0.0001210827
       -0.0004461040   0.0001949878  -0.0004458247   0.0032708505   0.0002294877
       -0.0001795900  -0.0020758773   0.0070149961   0.0146689501  -0.0244570639
       -0.1849661845   0.2332512215  -0.0074899642   0.2023569814  -0.3102163114
        0.0362921731  -0.0235851074   0.0616667304  -0.0040173599  -0.0023208316
       -0.0002971463   0.0003998250   0.0002736144  -0.0003941415  -0.0001999656
       -0.0002565659   0.0001568228   0.0000897499   0.0000656565   0.0000920263
       -0.0000222152  -0.0001082946  -0.0001282173   0.0001661936   0.0000255354
        0.0000729136  -0.0004323232  -0.0002376850  -0.0006821680  -0.0007817648
        0.0012590847   0.0015126868  -0.0007878615  -0.0000599060   0.0022814951
        0.0001476717   0.0000382630  -0.0010186096   0.0006622306  -0.0000765649
       -0.0000937334  -0.0002044299   0.0002916394  -0.0000321916   0.0001956236
       -0.0000339344  -0.0002337263  -0.0003093882  -0.0001051723   0.0000188135
        0.0003507495  -0.0004504964   0.0008118575  -0.0040847054   0.0006910525
       -0.0017255844   0.0136794435   0.0236874361  -0.0387514011   0.0509108381
        0.2277868968  -0.5082802662  -0.0262923029  -0.3102163114   0.6027783029
       -0.0404871820   0.0603185771  -0.0532431162   0.0031117852  -0.0024319764
        0.0007719787  -0.0011646273  -0.0004856848   0.0014718398  -0.0001782954
        0.0009611109  -0.0000220243  -0.0001903951  -0.0002177758   0.0000361429
        0.0001005846   0.0003046326   0.0002052223   0.0005407525  -0.0001130684
        0.0006020478   0.0005048213  -0.0008445486   0.0006631776   0.0070943460
        0.0005801036  -0.0056553704  -0.0018854001   0.0008957219   0.0002806445
       -0.0009157350   0.0013297202   0.0003586063  -0.0015443646  -0.0015718326
       -0.0005554402   0.0004652656  -0.0003871292  -0.0000092408  -0.0005610420
        0.0000688285   0.0002183812   0.0005454637   0.0000947434   0.0000442420
        0.0001077412  -0.0003401194  -0.0001943560  -0.0021879479  -0.0004361954
        0.0044717158  -0.0476628382   0.0223933347   0.0011550396  -0.1701445817
        0.0725536051  -0.0436296116  -0.0070571348   0.0362921731  -0.0404871820
        0.4137884261  -0.1273799729  -0.0251608634  -0.1143940979  -0.0094772471
        0.0604221656  -0.0370663280   0.0058202768   0.0120791334  -0.0001180686
        0.0001010622  -0.0003949044   0.0000256822  -0.0001037783   0.0003883492
        0.0000897221   0.0000017379  -0.0001595520  -0.0020004589  -0.0003621767
       -0.0004368998   0.0008384651   0.0004782712  -0.0000204768   0.0003522708
       -0.0004972340  -0.0006835183  -0.0032040568   0.0008638786   0.0023952461
       -0.0082935587   0.0061430275   0.0150475439  -0.0224325764  -0.0072523367
        0.0175485032   0.0023191284  -0.0004465367   0.0005246176  -0.0053300658
        0.0026495715  -0.0035770193   0.0023702778  -0.0010013416   0.0007120691
       -0.0002264194   0.0002675953  -0.0001307723  -0.0007152658   0.0000482043
       -0.0024412373   0.0160482721   0.0012896772  -0.0004408103   0.0691041358
       -0.1099519392   0.0473927404   0.0363590285  -0.0235851074   0.0603185771
       -0.1273799729   0.1906753224  -0.1129071006  -0.0040455175  -0.0616719331
        0.0084595820   0.0149349444   0.0009762040  -0.0058498263   0.0000113607
       -0.0001878465   0.0006380253   0.0002660718   0.0002434872  -0.0003574439
       -0.0002356210   0.0000876489   0.0001017462   0.0007640456   0.0000584740
        0.0002851069  -0.0006060969  -0.0001517474   0.0000066903  -0.0003901083
       -0.0000325792  -0.0005353997  -0.0003024237   0.0001144951  -0.0002961816
        0.0192672122  -0.0002251081  -0.0132211206  -0.0243936273   0.0018913611
        0.0179335608  -0.0009074751   0.0004341646  -0.0007841575   0.0029294631
       -0.0006209887   0.0013916485  -0.0004820063   0.0003406156   0.0004363726
        0.0000583390  -0.0002471352   0.0001207864   0.0026524384  -0.0008998341
       -0.0009521695   0.0147608186  -0.0052329026   0.0082253323  -0.0370941339
        0.0434034654  -0.1018026194  -0.0406872539   0.0616667304  -0.0532431162
       -0.0251608634  -0.1129071006   0.2890446265   0.0526820985   0.0128328252
       -0.1167973809  -0.0126879937   0.0005793065   0.0114566953  -0.0002093903
        0.0000951255  -0.0001237900  -0.0000624292  -0.0000308667   0.0000595728
        0.0001041758   0.0000605359  -0.0000972346   0.0006210982   0.0002750504
        0.0003639528   0.0002403923   0.0000693795  -0.0001064047   0.0003162483
       -0.0011357955   0.0003055081   0.0009702605  -0.0005607800  -0.0010114036
        0.0293705960  -0.0040905277  -0.0225122264   0.0174413548   0.0050393245
       -0.0133239572   0.0000948133  -0.0004113726   0.0003132738  -0.0039413938
        0.0014291614  -0.0008744444   0.0005308246   0.0000654102   0.0009549987
        0.0005736256   0.0001569591   0.0002069212  -0.0009466892   0.0004682893
        0.0002142368   0.0013975233   0.0033566902  -0.0006815240  -0.0445722370
        0.0163637686   0.0031765382   0.0009742450  -0.0040173599   0.0031117852
       -0.1143940979  -0.0040455175   0.0526820985   0.4010999294   0.0100607215
        0.0459636787  -0.1268085251   0.0335976224  -0.0656524856  -0.0002195991
       -0.0001044905  -0.0002303742  -0.0001868849  -0.0000541662  -0.0000140388
        0.0000862958  -0.0000231270   0.0000765732  -0.0001361590  -0.0001028875
       -0.0002968894  -0.0001258666  -0.0001114460   0.0001853761  -0.0001455513
        0.0003080900  -0.0004279353  -0.0015501110  -0.0001294909   0.0005417689
       -0.0446892964  -0.0240725832  -0.0325225327  -0.0463924785  -0.0422604548
        0.0109597511   0.0035740105   0.0008667037   0.0022293524  -0.0214141145
        0.0090925181  -0.0126725346  -0.0061240190   0.0006501605  -0.0068497657
       -0.0000563261  -0.0001338096  -0.0000178458   0.0011800850  -0.0003185114
       -0.0010679228   0.0034430563   0.0034111291   0.0037048214   0.0170913843
       -0.0008246166  -0.0100387589   0.0005078832  -0.0023208316  -0.0024319764
       -0.0094772471  -0.0616719331   0.0128328252   0.0100607215   0.5184428950
       -0.0032020101   0.0327173818  -0.0860212075   0.0318560408  -0.0001052277
       -0.0000094751  -0.0001193357  -0.0000304184  -0.0000158177   0.0000488096
        0.0000086971  -0.0000123241  -0.0000121284   0.0004673647   0.0001087060
        0.0001950923  -0.0000640481   0.0000344788  -0.0000514857  -0.0000478750
        0.0001979151   0.0000158434  -0.0005441585   0.0000296024   0.0002402455
       -0.0265930735  -0.1281649677  -0.1034094504  -0.0396177190  -0.2349741356
        0.0617350821   0.0212509205  -0.0137530118   0.0195506411   0.0022644320
       -0.0008137846   0.0009455189  -0.0124558329   0.0068097000  -0.0107740062
       -0.0000894155  -0.0000828904  -0.0002343416   0.0005216016  -0.0003159412
       -0.0001119231  -0.0020466568   0.0035590249   0.0014315720   0.0015674210
       -0.0077961251   0.0121950422  -0.0055759645  -0.0002971463   0.0007719787
        0.0604221656   0.0084595820  -0.1167973809   0.0459636787  -0.0032020101
        0.4781257480  -0.0624459816   0.0307960337  -0.1210818978  -0.0001210571
       -0.0000222916   0.0000372758   0.0000912352  -0.0000456312   0.0000947576
       -0.0000349444  -0.0000146765  -0.0000374033  -0.0000096929   0.0000283011
        0.0001476290   0.0000780157   0.0001535654  -0.0000849850   0.0002936655
       -0.0001525789   0.0003032527  -0.0004337124   0.0002239235   0.0006366720
       -0.0322026758  -0.1046538707  -0.1711323647   0.0130115793   0.0632346037
       -0.0639663654  -0.0090378017   0.0076716586  -0.0084602388   0.0104624083
       -0.0047189828   0.0073695185  -0.0204138682   0.0071754518  -0.0192065458
        0.0000764400  -0.0000300789  -0.0000197826  -0.0000425554  -0.0000096333
        0.0001942189  -0.0012323051   0.0010205357  -0.0000583879  -0.0031595674
       -0.0023255441   0.0043603645   0.0005840035   0.0003998250  -0.0011646273
       -0.0370663280   0.0149349444  -0.0126879937  -0.1268085251   0.0327173818
       -0.0624459816   0.4982959660   0.0173325413  -0.0332263561  -0.0000123110
        0.0000632936   0.0000502001   0.0000043333   0.0000452628  -0.0000004301
       -0.0000676518  -0.0000091653  -0.0000154909  -0.0001539044  -0.0000257205
       -0.0000336388  -0.0000046609   0.0000083325  -0.0000063456   0.0000646843
        0.0000915473  -0.0001883897  -0.0002793571   0.0000182870   0.0001728561
       -0.0059604183   0.0015959251  -0.0074019201   0.0026040740   0.0006778847
        0.0009304254  -0.0594578675  -0.0590200482   0.0212077064  -0.2212746643
        0.0113326226   0.1126415678  -0.0461093849  -0.0188181934  -0.0223079947
        0.0000158065  -0.0000577446   0.0000224461   0.0000214753  -0.0000555653
       -0.0000450655   0.0001175861  -0.0000400731   0.0000331561   0.0006389380
       -0.0002175525   0.0006517092   0.0006142671   0.0002736144  -0.0004856848
        0.0058202768   0.0009762040   0.0005793065   0.0335976224  -0.0860212075
        0.0307960337   0.0173325413   0.5194647557   0.0142671884   0.0000237153
        0.0000013496  -0.0000223639  -0.0000136341   0.0000262479  -0.0000090680
        0.0000089297   0.0000182811   0.0000038864   0.0000371027   0.0000268525
        0.0000107475  -0.0000124971   0.0000203586  -0.0000143772   0.0000121338
        0.0000116542   0.0000101587   0.0000085938   0.0000236499   0.0000341540
       -0.0113831632   0.0059929148  -0.0105138822   0.0196770260  -0.0118097460
        0.0179906728  -0.0601047462  -0.2467936416   0.0720830039   0.0118456761
       -0.0430411568  -0.0080472891  -0.0182576503  -0.1387991952  -0.1173447329
        0.0000805350   0.0000316377  -0.0000759102   0.0000041203  -0.0000049050
       -0.0001572293   0.0006277548  -0.0005689185   0.0000328380   0.0022394702
        0.0014272469  -0.0033099578  -0.0007555605  -0.0003941415   0.0014718398
        0.0120791334  -0.0058498263   0.0114566953  -0.0656524856   0.0318560408
       -0.1210818978  -0.0332263561   0.0142671884   0.5077811899  -0.0000097559
        0.0000227989   0.0000231247  -0.0000278227  -0.0000324965   0.0000215283
       -0.0000135491   0.0000047562   0.0000314038   0.0000258803   0.0000245805
        0.0000330427   0.0000303716  -0.0000407402   0.0000464464  -0.0000875331
       -0.0000106318   0.0000978487   0.0000974815  -0.0000345897  -0.0000561484
       -0.0187626765   0.0068448643  -0.0167368912  -0.0083132154   0.0058248107
       -0.0065589531   0.0221389470   0.0728884243  -0.0705329487   0.1109593245
       -0.0075958294  -0.1108113158  -0.0214340640  -0.1186602699  -0.1916747051
       -0.1823034732   0.0211311450   0.1139953608  -0.0024188609   0.0030386180
        0.0029672953   0.0009381888  -0.0004752115  -0.0004775183   0.0005581485
        0.0000523495   0.0003260920  -0.0002642727  -0.0001999656  -0.0001782954
       -0.0001180686   0.0000113607  -0.0002093903  -0.0002195991  -0.0001052277
       -0.0001210571  -0.0000123110   0.0000237153  -0.0000097559   0.2099781025
       -0.0255264582  -0.1343852382   0.0015460693  -0.0009601314  -0.0001661133
       -0.0281600474   0.0017849919   0.0180061094   0.0007808061   0.0011971176
        0.0002090550  -0.0000977317   0.0000286297  -0.0001646948  -0.0000726559
        0.0000538997   0.0000354397  -0.0001211410  -0.0001266513  -0.0000417036
       -0.0000827899   0.0000329591   0.0001267471   0.0000249800   0.0000308443
        0.0000367792  -0.0000054886   0.0000127740  -0.0000058908   0.0000172983
       -0.0000032634   0.0000157616   0.0000328463  -0.0000014957   0.0000410175
        0.0207251103  -0.0457132078  -0.0161445314   0.0234021120  -0.0081141721
       -0.0209470505   0.0003668794   0.0010921296   0.0004308048  -0.0008658155
        0.0001767738  -0.0011958948   0.0001539940  -0.0002565659   0.0009611109
        0.0001010622  -0.0001878465   0.0000951255  -0.0001044905  -0.0000094751
       -0.0000222916   0.0000632936   0.0000013496   0.0000227989  -0.0255264582
        0.0552845508   0.0220512991  -0.0144453848   0.0016800080   0.0134091069
       -0.0055263898   0.0014868046   0.0043218886   0.0011750488  -0.0064061726
       -0.0028809772   0.0004087395   0.0008787553  -0.0003355300  -0.0000084408
       -0.0000717641   0.0000470311   0.0000765928   0.0001683224   0.0002292000
       -0.0000008340   0.0000803287  -0.0000491331  -0.0000245967  -0.0000567801
       -0.0000174770   0.0000209175  -0.0000055383   0.0000266700   0.0000181845
       -0.0000089382   0.0000096274  -0.0000095245  -0.0000185621  -0.0000117777
        0.1142317994  -0.0165394549  -0.1403875622   0.0086250234  -0.0050561325
       -0.0076828961   0.0002563856   0.0004064903   0.0003324880  -0.0001086194
       -0.0012190885   0.0002324550  -0.0000050784   0.0001568228  -0.0000220243
       -0.0003949044   0.0006380253  -0.0001237900  -0.0002303742  -0.0001193357
        0.0000372758   0.0000502001  -0.0000223639   0.0000231247  -0.1343852382
        0.0220512991   0.1600707205   0.0222355607   0.0000963183  -0.0214798891
       -0.0103959344   0.0014610442   0.0086449689   0.0003556195  -0.0027829421
       -0.0000209269  -0.0004543991   0.0005692612   0.0006720334   0.0001756301
        0.0000513563  -0.0003255951   0.0000180308   0.0002539249   0.0000799198
       -0.0000063389  -0.0000231740   0.0000357050   0.0000497088   0.0000345348
       -0.0000309965  -0.0000386683   0.0000357760  -0.0000353493   0.0000328870
        0.0000018501   0.0000008174  -0.0000112899   0.0000057882  -0.0000204790
       -0.0485118720   0.0181388117  -0.0237626969   0.0000183483   0.0016166398
       -0.0015783916   0.0004998946  -0.0008775401   0.0007414599   0.0000830303
       -0.0002476835   0.0003587135   0.0000027092   0.0000897499  -0.0001903951
        0.0000256822   0.0002660718  -0.0000624292  -0.0001868849  -0.0000304184
        0.0000912352   0.0000043333  -0.0000136341  -0.0000278227   0.0015460693
       -0.0144453848   0.0222355607   0.0520228166  -0.0214955405   0.0279344911
       -0.0060964632   0.0161570546  -0.0250559393  -0.0000490093   0.0004649144
       -0.0003559353   0.0006179336   0.0004985842   0.0001081848   0.0000596813
       -0.0002211801  -0.0003272422  -0.0001009962   0.0000454366  -0.0000777257
        0.0000390061  -0.0000212894   0.0000098719   0.0000436413   0.0000438240
       -0.0000247050  -0.0000410304   0.0000168329  -0.0000074205   0.0000297784
        0.0000071858  -0.0000111916  -0.0000066685   0.0000075652   0.0000023782
        0.0181975517  -0.1280135365   0.1137791769   0.0037380754  -0.0246084201
        0.0226638599   0.0005891235   0.0009953569   0.0007772114  -0.0000698514
       -0.0004837313   0.0003364162   0.0000063154   0.0000656565  -0.0002177758
       -0.0001037783   0.0002434872  -0.0000308667  -0.0000541662  -0.0000158177
       -0.0000456312   0.0000452628   0.0000262479  -0.0000324965  -0.0009601314
        0.0016800080   0.0000963183  -0.0214955405   0.1521566056  -0.1319454516
       -0.0001648583   0.0040431754  -0.0036170820  -0.0000468505   0.0007019997
        0.0005387833   0.0006516090  -0.0070476320  -0.0017504749  -0.0005778164
       -0.0000825116  -0.0006145231   0.0001796992   0.0003526675   0.0000607193
        0.0000210493  -0.0000176628  -0.0000045437   0.0000431040   0.0000046362
        0.0000036028  -0.0000127256   0.0000241789   0.0000041287   0.0000250055
       -0.0000071073   0.0000038925  -0.0000110775  -0.0000176006  -0.0000052638
       -0.0236554660   0.1141229548  -0.1939020675   0.0004811698  -0.0027345469
        0.0063024591   0.0005114729  -0.0009463784   0.0008549065  -0.0004506552
        0.0004899871  -0.0004280678   0.0001706313   0.0000920263   0.0000361429
        0.0003883492  -0.0003574439   0.0000595728  -0.0000140388   0.0000488096
        0.0000947576  -0.0000004301  -0.0000090680   0.0000215283  -0.0001661133
        0.0134091069  -0.0214798891   0.0279344911  -0.1319454516   0.2228348500
       -0.0048045390   0.0098354407  -0.0156607580  -0.0001435858  -0.0002777995
        0.0005782785  -0.0002413732  -0.0016723829   0.0006953338   0.0000580692
        0.0000611889   0.0001245424  -0.0000184123  -0.0001042953  -0.0000749776
       -0.0000222359   0.0000217279  -0.0000507220  -0.0000286565  -0.0000221484
       -0.0000161544   0.0000175113  -0.0000133521   0.0000180475  -0.0000077571
        0.0000010945  -0.0000080981  -0.0000084315   0.0000005304   0.0000003150
       -0.2202003697  -0.0491215752  -0.0960921917  -0.0006713476  -0.0016372189
       -0.0010530769   0.0010270376  -0.0008232243  -0.0000786661   0.0001990769
        0.0003224543  -0.0003261465  -0.0000292145  -0.0000222152   0.0001005846
        0.0000897221  -0.0002356210   0.0001041758   0.0000862958   0.0000086971
       -0.0000349444  -0.0000676518   0.0000089297  -0.0000135491  -0.0281600474
       -0.0055263898  -0.0103959344  -0.0060964632  -0.0001648583  -0.0048045390
        0.2532035336   0.0571263991   0.1120597750   0.0005777767   0.0003321433
        0.0000522333   0.0000336427  -0.0000932753   0.0002782184   0.0001178572
       -0.0000057572   0.0002966888  -0.0001947131  -0.0001405421  -0.0001028379
        0.0000484684   0.0000040367  -0.0000172789  -0.0000069471  -0.0000158799
        0.0000048918   0.0000300408  -0.0000234474   0.0000077113  -0.0000074250
        0.0000007557   0.0000075535   0.0000207274   0.0000065886   0.0000073326
       -0.0485857209  -0.0552306579  -0.0255761098  -0.0244031999  -0.0103615752
       -0.0146705089  -0.0005900410  -0.0058382608  -0.0019319981   0.0004566382
       -0.0001629208  -0.0008295892   0.0000598295  -0.0001082946   0.0003046326
        0.0000017379   0.0000876489   0.0000605359  -0.0000231270  -0.0000123241
       -0.0000146765  -0.0000091653   0.0000182811   0.0000047562   0.0017849919
        0.0014868046   0.0014610442   0.0161570546   0.0040431754   0.0098354407
        0.0571263991   0.0658430288   0.0321155931  -0.0003273923   0.0006591119
        0.0000205452  -0.0004852282   0.0003653798  -0.0000380873   0.0001946513
       -0.0001215659   0.0001088389  -0.0013771886  -0.0006604107  -0.0008570608
       -0.0000046803   0.0000052709   0.0000067149   0.0000142546  -0.0000068837
        0.0000010049  -0.0000023293   0.0000012156  -0.0000026926   0.0000042534
       -0.0000003442   0.0000067471   0.0000082624  -0.0000066793  -0.0000051303
       -0.0959810020  -0.0258804953  -0.0967302093  -0.0085015657  -0.0041608348
       -0.0049465043  -0.0002868370  -0.0026626648  -0.0001665008   0.0003295665
       -0.0001178293  -0.0003779732  -0.0000240203  -0.0001282173   0.0002052223
       -0.0001595520   0.0001017462  -0.0000972346   0.0000765732  -0.0000121284
       -0.0000374033  -0.0000154909   0.0000038864   0.0000314038   0.0180061094
        0.0043218886   0.0086449689  -0.0250559393  -0.0036170820  -0.0156607580
        0.1120597750   0.0321155931   0.1089230141  -0.0002759787  -0.0000054565
       -0.0002336549   0.0001602898   0.0003832042   0.0003676401   0.0002266121
        0.0000054374   0.0002170752  -0.0005442757  -0.0003416245  -0.0001625000
       -0.0000347501   0.0000128838   0.0000144278  -0.0000058131  -0.0000173881
        0.0000125981   0.0000163673  -0.0000005818  -0.0000113829  -0.0000055513
       -0.0000015801   0.0000112209   0.0000154828   0.0000012431  -0.0000034498
       -0.0023292120   0.0024551686   0.0033417331  -0.1847541338   0.0229841488
        0.1128144559  -0.0269553775  -0.0007977924   0.0130466830  -0.0030433273
       -0.0019703006  -0.0043125636   0.0002283324   0.0001661936   0.0005407525
       -0.0020004589   0.0007640456   0.0006210982  -0.0001361590   0.0004673647
       -0.0000096929  -0.0001539044   0.0000371027   0.0000258803   0.0007808061
        0.0011750488   0.0003556195  -0.0000490093  -0.0000468505  -0.0001435858
        0.0005777767  -0.0003273923  -0.0002759787   0.2160383202  -0.0244961223
       -0.1284703343   0.0009537270  -0.0007036555   0.0015475550   0.0002172288
        0.0002646059   0.0003773468   0.0005436454   0.0000595718   0.0005055675
       -0.0000392939   0.0000030109   0.0000415699   0.0000890440  -0.0000201493
       -0.0000217085   0.0000207326  -0.0000090265   0.0000078857  -0.0000205346
        0.0000043088  -0.0000012639   0.0000317977  -0.0000092809   0.0000089803
        0.0223731607  -0.0083421773  -0.0198103223   0.0225665076  -0.0453343386
       -0.0151347241  -0.0061864772   0.0005377506   0.0032014699  -0.0014831253
        0.0000859711  -0.0008313452   0.0000730741   0.0000255354  -0.0001130684
       -0.0003621767   0.0000584740   0.0002750504  -0.0001028875   0.0001087060
        0.0000283011  -0.0000257205   0.0000268525   0.0000245805   0.0011971176
       -0.0064061726  -0.0027829421   0.0004649144   0.0007019997  -0.0002777995
        0.0003321433   0.0006591119  -0.0000054565  -0.0244961223   0.0558802592
        0.0219626444  -0.0139163118   0.0017920342   0.0131706594   0.0004077775
        0.0000196548  -0.0000017963  -0.0007852109   0.0001935436   0.0003037189
       -0.0000422246  -0.0000166819   0.0000024507   0.0000099665   0.0000071847
        0.0000040551  -0.0000041798  -0.0000033360  -0.0000074897  -0.0000211125
        0.0000030715  -0.0000057714   0.0000008872   0.0000025573  -0.0000022148
        0.0081921618  -0.0045348997  -0.0068769801   0.1134547795  -0.0150402506
       -0.1312158977  -0.0120977709   0.0001061653   0.0071924231  -0.0017689588
       -0.0007765947  -0.0016445743   0.0000681287   0.0000729136   0.0006020478
       -0.0004368998   0.0002851069   0.0003639528  -0.0002968894   0.0001950923
        0.0001476290  -0.0000336388   0.0000107475   0.0000330427   0.0002090550
       -0.0028809772  -0.0000209269  -0.0003559353   0.0005387833   0.0005782785
        0.0000522333   0.0000205452  -0.0002336549  -0.1284703343   0.0219626444
        0.1506225973   0.0218167076  -0.0001899139  -0.0203668571  -0.0002201828
       -0.0000687710   0.0003438235  -0.0000703253   0.0002893360   0.0004839009
       -0.0000585555   0.0000156537   0.0000065142   0.0000139547   0.0000022600
       -0.0000250046  -0.0000022370  -0.0000140309   0.0000002174  -0.0000063929
       -0.0000004290  -0.0000069852   0.0000111002   0.0000066188   0.0000164536
        0.0007713179   0.0014096827  -0.0016217814  -0.0456053495   0.0133395257
       -0.0147549833  -0.0070195296   0.0137084288  -0.0232270449  -0.0007062312
        0.0019918819  -0.0018300970   0.0008778591  -0.0004323232   0.0005048213
        0.0008384651  -0.0006060969   0.0002403923  -0.0001258666  -0.0000640481
        0.0000780157  -0.0000046609  -0.0000124971   0.0000303716  -0.0000977317
        0.0004087395  -0.0004543991   0.0006179336   0.0006516090  -0.0002413732
        0.0000336427  -0.0004852282   0.0001602898   0.0009537270  -0.0139163118
        0.0218167076   0.0535760758  -0.0152804713   0.0225228291  -0.0046131312
       -0.0009254496  -0.0033740280   0.0004828650   0.0001990909   0.0001748924
        0.0000087763   0.0000299799  -0.0000213000  -0.0000363845   0.0000025383
       -0.0000237545   0.0000102764  -0.0000268474   0.0000013118   0.0000197595
       -0.0000063302   0.0000100659   0.0000181866   0.0000141272   0.0000090639
        0.0030148117  -0.0242286677   0.0216743741   0.0139316996  -0.1236072854
        0.1104714586  -0.0000930261   0.0040327827  -0.0046570261  -0.0000802490
        0.0001299009   0.0008810208  -0.0000882105  -0.0002376850  -0.0008445486
        0.0004782712  -0.0001517474   0.0000693795  -0.0001114460   0.0000344788
        0.0001535654   0.0000083325   0.0000203586  -0.0000407402   0.0000286297
        0.0008787553   0.0005692612   0.0004985842  -0.0070476320  -0.0016723829
       -0.0000932753   0.0003653798   0.0003832042  -0.0007036555   0.0017920342
       -0.0001899139  -0.0152804713   0.1472944179  -0.1259250961  -0.0013398958
        0.0003690598  -0.0004832871  -0.0001321452   0.0003771765  -0.0003919723
       -0.0000017112  -0.0000401571  -0.0000036704  -0.0000100180   0.0000258514
        0.0000071730  -0.0000152358  -0.0000110166   0.0000077024   0.0000018456
        0.0000003233  -0.0000059987  -0.0000128349   0.0000036720  -0.0000025029
        0.0006805738  -0.0038395210   0.0061506921  -0.0157236572   0.1109274205
       -0.1920680987  -0.0070159495   0.0087886359  -0.0159991736   0.0003141857
        0.0007784851   0.0000621584   0.0002876518  -0.0006821680   0.0006631776
       -0.0000204768   0.0000066903  -0.0001064047   0.0001853761  -0.0000514857
       -0.0000849850  -0.0000063456  -0.0000143772   0.0000464464  -0.0001646948
       -0.0003355300   0.0006720334   0.0001081848  -0.0017504749   0.0006953338
        0.0002782184  -0.0000380873   0.0003676401   0.0015475550   0.0131706594
       -0.0203668571   0.0225228291  -0.1259250961   0.2217429083  -0.0031147395
       -0.0011015700  -0.0015724105   0.0000904117   0.0000904562  -0.0001960398
        0.0000081128   0.0000192470   0.0000055634  -0.0000166027  -0.0000332889
        0.0000078172   0.0000227549  -0.0000097227  -0.0000149930  -0.0000029903
       -0.0000040677   0.0000154089   0.0000196022   0.0000037953  -0.0000202172
        0.0007322757   0.0007972664   0.0004104405  -0.0068193452   0.0139622182
       -0.0205862106  -0.0497641236   0.0292559997  -0.0336726659   0.0047503208
       -0.0141208132   0.0150845616  -0.0048454442  -0.0007817648   0.0070943460
        0.0003522708  -0.0003901083   0.0003162483  -0.0001455513  -0.0000478750
        0.0002936655   0.0000646843   0.0000121338  -0.0000875331  -0.0000726559
       -0.0000084408   0.0001756301   0.0000596813  -0.0005778164   0.0000580692
        0.0001178572   0.0001946513   0.0002266121   0.0002172288   0.0004077775
       -0.0002201828  -0.0046131312  -0.0013398958  -0.0031147395   0.0592161163
       -0.0310602474   0.0372707254   0.0005246141   0.0036995308  -0.0030651684
        0.0000924892  -0.0000678598  -0.0000884814   0.0001623690   0.0000375121
       -0.0000492776  -0.0000419286   0.0000859570   0.0000081857   0.0000813333
       -0.0000087364  -0.0000279221  -0.0000690610  -0.0000494887  -0.0000263030
       -0.0006014513   0.0012247378  -0.0010475127  -0.0000666452   0.0039632062
       -0.0036690219   0.0271014688  -0.1400548843   0.1140578790  -0.0001356928
       -0.0018173420   0.0029806178  -0.0001874261   0.0012590847   0.0005801036
       -0.0004972340  -0.0000325792  -0.0011357955   0.0003080900   0.0001979151
       -0.0001525789   0.0000915473   0.0000116542  -0.0000106318   0.0000538997
       -0.0000717641   0.0000513563  -0.0002211801  -0.0000825116   0.0000611889
       -0.0000057572  -0.0001215659   0.0000054374   0.0002646059   0.0000196548
       -0.0000687710  -0.0009254496   0.0003690598  -0.0011015700  -0.0310602474
        0.1582903509  -0.1316580909   0.0057099854  -0.0230649595   0.0212263128
        0.0000597204  -0.0000420451  -0.0000611562   0.0001180810  -0.0000244626
       -0.0000266496   0.0000230195   0.0000260026  -0.0000088490   0.0000278022
       -0.0000275960   0.0000006917  -0.0000571364  -0.0000219558  -0.0000229599
        0.0006408560   0.0006038066   0.0006041594  -0.0062755553   0.0086919495
       -0.0133922518  -0.0315640326   0.1130668836  -0.1746941757  -0.0015194248
        0.0140083902  -0.0174656655   0.0049746389   0.0015126868  -0.0056553704
       -0.0006835183  -0.0005353997   0.0003055081  -0.0004279353   0.0000158434
        0.0003032527  -0.0001883897   0.0000101587   0.0000978487   0.0000354397
        0.0000470311  -0.0003255951  -0.0003272422  -0.0006145231   0.0001245424
        0.0002966888   0.0001088389   0.0002170752   0.0003773468  -0.0000017963
        0.0003438235  -0.0033740280  -0.0004832871  -0.0015724105   0.0372707254
       -0.1316580909   0.2039576346   0.0011663362  -0.0047865671   0.0070420520
       -0.0001345346   0.0000803431   0.0000333386  -0.0002224322  -0.0000498835
        0.0000496557   0.0000333749  -0.0000675784   0.0000263156  -0.0000937881
        0.0000274253  -0.0000237776   0.0000154746   0.0000237689   0.0000240403
       -0.0037938491  -0.0014505263  -0.0027782565  -0.0006177522  -0.0228096826
       -0.0107210886  -0.0366769375   0.0299823868   0.0123979014  -0.0047168210
        0.0213529793   0.0130887883  -0.0005898309  -0.0007878615  -0.0018854001
       -0.0032040568  -0.0003024237   0.0009702605  -0.0015501110  -0.0005441585
       -0.0004337124  -0.0002793571   0.0000085938   0.0000974815  -0.0001211410
        0.0000765928   0.0000180308  -0.0001009962   0.0001796992  -0.0000184123
       -0.0001947131  -0.0013771886  -0.0005442757   0.0005436454  -0.0007852109
       -0.0000703253   0.0004828650  -0.0001321452   0.0000904117   0.0005246141
        0.0057099854   0.0011663362   0.0502576186  -0.0290649105  -0.0112324252
        0.0002199560  -0.0001044736  -0.0001862390  -0.0001362812   0.0000606600
        0.0000588105   0.0000381026  -0.0000542977   0.0000303340  -0.0000491190
        0.0000228207  -0.0000433962  -0.0000358359   0.0000191611  -0.0000048236
       -0.0025665208   0.0000194935  -0.0015233773  -0.0018199375  -0.0097564180
       -0.0054383543   0.0257498080  -0.2438480841  -0.0747735525   0.0039357002
       -0.0027106220  -0.0038431746  -0.0006570116  -0.0000599060   0.0008957219
        0.0008638786   0.0001144951  -0.0005607800  -0.0001294909   0.0000296024
        0.0002239235   0.0000182870   0.0000236499  -0.0000345897  -0.0001266513
        0.0001683224   0.0002539249   0.0000454366   0.0003526675  -0.0001042953
       -0.0001405421  -0.0006604107  -0.0003416245   0.0000595718   0.0001935436
        0.0002893360   0.0001990909   0.0003771765   0.0000904562   0.0036995308
       -0.0230649595  -0.0047865671  -0.0290649105   0.2787601554   0.0895645527
       -0.0000827801   0.0000157497   0.0000776764   0.0000436716   0.0000226332
       -0.0000069901  -0.0000405219   0.0000106212  -0.0000072495  -0.0000066482
        0.0000078377   0.0000130139   0.0000200393   0.0000044521   0.0000119492
       -0.0027577691  -0.0008041930  -0.0009495873  -0.0019475260  -0.0148294846
       -0.0060204762   0.0108876293  -0.0771657744  -0.0706629636   0.0040822704
       -0.0195898058  -0.0082277228   0.0005938955   0.0022814951   0.0002806445
        0.0023952461  -0.0002961816  -0.0010114036   0.0005417689   0.0002402455
        0.0006366720   0.0001728561   0.0000341540  -0.0000561484  -0.0000417036
        0.0002292000   0.0000799198  -0.0000777257   0.0000607193  -0.0000749776
       -0.0001028379  -0.0008570608  -0.0001625000   0.0005055675   0.0003037189
        0.0004839009   0.0001748924  -0.0003919723  -0.0001960398  -0.0030651684
        0.0212263128   0.0070420520  -0.0112324252   0.0895645527   0.0787838038
       -0.0001487242   0.0000484969   0.0000508026   0.0000260654  -0.0000527807
        0.0000115212  -0.0000208703   0.0000127267  -0.0000232774   0.0000271987
       -0.0000212890   0.0000144488  -0.0000126397   0.0000069203   0.0000013312
       -0.0000844449   0.0000083331   0.0000799130  -0.0002128402   0.0000527732
        0.0001218815  -0.0009396373  -0.0007879849  -0.0005416820   0.0006693051
       -0.0003181323   0.0033582559   0.0007966321   0.0001476717  -0.0009157350
       -0.0082935587   0.0192672122   0.0293705960  -0.0446892964  -0.0265930735
       -0.0322026758  -0.0059604183  -0.0113831632  -0.0187626765  -0.0000827899
       -0.0000008340  -0.0000063389   0.0000390061   0.0000210493  -0.0000222359
        0.0000484684  -0.0000046803  -0.0000347501  -0.0000392939  -0.0000422246
       -0.0000585555   0.0000087763  -0.0000017112   0.0000081128   0.0000924892
        0.0000597204  -0.0001345346   0.0002199560  -0.0000827801  -0.0001487242
        0.0604496934   0.0237836286   0.0284936624   0.0005064511  -0.0054171136
       -0.0052542502   0.0006455394  -0.0004729870   0.0005240683   0.0000820511
       -0.0002379354  -0.0003081059  -0.0032560886   0.0020022316  -0.0035662252
       -0.0000030466   0.0000140861   0.0000078742   0.0000029247   0.0000298542
       -0.0000545936   0.0001312735   0.0000919042   0.0001376924  -0.0006143725
        0.0015914046  -0.0027687163  -0.0011076979   0.0000382630   0.0013297202
        0.0061430275  -0.0002251081  -0.0040905277  -0.0240725832  -0.1281649677
       -0.1046538707   0.0015959251   0.0059929148   0.0068448643   0.0000329591
        0.0000803287  -0.0000231740  -0.0000212894  -0.0000176628   0.0000217279
        0.0000040367   0.0000052709   0.0000128838   0.0000030109  -0.0000166819
        0.0000156537   0.0000299799  -0.0000401571   0.0000192470  -0.0000678598
       -0.0000420451   0.0000803431  -0.0001044736   0.0000157497   0.0000484969
        0.0237836286   0.1438330251   0.1229561085  -0.0073527037  -0.0244524163
       -0.0223391488   0.0003153966   0.0006785776   0.0006430899  -0.0002684443
        0.0001646141   0.0001068893   0.0015703085   0.0004230461   0.0017054399
       -0.0000678752   0.0000392352   0.0000395284   0.0000072002   0.0000100759
       -0.0000738832   0.0006174819   0.0004449770   0.0002995006  -0.0016946942
        0.0010162011  -0.0012533350  -0.0000598971  -0.0010186096   0.0003586063
        0.0150475439  -0.0132211206  -0.0225122264  -0.0325225327  -0.1034094504
       -0.1711323647  -0.0074019201  -0.0105138822  -0.0167368912   0.0001267471
       -0.0000491331   0.0000357050   0.0000098719  -0.0000045437  -0.0000507220
       -0.0000172789   0.0000067149   0.0000144278   0.0000415699   0.0000024507
        0.0000065142  -0.0000213000  -0.0000036704   0.0000055634  -0.0000884814
       -0.0000611562   0.0000333386  -0.0001862390   0.0000776764   0.0000508026
        0.0284936624   0.1229561085   0.2069164350   0.0003669478   0.0028666743
        0.0056718094   0.0004806723  -0.0004412090   0.0002084568   0.0003155415
       -0.0001867612   0.0004442567  -0.0034470202   0.0014894222  -0.0023255224
       -0.0000791985   0.0000016021  -0.0000257544   0.0001965407  -0.0000397101
       -0.0001187230   0.0001738938   0.0008545561   0.0003375628   0.0006241317
       -0.0031500854   0.0033771455   0.0005021085   0.0006622306  -0.0015443646
       -0.0224325764  -0.0243936273   0.0174413548  -0.0463924785  -0.0396177190
        0.0130115793   0.0026040740   0.0196770260  -0.0083132154   0.0000249800
       -0.0000245967   0.0000497088   0.0000436413   0.0000431040  -0.0000286565
       -0.0000069471   0.0000142546  -0.0000058131   0.0000890440   0.0000099665
        0.0000139547  -0.0000363845  -0.0000100180  -0.0000166027   0.0001623690
        0.0001180810  -0.0002224322  -0.0001362812   0.0000436716   0.0000260654
        0.0005064511  -0.0073527037   0.0003669478   0.0661429970   0.0505536877
       -0.0212898160  -0.0029016600   0.0020882242  -0.0033112445   0.0002989504
        0.0002952292  -0.0001992628   0.0006163447   0.0002268265   0.0004515661
       -0.0000147322   0.0000295189  -0.0000094523   0.0000936194   0.0000099185
        0.0000809909  -0.0000409915  -0.0002043302  -0.0000788045   0.0017952914
        0.0002257759   0.0012646631  -0.0000036822  -0.0000765649  -0.0015718326
       -0.0072523367   0.0018913611   0.0050393245  -0.0422604548  -0.2349741356
        0.0632346037   0.0006778847  -0.0118097460   0.0058248107   0.0000308443
       -0.0000567801   0.0000345348   0.0000438240   0.0000046362  -0.0000221484
       -0.0000158799  -0.0000068837  -0.0000173881  -0.0000201493   0.0000071847
        0.0000022600   0.0000025383   0.0000258514  -0.0000332889   0.0000375121
       -0.0000244626  -0.0000498835   0.0000606600   0.0000226332  -0.0000527807
       -0.0054171136  -0.0244524163   0.0028666743   0.0505536877   0.2686044638
       -0.0775575255   0.0022905829  -0.0000644384   0.0018101084  -0.0000132784
        0.0000323721  -0.0002032266  -0.0005478260   0.0008160418  -0.0005616393
        0.0000119919  -0.0000247660   0.0000300258  -0.0001417234   0.0000010585
        0.0000595583   0.0000914260  -0.0002108436  -0.0003293178  -0.0007429754
        0.0003192383   0.0015864333  -0.0000980363  -0.0000937334  -0.0005554402
        0.0175485032   0.0179335608  -0.0133239572   0.0109597511   0.0617350821
       -0.0639663654   0.0009304254   0.0179906728  -0.0065589531   0.0000367792
       -0.0000174770  -0.0000309965  -0.0000247050   0.0000036028  -0.0000161544
        0.0000048918   0.0000010049   0.0000125981  -0.0000217085   0.0000040551
       -0.0000250046  -0.0000237545   0.0000071730   0.0000078172  -0.0000492776
       -0.0000266496   0.0000496557   0.0000588105  -0.0000069901   0.0000115212
       -0.0052542502  -0.0223391488   0.0056718094  -0.0212898160  -0.0775575255
        0.0787731827  -0.0028856878   0.0019927283  -0.0019167405   0.0004202751
       -0.0002310979   0.0003588840   0.0004690803   0.0005200553   0.0001614440
        0.0000145321  -0.0000122168   0.0000056983  -0.0000489607   0.0000046872
       -0.0000264531   0.0000708397  -0.0000715540  -0.0000246185  -0.0003978530
        0.0007056695  -0.0007211385  -0.0001439211  -0.0002044299   0.0004652656
        0.0023191284  -0.0009074751   0.0000948133   0.0035740105   0.0212509205
       -0.0090378017  -0.0594578675  -0.0601047462   0.0221389470  -0.0000054886
        0.0000209175  -0.0000386683  -0.0000410304  -0.0000127256   0.0000175113
        0.0000300408  -0.0000023293   0.0000163673   0.0000207326  -0.0000041798
       -0.0000022370   0.0000102764  -0.0000152358   0.0000227549  -0.0000419286
        0.0000230195   0.0000333749   0.0000381026  -0.0000405219  -0.0000208703
        0.0006455394   0.0003153966   0.0004806723  -0.0029016600   0.0022905829
       -0.0028856878   0.0662652084   0.0666695147  -0.0221375458  -0.0093981392
       -0.0255457691   0.0106424951  -0.0005515617  -0.0043595248   0.0009771210
       -0.0000288042   0.0000197453  -0.0000147604  -0.0000049986   0.0000114266
       -0.0000082978  -0.0000960916   0.0000774251   0.0000104779  -0.0002216296
       -0.0002849735   0.0003007954   0.0000213588   0.0002916394  -0.0003871292
       -0.0004465367   0.0004341646  -0.0004113726   0.0008667037  -0.0137530118
        0.0076716586  -0.0590200482  -0.2467936416   0.0728884243   0.0000127740
       -0.0000055383   0.0000357760   0.0000168329   0.0000241789  -0.0000133521
       -0.0000234474   0.0000012156  -0.0000005818  -0.0000090265  -0.0000033360
       -0.0000140309  -0.0000268474  -0.0000110166  -0.0000097227   0.0000859570
        0.0000260026  -0.0000675784  -0.0000542977   0.0000106212   0.0000127267
       -0.0004729870   0.0006785776  -0.0004412090   0.0020882242  -0.0000644384
        0.0019927283   0.0666695147   0.2831104803  -0.0865781255  -0.0019401503
       -0.0004054034   0.0008980005  -0.0074165003  -0.0233641177   0.0041355726
        0.0000012483  -0.0000281398   0.0000310935   0.0000151257   0.0000032450
        0.0000020584   0.0000440859  -0.0000825791   0.0000324596   0.0003210237
        0.0000400635  -0.0000143777  -0.0000930014  -0.0000321916  -0.0000092408
        0.0005246176  -0.0007841575   0.0003132738   0.0022293524   0.0195506411
       -0.0084602388   0.0212077064   0.0720830039  -0.0705329487  -0.0000058908
        0.0000266700  -0.0000353493  -0.0000074205   0.0000041287   0.0000180475
        0.0000077113  -0.0000026926  -0.0000113829   0.0000078857  -0.0000074897
        0.0000002174   0.0000013118   0.0000077024  -0.0000149930   0.0000081857
       -0.0000088490   0.0000263156   0.0000303340  -0.0000072495  -0.0000232774
        0.0005240683   0.0006430899   0.0002084568  -0.0033112445   0.0018101084
       -0.0019167405  -0.0221375458  -0.0865781255   0.0799673807   0.0072850536
        0.0163743720  -0.0064033944  -0.0066526072  -0.0230115507   0.0068226402
       -0.0000483265  -0.0000157370  -0.0000093980  -0.0000323540  -0.0000026702
        0.0000605829  -0.0004044201   0.0003228411  -0.0000932843  -0.0006806842
       -0.0008633796   0.0016156361   0.0002072857   0.0001956236  -0.0005610420
       -0.0053300658   0.0029294631  -0.0039413938  -0.0214141145   0.0022644320
        0.0104624083  -0.2212746643   0.0118456761   0.1109593245   0.0000172983
        0.0000181845   0.0000328870   0.0000297784   0.0000250055  -0.0000077571
       -0.0000074250   0.0000042534  -0.0000055513  -0.0000205346  -0.0000211125
       -0.0000063929   0.0000197595   0.0000018456  -0.0000029903   0.0000813333
        0.0000278022  -0.0000937881  -0.0000491190  -0.0000066482   0.0000271987
        0.0000820511  -0.0002684443   0.0003155415   0.0002989504  -0.0000132784
        0.0004202751  -0.0093981392  -0.0019401503   0.0072850536   0.2560239957
       -0.0150476389  -0.1272953787   0.0018993947   0.0005439323   0.0008380688
        0.0000038493   0.0000115703   0.0000008194   0.0000279545   0.0000122752
       -0.0000037201   0.0001326451  -0.0001632061   0.0000168157   0.0004755215
        0.0003074100  -0.0004952447  -0.0001500693  -0.0000339344   0.0000688285
        0.0026495715  -0.0006209887   0.0014291614   0.0090925181  -0.0008137846
       -0.0047189828   0.0113326226  -0.0430411568  -0.0075958294  -0.0000032634
       -0.0000089382   0.0000018501   0.0000071858  -0.0000071073   0.0000010945
        0.0000007557  -0.0000003442  -0.0000015801   0.0000043088   0.0000030715
       -0.0000004290  -0.0000063302   0.0000003233  -0.0000040677  -0.0000087364
       -0.0000275960   0.0000274253   0.0000228207   0.0000078377  -0.0000212890
       -0.0002379354   0.0001646141  -0.0001867612   0.0002952292   0.0000323721
       -0.0002310979  -0.0255457691  -0.0004054034   0.0163743720  -0.0150476389
        0.0465879841   0.0081801691   0.0169547598  -0.0020049987  -0.0128415341
       -0.0000225873  -0.0000093903   0.0000048920  -0.0000502380  -0.0000010428
        0.0000127149  -0.0002016117   0.0001917624  -0.0000418304  -0.0012523307
        0.0002514047   0.0002779191   0.0001888627  -0.0002337263   0.0002183812
       -0.0035770193   0.0013916485  -0.0008744444  -0.0126725346   0.0009455189
        0.0073695185   0.1126415678  -0.0080472891  -0.1108113158   0.0000157616
        0.0000096274   0.0000008174  -0.0000111916   0.0000038925  -0.0000080981
        0.0000075535   0.0000067471   0.0000112209  -0.0000012639  -0.0000057714
       -0.0000069852   0.0000100659  -0.0000059987   0.0000154089  -0.0000279221
        0.0000006917  -0.0000237776  -0.0000433962   0.0000130139   0.0000144488
       -0.0003081059   0.0001068893   0.0004442567  -0.0001992628  -0.0002032266
        0.0003588840   0.0106424951   0.0008980005  -0.0064033944  -0.1272953787
        0.0081801691   0.1255875291   0.0221565363  -0.0034929208  -0.0161461457
       -0.0000186588   0.0000164864   0.0000144929   0.0000185845   0.0000141490
       -0.0000158717   0.0001608438   0.0000475288   0.0000742683  -0.0005108142
        0.0003899448  -0.0010542011   0.0000320177  -0.0003093882   0.0005454637
        0.0023702778  -0.0004820063   0.0005308246  -0.0061240190  -0.0124558329
       -0.0204138682  -0.0461093849  -0.0182576503  -0.0214340640   0.0000328463
       -0.0000095245  -0.0000112899  -0.0000066685  -0.0000110775  -0.0000084315
        0.0000207274   0.0000082624   0.0000154828   0.0000317977   0.0000008872
        0.0000111002   0.0000181866  -0.0000128349   0.0000196022  -0.0000690610
       -0.0000571364   0.0000154746  -0.0000358359   0.0000200393  -0.0000126397
       -0.0032560886   0.0015703085  -0.0034470202   0.0006163447  -0.0005478260
        0.0004690803  -0.0005515617  -0.0074165003  -0.0066526072   0.0018993947
        0.0169547598   0.0221565363   0.0514810713   0.0205374111   0.0291976676
        0.0000074916   0.0000116684  -0.0000147944   0.0000168245  -0.0000024880
        0.0000271607   0.0000206366   0.0000163663  -0.0000323200   0.0001338816
       -0.0001508121   0.0000961141   0.0000524867  -0.0001051723   0.0000947434
       -0.0010013416   0.0003406156   0.0000654102   0.0006501605   0.0068097000
        0.0071754518  -0.0188181934  -0.1387991952  -0.1186602699  -0.0000014957
       -0.0000185621   0.0000057882   0.0000075652  -0.0000176006   0.0000005304
        0.0000065886  -0.0000066793   0.0000012431  -0.0000092809   0.0000025573
        0.0000066188   0.0000141272   0.0000036720   0.0000037953  -0.0000494887
       -0.0000219558   0.0000237689   0.0000191611   0.0000044521   0.0000069203
        0.0020022316   0.0004230461   0.0014894222   0.0002268265   0.0008160418
        0.0005200553  -0.0043595248  -0.0233641177  -0.0230115507   0.0005439323
       -0.0020049987  -0.0034929208   0.0205374111   0.1560634623   0.1356948333
       -0.0000173200   0.0000139963   0.0000198297   0.0000560385   0.0000187666
        0.0000237908   0.0001032370  -0.0000355526   0.0000469718   0.0002468089
       -0.0004284293  -0.0001247933   0.0001210827   0.0000188135   0.0000442420
        0.0007120691   0.0004363726   0.0009549987  -0.0068497657  -0.0107740062
       -0.0192065458  -0.0223079947  -0.1173447329  -0.1916747051   0.0000410175
       -0.0000117777  -0.0000204790   0.0000023782  -0.0000052638   0.0000003150
        0.0000073326  -0.0000051303  -0.0000034498   0.0000089803  -0.0000022148
        0.0000164536   0.0000090639  -0.0000025029  -0.0000202172  -0.0000263030
       -0.0000229599   0.0000240403  -0.0000048236   0.0000119492   0.0000013312
       -0.0035662252   0.0017054399  -0.0023255224   0.0004515661  -0.0005616393
        0.0001614440   0.0009771210   0.0041355726   0.0068226402   0.0008380688
       -0.0128415341  -0.0161461457   0.0291976676   0.1356948333   0.2214058010
