           1           2   1.02113721342032     
           2           3  0.989794417008101     
           3           4  0.978410858853875     
           4           5   1.69058224347589     
           4           6   1.16943308967649     
           5           6  0.170911045896101     
           6           7  0.918413909074961     
           7           8   1.01931131545952     
           1           9  0.987647466346763     
           1          10  0.986228946751239     
           1          11  0.985975913653943     
           2          12  0.975597569269247     
           2          13  0.977007237938950     
           3          14  0.971184019176525     
           3          15  0.945063397342692     
           7          16  0.968087598483946     
           7          17  0.969486356071682     
           8          18  0.983292811691033     
           8          19  0.980085533240056     
           8          20  0.984020411608972     
