           1           2   1.42119025581507     
           2           3   1.44451156615101     
           3           4   1.39182193259200     
           4           5   1.32599030797982     
           1           6   1.44780068686509     
           5           6   1.38419704514903     
           5           7   1.05067093635545     
           7           8   1.70310541353400     
           7           9   1.04684027094086     
           9          10   1.43793387956612     
          10          11   1.34971850287500     
          11          12   1.53433541152920     
          12          13   1.24932684534589     
           9          14   1.27833931572757     
          13          14   1.23075389017213     
           4          15   1.04128873160640     
          14          15   1.15110473052965     
          15          16   1.59816103515600     
          13          17   1.32260955196332     
          17          18   1.00487101590060     
          18          19  0.979715639422445     
          19          20   1.00079294709280     
           1          21  0.967157950006566     
           2          22  0.967081932561677     
           3          23  0.963560534493605     
           6          24  0.964804309725443     
          10          25  0.964805482097611     
          11          26  0.966442042232520     
          12          27  0.956712718361310     
          17          28  0.872725929965849     
          18          29  0.957956391165548     
          18          30  0.960132042045226     
          19          31  0.969062853356045     
          19          32  0.969211752316114     
          20          33  0.866224334396440     
