           1           2   1.02206329571319     
           2           3  0.974400888505559     
           3           4  0.938810512648891     
           4           5   1.46774345659083     
           4           6   1.46792394044525     
           5           6  0.347280734201355     
           1           7  0.987671368250667     
           1           8  0.985026056211864     
           1           9  0.983414633329602     
           2          10  0.968034934838783     
           2          11  0.972544294188134     
           3          12  0.937529115481948     
           3          13  0.965518589851635     
