           1           2   1.02026672211397     
           2           3   1.00834994319896     
           3           4  0.992545693940233     
           4           5   1.02874441189366     
           1           6  0.987158354359613     
           1           7  0.987463480924489     
           1           8  0.985388225281603     
           2           9  0.978229524575068     
           2          10  0.974737520212656     
           3          11  0.976137266904092     
           3          12  0.977170282111634     
           4          13  0.975210978005252     
           4          14  0.972911145866042     
           5          15  0.959418400917625     
           5          16  0.961385325681180     
