$hessian                                                                        
        0.4635394042  -0.0013569840  -0.0174123473  -0.1915545875  -0.0040795424
       -0.0373850691  -0.0213393027   0.0060769474  -0.0024189431  -0.0010644510
        0.0023883489   0.0011572933   0.0000518562  -0.0000649269   0.0000696392
       -0.0000611074   0.0000405054   0.0000016792  -0.0433548981   0.0002214898
       -0.0149148731  -0.0887500567  -0.0873722426   0.0363708612  -0.0920604120
        0.0883187783   0.0436077733  -0.0067718325   0.0002648007  -0.0045948935
       -0.0193817964  -0.0033533930  -0.0038127358   0.0010694356  -0.0009061489
       -0.0003525755   0.0005223955  -0.0005548692  -0.0003655171   0.0000088164
        0.0000390662   0.0003072945  -0.0008186175   0.0001509726  -0.0002346468
        0.0000656532   0.0001377773   0.0000137966  -0.0001004992   0.0000494205
       -0.0000367361
       -0.0013569840   0.5237200743   0.0008515049  -0.0034046558  -0.0652936846
        0.0007246354   0.0225361202  -0.0032055416   0.0044480765   0.0027351998
       -0.0033472807  -0.0017403209  -0.0003405407  -0.0002841632   0.0001360790
        0.0001558806   0.0002026408   0.0000008857   0.0000168465  -0.0452221808
        0.0073056673  -0.0873550188  -0.2086866237   0.0670492514   0.0879344542
       -0.1981570424  -0.0741996693   0.0012721460   0.0009233113   0.0005750523
       -0.0254338249  -0.0018868575  -0.0060536731   0.0015850091   0.0011160865
        0.0001283192   0.0001583684   0.0003440125   0.0004953776  -0.0000423289
       -0.0000291028  -0.0000753668   0.0012974495  -0.0002934261   0.0002673220
        0.0002257247   0.0000959985   0.0000950518   0.0000161542   0.0000037796
       -0.0000081930
       -0.0174123473   0.0008515049   0.5169250916  -0.0365887965   0.0004576844
       -0.0781729611   0.0088593784  -0.0002492538   0.0024754891   0.0011275768
       -0.0013858486  -0.0005846825   0.0000501660  -0.0001784823   0.0000258216
        0.0000539990   0.0000412612   0.0000168760  -0.0147530307   0.0073548679
       -0.2813642201   0.0360224658   0.0669881160  -0.0723395436   0.0433959949
       -0.0740824551  -0.0801498102  -0.0307124063  -0.0002489128  -0.0117567891
        0.0084723088   0.0007226438   0.0032314402  -0.0000649800   0.0001553783
        0.0002750970   0.0009729950  -0.0002278623   0.0009044333   0.0001415757
       -0.0000875871   0.0002116703   0.0005017771  -0.0001593903   0.0002888820
       -0.0000488256   0.0000641877  -0.0000554396  -0.0000178510  -0.0000158520
        0.0000686450
       -0.1915545875  -0.0034046558  -0.0365887965   0.4644108098   0.0264658529
       -0.0024284811  -0.0869988912   0.0451863564   0.0248575535  -0.0185838520
        0.0221824405   0.0078455265   0.0003377200   0.0001941940   0.0000492583
       -0.0002537175   0.0000137896  -0.0000048766  -0.0059324355   0.0001407422
       -0.0054820437  -0.0189485693  -0.0042592311  -0.0034422792  -0.0183769638
        0.0022938499  -0.0037377999  -0.0419663596  -0.0014066130  -0.0115009313
       -0.0809395314  -0.0827865281   0.0327182655   0.0050988921  -0.0089560101
       -0.0046211171  -0.0009862759   0.0024818881   0.0024780275   0.0009361072
        0.0000144215   0.0010318693  -0.0052498369   0.0013073910  -0.0012407008
       -0.0008023607   0.0004443033  -0.0000923040  -0.0001901478   0.0000878084
        0.0001588296
       -0.0040795424  -0.0652936846   0.0004576844   0.0264658529   0.5019291684
       -0.0217104266   0.0439530937  -0.1501083665  -0.0402350071   0.0066125093
       -0.0033452095   0.0000957888   0.0006168480   0.0002521017  -0.0000112747
       -0.0004373998  -0.0001062888  -0.0000104149   0.0012585333   0.0004036944
        0.0003080019  -0.0253168264  -0.0021806820  -0.0063681500   0.0241214534
       -0.0012950251   0.0057584147  -0.0013844599  -0.0458666267   0.0092120027
       -0.0826655685  -0.2066195652   0.0659893291   0.0105353852  -0.0283414275
       -0.0101880399   0.0011317299  -0.0010108672  -0.0029362807  -0.0005787465
        0.0003749009  -0.0001323610   0.0002936840   0.0010194418  -0.0000487352
       -0.0005140392   0.0001045198  -0.0002959996  -0.0000125072   0.0000839161
        0.0001154678
       -0.0373850691   0.0007246354  -0.0781729611  -0.0024284811  -0.0217104266
        0.5257034450   0.0246095561  -0.0404216046  -0.0889838712  -0.0026767310
        0.0058240037   0.0027257511   0.0003438899   0.0002272364  -0.0000033505
       -0.0003033967   0.0000024656   0.0000322357  -0.0309176991  -0.0003436318
       -0.0122924677   0.0090525831  -0.0000509695   0.0031145354   0.0103732270
       -0.0003914465   0.0030339108  -0.0111461472   0.0094949025  -0.2708469041
        0.0323830318   0.0651177565  -0.0724259612  -0.0029071130   0.0052607056
        0.0037001103   0.0143571864  -0.0254501237  -0.0167750733  -0.0010841768
        0.0009839755   0.0010356953  -0.0025022496   0.0007725063   0.0000376550
        0.0002809672   0.0000444657   0.0001578092  -0.0000493779  -0.0000844504
       -0.0000405588
       -0.0213393027   0.0225361202   0.0088593784  -0.0869988912   0.0439530937
        0.0246095561   0.4636627784   0.0239901055  -0.0109025661  -0.1714878129
        0.0130737567  -0.0412951568  -0.0256665555  -0.0060897578  -0.0032354307
       -0.0009556852  -0.0021352124   0.0009063260   0.0008839949   0.0002077748
        0.0008310151   0.0006817532   0.0011841834   0.0002141559  -0.0061128819
        0.0011114858  -0.0011670553  -0.0007041709   0.0014182375   0.0020581419
        0.0053187340  -0.0081262658  -0.0040879211  -0.0955581466  -0.0946642727
        0.0316465814  -0.0420502627  -0.0016074056   0.0013162936  -0.0045115425
        0.0003889020  -0.0047573960  -0.0166263261   0.0041830564  -0.0046410272
        0.0005090964   0.0000310483  -0.0001370555   0.0009552212   0.0005451501
       -0.0002178399
        0.0060769474  -0.0032055416  -0.0002492538   0.0451863564  -0.1501083665
       -0.0404216046   0.0239901055   0.4939211396  -0.0208080428   0.0066031717
       -0.0641720911   0.0031114589  -0.0183474342   0.0008091913  -0.0051063974
       -0.0045505259  -0.0018999740   0.0003408964  -0.0005222369   0.0003090077
       -0.0001226263  -0.0012473468   0.0011941827   0.0000773499  -0.0002805909
        0.0008775845   0.0001669553   0.0017863478  -0.0015495583  -0.0033820275
        0.0119983235  -0.0271909824  -0.0100306480  -0.0941500026  -0.2006325719
        0.0528063165  -0.0011827602  -0.0453515882   0.0165884391   0.0004538271
        0.0007854033   0.0001620959   0.0244500264  -0.0042040502   0.0075871326
        0.0000740680   0.0000311848  -0.0002725401  -0.0003382761   0.0003870304
       -0.0004475040
       -0.0024189431   0.0044480765   0.0024754891   0.0248575535  -0.0402350071
       -0.0889838712  -0.0109025661  -0.0208080428   0.5214130865  -0.0396982550
        0.0046779801  -0.0813160391   0.0036545819  -0.0020002431   0.0023658937
        0.0036535808   0.0009645246   0.0005094975  -0.0009277797   0.0007839491
        0.0009584449   0.0000188910   0.0000066770   0.0001143660  -0.0021670464
        0.0005467457   0.0003751136   0.0146720248  -0.0255177462  -0.0170504154
       -0.0036638499   0.0064163149   0.0037976707   0.0316179053   0.0530535619
       -0.0632745030   0.0012281592   0.0166512414  -0.2715817867  -0.0289651146
        0.0024566465  -0.0139421809   0.0076201788  -0.0014881678   0.0032610058
        0.0001391000  -0.0001380969   0.0001776211   0.0012815796   0.0001815863
        0.0007006074
       -0.0010644510   0.0027351998   0.0011275768  -0.0185838520   0.0066125093
       -0.0026767310  -0.1714878129   0.0066031717  -0.0396982550   0.4488173905
       -0.0241874891  -0.0081857313  -0.0889178477  -0.0526497816   0.0298328146
       -0.0323930677  -0.0145625476   0.0021373532  -0.0000221693   0.0000331853
        0.0002660246   0.0002675613   0.0002220075  -0.0000479737  -0.0010218012
        0.0001782857  -0.0002513765   0.0006121606  -0.0006473575  -0.0005523952
        0.0004311411  -0.0003376873  -0.0001390316  -0.0210686904  -0.0014649219
       -0.0061235472  -0.0045029465   0.0005896744  -0.0044351738  -0.0413377830
        0.0012540834  -0.0012057348  -0.0720034359   0.0756134889   0.0289662635
        0.0038956169   0.0025279731  -0.0023196726  -0.0016200129  -0.0025197941
        0.0033055901
        0.0023883489  -0.0033472807  -0.0013858486   0.0221824405  -0.0033452095
        0.0058240037   0.0130737567  -0.0641720911   0.0046779801  -0.0241874891
        0.4986519119   0.0193108804  -0.0525394758  -0.1438712202   0.0360866952
       -0.0020778260   0.0039363659  -0.0016857584  -0.0000286623  -0.0000447903
       -0.0000829317  -0.0000046015  -0.0000667273  -0.0000565060   0.0012887520
       -0.0000027888   0.0001765668   0.0000603942   0.0005785588   0.0006386471
       -0.0000246308   0.0004177297   0.0003651612  -0.0229602013  -0.0003466119
       -0.0073664580   0.0018520165   0.0004394845   0.0012663814   0.0010950645
       -0.0450873561  -0.0040972037   0.0767314706  -0.2177694518  -0.0655960698
       -0.0145590589  -0.0241980297   0.0084700436  -0.0022902984  -0.0017724934
        0.0034544166
        0.0011572933  -0.0017403209  -0.0005846825   0.0078455265   0.0000957888
        0.0027257511  -0.0412951568   0.0031114589  -0.0813160391  -0.0081857313
        0.0193108804   0.5270196309   0.0303166858   0.0362714346  -0.0857808197
       -0.0067133455  -0.0041400522   0.0033417614   0.0001437046  -0.0000374281
        0.0001938982  -0.0000184838   0.0000560029  -0.0000260878   0.0007275521
       -0.0002244048   0.0002738643   0.0014468675  -0.0004003053   0.0009700515
       -0.0000390804   0.0001234117   0.0002107034   0.0064187786   0.0002751269
        0.0027951570  -0.0294909773   0.0025208052  -0.0142361907  -0.0022917035
       -0.0054565794  -0.2749095123   0.0288457862  -0.0651670620  -0.0707354605
       -0.0050731465  -0.0073989728   0.0042394720   0.0162054305   0.0228002160
       -0.0141814972
        0.0000518562  -0.0003405407   0.0000501660   0.0003377200   0.0006168480
        0.0003438899  -0.0256665555  -0.0183474342   0.0036545819  -0.0889178477
       -0.0525394758   0.0303166858   0.2983435955  -0.0004070573  -0.0410598439
       -0.0981259314   0.0174900256  -0.0240423131  -0.0001276087  -0.0000080681
        0.0000997379  -0.0002532931   0.0000364644  -0.0000596383  -0.0000102871
       -0.0000413895  -0.0000207171  -0.0002927520   0.0000206359  -0.0000749916
       -0.0013502337  -0.0004165079   0.0001271278  -0.0046889272  -0.0002059225
       -0.0012316772   0.0004657922  -0.0003274114   0.0009892942  -0.0022103481
       -0.0026043798   0.0025071732   0.0035610013   0.0051829487  -0.0035200392
       -0.0479668063   0.0526329001   0.0263106201  -0.0331493745  -0.0007416354
        0.0056099436
       -0.0000649269  -0.0002841632  -0.0001784823   0.0001941940   0.0002521017
        0.0002272364  -0.0060897578   0.0008091913  -0.0020002431  -0.0526497816
       -0.1438712202   0.0362714346  -0.0004070573   0.4755206824   0.0303744105
        0.0192361041  -0.0289395260   0.0045375100  -0.0000009005   0.0000376236
        0.0000458662   0.0001675993   0.0000862161  -0.0000091546   0.0001753660
       -0.0000744167  -0.0000257761   0.0000544105   0.0001034187  -0.0001625229
        0.0005807260   0.0002126503   0.0002703724   0.0005756304   0.0011264718
        0.0001914292   0.0005391585   0.0003449475  -0.0000868712  -0.0028793127
       -0.0023026365   0.0036354535  -0.0164576266  -0.0283746302   0.0093334483
        0.0562330733  -0.2312743061  -0.0850885823   0.0007931014  -0.0433724044
        0.0026644712
        0.0000696392   0.0001360790   0.0000258216   0.0000492583  -0.0000112747
       -0.0000033505  -0.0032354307  -0.0051063974   0.0023658937   0.0298328146
        0.0360866952  -0.0857808197  -0.0410598439   0.0303744105   0.4923480029
       -0.0248655965   0.0041506047  -0.0350796045   0.0000058690  -0.0000186256
        0.0000310327  -0.0001200341  -0.0000733830   0.0000123974  -0.0000921186
        0.0000456678   0.0000307973  -0.0000946124   0.0000561002   0.0001303164
        0.0001262538  -0.0001493003   0.0001451174  -0.0022665233  -0.0003573826
        0.0000556037  -0.0013271906  -0.0008868796   0.0008949725   0.0185541801
        0.0249986876  -0.0153842268  -0.0043724304  -0.0063032882   0.0039626700
        0.0264557818  -0.0857962249  -0.0814273863   0.0023399837   0.0028545113
       -0.2823272378
       -0.0000611074   0.0001558806   0.0000539990  -0.0002537175  -0.0004373998
       -0.0003033967  -0.0009556852  -0.0045505259   0.0036535808  -0.0323930677
       -0.0020778260  -0.0067133455  -0.0981259314   0.0192361041  -0.0248655965
        0.1663328119  -0.0232789317   0.0425309476   0.0002119662  -0.0000199116
        0.0000079177   0.0002314573  -0.0000099427  -0.0000188849   0.0001309043
        0.0000304849   0.0000015593   0.0000770866  -0.0000485558   0.0001264933
        0.0003739249   0.0001409420  -0.0000731623  -0.0016270005  -0.0001636421
       -0.0004090317   0.0005750735   0.0000745368   0.0000103537   0.0008605321
        0.0004777531   0.0011098205   0.0015509507  -0.0006911981  -0.0003622214
       -0.0220311005   0.0080042755  -0.0053584386  -0.0148970973   0.0031579567
       -0.0093905942
        0.0000405054   0.0002026408   0.0000412612   0.0000137896  -0.0001062888
        0.0000024656  -0.0021352124  -0.0018999740   0.0009645246  -0.0145625476
        0.0039363659  -0.0041400522   0.0174900256  -0.0289395260   0.0041506047
       -0.0232789317   0.0274192980  -0.0082135580  -0.0000222713  -0.0000302870
       -0.0000287081   0.0000194161  -0.0000187634   0.0000011820  -0.0000798870
        0.0000435578   0.0000176769  -0.0000216122  -0.0000137275   0.0000602140
       -0.0001124349   0.0001473555  -0.0001140349  -0.0008330835  -0.0000960453
       -0.0002264716   0.0000082703  -0.0001185958   0.0000478924   0.0001087278
        0.0002077303  -0.0003656442  -0.0006015862   0.0008782184  -0.0003223951
        0.0212592995  -0.0027700420   0.0066720755   0.0027075324   0.0011580830
        0.0014529672
        0.0000016792   0.0000008857   0.0000168760  -0.0000048766  -0.0000104149
        0.0000322357   0.0009063260   0.0003408964   0.0005094975   0.0021373532
       -0.0016857584   0.0033417614  -0.0240423131   0.0045375100  -0.0350796045
        0.0425309476  -0.0082135580   0.0339475961   0.0000646006   0.0000049943
        0.0000189883   0.0000659844   0.0000085817  -0.0000093754   0.0000474889
       -0.0000125693  -0.0000096217  -0.0000317199  -0.0000096993   0.0000446653
        0.0000438119   0.0000199569  -0.0000890228   0.0001195241   0.0000043397
        0.0001498233   0.0002763591   0.0000856643   0.0000819567   0.0003483749
       -0.0002906848   0.0006901821   0.0001108789  -0.0004010011  -0.0000683704
        0.0032358236   0.0004032242   0.0034943165  -0.0258102427   0.0052176326
       -0.0070719040
       -0.0433548981   0.0000168465  -0.0147530307  -0.0059324355   0.0012585333
       -0.0309176991   0.0008839949  -0.0005222369  -0.0009277797  -0.0000221693
       -0.0000286623   0.0001437046  -0.0001276087  -0.0000009005   0.0000058690
        0.0002119662  -0.0000222713   0.0000646006   0.0523686868  -0.0003002967
        0.0197330592   0.0008815474  -0.0013866546   0.0144062556   0.0009183293
        0.0005234990   0.0151306539  -0.0063370255   0.0000505302  -0.0030672372
        0.0008768702   0.0001873998  -0.0003887576  -0.0000492063   0.0000178823
        0.0000665862  -0.0004330557   0.0001845545   0.0003759731   0.0000989990
       -0.0000166252   0.0000860803   0.0000455183   0.0000036917   0.0000591401
        0.0000412176   0.0000143320  -0.0000547385  -0.0000707306   0.0000203780
        0.0000373202
        0.0002214898  -0.0452221808   0.0073548679   0.0001407422   0.0004036944
       -0.0003436318   0.0002077748   0.0003090077   0.0007839491   0.0000331853
       -0.0000447903  -0.0000374281  -0.0000080681   0.0000376236  -0.0000186256
       -0.0000199116  -0.0000302870   0.0000049943  -0.0003002967   0.0481758620
       -0.0081432468  -0.0002937508  -0.0031494873   0.0294907327   0.0001622170
       -0.0011006733  -0.0281952558  -0.0001058430   0.0007667997  -0.0001519661
       -0.0002250138   0.0000140630  -0.0006668345  -0.0000925432  -0.0002022517
        0.0001983824   0.0003274849   0.0001016195  -0.0001881325  -0.0000403899
       -0.0000407833  -0.0000668530   0.0000118703  -0.0000309959   0.0000072069
       -0.0000170079  -0.0000120129  -0.0000233728  -0.0000019393   0.0000247927
       -0.0000047862
       -0.0149148731   0.0073056673  -0.2813642201  -0.0054820437   0.0003080019
       -0.0122924677   0.0008310151  -0.0001226263   0.0009584449   0.0002660246
       -0.0000829317   0.0001938982   0.0000997379   0.0000458662   0.0000310327
        0.0000079177  -0.0000287081   0.0000189883   0.0197330592  -0.0081432468
        0.3263462592   0.0012447145   0.0031661348  -0.0161126210   0.0012040025
       -0.0021815678  -0.0179623422  -0.0030896597  -0.0004113209  -0.0002981252
        0.0004004992  -0.0002246178   0.0004407723  -0.0000179220   0.0001786642
       -0.0003004775  -0.0003946863   0.0001956878   0.0003542090   0.0001410516
       -0.0000399718  -0.0000381145   0.0000230081   0.0000443400   0.0000392774
        0.0000025420  -0.0000202137  -0.0000710378  -0.0000543877   0.0000108427
        0.0000565241
       -0.0887500567  -0.0873550188   0.0360224658  -0.0189485693  -0.0253168264
        0.0090525831   0.0006817532  -0.0012473468   0.0000188910   0.0002675613
       -0.0000046015  -0.0000184838  -0.0002532931   0.0001675993  -0.0001200341
        0.0002314573   0.0000194161   0.0000659844   0.0008815474  -0.0002937508
        0.0012447145   0.1060863962   0.1029708406  -0.0407210118   0.0062396997
        0.0113806329  -0.0042174787   0.0008945290  -0.0002229420   0.0004374681
       -0.0070855588  -0.0009330981  -0.0018091490  -0.0004151221   0.0008853385
       -0.0000678381  -0.0000306979  -0.0000166587   0.0000511689   0.0000113139
       -0.0000811236  -0.0000206490   0.0000516646   0.0000245804   0.0000484495
        0.0001176319   0.0000428809   0.0000605116   0.0000197431  -0.0000199219
       -0.0000275922
       -0.0873722426  -0.2086866237   0.0669881160  -0.0042592311  -0.0021806820
       -0.0000509695   0.0011841834   0.0011941827   0.0000066770   0.0002220075
       -0.0000667273   0.0000560029   0.0000364644   0.0000862161  -0.0000733830
       -0.0000099427  -0.0000187634   0.0000085817  -0.0013866546  -0.0031494873
        0.0031661348   0.1029708406   0.2407320527  -0.0782127622  -0.0105171496
       -0.0286193363   0.0088953594   0.0001588892   0.0000891431  -0.0002502015
       -0.0009180209   0.0006205595  -0.0006455946  -0.0000496024   0.0002000347
        0.0000535840  -0.0000847351  -0.0001745693   0.0000618066  -0.0000209459
       -0.0000225069  -0.0000489252   0.0000094381   0.0000271280   0.0000157757
        0.0000324060  -0.0000125026   0.0000365402   0.0000042959  -0.0000181179
       -0.0000067422
        0.0363708612   0.0670492514  -0.0723395436  -0.0034422792  -0.0063681500
        0.0031145354   0.0002141559   0.0000773499   0.0001143660  -0.0000479737
       -0.0000565060  -0.0000260878  -0.0000596383  -0.0000091546   0.0000123974
       -0.0000188849   0.0000011820  -0.0000093754   0.0144062556   0.0294907327
       -0.0161126210  -0.0407210118  -0.0782127622   0.0800547762  -0.0046428819
       -0.0108346881   0.0042640385  -0.0003790662  -0.0006891380   0.0004441531
       -0.0019628924  -0.0003438404   0.0005635540   0.0002482674  -0.0002266277
        0.0002291956   0.0000423913   0.0001542133  -0.0002702396  -0.0000505557
       -0.0000181553  -0.0000080580   0.0000296182  -0.0000398026  -0.0000043170
        0.0000141404   0.0000045349  -0.0000048542  -0.0000005057   0.0000215608
       -0.0000219197
       -0.0920604120   0.0879344542   0.0433959949  -0.0183769638   0.0241214534
        0.0103732270  -0.0061128819  -0.0002805909  -0.0021670464  -0.0010218012
        0.0012887520   0.0007275521  -0.0000102871   0.0001753660  -0.0000921186
        0.0001309043  -0.0000798870   0.0000474889   0.0009183293   0.0001622170
        0.0012040025   0.0062396997  -0.0105171496  -0.0046428819   0.1096437244
       -0.1031890549  -0.0491516370   0.0006379950   0.0002494094   0.0002054179
        0.0003971978   0.0003050243   0.0004405085  -0.0000181981  -0.0002443343
       -0.0000914498   0.0000704059  -0.0001168578  -0.0001145204   0.0000849552
        0.0000084143   0.0000270979  -0.0004838979   0.0001252896  -0.0001258125
       -0.0000518307   0.0000428299   0.0000030401   0.0000130610   0.0000146643
       -0.0000388632
        0.0883187783  -0.1981570424  -0.0740824551   0.0022938499  -0.0012950251
       -0.0003914465   0.0011114858   0.0008775845   0.0005467457   0.0001782857
       -0.0000027888  -0.0002244048  -0.0000413895  -0.0000744167   0.0000456678
        0.0000304849   0.0000435578  -0.0000125693   0.0005234990  -0.0011006733
       -0.0021815678   0.0113806329  -0.0286193363  -0.0108346881  -0.1031890549
        0.2274433448   0.0867322660  -0.0000568403  -0.0000712437   0.0002795312
       -0.0003501203   0.0005980842  -0.0000573043  -0.0001115056   0.0003555916
       -0.0000607492  -0.0001481111   0.0000160074   0.0001617339  -0.0000060538
       -0.0000169668   0.0000340424   0.0000231696  -0.0000187523   0.0000346377
        0.0000475580   0.0000315655   0.0000124400  -0.0000046687  -0.0000094903
       -0.0000018796
        0.0436077733  -0.0741996693  -0.0801498102  -0.0037377999   0.0057584147
        0.0030339108  -0.0011670553   0.0001669553   0.0003751136  -0.0002513765
        0.0001765668   0.0002738643  -0.0000207171  -0.0000257761   0.0000307973
        0.0000015593   0.0000176769  -0.0000096217   0.0151306539  -0.0281952558
       -0.0179623422  -0.0042174787   0.0088953594   0.0042640385  -0.0491516370
        0.0867322660   0.0897899222  -0.0003105113   0.0004189610   0.0003513689
        0.0003686179   0.0000688763  -0.0000222602  -0.0000010526   0.0000686754
       -0.0001109135  -0.0002319256   0.0000708113   0.0001305275   0.0000575583
        0.0000069584   0.0000368743  -0.0000909264   0.0000283273  -0.0000262425
        0.0000268333   0.0000158343   0.0000142102  -0.0000125154  -0.0000049818
       -0.0000194372
       -0.0067718325   0.0012721460  -0.0307124063  -0.0419663596  -0.0013844599
       -0.0111461472  -0.0007041709   0.0017863478   0.0146720248   0.0006121606
        0.0000603942   0.0014468675  -0.0002927520   0.0000544105  -0.0000946124
        0.0000770866  -0.0000216122  -0.0000317199  -0.0063370255  -0.0001058430
       -0.0030896597   0.0008945290   0.0001588892  -0.0003790662   0.0006379950
       -0.0000568403  -0.0003105113   0.0539310791  -0.0018257083   0.0149688099
        0.0010599961  -0.0023257283   0.0141612663   0.0002423277  -0.0004867471
       -0.0003812210  -0.0010782737   0.0027690834   0.0014416740  -0.0004403126
        0.0003942019  -0.0003888826   0.0000706774  -0.0001006286  -0.0001611846
       -0.0000841401  -0.0001635687   0.0001825385   0.0001490154  -0.0000243366
       -0.0001777698
        0.0002648007   0.0009233113  -0.0002489128  -0.0014066130  -0.0458666267
        0.0094949025   0.0014182375  -0.0015495583  -0.0255177462  -0.0006473575
        0.0005785588  -0.0004003053   0.0000206359   0.0001034187   0.0000561002
       -0.0000485558  -0.0000137275  -0.0000096993   0.0000505302   0.0007667997
       -0.0004113209  -0.0002229420   0.0000891431  -0.0006891380   0.0002494094
       -0.0000712437   0.0004189610  -0.0018257083   0.0519892556  -0.0081909542
       -0.0003089373  -0.0036378091   0.0287732314  -0.0001835918   0.0005245608
       -0.0005585706   0.0025776274  -0.0037548398  -0.0032176211   0.0003670906
        0.0000560498   0.0002544283  -0.0002138179   0.0000380005   0.0000501246
       -0.0000741000  -0.0000161352   0.0002146239  -0.0000167081  -0.0001591581
       -0.0000181038
       -0.0045948935   0.0005750523  -0.0117567891  -0.0115009313   0.0092120027
       -0.2708469041   0.0020581419  -0.0033820275  -0.0170504154  -0.0005523952
        0.0006386471   0.0009700515  -0.0000749916  -0.0001625229   0.0001303164
        0.0001264933   0.0000602140   0.0000446653  -0.0030672372  -0.0001519661
       -0.0002981252   0.0004374681  -0.0002502015   0.0004441531   0.0002054179
        0.0002795312   0.0003513689   0.0149688099  -0.0081909542   0.3149393847
        0.0008122572   0.0041891345  -0.0162301743  -0.0003457036   0.0002878193
        0.0003517489   0.0012443793  -0.0033534379  -0.0014078407   0.0005038919
       -0.0001525191   0.0003654973  -0.0002539689   0.0001122398   0.0001337637
        0.0002474367   0.0002321576  -0.0002134854  -0.0002141750   0.0000568307
        0.0000727843
       -0.0193817964  -0.0254338249   0.0084723088  -0.0809395314  -0.0826655685
        0.0323830318   0.0053187340   0.0119983235  -0.0036638499   0.0004311411
       -0.0000246308  -0.0000390804  -0.0013502337   0.0005807260   0.0001262538
        0.0003739249  -0.0001124349   0.0000438119   0.0008768702  -0.0002250138
        0.0004004992  -0.0070855588  -0.0009180209  -0.0019628924   0.0003971978
       -0.0003501203   0.0003686179   0.0010599961  -0.0003089373   0.0008122572
        0.1025033937   0.0953542190  -0.0374157009  -0.0007130049   0.0026130860
        0.0009565929   0.0003803427  -0.0002633803  -0.0004001569  -0.0000354449
       -0.0000337846  -0.0000348827  -0.0000285261  -0.0001908787   0.0000804819
       -0.0018444820  -0.0000245703  -0.0002960540   0.0000369778   0.0000048107
        0.0001687619
       -0.0033533930  -0.0018868575   0.0007226438  -0.0827865281  -0.2066195652
        0.0651177565  -0.0081262658  -0.0271909824   0.0064163149  -0.0003376873
        0.0004177297   0.0001234117  -0.0004165079   0.0002126503  -0.0001493003
        0.0001409420   0.0001473555   0.0000199569   0.0001873998   0.0000140630
       -0.0002246178  -0.0009330981   0.0006205595  -0.0003438404   0.0003050243
        0.0005980842   0.0000688763  -0.0023257283  -0.0036378091   0.0041891345
        0.0953542190   0.2412892446  -0.0740180506   0.0024826711  -0.0054009572
       -0.0024735580  -0.0005457994   0.0007801854   0.0003983975  -0.0001074528
       -0.0002243220   0.0000690437  -0.0001848372   0.0001168541   0.0001081777
        0.0005343423   0.0008100726   0.0002323494   0.0001126994  -0.0000463054
       -0.0002566956
       -0.0038127358  -0.0060536731   0.0032314402   0.0327182655   0.0659893291
       -0.0724259612  -0.0040879211  -0.0100306480   0.0037976707  -0.0001390316
        0.0003651612   0.0002107034   0.0001271278   0.0002703724   0.0001451174
       -0.0000731623  -0.0001140349  -0.0000890228  -0.0003887576  -0.0006668345
        0.0004407723  -0.0018091490  -0.0006455946   0.0005635540   0.0004405085
       -0.0000573043  -0.0000222602   0.0141612663   0.0287732314  -0.0162301743
       -0.0374157009  -0.0740180506   0.0797319396   0.0007772837  -0.0027920600
        0.0000565319  -0.0004028704  -0.0007565622   0.0005967015   0.0001110888
        0.0001233259  -0.0002094026   0.0000252091  -0.0000361034  -0.0000824210
       -0.0003938029  -0.0001407866   0.0004770302   0.0001623819  -0.0002097678
       -0.0001922190
        0.0010694356   0.0015850091  -0.0000649800   0.0050988921   0.0105353852
       -0.0029071130  -0.0955581466  -0.0941500026   0.0316179053  -0.0210686904
       -0.0229602013   0.0064187786  -0.0046889272   0.0005756304  -0.0022665233
       -0.0016270005  -0.0008330835   0.0001195241  -0.0000492063  -0.0000925432
       -0.0000179220  -0.0004151221  -0.0000496024   0.0002482674  -0.0000181981
       -0.0001115056  -0.0000010526   0.0002423277  -0.0001835918  -0.0003457036
       -0.0007130049   0.0024826711   0.0007772837   0.1172476236   0.1059257720
       -0.0359412557   0.0001001324  -0.0021730040   0.0018950541   0.0004091211
       -0.0002539034   0.0001116917   0.0000138102  -0.0005762926   0.0005228286
       -0.0000342002   0.0001139039   0.0000740619  -0.0000088464   0.0001653585
       -0.0002408451
       -0.0009061489   0.0011160865   0.0001553783  -0.0089560101  -0.0283414275
        0.0052607056  -0.0946642727  -0.2006325719   0.0530535619  -0.0014649219
       -0.0003466119   0.0002751269  -0.0002059225   0.0011264718  -0.0003573826
       -0.0001636421  -0.0000960453   0.0000043397   0.0000178823  -0.0002022517
        0.0001786642   0.0008853385   0.0002000347  -0.0002266277  -0.0002443343
        0.0003555916   0.0000686754  -0.0004867471   0.0005245608   0.0002878193
        0.0026130860  -0.0054009572  -0.0027920600   0.1059257720   0.2352037098
       -0.0600050673  -0.0032413573  -0.0043603304   0.0042522574   0.0000137590
       -0.0000932956  -0.0002067352   0.0005692965   0.0008305033   0.0001012890
        0.0001895457   0.0001065193   0.0000480348   0.0001186768   0.0000100139
       -0.0000979795
       -0.0003525755   0.0001283192   0.0002750970  -0.0046211171  -0.0101880399
        0.0037001103   0.0316465814   0.0528063165  -0.0632745030  -0.0061235472
       -0.0073664580   0.0027951570  -0.0012316772   0.0001914292   0.0000556037
       -0.0004090317  -0.0002264716   0.0001498233   0.0000665862   0.0001983824
       -0.0003004775  -0.0000678381   0.0000535840   0.0002291956  -0.0000914498
       -0.0000607492  -0.0001109135  -0.0003812210  -0.0005585706   0.0003517489
        0.0009565929  -0.0024735580   0.0000565319  -0.0359412557  -0.0600050673
        0.0696230632   0.0164658654   0.0281302531  -0.0139976942  -0.0002592314
       -0.0003833484   0.0001561887   0.0005076345  -0.0001162221   0.0002212361
        0.0000154754  -0.0000826363  -0.0000562376  -0.0001797909  -0.0000471629
        0.0001260702
        0.0005223955   0.0001583684   0.0009729950  -0.0009862759   0.0011317299
        0.0143571864  -0.0420502627  -0.0011827602   0.0012281592  -0.0045029465
        0.0018520165  -0.0294909773   0.0004657922   0.0005391585  -0.0013271906
        0.0005750735   0.0000082703   0.0002763591  -0.0004330557   0.0003274849
       -0.0003946863  -0.0000306979  -0.0000847351   0.0000423913   0.0000704059
       -0.0001481111  -0.0002319256  -0.0010782737   0.0025776274   0.0012443793
        0.0003803427  -0.0005457994  -0.0004028704   0.0001001324  -0.0032413573
        0.0164658654   0.0525684171  -0.0014836812  -0.0000422340  -0.0055206921
        0.0003928126  -0.0030043743   0.0004586925  -0.0000826481  -0.0001905511
        0.0000124730   0.0000482917   0.0001173306  -0.0005515203  -0.0002666678
        0.0003801433
       -0.0005548692   0.0003440125  -0.0002278623   0.0024818881  -0.0010108672
       -0.0254501237  -0.0016074056  -0.0453515882   0.0166512414   0.0005896744
        0.0004394845   0.0025208052  -0.0003274114   0.0003449475  -0.0008868796
        0.0000745368  -0.0001185958   0.0000856643   0.0001845545   0.0001016195
        0.0001956878  -0.0000166587  -0.0001745693   0.0001542133  -0.0001168578
        0.0000160074   0.0000708113   0.0027690834  -0.0037548398  -0.0033534379
       -0.0002633803   0.0007801854  -0.0007565622  -0.0021730040  -0.0043603304
        0.0281302531  -0.0014836812   0.0523618840  -0.0173438838   0.0005788563
        0.0005320677  -0.0001304093   0.0001523010  -0.0001214980   0.0004114122
       -0.0000250237  -0.0001980785  -0.0001197714  -0.0002626027   0.0001701588
        0.0000488415
       -0.0003655171   0.0004953776   0.0009044333   0.0024780275  -0.0029362807
       -0.0167750733   0.0013162936   0.0165884391  -0.2715817867  -0.0044351738
        0.0012663814  -0.0142361907   0.0009892942  -0.0000868712   0.0008949725
        0.0000103537   0.0000478924   0.0000819567   0.0003759731  -0.0001881325
        0.0003542090   0.0000511689   0.0000618066  -0.0002702396  -0.0001145204
        0.0001617339   0.0001305275   0.0014416740  -0.0032176211  -0.0014078407
       -0.0004001569   0.0003983975   0.0005967015   0.0018950541   0.0042522574
       -0.0139976942  -0.0000422340  -0.0173438838   0.3158770096  -0.0029358741
        0.0005786411  -0.0008939586   0.0001725561   0.0001935692   0.0001571938
        0.0000199332  -0.0000692819  -0.0001909339  -0.0004568522  -0.0002024252
        0.0003567138
        0.0000088164  -0.0000423289   0.0001415757   0.0009361072  -0.0005787465
       -0.0010841768  -0.0045115425   0.0004538271  -0.0289651146  -0.0413377830
        0.0010950645  -0.0022917035  -0.0022103481  -0.0028793127   0.0185541801
        0.0008605321   0.0001087278   0.0003483749   0.0000989990  -0.0000403899
        0.0001410516   0.0000113139  -0.0000209459  -0.0000505557   0.0000849552
       -0.0000060538   0.0000575583  -0.0004403126   0.0003670906   0.0005038919
       -0.0000354449  -0.0001074528   0.0001110888   0.0004091211   0.0000137590
       -0.0002592314  -0.0055206921   0.0005788563  -0.0029358741   0.0519042010
        0.0015150471   0.0020319910   0.0007794760   0.0018954345   0.0124113489
        0.0004463980   0.0006277452  -0.0002424803  -0.0014837966  -0.0029803214
        0.0015280752
        0.0000390662  -0.0000291028  -0.0000875871   0.0000144215   0.0003749009
        0.0009839755   0.0003889020   0.0007854033   0.0024566465   0.0012540834
       -0.0450873561  -0.0054565794  -0.0026043798  -0.0023026365   0.0249986876
        0.0004777531   0.0002077303  -0.0002906848  -0.0000166252  -0.0000407833
       -0.0000399718  -0.0000811236  -0.0000225069  -0.0000181553   0.0000084143
       -0.0000169668   0.0000069584   0.0003942019   0.0000560498  -0.0001525191
       -0.0000337846  -0.0002243220   0.0001233259  -0.0002539034  -0.0000932956
       -0.0003833484   0.0003928126   0.0005320677   0.0005786411   0.0015150471
        0.0514199497   0.0027296587   0.0013330072  -0.0031098759  -0.0290204045
        0.0001785609   0.0007616210   0.0009431212  -0.0030064536  -0.0032108767
        0.0026282356
        0.0003072945  -0.0000753668   0.0002116703   0.0010318693  -0.0001323610
        0.0010356953  -0.0047573960   0.0001620959  -0.0139421809  -0.0012057348
       -0.0040972037  -0.2749095123   0.0025071732   0.0036354535  -0.0153842268
        0.0011098205  -0.0003656442   0.0006901821   0.0000860803  -0.0000668530
       -0.0000381145  -0.0000206490  -0.0000489252  -0.0000080580   0.0000270979
        0.0000340424   0.0000368743  -0.0003888826   0.0002544283   0.0003654973
       -0.0000348827   0.0000690437  -0.0002094026   0.0001116917  -0.0002067352
        0.0001561887  -0.0030043743  -0.0001304093  -0.0008939586   0.0020319910
        0.0027296587   0.3184557982   0.0013064304  -0.0038015052  -0.0154830121
       -0.0004780745  -0.0004874918   0.0005300728   0.0013705449   0.0025277728
       -0.0006135133
       -0.0008186175   0.0012974495   0.0005017771  -0.0052498369   0.0002936840
       -0.0025022496  -0.0166263261   0.0244500264   0.0076201788  -0.0720034359
        0.0767314706   0.0288457862   0.0035610013  -0.0164576266  -0.0043724304
        0.0015509507  -0.0006015862   0.0001108789   0.0000455183   0.0000118703
        0.0000230081   0.0000516646   0.0000094381   0.0000296182  -0.0004838979
        0.0000231696  -0.0000909264   0.0000706774  -0.0002138179  -0.0002539689
       -0.0000285261  -0.0001848372   0.0000252091   0.0000138102   0.0005692965
        0.0005076345   0.0004586925   0.0001523010   0.0001725561   0.0007794760
        0.0013330072   0.0013064304   0.0897679641  -0.0845120876  -0.0326491045
       -0.0013888335  -0.0031120522   0.0011516515   0.0002997187   0.0002102945
       -0.0004260490
        0.0001509726  -0.0002934261  -0.0001593903   0.0013073910   0.0010194418
        0.0007725063   0.0041830564  -0.0042040502  -0.0014881678   0.0756134889
       -0.2177694518  -0.0651670620   0.0051829487  -0.0283746302  -0.0063032882
       -0.0006911981   0.0008782184  -0.0004010011   0.0000036917  -0.0000309959
        0.0000443400   0.0000245804   0.0000271280  -0.0000398026   0.0001252896
       -0.0000187523   0.0000283273  -0.0001006286   0.0000380005   0.0001122398
       -0.0001908787   0.0001168541  -0.0000361034  -0.0005762926   0.0008305033
       -0.0001162221  -0.0000826481  -0.0001214980   0.0001935692   0.0018954345
       -0.0031098759  -0.0038015052  -0.0845120876   0.2546597782   0.0744627126
       -0.0029573245  -0.0041046260   0.0023815281   0.0006242045   0.0004573823
       -0.0004826807
       -0.0002346468   0.0002673220   0.0002888820  -0.0012407008  -0.0000487352
        0.0000376550  -0.0046410272   0.0075871326   0.0032610058   0.0289662635
       -0.0655960698  -0.0707354605  -0.0035200392   0.0093334483   0.0039626700
       -0.0003622214  -0.0003223951  -0.0000683704   0.0000591401   0.0000072069
        0.0000392774   0.0000484495   0.0000157757  -0.0000043170  -0.0001258125
        0.0000346377  -0.0000262425  -0.0001611846   0.0000501246   0.0001337637
        0.0000804819   0.0001081777  -0.0000824210   0.0005228286   0.0001012890
        0.0002212361  -0.0001905511   0.0004114122   0.0001571938   0.0124113489
       -0.0290204045  -0.0154830121  -0.0326491045   0.0744627126   0.0774924318
        0.0012244363   0.0018981684   0.0002346200  -0.0001876606   0.0007101970
        0.0005710878
        0.0000656532   0.0002257247  -0.0000488256  -0.0008023607  -0.0005140392
        0.0002809672   0.0005090964   0.0000740680   0.0001391000   0.0038956169
       -0.0145590589  -0.0050731465  -0.0479668063   0.0562330733   0.0264557818
       -0.0220311005   0.0212592995   0.0032358236   0.0000412176  -0.0000170079
        0.0000025420   0.0001176319   0.0000324060   0.0000141404  -0.0000518307
        0.0000475580   0.0000268333  -0.0000841401  -0.0000741000   0.0002474367
       -0.0018444820   0.0005343423  -0.0003938029  -0.0000342002   0.0001895457
        0.0000154754   0.0000124730  -0.0000250237   0.0000199332   0.0004463980
        0.0001785609  -0.0004780745  -0.0013888335  -0.0029573245   0.0012244363
        0.0675262712  -0.0616953658  -0.0272852570   0.0015893958   0.0010673417
        0.0016166368
        0.0001377773   0.0000959985   0.0000641877   0.0004443033   0.0001045198
        0.0000444657   0.0000310483   0.0000311848  -0.0001380969   0.0025279731
       -0.0241980297  -0.0073989728   0.0526329001  -0.2312743061  -0.0857962249
        0.0080042755  -0.0027700420   0.0004032242   0.0000143320  -0.0000120129
       -0.0000202137   0.0000428809  -0.0000125026   0.0000045349   0.0000428299
        0.0000315655   0.0000158343  -0.0001635687  -0.0000161352   0.0002321576
       -0.0000245703   0.0008100726  -0.0001407866   0.0001139039   0.0001065193
       -0.0000826363   0.0000482917  -0.0001980785  -0.0000692819   0.0006277452
        0.0007616210  -0.0004874918  -0.0031120522  -0.0041046260   0.0018981684
       -0.0616953658   0.2620135803   0.0942420455   0.0003272958  -0.0013693287
       -0.0027709132
        0.0000137966   0.0000950518  -0.0000554396  -0.0000923040  -0.0002959996
        0.0001578092  -0.0001370555  -0.0002725401   0.0001776211  -0.0023196726
        0.0084700436   0.0042394720   0.0263106201  -0.0850885823  -0.0814273863
       -0.0053584386   0.0066720755   0.0034943165  -0.0000547385  -0.0000233728
       -0.0000710378   0.0000605116   0.0000365402  -0.0000048542   0.0000030401
        0.0000124400   0.0000142102   0.0001825385   0.0002146239  -0.0002134854
       -0.0002960540   0.0002323494   0.0004770302   0.0000740619   0.0000480348
       -0.0000562376   0.0001173306  -0.0001197714  -0.0001909339  -0.0002424803
        0.0009431212   0.0005300728   0.0011516515   0.0023815281   0.0002346200
       -0.0272852570   0.0942420455   0.0884053759   0.0078724497  -0.0275475878
       -0.0157111531
       -0.0001004992   0.0000161542  -0.0000178510  -0.0001901478  -0.0000125072
       -0.0000493779   0.0009552212  -0.0003382761   0.0012815796  -0.0016200129
       -0.0022902984   0.0162054305  -0.0331493745   0.0007931014   0.0023399837
       -0.0148970973   0.0027075324  -0.0258102427  -0.0000707306  -0.0000019393
       -0.0000543877   0.0000197431   0.0000042959  -0.0000005057   0.0000130610
       -0.0000046687  -0.0000125154   0.0001490154  -0.0000167081  -0.0002141750
        0.0000369778   0.0001126994   0.0001623819  -0.0000088464   0.0001186768
       -0.0001797909  -0.0005515203  -0.0002626027  -0.0004568522  -0.0014837966
       -0.0030064536   0.0013705449   0.0002997187   0.0006242045  -0.0001876606
        0.0015893958   0.0003272958   0.0078724497   0.0490088926   0.0012294938
       -0.0022490112
        0.0000494205   0.0000037796  -0.0000158520   0.0000878084   0.0000839161
       -0.0000844504   0.0005451501   0.0003870304   0.0001815863  -0.0025197941
       -0.0017724934   0.0228002160  -0.0007416354  -0.0433724044   0.0028545113
        0.0031579567   0.0011580830   0.0052176326   0.0000203780   0.0000247927
        0.0000108427  -0.0000199219  -0.0000181179   0.0000215608   0.0000146643
       -0.0000094903  -0.0000049818  -0.0000243366  -0.0001591581   0.0000568307
        0.0000048107  -0.0000463054  -0.0002097678   0.0001653585   0.0000100139
       -0.0000471629  -0.0002666678   0.0001701588  -0.0002024252  -0.0029803214
       -0.0032108767   0.0025277728   0.0002102945   0.0004573823   0.0007101970
        0.0010673417  -0.0013693287  -0.0275475878   0.0012294938   0.0476630181
       -0.0062689222
       -0.0000367361  -0.0000081930   0.0000686450   0.0001588296   0.0001154678
       -0.0000405588  -0.0002178399  -0.0004475040   0.0007006074   0.0033055901
        0.0034544166  -0.0141814972   0.0056099436   0.0026644712  -0.2823272378
       -0.0093905942   0.0014529672  -0.0070719040   0.0000373202  -0.0000047862
        0.0000565241  -0.0000275922  -0.0000067422  -0.0000219197  -0.0000388632
       -0.0000018796  -0.0000194372  -0.0001777698  -0.0000181038   0.0000727843
        0.0001687619  -0.0002566956  -0.0001922190  -0.0002408451  -0.0000979795
        0.0001260702   0.0003801433   0.0000488415   0.0003567138   0.0015280752
        0.0026282356  -0.0006135133  -0.0004260490  -0.0004826807   0.0005710878
        0.0016166368  -0.0027709132  -0.0157111531  -0.0022490112  -0.0062689222
        0.3182270075
