           1           2   1.02206268573698     
           2           3  0.974420091422201     
           3           4  0.938846271828970     
           4           5   1.46771271558072     
           4           6   1.46792920613765     
           5           6  0.347279077012861     
           1           7  0.983420162729013     
           1           8  0.985027106025020     
           1           9  0.987667083633426     
           2          10  0.972546169646358     
           2          11  0.968040036323931     
           3          12  0.965521450186623     
           3          13  0.937483023339835     
