           1           2   1.00584842680207     
           2           3   1.00420291608187     
           2           4   1.00006387989008     
           4           5   1.00166194480790     
           5           6  0.995207802135100     
           5           7   1.00256862936832     
           1           8  0.985330975467528     
           1           9  0.985262504770024     
           1          10  0.986085987343494     
           2          11  0.957920067391155     
           3          12  0.985930204531478     
           3          13  0.981855591410142     
           3          14  0.985021187918619     
           4          15  0.953116560083288     
           5          16  0.968838742784876     
           6          17  0.985187483690193     
           6          18  0.986820101926948     
           6          19  0.985653712836531     
           7          20  0.985425147375002     
           7          21  0.986504654236421     
           7          22  0.981490855306705     
