           1           2   1.00219444009494     
           2           3  0.992344980248141     
           2           4   1.00740577515598     
           4           5   1.00312541327861     
           5           6   1.00791194938744     
           5           7  0.992750294809624     
           1           8  0.986031855313343     
           1           9  0.985872546571453     
           1          10  0.986373739218341     
           2          11  0.963564941198324     
           3          12  0.986799197865603     
           3          13  0.982843887021911     
           3          14  0.985307990844343     
           4          15  0.950954644323049     
           5          16  0.963680285703239     
           6          17  0.984605813900121     
           6          18  0.984986956238694     
           6          19  0.985435343439925     
           7          20  0.986310724403752     
           7          21  0.986258240002473     
           7          22  0.982355040954111     
