           1           2   1.01738714272155     
           2           3  0.974583986296277     
           3           4  0.978742211513792     
           4           5   1.68789227714715     
           4           6   1.17261686382623     
           5           6  0.171519626645965     
           6           7  0.917592908874651     
           7           8   1.01934498741113     
           1           9  0.984345581840133     
           1          10  0.986805816478010     
           1          11  0.986505863240027     
           2          12  0.978561732323113     
           2          13  0.978547402908430     
           3          14  0.963757367230817     
           3          15  0.969309999817813     
           7          16  0.969281169081300     
           7          17  0.967860575490826     
           8          18  0.984048243292369     
           8          19  0.979971438503290     
           8          20  0.983209902059268     
