$hessian                                                                        
        0.5233661302   0.0024939315  -0.0068357170  -0.0666219327   0.0084677889
       -0.0100275365  -0.0019563782  -0.0166941951   0.0181987262   0.0003698210
       -0.0001943612   0.0014797167  -0.0000994796  -0.0005469095  -0.0001187699
        0.0001056171  -0.0002197061   0.0000393124   0.0005737335  -0.0000039423
        0.0001033039   0.0000842883  -0.0000150811  -0.0000739409  -0.1855296659
       -0.0335153925  -0.1105274431  -0.2158983265  -0.0051174802   0.1095976412
       -0.0488823002   0.0277696325   0.0141981315   0.0006673354   0.0027349055
       -0.0021065061  -0.0030346597   0.0168443288  -0.0173457224  -0.0036431509
       -0.0011794151   0.0036343074   0.0007186046  -0.0008156964  -0.0003053601
       -0.0000791860  -0.0000234543  -0.0000098667  -0.0000883938   0.0000191247
        0.0000571017  -0.0000474274   0.0000111873   0.0000178703   0.0000139541
       -0.0000287901   0.0000148900  -0.0000185831   0.0000135246   0.0000098612
        0.0024939315   0.4900017348   0.0321733030   0.0082036461  -0.1415149446
        0.0669846015  -0.0034160023  -0.0033872430   0.0057257525   0.0001979502
       -0.0010735379  -0.0005946079  -0.0002469368   0.0006469979   0.0005331382
       -0.0002264391   0.0003807973   0.0001296885   0.0000691380  -0.0001157713
        0.0000206076  -0.0000214901  -0.0000902627  -0.0000233306  -0.0330419044
       -0.0517620727  -0.0278000148  -0.0055486691  -0.0430688631   0.0019078927
        0.0277536737  -0.2284455184  -0.0973862937   0.0027768128  -0.0254147442
        0.0189627644   0.0007036458   0.0017272215   0.0002396869  -0.0001776253
        0.0007261170   0.0000484348   0.0005108676   0.0012766952  -0.0009381582
        0.0000098383   0.0000444235   0.0000142262  -0.0000228625  -0.0000047376
       -0.0000166301  -0.0000101895   0.0000139209   0.0000043814  -0.0000121098
        0.0000442294   0.0000246798   0.0000047246   0.0000155577  -0.0000101226
       -0.0068357170   0.0321733030   0.4931969873  -0.0103217059   0.0671304493
       -0.1293618552   0.0056341193   0.0142236805  -0.0165510677  -0.0010832036
       -0.0008648938   0.0000475813  -0.0000917683   0.0005323489   0.0003499763
        0.0003036798   0.0000144059  -0.0000018078  -0.0002649868  -0.0000381224
       -0.0002393898   0.0000261209  -0.0000193749  -0.0000480811  -0.1104803215
       -0.0281781932  -0.1311116183   0.1099330203   0.0016070700  -0.1132229852
        0.0143139186  -0.0970399588  -0.0931047565   0.0010888564  -0.0065037702
        0.0074439751  -0.0045969398   0.0154223563  -0.0162390324   0.0031563209
        0.0007838609  -0.0018058950  -0.0007316713   0.0007209542   0.0005588408
        0.0000275988   0.0000056522   0.0000118934  -0.0000731891   0.0000032024
        0.0000460432   0.0000165456  -0.0000049439   0.0000036991  -0.0000013157
        0.0000122128   0.0000133310  -0.0000193617   0.0000197606   0.0000141614
       -0.0666219327   0.0082036461  -0.0103217059   0.4895883849   0.0043570333
        0.0378657373  -0.1433546245  -0.0027570136   0.0646155519  -0.0330306301
       -0.0075127745   0.0046937985   0.0008117940   0.0047100887   0.0022844771
       -0.0022469292  -0.0018200216  -0.0020954712  -0.0010111944   0.0008316872
       -0.0009209680  -0.0000846707   0.0000025844  -0.0000427616  -0.0031602132
        0.0175835587  -0.0181908080   0.0000177267  -0.0180238735   0.0179320819
       -0.0001034855   0.0034666296  -0.0022007001  -0.0459477028   0.0204898644
        0.0088467558  -0.1880140805  -0.0315361476  -0.1104520770   0.0000706112
       -0.0007168213   0.0020532894  -0.0068607936   0.0025186873   0.0058881328
        0.0002203316   0.0001518226   0.0000736721  -0.0001939702   0.0000121992
        0.0000089316  -0.0000428924   0.0000611336   0.0000299713  -0.0000497359
       -0.0000071531  -0.0000136180   0.0000140073  -0.0000151299  -0.0000542899
        0.0084677889  -0.1415149446   0.0671304493   0.0043570333   0.5077335193
        0.0332616474  -0.0035400972  -0.0654506241  -0.0025865426  -0.0036982748
       -0.0002964632   0.0058236644  -0.0008945825  -0.0002773663  -0.0012966512
       -0.0023996824   0.0011029338  -0.0001104771   0.0003174235   0.0002678936
        0.0001013028  -0.0001030480  -0.0000581210  -0.0000481425   0.0013743090
        0.0024268583   0.0000181219  -0.0009322387  -0.0023097742   0.0030655576
        0.0029362132  -0.0264940707   0.0184568695   0.0195279376  -0.2222452038
       -0.0963657645  -0.0308889578  -0.0506515247  -0.0254405842  -0.0156571455
       -0.0014283708   0.0128281503   0.0211180209  -0.0008522789  -0.0148282287
        0.0000091742  -0.0000111880   0.0000378136  -0.0000002155   0.0000402746
       -0.0000426220  -0.0000308723   0.0000191906   0.0000017530   0.0000200767
        0.0000106005  -0.0000065090   0.0000171373  -0.0000113406   0.0000001919
       -0.0100275365   0.0669846015  -0.1293618552   0.0378657373   0.0332616474
        0.4846387604   0.0543381603  -0.0043861049  -0.1020384383  -0.0044648463
       -0.0002179832   0.0128402944  -0.0007392736  -0.0005650388  -0.0011669627
       -0.0038690259   0.0013779315  -0.0019639102  -0.0004098533   0.0008692089
       -0.0006455295  -0.0001951717  -0.0000061586  -0.0001713609  -0.0045461273
        0.0158256004  -0.0174812169   0.0011811269   0.0136276127  -0.0136917094
        0.0009959718  -0.0069062903   0.0083073822   0.0082209484  -0.0959351873
       -0.0931307718  -0.1100507765  -0.0253258510  -0.1226357868   0.0192051272
        0.0034348461  -0.0150470014   0.0125134867  -0.0020007706  -0.0085307150
        0.0001173569  -0.0000463546   0.0000755129  -0.0001037215   0.0000069903
       -0.0000457019  -0.0000598201   0.0000081840   0.0000128871   0.0000223537
       -0.0000002075   0.0000011088   0.0000058834  -0.0000066759   0.0000350143
       -0.0019563782  -0.0034160023   0.0056341193  -0.1433546245  -0.0035400972
        0.0543381603   0.4392479098  -0.0306243778   0.0032515615  -0.1235832189
       -0.0294163726  -0.0445076700  -0.0005261877  -0.0079803917  -0.0111050201
       -0.0486361550   0.0070836188  -0.0192880360   0.0011877822   0.0039183602
        0.0005181672  -0.0013411252  -0.0002012385  -0.0006737862   0.0009425763
        0.0002150689  -0.0003790081   0.0010566002  -0.0002807860   0.0003702624
        0.0004947514   0.0002850962  -0.0007212042  -0.0070207325   0.0028141261
        0.0065595051  -0.0267797975  -0.0007862207   0.0141786707  -0.0383513648
        0.0225447812  -0.0252414760  -0.0504404168   0.0394981563   0.0175883394
        0.0000610444  -0.0000704278  -0.0000706177  -0.0008010331  -0.0001508878
       -0.0004762387  -0.0004242078   0.0002594415   0.0001062511   0.0000674203
       -0.0001060058   0.0000131896   0.0001571576  -0.0000458411  -0.0000951699
       -0.0166941951  -0.0033872430   0.0142236805  -0.0027570136  -0.0654506241
       -0.0043861049  -0.0306243778   0.5416574400   0.0128157678  -0.0288494621
       -0.0746079543  -0.0145360176  -0.0259532175  -0.0168487637  -0.0339851926
        0.0188611336   0.0053110205   0.0060367035   0.0032570667   0.0003531667
       -0.0030396549   0.0008252628   0.0001620799   0.0004070660  -0.0002278965
        0.0006214295  -0.0005451289  -0.0005643380  -0.0029934793   0.0040395034
       -0.0011025391   0.0010242290   0.0008705282   0.0220179459  -0.0009205057
       -0.0161500457  -0.0067605062   0.0003786820   0.0034687992   0.0257794605
       -0.1512825562   0.1154507405   0.0423624735  -0.2337946201  -0.0845983595
        0.0006745619  -0.0000452727   0.0001529985  -0.0004947624  -0.0001064320
       -0.0002327681   0.0002877078  -0.0002212453  -0.0000645460  -0.0000520430
        0.0001019273   0.0000376264   0.0000147388   0.0000487215   0.0000344044
        0.0181987262   0.0057257525  -0.0165510677   0.0646155519  -0.0025865426
       -0.1020384383   0.0032515615   0.0128157678   0.4718029507  -0.0472715724
       -0.0157583061  -0.1014032641  -0.0232973632  -0.0256100692  -0.0148338607
       -0.0096590037   0.0017249393   0.0054564751  -0.0006544015  -0.0032481378
        0.0045709642  -0.0001693740  -0.0000515710  -0.0000582252   0.0006432326
       -0.0005673309   0.0008052397   0.0002951824   0.0033004049  -0.0030393556
       -0.0002674791  -0.0008728917   0.0008377050   0.0149715658  -0.0021975534
       -0.0110465153  -0.0107671391  -0.0001581667   0.0071727811  -0.0284054423
        0.1130259903  -0.1614051351   0.0185566542  -0.0855025836  -0.0802762172
       -0.0008210031  -0.0000679297  -0.0004564543   0.0008003762   0.0000061718
        0.0004352946   0.0000081894   0.0000294985  -0.0000135458   0.0000534507
       -0.0000452587   0.0000263864  -0.0000817126   0.0000378163   0.0000142824
        0.0003698210   0.0001979502  -0.0010832036  -0.0330306301  -0.0036982748
       -0.0044648463  -0.1235832189  -0.0288494621  -0.0472715724   0.4580619591
       -0.0196564751   0.0908853176  -0.0762572990  -0.0428881723  -0.0344770785
       -0.1733398924   0.0772619331   0.0067254163  -0.0455914786   0.0143170292
       -0.0080638310  -0.0032688211  -0.0006717686  -0.0021596265   0.0005713642
       -0.0007283074   0.0004382525   0.0001830405   0.0002822895  -0.0005065430
        0.0000891216   0.0001428513   0.0004403912  -0.0007305112  -0.0002206901
       -0.0002114212  -0.0029038121  -0.0006334532   0.0022650382  -0.0054594930
        0.0015395760  -0.0058293937   0.0049368920   0.0006958605   0.0014094365
        0.0006983155   0.0018764245  -0.0001774319   0.0007878167   0.0002672629
        0.0017913351  -0.0006444905   0.0011379245   0.0007838661  -0.0004164531
       -0.0003633251  -0.0001698618  -0.0004722307  -0.0000091729  -0.0003242437
       -0.0001943612  -0.0010735379  -0.0008648938  -0.0075127745  -0.0002964632
       -0.0002179832  -0.0294163726  -0.0746079543  -0.0157583061  -0.0196564751
        0.6367886530   0.3092554587  -0.0262328703  -0.4240698094  -0.2687061817
        0.0830322223  -0.1395594754  -0.0248506857   0.0124081957   0.0080818277
        0.0093121942  -0.0036172445  -0.0014227387  -0.0022444579  -0.0000878815
        0.0011143234   0.0007701754   0.0004200022   0.0001690603  -0.0001656624
       -0.0003700299  -0.0008031956  -0.0003021228   0.0025596744  -0.0004859295
       -0.0005486090   0.0000240061   0.0003648615  -0.0001583237   0.0136745715
        0.0056763666   0.0126914092  -0.0193358488  -0.0116799050  -0.0165274226
       -0.0044302510  -0.0001879895   0.0007065474  -0.0016542040   0.0020651791
       -0.0025803520  -0.0013943926   0.0003480055  -0.0003399639   0.0009732132
       -0.0003705332   0.0002007024   0.0008108207  -0.0000507453   0.0003284776
        0.0014797167  -0.0005946079   0.0000475813   0.0046937985   0.0058236644
        0.0128402944  -0.0445076700  -0.0145360176  -0.1014032641   0.0908853176
        0.3092554587   0.4516288273  -0.0231923276  -0.2733380811  -0.2697046945
        0.0115661108  -0.0287808612  -0.0692132034  -0.0095066334   0.0109208462
        0.0035925820  -0.0033157377  -0.0014549812  -0.0020096330  -0.0003520812
        0.0007826505  -0.0007362144   0.0001284441   0.0005617770  -0.0007042457
       -0.0002185225  -0.0001683547  -0.0001213979   0.0008247173  -0.0005789212
        0.0007027679   0.0047544389  -0.0000661303  -0.0020777614  -0.0212031829
       -0.0030849452  -0.0158276581  -0.0076349531  -0.0060401767  -0.0077881405
       -0.0015573254  -0.0003943825   0.0018757201  -0.0027661034   0.0014407269
       -0.0011277562  -0.0011584386   0.0005209853   0.0001567384   0.0003386456
       -0.0000590232   0.0000992078   0.0007417861  -0.0002096262  -0.0002297499
       -0.0000994796  -0.0002469368  -0.0000917683   0.0008117940  -0.0008945825
       -0.0007392736  -0.0005261877  -0.0259532175  -0.0232973632  -0.0762572990
       -0.0262328703  -0.0231923276   0.0850470778   0.0035962557   0.0246928937
       -0.0080000410   0.0506386423   0.0224156966   0.0014563480   0.0029954963
        0.0046220898   0.0006018029   0.0007654297   0.0004983070  -0.0002688551
        0.0001296247  -0.0000515072  -0.0000293534   0.0000629841  -0.0000043854
        0.0000005695  -0.0000686700  -0.0001560489   0.0008686236  -0.0001927980
       -0.0002515409   0.0002264592   0.0000459236  -0.0000939172  -0.0005644223
       -0.0008418972  -0.0002077778  -0.0049261720  -0.0024367721  -0.0043088579
        0.0008445255  -0.0001820063  -0.0002541676   0.0007040006  -0.0009721984
        0.0005779229   0.0002087490  -0.0002382379  -0.0000951704  -0.0001031743
        0.0000171597   0.0000552074   0.0000050343   0.0000086708  -0.0001180115
       -0.0005469095   0.0006469979   0.0005323489   0.0047100887  -0.0002773663
       -0.0005650388  -0.0079803917  -0.0168487637  -0.0256100692  -0.0428881723
       -0.4240698094  -0.2733380811   0.0035962557   0.5163297940   0.3518801966
        0.0505906866  -0.0745575599  -0.0515087229  -0.0049709765  -0.0002982149
        0.0010945017   0.0008367936   0.0008169829   0.0006803369  -0.0001086771
       -0.0006481263   0.0001492724  -0.0000529935  -0.0001128442   0.0002825788
        0.0001561547   0.0001128780  -0.0001368092  -0.0005919888   0.0004944398
        0.0007563452  -0.0000694316   0.0001552068   0.0001373376   0.0000668741
       -0.0012672699  -0.0015710653  -0.0038864184  -0.0009382844  -0.0037986834
        0.0012084642   0.0003934877  -0.0004986720   0.0004227921  -0.0003352774
        0.0013421219   0.0004153809   0.0001068334   0.0002971169  -0.0003826695
        0.0003631193  -0.0002131077  -0.0005248616  -0.0000662234   0.0000880926
       -0.0001187699   0.0005331382   0.0003499763   0.0022844771  -0.0012966512
       -0.0011669627  -0.0111050201  -0.0339851926  -0.0148338607  -0.0344770785
       -0.2687061817  -0.2697046945   0.0246928937   0.3518801966   0.2885059621
        0.0219737391  -0.0503342976  -0.0014881987  -0.0012023095   0.0035362300
       -0.0012021267   0.0007951524   0.0006969493   0.0009146599   0.0002697976
       -0.0006620474   0.0003808902  -0.0000727272  -0.0001503921   0.0002211179
        0.0001313435   0.0001858322  -0.0000100749  -0.0003048661   0.0009075461
       -0.0000922347  -0.0005532434   0.0003240240   0.0004880058   0.0020554227
       -0.0001220858   0.0014000792  -0.0059866065  -0.0029257410  -0.0033560680
        0.0011172140   0.0009607764  -0.0009747104   0.0007823090  -0.0010453526
        0.0005246526   0.0004080459   0.0000247418   0.0001118415  -0.0003120954
        0.0001586317  -0.0001605328  -0.0003776785   0.0000198757   0.0000922786
        0.0001056171  -0.0002264391   0.0003036798  -0.0022469292  -0.0023996824
       -0.0038690259  -0.0486361550   0.0188611336  -0.0096590037  -0.1733398924
        0.0830322223   0.0115661108  -0.0080000410   0.0505906866   0.0219737391
        0.4200834223  -0.0987514882   0.0701241361  -0.1150480345  -0.0365382073
       -0.0495659894  -0.0360980310   0.0003381713  -0.0133810700  -0.0001406686
        0.0002815738   0.0003221862   0.0000894170   0.0000615855   0.0001366671
        0.0000172945  -0.0002759249  -0.0003209929   0.0008384511   0.0004550796
       -0.0002046926  -0.0020176671  -0.0001726094   0.0005983486  -0.0032529562
       -0.0003082242  -0.0024738133   0.0003911401  -0.0001443656   0.0008619497
       -0.0242558281  -0.0150026731  -0.0120314550  -0.0080040709  -0.0020663861
       -0.0158031181  -0.0050132228   0.0042117898   0.0016174261   0.0022332806
       -0.0006609567  -0.0001854501   0.0022948740  -0.0012852854  -0.0000096324
       -0.0002197061   0.0003807973   0.0000144059  -0.0018200216   0.0011029338
        0.0013779315   0.0070836188   0.0053110205   0.0017249393   0.0772619331
       -0.1395594754  -0.0287808612   0.0506386423  -0.0745575599  -0.0503342976
       -0.0987514882   0.2921504157   0.1137674249  -0.0283986533  -0.0808504972
       -0.0271131167   0.0206902513   0.0053317329   0.0096952278   0.0001203226
       -0.0004682365  -0.0004578008  -0.0002591008  -0.0000096484  -0.0001304417
        0.0002630614   0.0003581486   0.0002092073  -0.0006370866  -0.0001677258
        0.0000376219   0.0003772284  -0.0000908581  -0.0000563098  -0.0007561025
        0.0002172779  -0.0003448388  -0.0004705036   0.0006569606   0.0003452736
       -0.0294936114  -0.0100362427  -0.0182415240   0.0013547903   0.0010762826
       -0.0013116496   0.0046118460  -0.0022326884  -0.0007798759  -0.0008989075
        0.0010735203   0.0003724751  -0.0006965127   0.0003138419   0.0000062087
        0.0000393124   0.0001296885  -0.0000018078  -0.0020954712  -0.0001104771
       -0.0019639102  -0.0192880360   0.0060367035   0.0054564751   0.0067254163
       -0.0248506857  -0.0692132034   0.0224156966  -0.0515087229  -0.0014881987
        0.0701241361   0.1137674249   0.1818300646  -0.0442204722  -0.0306801774
       -0.0968422415   0.0034258315   0.0025200851   0.0061928450   0.0001835484
        0.0000537213   0.0001231657   0.0000082760  -0.0001050917  -0.0000062478
       -0.0000573269  -0.0001028368  -0.0000514178   0.0000303876  -0.0000574200
       -0.0000876473  -0.0008428138  -0.0000573644   0.0005340487  -0.0006530175
       -0.0000381430  -0.0010492113  -0.0001662516   0.0009429893  -0.0004401392
       -0.0024133795  -0.0055502290   0.0008943489  -0.0353086382  -0.0098117504
       -0.0250964667   0.0018798882  -0.0008603845   0.0004870750   0.0003656064
       -0.0000836083  -0.0001562575  -0.0001526927   0.0003662788   0.0008787261
        0.0005737335   0.0000691380  -0.0002649868  -0.0010111944   0.0003174235
       -0.0004098533   0.0011877822   0.0032570667  -0.0006544015  -0.0455914786
        0.0124081957  -0.0095066334   0.0014563480  -0.0049709765  -0.0012023095
       -0.1150480345  -0.0283986533  -0.0442204722   0.4025065030  -0.0111005307
       -0.0474536713  -0.1229742582   0.0635567888   0.0366880717  -0.0002136466
        0.0000056090   0.0002491211   0.0000972235  -0.0000514028  -0.0000577516
       -0.0001821513  -0.0000417962   0.0000497178  -0.0001160026  -0.0001995959
       -0.0001234524  -0.0001388506   0.0000278027   0.0003335845  -0.0015168575
       -0.0003751424  -0.0003693789  -0.0001491953   0.0004661396   0.0002404463
       -0.0500851232  -0.0494208998   0.0150025498  -0.0461479046  -0.0037878711
        0.0430540366  -0.0209416172   0.0152643076   0.0058898956   0.0044333050
       -0.0015912370  -0.0026961151  -0.0061385808   0.0045656340   0.0054516025
       -0.0000039423  -0.0001157713  -0.0000381224   0.0008316872   0.0002678936
        0.0008692089   0.0039183602   0.0003531667  -0.0032481378   0.0143170292
        0.0080818277   0.0109208462   0.0029954963  -0.0002982149   0.0035362300
       -0.0365382073  -0.0808504972  -0.0306801774  -0.0111005307   0.5090483394
       -0.0128524067   0.0609818649  -0.1286552307  -0.0311358059  -0.0000230801
        0.0000624386   0.0001262230   0.0000257690  -0.0000035680  -0.0000038068
       -0.0000728116  -0.0000028504  -0.0000043399  -0.0000880861  -0.0000254219
        0.0000262978   0.0004201065   0.0000381688  -0.0001442235  -0.0003625459
       -0.0000495957   0.0000579451  -0.0001882112   0.0002724810  -0.0000107153
       -0.0484586426  -0.2399915970   0.0481484116  -0.0061810976  -0.0465961347
        0.0244891446  -0.0026824444   0.0026866156   0.0013929598   0.0217579635
       -0.0252364969  -0.0093892170   0.0004513231   0.0010144472  -0.0020603143
        0.0001033039   0.0000206076  -0.0002393898  -0.0009209680   0.0001013028
       -0.0006455295   0.0005181672  -0.0030396549   0.0045709642  -0.0080638310
        0.0093121942   0.0035925820   0.0046220898   0.0010945017  -0.0012021267
       -0.0495659894  -0.0271131167  -0.0968422415  -0.0474536713  -0.0128524067
        0.4866359253   0.0343833073  -0.0300565101  -0.0828622327   0.0001688236
        0.0000346211  -0.0000244471   0.0000234321   0.0000075627  -0.0000358781
       -0.0000660996   0.0000803158   0.0000706068  -0.0000397345  -0.0001571539
       -0.0000062142  -0.0001869935   0.0000286002   0.0002132795   0.0006489216
        0.0001159558   0.0006709552  -0.0002322115   0.0001234499   0.0001875781
        0.0118739915   0.0470461396  -0.0548017591   0.0443621121   0.0257805852
       -0.2514091447  -0.0099715240   0.0078291885   0.0033756772  -0.0034248331
        0.0023772512   0.0021903752   0.0232217068  -0.0207334340  -0.0134389798
        0.0000842883  -0.0000214901   0.0000261209  -0.0000846707  -0.0001030480
       -0.0001951717  -0.0013411252   0.0008252628  -0.0001693740  -0.0032688211
       -0.0036172445  -0.0033157377   0.0006018029   0.0008367936   0.0007951524
       -0.0360980310   0.0206902513   0.0034258315  -0.1229742582   0.0609818649
        0.0343833073   0.5008221082   0.0322136029   0.0185280731  -0.0000159089
        0.0000362788  -0.0000718258  -0.0000650901  -0.0000012193   0.0000225284
        0.0000048242   0.0000407939  -0.0000185525  -0.0000024344   0.0000114273
        0.0000020372  -0.0001644750  -0.0000095684   0.0000516164  -0.0002411561
       -0.0000575906  -0.0001366044   0.0000669893   0.0001585012   0.0001257811
        0.0034359693  -0.0009002523  -0.0014633683  -0.0059238749   0.0056088041
        0.0053647803  -0.2234147498  -0.0430664056  -0.1035632086  -0.0647142485
       -0.0691121434   0.0147514745  -0.0467071383  -0.0045146187   0.0314571399
       -0.0000150811  -0.0000902627  -0.0000193749   0.0000025844  -0.0000581210
       -0.0000061586  -0.0002012385   0.0001620799  -0.0000515710  -0.0006717686
       -0.0014227387  -0.0014549812   0.0007654297   0.0008169829   0.0006969493
        0.0003381713   0.0053317329   0.0025200851   0.0635567888  -0.1286552307
       -0.0300565101   0.0322136029   0.5012640025  -0.0120920566   0.0000181596
        0.0000126554   0.0000286491   0.0000154279   0.0000188369   0.0000015539
        0.0000004569   0.0000449818  -0.0000009774  -0.0000262097   0.0000476847
        0.0000127281   0.0000219320   0.0000106102  -0.0000024504  -0.0000251453
        0.0000105650  -0.0000570049   0.0000577524   0.0000275093   0.0000295390
        0.0202554868  -0.0219952664  -0.0088134169   0.0004406132   0.0011400349
       -0.0008592179  -0.0417284348  -0.0514088919  -0.0230223344  -0.0705317417
       -0.2577865643   0.0460184448  -0.0044867862  -0.0474706008   0.0271281051
       -0.0000739409  -0.0000233306  -0.0000480811  -0.0000427616  -0.0000481425
       -0.0001713609  -0.0006737862   0.0004070660  -0.0000582252  -0.0021596265
       -0.0022444579  -0.0020096330   0.0004983070   0.0006803369   0.0009146599
       -0.0133810700   0.0096952278   0.0061928450   0.0366880717  -0.0311358059
       -0.0828622327   0.0185280731  -0.0120920566   0.5242142321   0.0000010419
       -0.0000203148   0.0000137421   0.0000047152   0.0000025230   0.0000306616
        0.0000316514   0.0000241260   0.0000079075  -0.0000211681   0.0000376239
        0.0000169376  -0.0000489474  -0.0000156250   0.0000491154  -0.0000648834
        0.0000053238  -0.0000243197   0.0000675129   0.0000483045   0.0000885230
       -0.0031539725   0.0032706150   0.0025991585   0.0212361593  -0.0187695888
       -0.0116672319  -0.1023994941  -0.0235211818  -0.1003992040   0.0145074792
        0.0452135224  -0.0543266692   0.0304566388   0.0284858345  -0.2825608250
       -0.1855296659  -0.0330419044  -0.1104803215  -0.0031602132   0.0013743090
       -0.0045461273   0.0009425763  -0.0002278965   0.0006432326   0.0005713642
       -0.0000878815  -0.0003520812  -0.0002688551  -0.0001086771   0.0002697976
       -0.0001406686   0.0001203226   0.0001835484  -0.0002136466  -0.0000230801
        0.0001688236  -0.0000159089   0.0000181596   0.0000010419   0.2138571837
        0.0382791090   0.1306332840  -0.0281317486  -0.0066176954  -0.0162704531
        0.0016816398  -0.0007614955   0.0006390098  -0.0001004572   0.0000757748
        0.0001468921   0.0007133939   0.0011304570  -0.0008585633  -0.0001189157
       -0.0001016267   0.0001026390  -0.0000759798   0.0000302421  -0.0000599016
        0.0000288491   0.0000103162  -0.0000541150  -0.0000747641  -0.0000511193
       -0.0001255107   0.0000135806  -0.0000129426  -0.0000130391  -0.0000088220
        0.0000204025   0.0000029283   0.0000310581  -0.0000247738  -0.0000310846
       -0.0335153925  -0.0517620727  -0.0281781932   0.0175835587   0.0024268583
        0.0158256004   0.0002150689   0.0006214295  -0.0005673309  -0.0007283074
        0.0011143234   0.0007826505   0.0001296247  -0.0006481263  -0.0006620474
        0.0002815738  -0.0004682365   0.0000537213   0.0000056090   0.0000624386
        0.0000346211   0.0000362788   0.0000126554  -0.0000203148   0.0382791090
        0.0589408572   0.0286264538  -0.0009755566   0.0004502967  -0.0007001432
       -0.0228679705  -0.0083257975  -0.0194730674   0.0005535199   0.0007604675
        0.0002881341   0.0010466706  -0.0029593939   0.0042805218   0.0000557276
       -0.0000367544  -0.0001731164  -0.0000850103  -0.0001582577  -0.0001275618
       -0.0000339567  -0.0000513677   0.0000277098  -0.0000230066   0.0000924145
        0.0000054674   0.0000018314  -0.0000145609  -0.0000038460   0.0000405258
       -0.0000385884  -0.0000245984   0.0000001023  -0.0000185852   0.0000053393
       -0.1105274431  -0.0278000148  -0.1311116183  -0.0181908080   0.0000181219
       -0.0174812169  -0.0003790081  -0.0005451289   0.0008052397   0.0004382525
        0.0007701754  -0.0007362144  -0.0000515072   0.0001492724   0.0003808902
        0.0003221862  -0.0004578008   0.0001231657   0.0002491211   0.0001262230
       -0.0000244471  -0.0000718258   0.0000286491   0.0000137421   0.1306332840
        0.0286264538   0.1525849116   0.0124513701   0.0027365450   0.0096384726
       -0.0139314823  -0.0068172712  -0.0116071025   0.0002590611  -0.0006032905
        0.0007913335  -0.0009807762   0.0041790862  -0.0033975650  -0.0000393926
       -0.0001952808   0.0002830744  -0.0001561836  -0.0001370043  -0.0002373142
       -0.0000384670  -0.0000262882  -0.0000232548   0.0000104479  -0.0000066455
        0.0000214042  -0.0000409799   0.0000024035  -0.0000003920   0.0000307097
       -0.0000388816  -0.0000013272   0.0000134412  -0.0000093238  -0.0000217818
       -0.2158983265  -0.0055486691   0.1099330203   0.0000177267  -0.0009322387
        0.0011811269   0.0010566002  -0.0005643380   0.0002951824   0.0001830405
        0.0004200022   0.0001284441  -0.0000293534  -0.0000529935  -0.0000727272
        0.0000894170  -0.0002591008   0.0000082760   0.0000972235   0.0000257690
        0.0000234321  -0.0000650901   0.0000154279   0.0000047152  -0.0281317486
       -0.0009755566   0.0124513701   0.2481842153   0.0062285155  -0.1280307563
       -0.0061574210   0.0018092698   0.0046035436   0.0000422355  -0.0002126671
       -0.0002031639   0.0005791382   0.0002756791  -0.0001965520  -0.0001541902
       -0.0000777035   0.0001277079   0.0001081333  -0.0001285760  -0.0002627632
       -0.0000119471  -0.0000160269   0.0000058453   0.0000473491   0.0000193638
        0.0000114339  -0.0000091784  -0.0000023733  -0.0000062792   0.0000314556
       -0.0000254792   0.0000070548   0.0000207204   0.0000016952  -0.0000089110
       -0.0051174802  -0.0430688631   0.0016070700  -0.0180238735  -0.0023097742
        0.0136276127  -0.0002807860  -0.0029934793   0.0033004049   0.0002822895
        0.0001690603   0.0005617770   0.0000629841  -0.0001128442  -0.0001503921
        0.0000615855  -0.0000096484  -0.0001050917  -0.0000514028  -0.0000035680
        0.0000075627  -0.0000012193   0.0000188369   0.0000025230  -0.0066176954
        0.0004502967   0.0027365450   0.0062285155   0.0490196157  -0.0054422051
        0.0250246926  -0.0016378730  -0.0167735309  -0.0005073588   0.0002212391
        0.0001108069  -0.0001816528   0.0004845828  -0.0003680250  -0.0009897606
       -0.0001165816   0.0008461280   0.0000834534  -0.0001057780   0.0000350424
        0.0000157171  -0.0000005118   0.0000027586   0.0000128554  -0.0000023975
        0.0000012155   0.0000063210   0.0000001566  -0.0000006278  -0.0000075512
        0.0000009658  -0.0000044932   0.0000003665  -0.0000034348   0.0000049191
        0.1095976412   0.0019078927  -0.1132229852   0.0179320819   0.0030655576
       -0.0136917094   0.0003702624   0.0040395034  -0.0030393556  -0.0005065430
       -0.0001656624  -0.0007042457  -0.0000043854   0.0002825788   0.0002211179
        0.0001366671  -0.0001304417  -0.0000062478  -0.0000577516  -0.0000038068
       -0.0000358781   0.0000225284   0.0000015539   0.0000306616  -0.0162704531
       -0.0007001432   0.0096384726  -0.1280307563  -0.0054422051   0.1308167622
        0.0155642411  -0.0026956716  -0.0099245724   0.0000816041  -0.0003124427
        0.0005041945   0.0003834805  -0.0003414936  -0.0000661707   0.0010699858
        0.0003308598  -0.0007486331  -0.0002885998   0.0001437391   0.0002085870
       -0.0000007804   0.0000210838   0.0000045974   0.0000317648  -0.0000019848
        0.0000213127   0.0000022800   0.0000069416   0.0000098176  -0.0000136563
       -0.0000051389  -0.0000108483  -0.0000196114  -0.0000007199  -0.0000048772
       -0.0488823002   0.0277536737   0.0143139186  -0.0001034855   0.0029362132
        0.0009959718   0.0004947514  -0.0011025391  -0.0002674791   0.0000891216
       -0.0003700299  -0.0002185225   0.0000005695   0.0001561547   0.0001313435
        0.0000172945   0.0002630614  -0.0000573269  -0.0001821513  -0.0000728116
       -0.0000660996   0.0000048242   0.0000004569   0.0000316514   0.0016816398
       -0.0228679705  -0.0139314823  -0.0061574210   0.0250246926   0.0155642411
        0.0524612487  -0.0329232271  -0.0166378608   0.0005876862   0.0005618756
       -0.0004334501  -0.0000529213   0.0005678193   0.0001435722  -0.0001054716
        0.0000667158   0.0000566680   0.0000843689  -0.0000629533   0.0003727229
        0.0000413291   0.0000484969   0.0000017402   0.0000438412  -0.0000185288
        0.0000039478   0.0000299416   0.0000137024   0.0000056144  -0.0000443054
        0.0000196394  -0.0000066479  -0.0000085605   0.0000055586  -0.0000025227
        0.0277696325  -0.2284455184  -0.0970399588   0.0034666296  -0.0264940707
       -0.0069062903   0.0002850962   0.0010242290  -0.0008728917   0.0001428513
       -0.0008031956  -0.0001683547  -0.0000686700   0.0001128780   0.0001858322
       -0.0002759249   0.0003581486  -0.0001028368  -0.0000417962  -0.0000028504
        0.0000803158   0.0000407939   0.0000449818   0.0000241260  -0.0007614955
       -0.0083257975  -0.0068172712   0.0018092698  -0.0016378730  -0.0026956716
       -0.0329232271   0.2673798668   0.1103903691   0.0008507345  -0.0042397741
        0.0041081283   0.0000007587   0.0005886036  -0.0005367355   0.0001595032
        0.0002934478  -0.0002374586  -0.0005390689   0.0001630946   0.0006073789
        0.0000515315   0.0000049031  -0.0000175535   0.0000342771  -0.0000316433
       -0.0000027012   0.0000269505  -0.0000079665  -0.0000002803  -0.0000207272
        0.0000278015  -0.0000113838  -0.0000071189  -0.0000092653   0.0000132376
        0.0141981315  -0.0973862937  -0.0931047565  -0.0022007001   0.0184568695
        0.0083073822  -0.0007212042   0.0008705282   0.0008377050   0.0004403912
       -0.0003021228  -0.0001213979  -0.0001560489  -0.0001368092  -0.0000100749
       -0.0003209929   0.0002092073  -0.0000514178   0.0000497178  -0.0000043399
        0.0000706068  -0.0000185525  -0.0000009774   0.0000079075   0.0006390098
       -0.0194730674  -0.0116071025   0.0046035436  -0.0167735309  -0.0099245724
       -0.0166378608   0.1103903691   0.1071799501  -0.0001828941   0.0040427191
       -0.0020848827   0.0001601395   0.0002687518   0.0006959844  -0.0000589203
       -0.0000737345  -0.0000131648   0.0001929231  -0.0000806434  -0.0001347065
        0.0000038517   0.0000070111  -0.0000177061   0.0000160066  -0.0000313924
       -0.0000353278  -0.0000043895   0.0000006576  -0.0000059664  -0.0000137915
        0.0000105982   0.0000149496   0.0000116399   0.0000061997  -0.0000034094
        0.0006673354   0.0027768128   0.0010888564  -0.0459477028   0.0195279376
        0.0082209484  -0.0070207325   0.0220179459   0.0149715658  -0.0007305112
        0.0025596744   0.0008247173   0.0008686236  -0.0005919888  -0.0003048661
        0.0008384511  -0.0006370866   0.0000303876  -0.0001160026  -0.0000880861
       -0.0000397345  -0.0000024344  -0.0000262097  -0.0000211681  -0.0001004572
        0.0005535199   0.0002590611   0.0000422355  -0.0005073588   0.0000816041
        0.0005876862   0.0008507345  -0.0001828941   0.0538503623  -0.0248901477
       -0.0144102425   0.0010586547  -0.0222172740  -0.0137702865   0.0004788563
        0.0000996928  -0.0002590096  -0.0044948153   0.0005408770   0.0034986600
       -0.0000267927   0.0000145005   0.0000222582   0.0000002921   0.0000395637
       -0.0000047171   0.0000184739  -0.0000099119  -0.0000041108   0.0000090897
       -0.0000187720   0.0000142438   0.0000193880   0.0000055765  -0.0000152735
        0.0027349055  -0.0254147442  -0.0065037702   0.0204898644  -0.2222452038
       -0.0959351873   0.0028141261  -0.0009205057  -0.0021975534  -0.0002206901
       -0.0004859295  -0.0005789212  -0.0001927980   0.0004944398   0.0009075461
        0.0004550796  -0.0001677258  -0.0000574200  -0.0001995959  -0.0000254219
       -0.0001571539   0.0000114273   0.0000476847   0.0000376239   0.0000757748
        0.0007604675  -0.0006032905  -0.0002126671   0.0002212391  -0.0003124427
        0.0005618756  -0.0042397741   0.0040427191  -0.0248901477   0.2587941210
        0.1079961246  -0.0012770831  -0.0078217792  -0.0062274947  -0.0001539681
        0.0003878378   0.0001139412   0.0000436233   0.0006358201  -0.0005198517
       -0.0000018327   0.0000251176  -0.0000209700  -0.0000005315  -0.0000340982
        0.0000287406   0.0000050599   0.0000068685   0.0000075160  -0.0000216514
       -0.0000149081  -0.0000110472  -0.0000207707  -0.0000035057  -0.0000091088
       -0.0021065061   0.0189627644   0.0074439751   0.0088467558  -0.0963657645
       -0.0931307718   0.0065595051  -0.0161500457  -0.0110465153  -0.0002114212
       -0.0005486090   0.0007027679  -0.0002515409   0.0007563452  -0.0000922347
       -0.0002046926   0.0000376219  -0.0000876473  -0.0001234524   0.0000262978
       -0.0000062142   0.0000020372   0.0000127281   0.0000169376   0.0001468921
        0.0002881341   0.0007913335  -0.0002031639   0.0001108069   0.0005041945
       -0.0004334501   0.0041081283  -0.0020848827  -0.0144102425   0.1079961246
        0.1100277642  -0.0010018621  -0.0189782495  -0.0108631602  -0.0000330297
       -0.0003719914  -0.0001990395   0.0034361029   0.0000908487  -0.0019610304
        0.0000203608   0.0000195492  -0.0000036326  -0.0000057294   0.0000027206
        0.0000095872   0.0000010114   0.0000088612   0.0000078313  -0.0000125286
        0.0000070056  -0.0000156630  -0.0000150456  -0.0000132763  -0.0000135995
       -0.0030346597   0.0007036458  -0.0045969398  -0.1880140805  -0.0308889578
       -0.1100507765  -0.0267797975  -0.0067605062  -0.0107671391  -0.0029038121
        0.0000240061   0.0047544389   0.0002264592  -0.0000694316  -0.0005532434
       -0.0020176671   0.0003772284  -0.0008428138  -0.0001388506   0.0004201065
       -0.0001869935  -0.0001644750   0.0000219320  -0.0000489474   0.0007133939
        0.0010466706  -0.0009807762   0.0005791382  -0.0001816528   0.0003834805
       -0.0000529213   0.0000007587   0.0001601395   0.0010586547  -0.0012770831
       -0.0010018621   0.2196841028   0.0366965354   0.1246680473   0.0005582097
       -0.0001554074  -0.0004756059   0.0001982817   0.0000789980  -0.0004588766
        0.0000836975  -0.0000090967   0.0000277798  -0.0000230879  -0.0000112825
       -0.0000261742  -0.0000239430   0.0000086768  -0.0000002230   0.0000207692
       -0.0000115352  -0.0000023238   0.0000305876  -0.0000136049  -0.0000011909
        0.0168443288   0.0017272215   0.0154223563  -0.0315361476  -0.0506515247
       -0.0253258510  -0.0007862207   0.0003786820  -0.0001581667  -0.0006334532
        0.0003648615  -0.0000661303   0.0000459236   0.0001552068   0.0003240240
       -0.0001726094  -0.0000908581  -0.0000573644   0.0000278027   0.0000381688
        0.0000286002  -0.0000095684   0.0000106102  -0.0000156250   0.0011304570
       -0.0029593939   0.0041790862   0.0002756791   0.0004845828  -0.0003414936
        0.0005678193   0.0005886036   0.0002687518  -0.0222172740  -0.0078217792
       -0.0189782495   0.0366965354   0.0576684089   0.0246866869  -0.0006694624
        0.0000036787  -0.0000711159   0.0004651569   0.0001163030   0.0000983492
        0.0000013456  -0.0000071717  -0.0000159674  -0.0000084109  -0.0000207581
        0.0000095736  -0.0000175300   0.0000041529  -0.0000006908   0.0000003192
        0.0000064901   0.0000041524  -0.0000046909   0.0000045148   0.0000090741
       -0.0173457224   0.0002396869  -0.0162390324  -0.1104520770  -0.0254405842
       -0.1226357868   0.0141786707   0.0034687992   0.0071727811   0.0022650382
       -0.0001583237  -0.0020777614  -0.0000939172   0.0001373376   0.0004880058
        0.0005983486  -0.0000563098   0.0005340487   0.0003335845  -0.0001442235
        0.0002132795   0.0000516164  -0.0000024504   0.0000491154  -0.0008585633
        0.0042805218  -0.0033975650  -0.0001965520  -0.0003680250  -0.0000661707
        0.0001435722  -0.0005367355   0.0006959844  -0.0137702865  -0.0062274947
       -0.0108631602   0.1246680473   0.0246866869   0.1452063454   0.0004076114
       -0.0000546766   0.0006557458   0.0000189573   0.0001816883   0.0002669566
       -0.0000228571  -0.0000150689  -0.0000093561   0.0000655326   0.0000018097
        0.0000062823   0.0000149779  -0.0000061565  -0.0000070208   0.0000056824
        0.0000110114  -0.0000106582  -0.0000116639   0.0000025069   0.0000179666
       -0.0036431509  -0.0001776253   0.0031563209   0.0000706112  -0.0156571455
        0.0192051272  -0.0383513648   0.0257794605  -0.0284054423  -0.0054594930
        0.0136745715  -0.0212031829  -0.0005644223   0.0000668741   0.0020554227
       -0.0032529562  -0.0007561025  -0.0006530175  -0.0015168575  -0.0003625459
        0.0006489216  -0.0002411561  -0.0000251453  -0.0000648834  -0.0001189157
        0.0000557276  -0.0000393926  -0.0001541902  -0.0009897606   0.0010699858
       -0.0001054716   0.0001595032  -0.0000589203   0.0004788563  -0.0001539681
       -0.0000330297   0.0005582097  -0.0006694624   0.0004076114   0.0519598024
       -0.0258711413   0.0274833682   0.0003247414   0.0049244721  -0.0037060292
       -0.0001823660   0.0000124287  -0.0000889807   0.0002203277   0.0000024121
        0.0002083198  -0.0000367485   0.0000351640   0.0000180534   0.0000403822
       -0.0000676506   0.0000058822  -0.0000258382   0.0000199336  -0.0000061343
       -0.0011794151   0.0007261170   0.0007838609  -0.0007168213  -0.0014283708
        0.0034348461   0.0225447812  -0.1512825562   0.1130259903   0.0015395760
        0.0056763666  -0.0030849452  -0.0008418972  -0.0012672699  -0.0001220858
       -0.0003082242   0.0002172779  -0.0000381430  -0.0003751424  -0.0000495957
        0.0001159558  -0.0000575906   0.0000105650   0.0000053238  -0.0001016267
       -0.0000367544  -0.0001952808  -0.0000777035  -0.0001165816   0.0003308598
        0.0000667158   0.0002934478  -0.0000737345   0.0000996928   0.0003878378
       -0.0003719914  -0.0001554074   0.0000036787  -0.0000546766  -0.0258711413
        0.1705377059  -0.1331410717   0.0054416037  -0.0236872599   0.0194599334
        0.0000199931   0.0000407667  -0.0000129422  -0.0000041353  -0.0000294795
       -0.0000325648  -0.0000143107   0.0000127568  -0.0000112624  -0.0000263752
        0.0000016322  -0.0000093637   0.0000174282  -0.0000102845  -0.0000087081
        0.0036343074   0.0000484348  -0.0018058950   0.0020532894   0.0128281503
       -0.0150470014  -0.0252414760   0.1154507405  -0.1614051351  -0.0058293937
        0.0126914092  -0.0158276581  -0.0002077778  -0.0015710653   0.0014000792
       -0.0024738133  -0.0003448388  -0.0010492113  -0.0003693789   0.0000579451
        0.0006709552  -0.0001366044  -0.0000570049  -0.0000243197   0.0001026390
       -0.0001731164   0.0002830744   0.0001277079   0.0008461280  -0.0007486331
        0.0000566680  -0.0002374586  -0.0000131648  -0.0002590096   0.0001139412
       -0.0001990395  -0.0004756059  -0.0000711159   0.0006557458   0.0274833682
       -0.1331410717   0.1851597827   0.0014102683  -0.0064667007   0.0078733144
       -0.0000669202   0.0000314747  -0.0000082934   0.0001641759   0.0000027000
        0.0000870624  -0.0000146048   0.0000201457   0.0000030890   0.0000363318
       -0.0000244945  -0.0000140571   0.0000058287  -0.0000042028   0.0000093053
        0.0007186046   0.0005108676  -0.0007316713  -0.0068607936   0.0211180209
        0.0125134867  -0.0504404168   0.0423624735   0.0185566542   0.0049368920
       -0.0193358488  -0.0076349531  -0.0049261720  -0.0038864184  -0.0059866065
        0.0003911401  -0.0004705036  -0.0001662516  -0.0001491953  -0.0001882112
       -0.0002322115   0.0000669893   0.0000577524   0.0000675129  -0.0000759798
       -0.0000850103  -0.0001561836   0.0001081333   0.0000834534  -0.0002885998
        0.0000843689  -0.0005390689   0.0001929231  -0.0044948153   0.0000436233
        0.0034361029   0.0001982817   0.0004651569   0.0000189573   0.0003247414
        0.0054416037   0.0014102683   0.0598958708  -0.0456598259  -0.0211704411
        0.0001518216   0.0000496734   0.0000150276   0.0000994356  -0.0000130758
        0.0001244401   0.0000804953   0.0000021194   0.0000305738  -0.0000351485
        0.0000672179  -0.0000489858  -0.0000742532  -0.0000239995   0.0000499575
       -0.0008156964   0.0012766952   0.0007209542   0.0025186873  -0.0008522789
       -0.0020007706   0.0394981563  -0.2337946201  -0.0855025836   0.0006958605
       -0.0116799050  -0.0060401767  -0.0024367721  -0.0009382844  -0.0029257410
       -0.0001443656   0.0006569606   0.0009429893   0.0004661396   0.0002724810
        0.0001234499   0.0001585012   0.0000275093   0.0000483045   0.0000302421
       -0.0001582577  -0.0001370043  -0.0001285760  -0.0001057780   0.0001437391
       -0.0000629533   0.0001630946  -0.0000806434   0.0005408770   0.0006358201
        0.0000908487   0.0000789980   0.0001163030   0.0001816883   0.0049244721
       -0.0236872599  -0.0064667007  -0.0456598259   0.2680612812   0.1007144274
        0.0002030196   0.0000198651   0.0000332808   0.0001155346  -0.0000288966
        0.0001066160   0.0000643357  -0.0000376666   0.0000097758   0.0000086064
        0.0000519833  -0.0000068841  -0.0000552413   0.0000009536   0.0000444304
       -0.0003053601  -0.0009381582   0.0005588408   0.0058881328  -0.0148282287
       -0.0085307150   0.0175883394  -0.0845983595  -0.0802762172   0.0014094365
       -0.0165274226  -0.0077881405  -0.0043088579  -0.0037986834  -0.0033560680
        0.0008619497   0.0003452736  -0.0004401392   0.0002404463  -0.0000107153
        0.0001875781   0.0001257811   0.0000295390   0.0000885230  -0.0000599016
       -0.0001275618  -0.0002373142  -0.0002627632   0.0000350424   0.0002085870
        0.0003727229   0.0006073789  -0.0001347065   0.0034986600  -0.0005198517
       -0.0019610304  -0.0004588766   0.0000983492   0.0002669566  -0.0037060292
        0.0194599334   0.0078733144  -0.0211704411   0.1007144274   0.0935004768
        0.0001475964   0.0000687528   0.0000001224   0.0000986529  -0.0000443939
        0.0000394195   0.0000728089  -0.0000178439  -0.0000069512  -0.0000424285
        0.0000560910  -0.0000127762   0.0000101312  -0.0000035686   0.0000202399
       -0.0000791860   0.0000098383   0.0000275988   0.0002203316   0.0000091742
        0.0001173569   0.0000610444   0.0006745619  -0.0008210031   0.0006983155
       -0.0044302510  -0.0015573254   0.0008445255   0.0012084642   0.0011172140
       -0.0242558281  -0.0294936114  -0.0024133795  -0.0500851232  -0.0484586426
        0.0118739915   0.0034359693   0.0202554868  -0.0031539725   0.0000288491
       -0.0000339567  -0.0000384670  -0.0000119471   0.0000157171  -0.0000007804
        0.0000413291   0.0000515315   0.0000038517  -0.0000267927  -0.0000018327
        0.0000203608   0.0000836975   0.0000013456  -0.0000228571  -0.0001823660
        0.0000199931  -0.0000669202   0.0001518216   0.0002030196   0.0001475964
        0.0708150352   0.0631018542  -0.0103310192   0.0000384103  -0.0070380849
        0.0039187726   0.0003071182   0.0003577719   0.0000266188  -0.0026731279
        0.0035815926   0.0016419447   0.0005879236  -0.0000339715  -0.0004895820
       -0.0000234543   0.0000444235   0.0000056522   0.0001518226  -0.0000111880
       -0.0000463546  -0.0000704278  -0.0000452727  -0.0000679297   0.0018764245
       -0.0001879895  -0.0003943825  -0.0001820063   0.0003934877   0.0009607764
       -0.0150026731  -0.0100362427  -0.0055502290  -0.0494208998  -0.2399915970
        0.0470461396  -0.0009002523  -0.0219952664   0.0032706150   0.0000103162
       -0.0000513677  -0.0000262882  -0.0000160269  -0.0000005118   0.0000210838
        0.0000484969   0.0000049031   0.0000070111   0.0000145005   0.0000251176
        0.0000195492  -0.0000090967  -0.0000071717  -0.0000150689   0.0000124287
        0.0000407667   0.0000314747   0.0000496734   0.0000198651   0.0000687528
        0.0631018542   0.2806346533  -0.0493246845  -0.0022518446  -0.0071981762
        0.0051414542  -0.0002273921   0.0003020979   0.0002306797   0.0035474183
       -0.0026166236  -0.0016513564  -0.0007088615   0.0006760924   0.0002731052
       -0.0000098667   0.0000142262   0.0000118934   0.0000736721   0.0000378136
        0.0000755129  -0.0000706177   0.0001529985  -0.0004564543  -0.0001774319
        0.0007065474   0.0018757201  -0.0002541676  -0.0004986720  -0.0009747104
       -0.0120314550  -0.0182415240   0.0008943489   0.0150025498   0.0481484116
       -0.0548017591  -0.0014633683  -0.0088134169   0.0025991585  -0.0000541150
        0.0000277098  -0.0000232548   0.0000058453   0.0000027586   0.0000045974
        0.0000017402  -0.0000175535  -0.0000177061   0.0000222582  -0.0000209700
       -0.0000036326   0.0000277798  -0.0000159674  -0.0000093561  -0.0000889807
       -0.0000129422  -0.0000082934   0.0000150276   0.0000332808   0.0000001224
       -0.0103310192  -0.0493246845   0.0614302955   0.0086656770   0.0301382785
       -0.0113250045  -0.0003359810   0.0002755844   0.0000809841   0.0011456949
       -0.0017781303   0.0003284675  -0.0001432418  -0.0008137488   0.0003190708
       -0.0000883938  -0.0000228625  -0.0000731891  -0.0001939702  -0.0000002155
       -0.0001037215  -0.0008010331  -0.0004947624   0.0008003762   0.0007878167
       -0.0016542040  -0.0027661034   0.0007040006   0.0004227921   0.0007823090
       -0.0080040709   0.0013547903  -0.0353086382  -0.0461479046  -0.0061810976
        0.0443621121  -0.0059238749   0.0004406132   0.0212361593  -0.0000747641
       -0.0000230066   0.0000104479   0.0000473491   0.0000128554   0.0000317648
        0.0000438412   0.0000342771   0.0000160066   0.0000002921  -0.0000005315
       -0.0000057294  -0.0000230879  -0.0000084109   0.0000655326   0.0002203277
       -0.0000041353   0.0001641759   0.0000994356   0.0001155346   0.0000986529
        0.0000384103  -0.0022518446   0.0086656770   0.0616318941   0.0053586761
       -0.0399802558   0.0000699268  -0.0000339124   0.0003804364   0.0006275964
       -0.0006881270  -0.0002324421  -0.0030137911   0.0036235715   0.0018564290
        0.0000191247  -0.0000047376   0.0000032024   0.0000121992   0.0000402746
        0.0000069903  -0.0001508878  -0.0001064320   0.0000061718   0.0002672629
        0.0020651791   0.0014407269  -0.0009721984  -0.0003352774  -0.0010453526
       -0.0020663861   0.0010762826  -0.0098117504  -0.0037878711  -0.0465961347
        0.0257805852   0.0056088041   0.0011400349  -0.0187695888  -0.0000511193
        0.0000924145  -0.0000066455   0.0000193638  -0.0000023975  -0.0000019848
       -0.0000185288  -0.0000316433  -0.0000313924   0.0000395637  -0.0000340982
        0.0000027206  -0.0000112825  -0.0000207581   0.0000018097   0.0000024121
       -0.0000294795   0.0000027000  -0.0000130758  -0.0000288966  -0.0000443939
       -0.0070380849  -0.0071981762   0.0301382785   0.0053586761   0.0511914999
       -0.0248003427  -0.0004035828   0.0002978382  -0.0000182512   0.0000021517
        0.0004876142  -0.0007745335   0.0031834593  -0.0020031070  -0.0020789495
        0.0000571017  -0.0000166301   0.0000460432   0.0000089316  -0.0000426220
       -0.0000457019  -0.0004762387  -0.0002327681   0.0004352946   0.0017913351
       -0.0025803520  -0.0011277562   0.0005779229   0.0013421219   0.0005246526
       -0.0158031181  -0.0013116496  -0.0250964667   0.0430540366   0.0244891446
       -0.2514091447   0.0053647803  -0.0008592179  -0.0116672319  -0.0001255107
        0.0000054674   0.0000214042   0.0000114339   0.0000012155   0.0000213127
        0.0000039478  -0.0000027012  -0.0000353278  -0.0000047171   0.0000287406
        0.0000095872  -0.0000261742   0.0000095736   0.0000062823   0.0002083198
       -0.0000325648   0.0000870624   0.0001244401   0.0001066160   0.0000394195
        0.0039187726   0.0051414542  -0.0113250045  -0.0399802558  -0.0248003427
        0.2988191477  -0.0001166262   0.0002980091   0.0003432769  -0.0005660491
        0.0003065951   0.0004315392   0.0019776676  -0.0018500896  -0.0000783888
       -0.0000474274  -0.0000101895   0.0000165456  -0.0000428924  -0.0000308723
       -0.0000598201  -0.0004242078   0.0002877078   0.0000081894  -0.0006444905
       -0.0013943926  -0.0011584386   0.0002087490   0.0004153809   0.0004080459
       -0.0050132228   0.0046118460   0.0018798882  -0.0209416172  -0.0026824444
       -0.0099715240  -0.2234147498  -0.0417284348  -0.1023994941   0.0000135806
        0.0000018314  -0.0000409799  -0.0000091784   0.0000063210   0.0000022800
        0.0000299416   0.0000269505  -0.0000043895   0.0000184739   0.0000050599
        0.0000010114  -0.0000239430  -0.0000175300   0.0000149779  -0.0000367485
       -0.0000143107  -0.0000146048   0.0000804953   0.0000643357   0.0000728089
        0.0003071182  -0.0002273921  -0.0003359810   0.0000699268  -0.0004035828
       -0.0001166262   0.2583198256   0.0465066233   0.1182692565  -0.0106441875
       -0.0054561795  -0.0057876731   0.0021945542   0.0000392721  -0.0007834724
        0.0000111873   0.0000139209  -0.0000049439   0.0000611336   0.0000191906
        0.0000081840   0.0002594415  -0.0002212453   0.0000294985   0.0011379245
        0.0003480055   0.0005209853  -0.0002382379   0.0001068334   0.0000247418
        0.0042117898  -0.0022326884  -0.0008603845   0.0152643076   0.0026866156
        0.0078291885  -0.0430664056  -0.0514088919  -0.0235211818  -0.0000129426
       -0.0000145609   0.0000024035  -0.0000023733   0.0000001566   0.0000069416
        0.0000137024  -0.0000079665   0.0000006576  -0.0000099119   0.0000068685
        0.0000088612   0.0000086768   0.0000041529  -0.0000061565   0.0000351640
        0.0000127568   0.0000201457   0.0000021194  -0.0000376666  -0.0000178439
        0.0003577719   0.0003020979   0.0002755844  -0.0000339124   0.0002978382
        0.0002980091   0.0465066233   0.0573999737   0.0276013268  -0.0272091909
       -0.0085621834  -0.0142379446   0.0027031323   0.0012867924   0.0020219273
        0.0000178703   0.0000043814   0.0000036991   0.0000299713   0.0000017530
        0.0000128871   0.0001062511  -0.0000645460  -0.0000135458   0.0007838661
       -0.0003399639   0.0001567384  -0.0000951704   0.0002971169   0.0001118415
        0.0016174261  -0.0007798759   0.0004870750   0.0058898956   0.0013929598
        0.0033756772  -0.1035632086  -0.0230223344  -0.1003992040  -0.0000130391
       -0.0000038460  -0.0000003920  -0.0000062792  -0.0000006278   0.0000098176
        0.0000056144  -0.0000002803  -0.0000059664  -0.0000041108   0.0000075160
        0.0000078313  -0.0000002230  -0.0000006908  -0.0000070208   0.0000180534
       -0.0000112624   0.0000030890   0.0000305738   0.0000097758  -0.0000069512
        0.0000266188   0.0002306797   0.0000809841   0.0003804364  -0.0000182512
        0.0003432769   0.1182692565   0.0276013268   0.1125543062   0.0043662328
        0.0010053363   0.0029962720  -0.0278600355  -0.0063091671  -0.0197104151
        0.0000139541  -0.0000121098  -0.0000013157  -0.0000497359   0.0000200767
        0.0000223537   0.0000674203  -0.0000520430   0.0000534507  -0.0004164531
        0.0009732132   0.0003386456  -0.0001031743  -0.0003826695  -0.0003120954
        0.0022332806  -0.0008989075   0.0003656064   0.0044333050   0.0217579635
       -0.0034248331  -0.0647142485  -0.0705317417   0.0145074792  -0.0000088220
        0.0000405258   0.0000307097   0.0000314556  -0.0000075512  -0.0000136563
       -0.0000443054  -0.0000207272  -0.0000137915   0.0000090897  -0.0000216514
       -0.0000125286   0.0000207692   0.0000003192   0.0000056824   0.0000403822
       -0.0000263752   0.0000363318  -0.0000351485   0.0000086064  -0.0000424285
       -0.0026731279   0.0035474183   0.0011456949   0.0006275964   0.0000021517
       -0.0005660491  -0.0106441875  -0.0272091909   0.0043662328   0.0721271654
        0.0774753544  -0.0181740707  -0.0009152152  -0.0046626619   0.0016885818
       -0.0000287901   0.0000442294   0.0000122128  -0.0000071531   0.0000106005
       -0.0000002075  -0.0001060058   0.0001019273  -0.0000452587  -0.0003633251
       -0.0003705332  -0.0000590232   0.0000171597   0.0003631193   0.0001586317
       -0.0006609567   0.0010735203  -0.0000836083  -0.0015912370  -0.0252364969
        0.0023772512  -0.0691121434  -0.2577865643   0.0452135224   0.0000204025
       -0.0000385884  -0.0000388816  -0.0000254792   0.0000009658  -0.0000051389
        0.0000196394   0.0000278015   0.0000105982  -0.0000187720  -0.0000149081
        0.0000070056  -0.0000115352   0.0000064901   0.0000110114  -0.0000676506
        0.0000016322  -0.0000244945   0.0000672179   0.0000519833   0.0000560910
        0.0035815926  -0.0026166236  -0.0017781303  -0.0006881270   0.0004876142
        0.0003065951  -0.0054561795  -0.0085621834   0.0010053363   0.0774753544
        0.2987301647  -0.0511881236  -0.0030440119  -0.0062741507   0.0040646111
        0.0000148900   0.0000246798   0.0000133310  -0.0000136180  -0.0000065090
        0.0000011088   0.0000131896   0.0000376264   0.0000263864  -0.0001698618
        0.0002007024   0.0000992078   0.0000552074  -0.0002131077  -0.0001605328
       -0.0001854501   0.0003724751  -0.0001562575  -0.0026961151  -0.0093892170
        0.0021903752   0.0147514745   0.0460184448  -0.0543266692   0.0000029283
       -0.0000245984  -0.0000013272   0.0000070548  -0.0000044932  -0.0000108483
       -0.0000066479  -0.0000113838   0.0000149496   0.0000142438  -0.0000110472
       -0.0000156630  -0.0000023238   0.0000041524  -0.0000106582   0.0000058822
       -0.0000093637  -0.0000140571  -0.0000489858  -0.0000068841  -0.0000127762
        0.0016419447  -0.0016513564   0.0003284675  -0.0002324421  -0.0007745335
        0.0004315392  -0.0057876731  -0.0142379446   0.0029962720  -0.0181740707
       -0.0511881236   0.0585044764   0.0108103731   0.0308704815  -0.0098973244
       -0.0000185831   0.0000047246  -0.0000193617   0.0000140073   0.0000171373
        0.0000058834   0.0001571576   0.0000147388  -0.0000817126  -0.0004722307
        0.0008108207   0.0007417861   0.0000050343  -0.0005248616  -0.0003776785
        0.0022948740  -0.0006965127  -0.0001526927  -0.0061385808   0.0004513231
        0.0232217068  -0.0467071383  -0.0044867862   0.0304566388   0.0000310581
        0.0000001023   0.0000134412   0.0000207204   0.0000003665  -0.0000196114
       -0.0000085605  -0.0000071189   0.0000116399   0.0000193880  -0.0000207707
       -0.0000150456   0.0000305876  -0.0000046909  -0.0000116639  -0.0000258382
        0.0000174282   0.0000058287  -0.0000742532  -0.0000552413   0.0000101312
        0.0005879236  -0.0007088615  -0.0001432418  -0.0030137911   0.0031834593
        0.0019776676   0.0021945542   0.0027031323  -0.0278600355  -0.0009152152
       -0.0030440119   0.0108103731   0.0520188861   0.0023456225  -0.0385740531
        0.0000135246   0.0000155577   0.0000197606  -0.0000151299  -0.0000113406
       -0.0000066759  -0.0000458411   0.0000487215   0.0000378163  -0.0000091729
       -0.0000507453  -0.0002096262   0.0000086708  -0.0000662234   0.0000198757
       -0.0012852854   0.0003138419   0.0003662788   0.0045656340   0.0010144472
       -0.0207334340  -0.0045146187  -0.0474706008   0.0284858345  -0.0000247738
       -0.0000185852  -0.0000093238   0.0000016952  -0.0000034348  -0.0000007199
        0.0000055586  -0.0000092653   0.0000061997   0.0000055765  -0.0000035057
       -0.0000132763  -0.0000136049   0.0000045148   0.0000025069   0.0000199336
       -0.0000102845  -0.0000042028  -0.0000239995   0.0000009536  -0.0000035686
       -0.0000339715   0.0006760924  -0.0008137488   0.0036235715  -0.0020031070
       -0.0018500896   0.0000392721   0.0012867924  -0.0063091671  -0.0046626619
       -0.0062741507   0.0308704815   0.0023456225   0.0525603218  -0.0298549211
        0.0000098612  -0.0000101226   0.0000141614  -0.0000542899   0.0000001919
        0.0000350143  -0.0000951699   0.0000344044   0.0000142824  -0.0003242437
        0.0003284776  -0.0002297499  -0.0001180115   0.0000880926   0.0000922786
       -0.0000096324   0.0000062087   0.0008787261   0.0054516025  -0.0020603143
       -0.0134389798   0.0314571399   0.0271281051  -0.2825608250  -0.0000310846
        0.0000053393  -0.0000217818  -0.0000089110   0.0000049191  -0.0000048772
       -0.0000025227   0.0000132376  -0.0000034094  -0.0000152735  -0.0000091088
       -0.0000135995  -0.0000011909   0.0000090741   0.0000179666  -0.0000061343
       -0.0000087081   0.0000093053   0.0000499575   0.0000444304   0.0000202399
       -0.0004895820   0.0002731052   0.0003190708   0.0018564290  -0.0020789495
       -0.0000783888  -0.0007834724   0.0020219273  -0.0197104151   0.0016885818
        0.0040646111  -0.0098973244  -0.0385740531  -0.0298549211   0.3245583056
