           1           2   1.02113028180451     
           2           3  0.989925019429658     
           3           4  0.978546308415797     
           4           5   1.69121692515340     
           4           6   1.16891499823080     
           5           6  0.170667667043622     
           6           7  0.918535940154048     
           7           8   1.01962706710094     
           1           9  0.987643394815521     
           1          10  0.985981918710561     
           1          11  0.986234049200201     
           2          12  0.976995476107048     
           2          13  0.975609221024803     
           3          14  0.944902132801434     
           3          15  0.971108504038480     
           7          16  0.969359234661847     
           7          17  0.968631902128762     
           8          18  0.980128258532856     
           8          19  0.983394009509050     
           8          20  0.983785208436267     
