           1           2   1.01740725733428     
           2           3  0.974324016437046     
           3           4  0.978750257473768     
           4           5   1.68834313193344     
           4           6   1.17226634003516     
           5           6  0.171228953653658     
           6           7  0.917985661176933     
           7           8   1.01938328423194     
           1           9  0.984308904833553     
           1          10  0.986511550436833     
           1          11  0.986818942934014     
           2          12  0.978808532919113     
           2          13  0.978231258764179     
           3          14  0.965926640471310     
           3          15  0.967746165865207     
           7          16  0.967990504489643     
           7          17  0.969278910980526     
           8          18  0.980012009112967     
           8          19  0.983969554882319     
           8          20  0.983243305974869     
