$hessian                                                                        
        0.4672691489   0.0193174141   0.0116855667  -0.1821423759   0.0416817306
        0.0267607451  -0.0255008434   0.0051538650  -0.0020864028  -0.0017725069
       -0.0009230597  -0.0030105244   0.0000893714   0.0000036350   0.0000946343
       -0.0698879510  -0.0344846493   0.0677626468  -0.1263058776  -0.0380155015
       -0.1088988225  -0.0425717530  -0.0010611512  -0.0002703451  -0.0154433694
        0.0035469608   0.0058067261  -0.0043595807   0.0040243480   0.0009761223
        0.0010302706   0.0001722703   0.0008275588   0.0005923861   0.0004489256
        0.0006074380  -0.0011273157   0.0003513737  -0.0000461113  -0.0000343771
       -0.0002819855  -0.0000686708   0.0001168907   0.0000301266  -0.0001132047
        0.0000478831   0.0000356976  -0.0000273565
        0.0193174141   0.5136172837  -0.0031247886   0.0410351018  -0.0821321520
       -0.0079884432  -0.0046933643   0.0019208767   0.0013882103  -0.0006379590
       -0.0001499652  -0.0009351261  -0.0001730148   0.0000459934   0.0000079775
       -0.0341727814  -0.0860213712   0.0833849145  -0.0379049486  -0.0603133786
       -0.0469335992  -0.0011200298  -0.2792888645  -0.0222052888  -0.0102378528
        0.0041439950   0.0028673194   0.0296162336  -0.0134741174  -0.0063941972
        0.0002094418   0.0002241446  -0.0000511565  -0.0010311174   0.0009772858
       -0.0000332345  -0.0003163901   0.0002725772  -0.0000210480  -0.0001531205
        0.0002572712  -0.0000294847   0.0001911805  -0.0001260667   0.0000867512
        0.0000712069   0.0000464879  -0.0000188061
        0.0116855667  -0.0031247886   0.5206760836   0.0256990811  -0.0076762509
       -0.0701398685  -0.0206090522   0.0056739019   0.0013751756  -0.0020646962
       -0.0009267331  -0.0036139325  -0.0002426418  -0.0001331775   0.0005664135
        0.0677605745   0.0834625199  -0.2135845374  -0.1086231757  -0.0469984650
       -0.1828392760  -0.0000557800  -0.0222776665  -0.0471270288   0.0261423687
       -0.0071448557  -0.0070815726   0.0033700991  -0.0018173234   0.0002311751
       -0.0013474325   0.0000586182   0.0011704734  -0.0002875181   0.0005473175
        0.0004116890  -0.0013580447   0.0003698245  -0.0000870866  -0.0000308775
        0.0000255757  -0.0000230592  -0.0000549907  -0.0000265933   0.0000979061
        0.0000165193  -0.0000119036  -0.0000325546
       -0.1821423759   0.0410351018   0.0256990811   0.4596737666   0.0056369999
       -0.0189350802  -0.1062564733  -0.0226457777  -0.0582284736  -0.0237525641
       -0.0040041448  -0.0188396237   0.0005842010  -0.0000855016  -0.0006360039
       -0.0147962177   0.0029889767   0.0064748440  -0.0221577967   0.0062086383
        0.0014285310  -0.0034386867   0.0047259587   0.0010160975  -0.0630283380
       -0.0305041257   0.0614462360  -0.0413809644  -0.0034675100   0.0010298603
        0.0044360981   0.0022832379   0.0046370933  -0.0028138270  -0.0029835590
       -0.0039517862  -0.0053768095   0.0016648063  -0.0002890624   0.0009426937
       -0.0011481022  -0.0003601574  -0.0003058932   0.0001677801  -0.0004393520
       -0.0001868129   0.0001272214  -0.0000522037
        0.0416817306  -0.0821321520  -0.0076762509   0.0056369999   0.5261075053
       -0.0165501375  -0.0214557600  -0.0776590118  -0.0248555743   0.0042881905
        0.0017433023   0.0066781520   0.0005483069   0.0002357353  -0.0000098460
       -0.0107379011   0.0042456476   0.0021507636  -0.0061106082   0.0024150423
        0.0010871142   0.0296864408  -0.0139866635  -0.0065043730  -0.0300693425
       -0.0854267632   0.0793875585  -0.0039341252  -0.2678338758  -0.0190837739
        0.0060612248   0.0034117187   0.0087818707  -0.0188412307  -0.0121092599
       -0.0243433058   0.0027951892  -0.0000772049   0.0002603250   0.0012374255
        0.0008956536   0.0008470484  -0.0006841423   0.0001738142  -0.0000174557
       -0.0001023981  -0.0000034881  -0.0001521153
        0.0267607451  -0.0079884432  -0.0701398685  -0.0189350802  -0.0165501375
        0.4974564342  -0.0553511455  -0.0250069413  -0.1418674527  -0.0042490426
        0.0014112019   0.0028404658   0.0007289289   0.0004733878  -0.0005367586
        0.0254193863  -0.0073217069  -0.0073923772  -0.0215209522   0.0066349567
        0.0030325847   0.0030709724  -0.0021346490  -0.0003522349   0.0603345482
        0.0799497816  -0.2064002458   0.0009353074  -0.0192270393  -0.0476434104
       -0.0160748619  -0.0055824990  -0.0268577625  -0.0037933599  -0.0039922547
       -0.0041008050   0.0012906268  -0.0004825899   0.0012409977   0.0007158138
        0.0000709166   0.0003728561   0.0007147700  -0.0003091636   0.0003239932
       -0.0000466565   0.0000551800   0.0000235840
       -0.0255008434  -0.0046933643  -0.0206090522  -0.1062564733  -0.0214557600
       -0.0553511455   0.4444210179   0.0161890761  -0.0149903254  -0.1495085764
        0.0411333941   0.0034510978  -0.0259805221  -0.0018939115   0.0203731654
        0.0008112602  -0.0001297518  -0.0010571415  -0.0062034238   0.0016255732
       -0.0000102562   0.0009728957  -0.0007711240  -0.0003140817   0.0049322943
        0.0022797403   0.0038938766  -0.0026344488  -0.0033206564  -0.0034460260
       -0.0688768520  -0.0316598588   0.0694007856  -0.0428474108  -0.0093066017
        0.0007748666  -0.0225144905   0.0079688381  -0.0020847855  -0.0035743256
        0.0045561751   0.0008820732   0.0010282091  -0.0007645287  -0.0006106398
        0.0017316896   0.0002427600  -0.0003024112
        0.0051538650   0.0019208767   0.0056739019  -0.0226457777  -0.0776590118
       -0.0250069413   0.0161890761   0.5196673373  -0.0200363987   0.0403473037
       -0.0840294079  -0.0054681104  -0.0122366492   0.0048323911   0.0052115884
       -0.0002569475   0.0001552785  -0.0000693349   0.0025650930   0.0000976433
        0.0001746850   0.0009754208   0.0008344110   0.0007473144   0.0066848730
        0.0033438655   0.0093029062  -0.0188707873  -0.0121517250  -0.0242216524
       -0.0316744362  -0.0792365560   0.0748239975  -0.0085858516  -0.2657311623
       -0.0160072222  -0.0043118659   0.0023570409  -0.0005421763   0.0281023249
       -0.0164961897  -0.0040502889  -0.0000133469   0.0001953033  -0.0006314272
       -0.0014222944   0.0018999053   0.0000991589
       -0.0020864028   0.0013882103   0.0013751756  -0.0582284736  -0.0248555743
       -0.1418674527  -0.0149903254  -0.0200363987   0.4972841370   0.0087353171
       -0.0064721619  -0.0621459706   0.0319398271  -0.0017759859  -0.0136804568
        0.0012547535  -0.0001311720   0.0011590673   0.0016309230  -0.0002045625
        0.0008793021   0.0005809585   0.0000413151   0.0003663924  -0.0165012501
       -0.0055741219  -0.0259562309  -0.0042678254  -0.0042946914  -0.0043232573
        0.0694729391   0.0746206553  -0.2086533201   0.0007114359  -0.0160267734
       -0.0462710318  -0.0220937213   0.0081400165   0.0001318853   0.0043017461
       -0.0037235937   0.0002721501   0.0004138002  -0.0001689965   0.0009880524
       -0.0008737017  -0.0009261650   0.0004415581
       -0.0017725069  -0.0006379590  -0.0020646962  -0.0237525641   0.0042881905
       -0.0042490426  -0.1495085764   0.0403473037   0.0087353171   0.4342228784
        0.0211099559   0.0376126533  -0.0952632875  -0.0495037337   0.0721256333
        0.0001912293   0.0000712384  -0.0003972480  -0.0006860707   0.0003690306
        0.0002282608  -0.0001508697  -0.0002956599  -0.0001433819   0.0002160787
       -0.0000301563   0.0004975463   0.0006854807   0.0007910859   0.0005021841
       -0.0125989774   0.0040129564   0.0036815511  -0.0027883060   0.0033586793
        0.0009322884  -0.1074951494  -0.0255948095  -0.1002352347  -0.0415690182
       -0.0062315146  -0.0051576909   0.0053629724   0.0077379132  -0.0129722734
       -0.0050933133   0.0002074790   0.0009041335
       -0.0009230597  -0.0001499652  -0.0009267331  -0.0040041448   0.0017433023
        0.0014112019   0.0411333941  -0.0840294079  -0.0064721619   0.0211099559
        0.5173050876   0.0253399202  -0.0266070604  -0.0941248393   0.0328780615
       -0.0000160468  -0.0000463142   0.0001030136  -0.0004733709   0.0002855653
       -0.0000997810  -0.0001054383   0.0001838824  -0.0000058181   0.0001430122
        0.0001661686   0.0002045999  -0.0015680340   0.0007919362  -0.0002276924
       -0.0094268687   0.0035084333   0.0027900986   0.0290291406  -0.0157106662
       -0.0049818692  -0.0254621779  -0.0561924011  -0.0367843078  -0.0056238190
       -0.2585638458  -0.0379683220   0.0035686070   0.0028142318  -0.0030499425
       -0.0207740893  -0.0179811678   0.0277897323
       -0.0030105244  -0.0009351261  -0.0036139325  -0.0188396237   0.0066781520
        0.0028404658   0.0034510978  -0.0054681104  -0.0621459706   0.0376126533
        0.0253399202   0.4895323022   0.0417199767   0.0447083899  -0.1614041872
        0.0000308232  -0.0000431213   0.0000123162  -0.0015705326   0.0002406450
        0.0000375431   0.0000708664   0.0000180722   0.0000328001  -0.0000620663
        0.0005850680   0.0001876615  -0.0003355298   0.0003100039   0.0006280125
        0.0225952345  -0.0072876897  -0.0058484157   0.0029228682  -0.0014897733
        0.0002811149  -0.1017574964  -0.0390939024  -0.1835579778  -0.0036122985
       -0.0345426557  -0.0493780249   0.0178319999   0.0094867865  -0.0289845365
        0.0029525516   0.0014933412   0.0013808288
        0.0000893714  -0.0001730148  -0.0002426418   0.0005842010   0.0005483069
        0.0007289289  -0.0259805221  -0.0122366492   0.0319398271  -0.0952632875
       -0.0266070604   0.0417199767   0.2563088659   0.1033305559   0.0562683953
       -0.0000717945   0.0000383470   0.0001572836  -0.0002163439  -0.0000327664
       -0.0002174500   0.0001018345  -0.0000318656   0.0000889980  -0.0003018515
       -0.0000044530   0.0008463117  -0.0000294572  -0.0002596664   0.0002024691
       -0.0081820895   0.0019985413   0.0030455730   0.0019435280  -0.0011909883
       -0.0007110822   0.0072929555   0.0055909761  -0.0070729526  -0.0032244501
       -0.0068479591   0.0050966205  -0.1120172604  -0.0390558348  -0.1294277778
       -0.0210336994  -0.0250664691  -0.0024224795
        0.0000036350   0.0000459934  -0.0001331775  -0.0000855016   0.0002357353
        0.0004733878  -0.0018939115   0.0048323911  -0.0017759859  -0.0495037337
       -0.0941248393   0.0447083899   0.1033305559   0.5452633463   0.0337587067
        0.0001294911  -0.0000108150  -0.0001002845  -0.0000015007  -0.0000119946
       -0.0000143833  -0.0000192436   0.0000682539   0.0000117235  -0.0002009722
        0.0001263423  -0.0005722758   0.0001657945  -0.0000417718   0.0000508977
        0.0015579099   0.0004678452  -0.0007165897   0.0006168261   0.0015853145
       -0.0007036566   0.0025170508   0.0033938190  -0.0023376651  -0.0176151775
       -0.0210452544   0.0278666297  -0.0575619967  -0.0602738256  -0.0667250900
        0.0185607742  -0.3805105403  -0.0337906272
        0.0000946343   0.0000079775   0.0005664135  -0.0006360039  -0.0000098460
       -0.0005367586   0.0203731654   0.0052115884  -0.0136804568   0.0721256333
        0.0328780615  -0.1614041872   0.0562683953   0.0337587067   0.5471953128
       -0.0002073050  -0.0000144052  -0.0000115291   0.0002142769   0.0000069619
        0.0001494861  -0.0000308996  -0.0000352627  -0.0000907524  -0.0005918843
       -0.0001679855   0.0006833807  -0.0000026537   0.0001090659  -0.0001349219
        0.0039503211  -0.0011502161  -0.0005278862  -0.0012977295  -0.0000039548
        0.0002135554   0.0123300102   0.0123017017  -0.0351234054   0.0016385047
        0.0049580053  -0.0001920337  -0.1658022976  -0.0517296831  -0.2834894567
        0.0015738324  -0.0361207156  -0.0536167606
       -0.0698879510  -0.0341727814   0.0677605745  -0.0147962177  -0.0107379011
        0.0254193863   0.0008112602  -0.0002569475   0.0012547535   0.0001912293
       -0.0000160468   0.0000308232  -0.0000717945   0.0001294911  -0.0002073050
        0.0834319857   0.0383705146  -0.0811239210   0.0059720983   0.0072765925
       -0.0163666232   0.0001772860  -0.0021349304   0.0016671190  -0.0064377128
        0.0019409582   0.0022356809   0.0008753700  -0.0005001201  -0.0000128064
       -0.0004505502   0.0002550252  -0.0007000522  -0.0000360726  -0.0000528755
        0.0000061743   0.0000598300  -0.0000476262  -0.0000097833   0.0000364963
       -0.0000242121   0.0000622764   0.0000775264  -0.0000373230  -0.0000424372
        0.0000472167   0.0000081824   0.0000261400
       -0.0344846493  -0.0860213712   0.0834625199   0.0029889767   0.0042456476
       -0.0073217069  -0.0001297518   0.0001552785  -0.0001311720   0.0000712384
       -0.0000463142  -0.0000431213   0.0000383470  -0.0000108150  -0.0000144052
        0.0383705146   0.0963087962  -0.0972988402   0.0021941486   0.0035327190
       -0.0065908765  -0.0112328779  -0.0191011639   0.0293854376   0.0021557050
        0.0004803242  -0.0007441236   0.0002692982   0.0005558876  -0.0006856928
       -0.0001947451   0.0002240726  -0.0001215572  -0.0000491494  -0.0002948634
        0.0001389058  -0.0000335610   0.0000022745  -0.0000355107   0.0000433315
       -0.0000107346  -0.0000245468  -0.0000080455  -0.0000169523  -0.0000045080
        0.0000012199  -0.0000027856   0.0000291980
        0.0677626468   0.0833849145  -0.2135845374   0.0064748440   0.0021507636
       -0.0073923772  -0.0010571415  -0.0000693349   0.0011590673  -0.0003972480
        0.0001030136   0.0000123162   0.0001572836  -0.0001002845  -0.0000115291
       -0.0811239210  -0.0972988402   0.2468683107   0.0064271811   0.0113974881
       -0.0276231291  -0.0002836109   0.0014312363   0.0005044766   0.0022171221
       -0.0009787196  -0.0000129924  -0.0002680728  -0.0001154917  -0.0000090853
        0.0001329631   0.0000175279   0.0002854542   0.0000814420   0.0000446934
       -0.0001475331  -0.0000127915   0.0000226167   0.0000220193   0.0000151229
       -0.0000501557  -0.0000483784  -0.0000706382   0.0000533124   0.0000004612
       -0.0000551817   0.0000072598  -0.0000225435
       -0.1263058776  -0.0379049486  -0.1086231757  -0.0221577967  -0.0061106082
       -0.0215209522  -0.0062034238   0.0025650930   0.0016309230  -0.0006860707
       -0.0004733709  -0.0015705326  -0.0002163439  -0.0000015007   0.0002142769
        0.0059720983   0.0021941486   0.0064271811   0.1495055880   0.0424554177
        0.1263701182  -0.0007872708  -0.0024379367  -0.0025499522   0.0003880069
       -0.0004270380  -0.0003328038   0.0006187835  -0.0001421644  -0.0003304004
        0.0000712024   0.0000386681   0.0002655932   0.0001306620   0.0001235504
        0.0001466469  -0.0005448680   0.0001763418  -0.0000433316   0.0000521614
       -0.0000106213  -0.0000220841   0.0000829339  -0.0000491578  -0.0000312656
        0.0000802151   0.0000041269  -0.0000302412
       -0.0380155015  -0.0603133786  -0.0469984650   0.0062086383   0.0024150423
        0.0066349567   0.0016255732   0.0000976433  -0.0002045625   0.0003690306
        0.0002855653   0.0002406450  -0.0000327664  -0.0000119946   0.0000069619
        0.0072765925   0.0035327190   0.0113974881   0.0424554177   0.0668191467
        0.0553669580  -0.0200399422  -0.0130683906  -0.0270371055  -0.0004335388
        0.0000192002   0.0000803448   0.0003494622   0.0002546417   0.0004340567
       -0.0000279691  -0.0000927156  -0.0000117887   0.0001997129   0.0000737185
        0.0000457259   0.0001265678  -0.0000477990   0.0000182590  -0.0000616342
        0.0000423383   0.0000296711  -0.0000054326   0.0000066703   0.0000088262
        0.0000057897  -0.0000124072  -0.0000119718
       -0.1088988225  -0.0469335992  -0.1828392760   0.0014285310   0.0010871142
        0.0030325847  -0.0000102562   0.0001746850   0.0008793021   0.0002282608
       -0.0000997810   0.0000375431  -0.0002174500  -0.0000143833   0.0001494861
       -0.0163666232  -0.0065908765  -0.0276231291   0.1263701182   0.0553669580
        0.2098009924  -0.0032802721  -0.0033392796  -0.0043481326   0.0003296521
       -0.0000789945   0.0005914965   0.0000306495   0.0003426393   0.0000681373
        0.0001621016  -0.0001281810   0.0002594136   0.0001630822   0.0001578373
        0.0000052922   0.0000372805   0.0000236592  -0.0000163946  -0.0000318127
        0.0000569221   0.0000020346   0.0000263583  -0.0000210536   0.0000213141
        0.0000292025  -0.0000036666  -0.0000206645
       -0.0425717530  -0.0011200298  -0.0000557800  -0.0034386867   0.0296864408
        0.0030709724   0.0009728957   0.0009754208   0.0005809585  -0.0001508697
       -0.0001054383   0.0000708664   0.0001018345  -0.0000192436  -0.0000308996
        0.0001772860  -0.0112328779  -0.0002836109  -0.0007872708  -0.0200399422
       -0.0032802721   0.0509454335  -0.0011849410  -0.0008173957   0.0008753186
        0.0002981973  -0.0003079618  -0.0057093030   0.0032666256   0.0012775363
       -0.0000483546  -0.0000668042  -0.0000014448  -0.0004503573  -0.0003366182
       -0.0001522149   0.0000513941  -0.0000589435  -0.0000067364   0.0000961493
       -0.0001088599  -0.0000380040  -0.0000251397   0.0000741694  -0.0000220042
       -0.0000385770  -0.0000271553  -0.0000040090
       -0.0010611512  -0.2792888645  -0.0222776665   0.0047259587  -0.0139866635
       -0.0021346490  -0.0007711240   0.0008344110   0.0000413151  -0.0002956599
        0.0001838824   0.0000180722  -0.0000318656   0.0000682539  -0.0000352627
       -0.0021349304  -0.0191011639   0.0014312363  -0.0024379367  -0.0130683906
       -0.0033392796  -0.0011849410   0.3243373407   0.0270751555  -0.0004627495
        0.0005481755  -0.0000752005   0.0032633646  -0.0005668609  -0.0010590414
        0.0000106099  -0.0003196169   0.0001162888   0.0004957319   0.0003594850
        0.0001825536  -0.0000092952   0.0000372041   0.0000573520  -0.0001532344
       -0.0000162857  -0.0000016631   0.0000158859  -0.0000815665  -0.0000085823
        0.0000313369   0.0000606601   0.0000093718
       -0.0002703451  -0.0222052888  -0.0471270288   0.0010160975  -0.0065043730
       -0.0003522349  -0.0003140817   0.0007473144   0.0003663924  -0.0001433819
       -0.0000058181   0.0000328001   0.0000889980   0.0000117235  -0.0000907524
        0.0016671190   0.0293854376   0.0005044766  -0.0025499522  -0.0270371055
       -0.0043481326  -0.0008173957   0.0270751555   0.0507313297  -0.0000094949
       -0.0006530672  -0.0000606334   0.0014608608  -0.0008149849   0.0003974004
        0.0000933782   0.0001572134  -0.0001634366  -0.0001942413  -0.0000972807
        0.0001431436  -0.0000205128   0.0000216682  -0.0000224669   0.0000008617
       -0.0000520172  -0.0000546040  -0.0000059458  -0.0000368836   0.0000020811
       -0.0000019639   0.0000083062   0.0000416657
       -0.0154433694  -0.0102378528   0.0261423687  -0.0630283380  -0.0300693425
        0.0603345482   0.0049322943   0.0066848730  -0.0165012501   0.0002160787
        0.0001430122  -0.0000620663  -0.0003018515  -0.0002009722  -0.0005918843
       -0.0064377128   0.0021557050   0.0022171221   0.0003880069  -0.0004335388
        0.0003296521   0.0008753186  -0.0004627495  -0.0000094949   0.0811359756
        0.0343180811  -0.0712087536   0.0004902482  -0.0016917692   0.0016389483
       -0.0020234081  -0.0006848349  -0.0033753596   0.0005689767   0.0003730766
        0.0003231599   0.0000713261  -0.0001102692   0.0002917141  -0.0000115343
       -0.0000017517   0.0000392826  -0.0011729941   0.0003968069   0.0005995191
       -0.0002590168  -0.0001784739  -0.0001675064
        0.0035469608   0.0041439950  -0.0071448557  -0.0305041257  -0.0854267632
        0.0799497816   0.0022797403   0.0033438655  -0.0055741219  -0.0000301563
        0.0001661686   0.0005850680  -0.0000044530   0.0001263423  -0.0001679855
        0.0019409582   0.0004803242  -0.0009787196  -0.0004270380   0.0000192002
       -0.0000789945   0.0002981973   0.0005481755  -0.0006530672   0.0343180811
        0.0947046673  -0.0918701915  -0.0113063078  -0.0194418419   0.0286339042
       -0.0007046206   0.0007649605  -0.0016348978   0.0002413237   0.0005303771
       -0.0007682671  -0.0000363793  -0.0001162829  -0.0000668964  -0.0000751726
       -0.0002415534   0.0001254773   0.0004944978   0.0005808362  -0.0001714573
       -0.0000315059  -0.0001824711  -0.0001847767
        0.0058067261   0.0028673194  -0.0070815726   0.0614462360   0.0793875585
       -0.2064002458   0.0038938766   0.0093029062  -0.0259562309   0.0004975463
        0.0002045999   0.0001876615   0.0008463117  -0.0005722758   0.0006833807
        0.0022356809  -0.0007441236  -0.0000129924  -0.0003328038   0.0000803448
        0.0005914965  -0.0003079618  -0.0000752005  -0.0000606334  -0.0712087536
       -0.0918701915   0.2422996999   0.0005553414   0.0023224190   0.0000039068
       -0.0033243486  -0.0015018682  -0.0051922366   0.0006019760   0.0002688253
        0.0005375831   0.0002414718   0.0001198559   0.0000170945   0.0000390264
        0.0000804231  -0.0001892983  -0.0005742724   0.0002040008   0.0006425741
       -0.0004160532  -0.0000745934  -0.0000701872
       -0.0043595807   0.0296162336   0.0033700991  -0.0413809644  -0.0039341252
        0.0009353074  -0.0026344488  -0.0188707873  -0.0042678254   0.0006854807
       -0.0015680340  -0.0003355298  -0.0000294572   0.0001657945  -0.0000026537
        0.0008753700   0.0002692982  -0.0002680728   0.0006187835   0.0003494622
        0.0000306495  -0.0057093030   0.0032633646   0.0014608608   0.0004902482
       -0.0113063078   0.0005553414   0.0535931419   0.0025892941   0.0012249331
        0.0004353810   0.0002378724   0.0005819955  -0.0022142007  -0.0014453348
       -0.0034565517   0.0001608335   0.0001713619   0.0001508369  -0.0004904406
        0.0005187609  -0.0001787077  -0.0000348347  -0.0002941860   0.0002056346
       -0.0000060088   0.0002373329  -0.0000063173
        0.0040243480  -0.0134741174  -0.0018173234  -0.0034675100  -0.2678338758
       -0.0192270393  -0.0033206564  -0.0121517250  -0.0042946914   0.0007910859
        0.0007919362   0.0003100039  -0.0002596664  -0.0000417718   0.0001090659
       -0.0005001201   0.0005558876  -0.0001154917  -0.0001421644   0.0002546417
        0.0003426393   0.0032666256  -0.0005668609  -0.0008149849  -0.0016917692
       -0.0194418419   0.0023224190   0.0025892941   0.3118496491   0.0252887906
        0.0003735857   0.0004497787   0.0001971609  -0.0013443815  -0.0005911249
       -0.0026656331   0.0002214114   0.0001257867   0.0000618399  -0.0004314207
        0.0003376837   0.0000256708  -0.0001215697  -0.0003846730   0.0002258147
        0.0000129076   0.0001206272   0.0000517586
        0.0009761223  -0.0063941972   0.0002311751   0.0010298603  -0.0190837739
       -0.0476434104  -0.0034460260  -0.0242216524  -0.0043232573   0.0005021841
       -0.0002276924   0.0006280125   0.0002024691   0.0000508977  -0.0001349219
       -0.0000128064  -0.0006856928  -0.0000090853  -0.0003304004   0.0004340567
        0.0000681373   0.0012775363  -0.0010590414   0.0003974004   0.0016389483
        0.0286339042   0.0000039068   0.0012249331   0.0252887906   0.0539450982
        0.0002777679  -0.0006629646   0.0003833778  -0.0033553228  -0.0026005725
       -0.0036067687   0.0002462485   0.0000453141  -0.0000150908  -0.0002497377
        0.0002227052   0.0001798859   0.0000617648   0.0002564534   0.0000408053
       -0.0000435415   0.0000034653  -0.0001452650
        0.0010302706   0.0002094418  -0.0013474325   0.0044360981   0.0060612248
       -0.0160748619  -0.0688768520  -0.0316744362   0.0694729391  -0.0125989774
       -0.0094268687   0.0225952345  -0.0081820895   0.0015579099   0.0039503211
       -0.0004505502  -0.0001947451   0.0001329631   0.0000712024  -0.0000279691
        0.0001621016  -0.0000483546   0.0000106099   0.0000933782  -0.0020234081
       -0.0007046206  -0.0033243486   0.0004353810   0.0003735857   0.0002777679
        0.0853237305   0.0363664770  -0.0784253421   0.0000890551  -0.0020846180
        0.0023271303  -0.0000118626  -0.0006190203   0.0005718238   0.0004192904
       -0.0001800053   0.0001496612   0.0000608333  -0.0001253460  -0.0004374814
        0.0003262330   0.0004583802  -0.0001238544
        0.0001722703   0.0002241446   0.0000586182   0.0022832379   0.0034117187
       -0.0055824990  -0.0316598588  -0.0792365560   0.0746206553   0.0040129564
        0.0035084333  -0.0072876897   0.0019985413   0.0004678452  -0.0011502161
        0.0002550252   0.0002240726   0.0000175279   0.0000386681  -0.0000927156
       -0.0001281810  -0.0000668042  -0.0003196169   0.0001572134  -0.0006848349
        0.0007649605  -0.0015018682   0.0002378724   0.0004497787  -0.0006629646
        0.0363664770   0.0882087961  -0.0866164780  -0.0127732642  -0.0180257430
        0.0286477910  -0.0004197038   0.0001903434  -0.0001817868   0.0001535102
        0.0001815288  -0.0003233125  -0.0000017689  -0.0000326508  -0.0000631729
        0.0000876762   0.0000756603  -0.0000036371
        0.0008275588  -0.0000511565   0.0011704734   0.0046370933   0.0087818707
       -0.0268577625   0.0694007856   0.0748239975  -0.2086533201   0.0036815511
        0.0027900986  -0.0058484157   0.0030455730  -0.0007165897  -0.0005278862
       -0.0007000522  -0.0001215572   0.0002854542   0.0002655932  -0.0000117887
        0.0002594136  -0.0000014448   0.0001162888  -0.0001634366  -0.0033753596
       -0.0016348978  -0.0051922366   0.0005819955   0.0001971609   0.0003833778
       -0.0784253421  -0.0866164780   0.2449010061   0.0008631296   0.0025628059
       -0.0004461662  -0.0003147168   0.0001722488   0.0006105865  -0.0000862088
       -0.0001778795  -0.0002139887  -0.0002049242   0.0000935239   0.0002379205
       -0.0001952316  -0.0002076477   0.0000549806
        0.0005923861  -0.0010311174  -0.0002875181  -0.0028138270  -0.0188412307
       -0.0037933599  -0.0428474108  -0.0085858516   0.0007114359  -0.0027883060
        0.0290291406   0.0029228682   0.0019435280   0.0006168261  -0.0012977295
       -0.0000360726  -0.0000491494   0.0000814420   0.0001306620   0.0001997129
        0.0001630822  -0.0004503573   0.0004957319  -0.0001942413   0.0005689767
        0.0002413237   0.0006019760  -0.0022142007  -0.0013443815  -0.0033553228
        0.0000890551  -0.0127732642   0.0008631296   0.0527563138   0.0093145815
        0.0020783469   0.0006088249   0.0003010219   0.0001854843  -0.0053120841
        0.0031596645   0.0011383744  -0.0002213014   0.0000063932  -0.0001364266
       -0.0000061865  -0.0007394015   0.0003184586
        0.0004489256   0.0009772858   0.0005473175  -0.0029835590  -0.0121092599
       -0.0039922547  -0.0093066017  -0.2657311623  -0.0160267734   0.0033586793
       -0.0157106662  -0.0014897733  -0.0011909883   0.0015853145  -0.0000039548
       -0.0000528755  -0.0002948634   0.0000446934   0.0001235504   0.0000737185
        0.0001578373  -0.0003366182   0.0003594850  -0.0000972807   0.0003730766
        0.0005303771   0.0002688253  -0.0014453348  -0.0005911249  -0.0026005725
       -0.0020846180  -0.0180257430   0.0025628059   0.0093145815   0.3101606031
        0.0209370804  -0.0001727463   0.0000949106   0.0002058981   0.0032855408
       -0.0012763264  -0.0001869864   0.0002846639  -0.0003113241   0.0000182032
        0.0003843235   0.0002687757  -0.0003450653
        0.0006074380  -0.0000332345   0.0004116890  -0.0039517862  -0.0243433058
       -0.0041008050   0.0007748666  -0.0160072222  -0.0462710318   0.0009322884
       -0.0049818692   0.0002811149  -0.0007110822  -0.0007036566   0.0002135554
        0.0000061743   0.0001389058  -0.0001475331   0.0001466469   0.0000457259
        0.0000052922  -0.0001522149   0.0001825536   0.0001431436   0.0003231599
       -0.0007682671   0.0005375831  -0.0034565517  -0.0026656331  -0.0036067687
        0.0023271303   0.0286477910  -0.0004461662   0.0020783469   0.0209370804
        0.0527140122  -0.0002764145   0.0004021469  -0.0000831951   0.0009031743
       -0.0008639323   0.0004237078   0.0001374522  -0.0001648691  -0.0001651405
        0.0003113718   0.0001777862   0.0000905423
       -0.0011273157  -0.0003163901  -0.0013580447  -0.0053768095   0.0027951892
        0.0012906268  -0.0225144905  -0.0043118659  -0.0220937213  -0.1074951494
       -0.0254621779  -0.1017574964   0.0072929555   0.0025170508   0.0123300102
        0.0000598300  -0.0000335610  -0.0000127915  -0.0005448680   0.0001265678
        0.0000372805   0.0000513941  -0.0000092952  -0.0000205128   0.0000713261
       -0.0000363793   0.0002414718   0.0001608335   0.0002214114   0.0002462485
       -0.0000118626  -0.0004197038  -0.0003147168   0.0006088249  -0.0001727463
       -0.0002764145   0.1290903648   0.0282505461   0.1115256376  -0.0009036846
       -0.0021395073  -0.0030739900  -0.0000485118  -0.0012298684   0.0030916531
        0.0006871634   0.0002207298   0.0001447594
        0.0003513737   0.0002725772   0.0003698245   0.0016648063  -0.0000772049
       -0.0004825899   0.0079688381   0.0023570409   0.0081400165  -0.0255948095
       -0.0561924011  -0.0390939024   0.0055909761   0.0033938190   0.0123017017
       -0.0000476262   0.0000022745   0.0000226167   0.0001763418  -0.0000477990
        0.0000236592  -0.0000589435   0.0000372041   0.0000216682  -0.0001102692
       -0.0001162829   0.0001198559   0.0001713619   0.0001257867   0.0000453141
       -0.0006190203   0.0001903434   0.0001722488   0.0003010219   0.0000949106
        0.0004021469   0.0282505461   0.0601643416   0.0404703299  -0.0177647871
       -0.0105651096  -0.0268197230  -0.0010616990   0.0000674810   0.0033222729
        0.0007818888   0.0002930184   0.0009845600
       -0.0000461113  -0.0000210480  -0.0000870866  -0.0002890624   0.0002603250
        0.0012409977  -0.0020847855  -0.0005421763   0.0001318853  -0.1002352347
       -0.0367843078  -0.1835579778  -0.0070729526  -0.0023376651  -0.0351234054
       -0.0000097833  -0.0000355107   0.0000220193  -0.0000433316   0.0000182590
       -0.0000163946  -0.0000067364   0.0000573520  -0.0000224669   0.0002917141
       -0.0000668964   0.0000170945   0.0001508369   0.0000618399  -0.0000150908
        0.0005718238  -0.0001817868   0.0006105865   0.0001854843   0.0002058981
       -0.0000831951   0.1115256376   0.0404703299   0.2287572200  -0.0049130510
       -0.0045182723  -0.0064215903   0.0026259020   0.0041954761  -0.0055914802
       -0.0006503497  -0.0007818166   0.0001388844
       -0.0000343771  -0.0001531205  -0.0000308775   0.0009426937   0.0012374255
        0.0007158138  -0.0035743256   0.0281023249   0.0043017461  -0.0415690182
       -0.0056238190  -0.0036122985  -0.0032244501  -0.0176151775   0.0016385047
        0.0000364963   0.0000433315   0.0000151229   0.0000521614  -0.0000616342
       -0.0000318127   0.0000961493  -0.0001532344   0.0000008617  -0.0000115343
       -0.0000751726   0.0000390264  -0.0004904406  -0.0004314207  -0.0002497377
        0.0004192904   0.0001535102  -0.0000862088  -0.0053120841   0.0032855408
        0.0009031743  -0.0009036846  -0.0177647871  -0.0049130510   0.0535906085
        0.0105682693  -0.0013637179   0.0004413723   0.0002106203  -0.0005997961
       -0.0004588572  -0.0017226565   0.0032732504
       -0.0002819855   0.0002572712   0.0000255757  -0.0011481022   0.0008956536
        0.0000709166   0.0045561751  -0.0164961897  -0.0037235937  -0.0062315146
       -0.2585638458  -0.0345426557  -0.0068479591  -0.0210452544   0.0049580053
       -0.0000242121  -0.0000107346  -0.0000501557  -0.0000106213   0.0000423383
        0.0000569221  -0.0001088599  -0.0000162857  -0.0000520172  -0.0000017517
       -0.0002415534   0.0000804231   0.0005187609   0.0003376837   0.0002227052
       -0.0001800053   0.0001815288  -0.0001778795   0.0031596645  -0.0012763264
       -0.0008639323  -0.0021395073  -0.0105651096  -0.0045182723   0.0105682693
        0.3073854456   0.0350805124   0.0000117302   0.0002577411  -0.0006903311
       -0.0018400809  -0.0011423626   0.0041237770
       -0.0000686708  -0.0000294847  -0.0000230592  -0.0003601574   0.0008470484
        0.0003728561   0.0008820732  -0.0040502889   0.0002721501  -0.0051576909
       -0.0379683220  -0.0493780249   0.0050966205   0.0278666297  -0.0001920337
        0.0000622764  -0.0000245468  -0.0000483784  -0.0000220841   0.0000296711
        0.0000020346  -0.0000380040  -0.0000016631  -0.0000546040   0.0000392826
        0.0001254773  -0.0001892983  -0.0001787077   0.0000256708   0.0001798859
        0.0001496612  -0.0003233125  -0.0002139887   0.0011383744  -0.0001869864
        0.0004237078  -0.0030739900  -0.0268197230  -0.0064215903  -0.0013637179
        0.0350805124   0.0582646117  -0.0002388461   0.0015584319   0.0009339543
        0.0031335806   0.0038708858  -0.0039282229
        0.0001168907   0.0001911805  -0.0000549907  -0.0003058932  -0.0006841423
        0.0007147700   0.0010282091  -0.0000133469   0.0004138002   0.0053629724
        0.0035686070   0.0178319999  -0.1120172604  -0.0575619967  -0.1658022976
        0.0000775264  -0.0000080455  -0.0000706382   0.0000829339  -0.0000054326
        0.0000263583  -0.0000251397   0.0000158859  -0.0000059458  -0.0011729941
        0.0004944978  -0.0005742724  -0.0000348347  -0.0001215697   0.0000617648
        0.0000608333  -0.0000017689  -0.0002049242  -0.0002213014   0.0002846639
        0.0001374522  -0.0000485118  -0.0010616990   0.0026259020   0.0004413723
        0.0000117302  -0.0002388461   0.1075843264   0.0532019237   0.1465101824
       -0.0009291291   0.0016895124  -0.0013703148
        0.0000301266  -0.0001260667  -0.0000265933   0.0001677801   0.0001738142
       -0.0003091636  -0.0007645287   0.0001953033  -0.0001689965   0.0077379132
        0.0028142318   0.0094867865  -0.0390558348  -0.0602738256  -0.0517296831
       -0.0000373230  -0.0000169523   0.0000533124  -0.0000491578   0.0000066703
       -0.0000210536   0.0000741694  -0.0000815665  -0.0000368836   0.0003968069
        0.0005808362   0.0002040008  -0.0002941860  -0.0003846730   0.0002564534
       -0.0001253460  -0.0000326508   0.0000935239   0.0000063932  -0.0003113241
       -0.0001648691  -0.0012298684   0.0000674810   0.0041954761   0.0002106203
        0.0002577411   0.0015584319   0.0532019237   0.0697035066   0.0697863765
       -0.0202694887  -0.0125725255  -0.0331771186
       -0.0001132047   0.0000867512   0.0000979061  -0.0004393520  -0.0000174557
        0.0003239932  -0.0006106398  -0.0006314272   0.0009880524  -0.0129722734
       -0.0030499425  -0.0289845365  -0.1294277778  -0.0667250900  -0.2834894567
       -0.0000424372  -0.0000045080   0.0000004612  -0.0000312656   0.0000088262
        0.0000213141  -0.0000220042  -0.0000085823   0.0000020811   0.0005995191
       -0.0001714573   0.0006425741   0.0002056346   0.0002258147   0.0000408053
       -0.0004374814  -0.0000631729   0.0002379205  -0.0001364266   0.0000182032
       -0.0001651405   0.0030916531   0.0033222729  -0.0055914802  -0.0005997961
       -0.0006903311   0.0009339543   0.1465101824   0.0697863765   0.3202800731
       -0.0055743304  -0.0020862776  -0.0053385215
        0.0000478831   0.0000712069   0.0000165193  -0.0001868129  -0.0001023981
       -0.0000466565   0.0017316896  -0.0014222944  -0.0008737017  -0.0050933133
       -0.0207740893   0.0029525516  -0.0210336994   0.0185607742   0.0015738324
        0.0000472167   0.0000012199  -0.0000551817   0.0000802151   0.0000057897
        0.0000292025  -0.0000385770   0.0000313369  -0.0000019639  -0.0002590168
       -0.0000315059  -0.0004160532  -0.0000060088   0.0000129076  -0.0000435415
        0.0003262330   0.0000876762  -0.0001952316  -0.0000061865   0.0003843235
        0.0003113718   0.0006871634   0.0007818888  -0.0006503497  -0.0004588572
       -0.0018400809   0.0031335806  -0.0009291291  -0.0202694887  -0.0055743304
        0.0250912000   0.0245027336  -0.0001600479
        0.0000356976   0.0000464879  -0.0000119036   0.0001272214  -0.0000034881
        0.0000551800   0.0002427600   0.0018999053  -0.0009261650   0.0002074790
       -0.0179811678   0.0014933412  -0.0250664691  -0.3805105403  -0.0361207156
        0.0000081824  -0.0000027856   0.0000072598   0.0000041269  -0.0000124072
       -0.0000036666  -0.0000271553   0.0000606601   0.0000083062  -0.0001784739
       -0.0001824711  -0.0000745934   0.0002373329   0.0001206272   0.0000034653
        0.0004583802   0.0000756603  -0.0002076477  -0.0007394015   0.0002687757
        0.0001777862   0.0002207298   0.0002930184  -0.0007818166  -0.0017226565
       -0.0011423626   0.0038708858   0.0016895124  -0.0125725255  -0.0020862776
        0.0245027336   0.4096426133   0.0345965616
       -0.0000273565  -0.0000188061  -0.0000325546  -0.0000522037  -0.0001521153
        0.0000235840  -0.0003024112   0.0000991589   0.0004415581   0.0009041335
        0.0277897323   0.0013808288  -0.0024224795  -0.0337906272  -0.0536167606
        0.0000261400   0.0000291980  -0.0000225435  -0.0000302412  -0.0000119718
       -0.0000206645  -0.0000040090   0.0000093718   0.0000416657  -0.0001675064
       -0.0001847767  -0.0000701872  -0.0000063173   0.0000517586  -0.0001452650
       -0.0001238544  -0.0000036371   0.0000549806   0.0003184586  -0.0003450653
        0.0000905423   0.0001447594   0.0009845600   0.0001388844   0.0032732504
        0.0041237770  -0.0039282229  -0.0013703148  -0.0331771186  -0.0053385215
       -0.0001600479   0.0345965616   0.0610026759
