           1           2   1.01867251310960     
           2           3   1.00941982688748     
           3           4  0.991972882910000     
           4           5   1.02884882599524     
           1           6  0.987710567019839     
           1           7  0.987181386309416     
           1           8  0.987823084225076     
           2           9  0.976191526177553     
           2          10  0.978278745843537     
           3          11  0.976216309457134     
           3          12  0.976876035945135     
           4          13  0.975104123949822     
           4          14  0.975305716503917     
           5          15  0.960267410274284     
           5          16  0.960780776729624     
