           1           2   1.01742173984342     
           2           3  0.974390083561524     
           3           4  0.978730910505261     
           4           5   1.69316615207486     
           4           6   1.16765319461336     
           5           6  0.170570486362980     
           6           7  0.919515866460802     
           7           8   1.01343239745145     
           1           9  0.986584788114374     
           1          10  0.984312959866817     
           1          11  0.986847134965454     
           2          12  0.978245449106921     
           2          13  0.978745499631905     
           3          14  0.967770806537227     
           3          15  0.966426161615484     
           7          16  0.969095056305740     
           7          17  0.970154402389297     
           8          18  0.980141656956915     
           8          19  0.985803439970738     
           8          20  0.984565639076470     
