           1           2   1.97780627849323     
           2           3   1.00956676501312     
           3           4   1.00948929065454     
           4           5   1.97778969882770     
           1           6  0.976235690608291     
           1           7  0.974814420248975     
           2           8  0.967278378246696     
           3           9  0.960355324016297     
           3          10  0.960232224735918     
           4          11  0.967270413282827     
           5          12  0.976227907396737     
           5          13  0.974812528847214     
