           1           2   1.01938941897784     
           2           3   1.00891927219786     
           3           4  0.990042873256784     
           4           5  0.979827533183771     
           5           6   1.69942485446087     
           5           7   1.15930371511325     
           6           7  0.169620775973322     
           7           8  0.938830872594004     
           1           9  0.987768126308658     
           1          10  0.986973858223818     
           1          11  0.986713998044741     
           2          12  0.977966617597832     
           2          13  0.977366985775701     
           3          14  0.975959159083930     
           3          15  0.974526144473028     
           4          16  0.943679685211125     
           4          17  0.971085256187414     
           8          18  0.976181110216026     
           8          19  0.976714739154624     
           8          20  0.976852935192613     
