           1           2   1.02121874595215     
           2           3  0.987449417742834     
           3           4  0.978061730457930     
           4           5   1.69494355024270     
           4           6   1.16584059202546     
           5           6  0.170584508074320     
           6           7  0.920011313367952     
           7           8   1.01338485882576     
           1           9  0.985953553715370     
           1          10  0.986205628286405     
           1          11  0.987369409124618     
           2          12  0.977201677465977     
           2          13  0.975488557044618     
           3          14  0.947718365336102     
           3          15  0.972138109754783     
           7          16  0.969179285733080     
           7          17  0.970275234747306     
           8          18  0.985964565760993     
           8          19  0.984470712269024     
           8          20  0.980301056309662     
