$hessian                                                                        
        0.4792608165  -0.0369345049  -0.0198427316  -0.1395823456  -0.0544520251
       -0.0277176508  -0.0020545854  -0.0036939574  -0.0043358367  -0.0409462339
       -0.0063747228  -0.0047981318  -0.0019736496   0.0036409010  -0.0008299888
        0.0003989378   0.0002098861  -0.0000833304  -0.0007099203  -0.0002798427
       -0.0001654653  -0.0471770568   0.0138706730   0.0326099369  -0.1902051508
        0.1187899969  -0.0016031347  -0.0500568147  -0.0286224977   0.0258660165
       -0.0075895545  -0.0064122785  -0.0012354692   0.0002462836   0.0003977566
        0.0005235049   0.0007967907   0.0004406857   0.0003531997   0.0007149833
        0.0004784853   0.0009350408   0.0007204434  -0.0008275785   0.0005596099
       -0.0014070875  -0.0001807719   0.0000693446  -0.0000253785   0.0000483707
        0.0000139767  -0.0000883684   0.0000156803  -0.0000802470  -0.0000118520
       -0.0000656886   0.0000427688  -0.0000401738  -0.0000022817   0.0000442639
       -0.0001854760  -0.0000637778  -0.0003726370  -0.0000846076   0.0000174921
        0.0000469606
       -0.0369345049   0.5042370881  -0.0060064873  -0.0553146632  -0.1001012223
       -0.0143793432  -0.0091103889  -0.0082322622  -0.0083000641   0.0162932354
        0.0078950601   0.0029548628   0.0021753245  -0.0019973026  -0.0000977580
       -0.0001031351  -0.0001205893  -0.0000137494   0.0004306983   0.0000252036
        0.0001247630   0.0143152722  -0.0787089707  -0.0836804107   0.1180048501
       -0.1360757275   0.0019398578  -0.0297408084  -0.1748082052   0.1141078531
       -0.0213773537  -0.0145406240  -0.0045192738   0.0003063896   0.0006366947
        0.0005290075  -0.0001688120  -0.0004408721  -0.0027268845  -0.0009740384
        0.0002099279  -0.0000827223   0.0011593817   0.0013416729   0.0001669957
        0.0009282484   0.0000786293  -0.0001218812  -0.0000299899   0.0002390716
        0.0001253278   0.0000111175  -0.0000442361  -0.0001560434  -0.0000327407
        0.0002046660  -0.0000259346  -0.0000109239   0.0000390142  -0.0000620228
        0.0001336647   0.0000934447   0.0001523804   0.0000391766   0.0000695388
        0.0000715270
       -0.0198427316  -0.0060064873   0.5199284558  -0.0264547765  -0.0151448103
       -0.0739737644  -0.0211425141  -0.0181074200  -0.0148776223  -0.0013090302
        0.0011234376   0.0020869039   0.0006335626   0.0001610113   0.0004506871
        0.0001750483  -0.0000511670  -0.0000198465   0.0001783834   0.0000744486
       -0.0000941545   0.0332382475  -0.0837732636  -0.2473675799  -0.0023717568
        0.0024514756  -0.0432960807   0.0265465352   0.1140308627  -0.1432515354
        0.0132941388   0.0095251182   0.0043653883  -0.0007060303  -0.0007285294
        0.0006223241  -0.0005739822  -0.0029766630  -0.0057392928  -0.0012934362
        0.0001458092   0.0006872919  -0.0003602596  -0.0005548562   0.0002675710
       -0.0000600326  -0.0000365467   0.0000465272  -0.0000524650  -0.0000705539
       -0.0001387531  -0.0000136345   0.0000628259   0.0001673013   0.0000527204
       -0.0000865974   0.0000291667  -0.0000341638  -0.0000703976   0.0000386539
        0.0000158086   0.0000207667   0.0000708743   0.0000803687   0.0000115365
       -0.0000025159
       -0.1395823456  -0.0553146632  -0.0264547765   0.4489913156   0.0191402655
       -0.0074589029  -0.0595022098  -0.0012097988   0.0042529160  -0.1439638259
        0.0598060630   0.0073920081  -0.0277264218   0.0150577265   0.0079218289
        0.0002453610   0.0003770482  -0.0004051413   0.0019282892   0.0008137797
        0.0010603775   0.0013735702   0.0000609628  -0.0010797769  -0.0221554672
       -0.0095385121  -0.0062415939  -0.0070842222  -0.0073367241   0.0001661127
       -0.0443304768  -0.0227905201   0.0190067031   0.0000106789  -0.0005239053
        0.0005879735   0.0018121086  -0.0089071570  -0.0205373307  -0.0059147160
        0.0094055705   0.0220596879   0.0008537778   0.0025367375   0.0001095665
       -0.0046119983  -0.0014182057  -0.0003775335  -0.0008349937  -0.0000351913
        0.0004407754  -0.0002321873  -0.0002983396  -0.0000254650   0.0002059750
        0.0004567120  -0.0001234441  -0.0001881053  -0.0000908645  -0.0001125753
        0.0005325618  -0.0000483459  -0.0000359277   0.0001733320  -0.0001426382
       -0.0001454818
       -0.0544520251  -0.1001012223  -0.0151448103   0.0191402655   0.5110510823
       -0.0535810470  -0.0001987362  -0.0735122022  -0.0255876943   0.0614980441
       -0.1325224683   0.0077825178  -0.0002178677   0.0098464820  -0.0002299591
        0.0000588848  -0.0004482151   0.0002570134  -0.0020147131  -0.0009101188
       -0.0007783029  -0.0102996226  -0.0071397010  -0.0059196445   0.0146747195
        0.0073795277   0.0046795541  -0.0210185651  -0.0162307416  -0.0036621680
       -0.0250980752  -0.1671316896   0.1072982418  -0.0025615373   0.0065686918
        0.0216529534   0.0007965036  -0.0079162530  -0.0182898052   0.0041354460
       -0.0056064472  -0.0130619782   0.0207345213  -0.0242930164  -0.0052355477
       -0.0030616062   0.0011070417   0.0005645610  -0.0008577341  -0.0001216412
       -0.0003336582  -0.0002991995   0.0003692743   0.0001757528  -0.0003076660
       -0.0003376425   0.0002174490   0.0000504131   0.0001917706  -0.0000913806
       -0.0006594093  -0.0001200737  -0.0006013267  -0.0000420406  -0.0001224375
       -0.0001107205
       -0.0277176508  -0.0143793432  -0.0739737644  -0.0074589029  -0.0535810470
        0.4670768787   0.0086084814  -0.0287656197  -0.1612566634   0.0264016129
       -0.0104431578  -0.0517837001  -0.0031376979   0.0012015547  -0.0054877654
        0.0001589753  -0.0004238244   0.0000435905  -0.0015701777  -0.0005186325
       -0.0000803672  -0.0228530699  -0.0158136600  -0.0110220026  -0.0012861322
       -0.0006703818  -0.0003308132   0.0154053794   0.0104712964   0.0046629473
        0.0205780758   0.1067705113  -0.1305032180   0.0038248105  -0.0034302816
       -0.0250873407  -0.0008826619  -0.0045041559  -0.0087245300   0.0020205434
       -0.0017820552  -0.0024070962  -0.0150767082   0.0158425416  -0.0008445808
        0.0031054964  -0.0003076650   0.0006500977   0.0002050515   0.0000067028
        0.0005122583   0.0005707192   0.0000833921  -0.0004925349  -0.0002298865
        0.0003367255  -0.0000643075  -0.0001598385   0.0005576549  -0.0002817469
       -0.0002119127  -0.0001592017  -0.0004829186  -0.0002945066  -0.0004913533
       -0.0001224229
       -0.0020545854  -0.0091103889  -0.0211425141  -0.0595022098  -0.0001987362
        0.0086084814   0.5199400325   0.0067451429   0.0172387173  -0.0133148886
        0.0199161680   0.0245203986   0.0017387033   0.0003473099   0.0005315710
        0.0001653679  -0.0000659944  -0.0003708704   0.0001984665  -0.0010816703
       -0.0008978822  -0.0037351379  -0.0031055058  -0.0026377614   0.0005159665
       -0.0007653088  -0.0008771261   0.0007225333   0.0004602136  -0.0005228538
        0.0010036355   0.0002455846   0.0049031555  -0.0442316772   0.0018609813
       -0.0018521588  -0.1687793520  -0.1136702863  -0.0397553630  -0.2296357726
        0.0983436399   0.0110847547   0.0001254917  -0.0012670589   0.0000249164
       -0.0005789047   0.0000123128  -0.0000316064  -0.0003203363  -0.0000179456
        0.0003204474  -0.0000421904   0.0000179299   0.0000901262  -0.0000265997
       -0.0000078407   0.0000530513  -0.0000422804  -0.0000421589   0.0002282878
       -0.0002862533   0.0003337487   0.0002664173  -0.0018600089   0.0010498634
        0.0002178114
       -0.0036939574  -0.0082322622  -0.0181074200  -0.0012097988  -0.0735122022
       -0.0287656197   0.0067451429   0.5113299912  -0.0264547676   0.0153736514
       -0.0140581709  -0.0201901000  -0.0015930596  -0.0003543414  -0.0000923426
       -0.0000445646  -0.0004603740  -0.0000749598   0.0007391696  -0.0001764807
        0.0004771270  -0.0024777958  -0.0017032487  -0.0020985643   0.0003540061
        0.0001666781   0.0000910387   0.0005816414   0.0007034670  -0.0010406779
       -0.0020421822   0.0052162050   0.0193961510   0.0017602145  -0.1788957941
        0.1174606672  -0.1136174132  -0.1459946063  -0.0348342421   0.0986966646
       -0.0956471390  -0.0045468110  -0.0000861215   0.0012469056  -0.0009971638
        0.0006829737   0.0000833854   0.0000239381  -0.0001951287   0.0001468744
        0.0004407354   0.0000596048  -0.0000407852  -0.0001563958  -0.0000777830
        0.0001511690  -0.0000535023   0.0001239335   0.0000352816  -0.0002219826
        0.0002722188  -0.0001668632  -0.0000581127  -0.0003514167   0.0001623106
       -0.0001969950
       -0.0043358367  -0.0083000641  -0.0148776223   0.0042529160  -0.0255876943
       -0.1612566634   0.0172387173  -0.0264547676   0.4443204872   0.0126259679
       -0.0120827830  -0.0057670602  -0.0014580741  -0.0000363560   0.0002340450
       -0.0002697478   0.0000138256  -0.0001604845   0.0008125745  -0.0000751663
       -0.0000440300  -0.0015663272  -0.0014566144  -0.0001823514   0.0005845394
        0.0000325161  -0.0000159767   0.0009791956   0.0005189556   0.0009809469
        0.0024441127  -0.0045096646  -0.0257671251  -0.0023810460   0.1160645058
       -0.1440288402  -0.0392708323  -0.0344693474  -0.0542176285   0.0103243960
       -0.0044584751  -0.0422571650  -0.0002514362   0.0006305285   0.0021926116
        0.0002012767   0.0000097727   0.0001602927   0.0000628640   0.0000463242
        0.0000917581   0.0000408609  -0.0001387970   0.0001390058   0.0001048306
       -0.0000106836   0.0000355035  -0.0000842743  -0.0000727979   0.0000987464
        0.0002056506   0.0000189948   0.0001866742  -0.0002603275   0.0003177880
        0.0001348756
       -0.0409462339   0.0162932354  -0.0013090302  -0.1439638259   0.0614980441
        0.0264016129  -0.0133148886   0.0153736514   0.0126259679   0.5159014187
       -0.0097397759  -0.0335017135  -0.1838650610  -0.0376268208  -0.0222006583
       -0.0096683708  -0.0104771358   0.0041264703  -0.0292942016  -0.0120059624
       -0.0152456318   0.0012368402   0.0009238315   0.0005656971  -0.0071310763
       -0.0023547175  -0.0014175567   0.0013189674   0.0008226418   0.0004208509
       -0.0001652261   0.0048278165  -0.0024635471   0.0002761196  -0.0008826625
       -0.0006782663   0.0003234225   0.0002512353   0.0000607947  -0.0005219944
        0.0019259270   0.0033065827  -0.0519276997  -0.0274061234   0.0305950732
       -0.0381582588  -0.0008429705   0.0030992996   0.0003604182   0.0005690929
       -0.0004730580   0.0004877607   0.0007250119  -0.0001102187   0.0002645172
       -0.0011068563   0.0004082430   0.0010122589   0.0006235630   0.0015257386
       -0.0025207420  -0.0010193932  -0.0052456901   0.0002958557  -0.0003716325
       -0.0004909603
       -0.0063747228   0.0078950601   0.0011234376   0.0598060630  -0.1325224683
       -0.0104431578   0.0199161680  -0.0140581709  -0.0120827830  -0.0097397759
        0.5076800379  -0.1665198068  -0.0347340929  -0.0910075932  -0.0023019937
       -0.0290879202  -0.0125622540   0.0029613194  -0.0102222672  -0.0002936549
       -0.0037420197   0.0000999814   0.0005329910   0.0006185372  -0.0030929869
       -0.0000942897  -0.0006083816  -0.0010973729   0.0005922844  -0.0005280889
        0.0236988553  -0.0260119455   0.0021155685  -0.0009730157   0.0012805140
        0.0011818501  -0.0000155849   0.0000072241   0.0003319143   0.0008293195
       -0.0018148489  -0.0045100830  -0.0261277457  -0.2431564486   0.1902229475
        0.0183605880   0.0064708161   0.0000920733   0.0000059959   0.0005825942
       -0.0004252200   0.0001848056   0.0008984033  -0.0004492975  -0.0016007058
       -0.0052448115   0.0029994779   0.0012217631   0.0003341406   0.0008422511
       -0.0009739579   0.0002033048  -0.0011968005  -0.0000833910   0.0002891148
        0.0003182557
       -0.0047981318   0.0029548628   0.0020869039   0.0073920081   0.0077825178
       -0.0517837001   0.0245203986  -0.0201901000  -0.0057670602  -0.0335017135
       -0.1665198068   0.2538068283   0.0039763009   0.0079575581  -0.0483520107
        0.0151496346   0.0074732152  -0.0003570457  -0.0291621317  -0.0063810084
       -0.0030415071   0.0004278479   0.0006170896   0.0010916975  -0.0010132400
       -0.0001688327   0.0002388503   0.0003018458  -0.0004424428   0.0000857513
       -0.0139488676   0.0125836999   0.0008842361   0.0000462561  -0.0007437678
        0.0023118269   0.0001523381   0.0006412259   0.0007576677   0.0023779997
       -0.0036791277  -0.0060279162   0.0232542280   0.1537718904  -0.1458349849
        0.0077697324   0.0029538314   0.0027809872  -0.0001188972   0.0003400057
        0.0002693996   0.0001512646  -0.0009159192   0.0008306431   0.0011326082
        0.0033538881  -0.0013720871  -0.0002742484  -0.0010884051   0.0015244891
       -0.0041432459  -0.0009902820  -0.0055385178   0.0003080132   0.0006899076
        0.0014055484
       -0.0019736496   0.0021753245   0.0006335626  -0.0277264218  -0.0002178677
       -0.0031376979   0.0017387033  -0.0015930596  -0.0014580741  -0.1838650610
       -0.0347340929   0.0039763009   0.4550351350  -0.0223222816  -0.0212287990
       -0.0664034811  -0.0099408869   0.0078625888  -0.0681682578   0.0024028379
       -0.0246269971  -0.0002453076   0.0002425553   0.0001252111  -0.0006737832
       -0.0008663761  -0.0003744254  -0.0000292665   0.0004959455  -0.0002301963
        0.0007887870  -0.0007211644   0.0003223903  -0.0000526944   0.0002705366
       -0.0000422953   0.0001774114   0.0001101025   0.0003091270   0.0005186913
       -0.0003271838  -0.0003071183  -0.0076911242  -0.0065012175  -0.0036698302
       -0.0902076418   0.0766016689   0.0488887141   0.0020454752   0.0123998220
       -0.0064480319   0.0016184334   0.0094711728  -0.0064816504  -0.0079741728
       -0.0257016135   0.0151723734   0.0014992558   0.0003194908   0.0041110926
       -0.0135114805  -0.0028587539  -0.0256741134   0.0051004499   0.0012950413
        0.0122778686
        0.0036409010  -0.0019973026   0.0001610113   0.0150577265   0.0098464820
        0.0012015547   0.0003473099  -0.0003543414  -0.0000363560  -0.0376268208
       -0.0910075932   0.0079575581  -0.0223222816   0.5096898166   0.0028477754
       -0.0084944412  -0.1603191393   0.0536105466   0.0010101179  -0.0649489702
       -0.0081992460  -0.0002587623   0.0000069240   0.0000077590   0.0010691104
        0.0003441731   0.0001226791   0.0000010070   0.0001200023  -0.0001331587
        0.0003065630  -0.0000809277   0.0004901192  -0.0000390972   0.0000751085
       -0.0001583682  -0.0000241813  -0.0002364959  -0.0004077116   0.0001297145
       -0.0002364912  -0.0001830946  -0.0261126062  -0.0131124963  -0.0036535065
        0.0779835190  -0.1499312289  -0.0679262912  -0.0007794932  -0.0266801743
        0.0101327131   0.0005989545   0.0004169791   0.0017913724  -0.0031559753
       -0.0069816256   0.0037990998   0.0077970898  -0.0000957736   0.0242431707
       -0.0020314807  -0.0003454556  -0.0033385601  -0.0070968737  -0.0041714701
       -0.0223290664
       -0.0008299888  -0.0000977580   0.0004506871   0.0079218289  -0.0002299591
       -0.0054877654   0.0005315710  -0.0000923426   0.0002340450  -0.0222006583
       -0.0023019937  -0.0483520107  -0.0212287990   0.0028477754   0.4479816537
        0.0078608848   0.0538181611  -0.0963673643  -0.0296670808  -0.0093648988
       -0.1610993428  -0.0003694264  -0.0000361867  -0.0001259528  -0.0002453198
       -0.0002322859   0.0001147913   0.0000266542   0.0001664097  -0.0001141559
       -0.0010056409   0.0005261304   0.0002746669   0.0003648806   0.0004100213
       -0.0004605780  -0.0000195189  -0.0007005136   0.0000202406  -0.0000187312
       -0.0001879144  -0.0002920826   0.0179906604   0.0094895327  -0.0022549474
        0.0500123491  -0.0674240487  -0.0846904726  -0.0023200163  -0.0105626946
        0.0067545242   0.0025395943   0.0248445813  -0.0188576088   0.0013294685
        0.0033876349  -0.0016265286  -0.0059172904   0.0017875234  -0.0183631173
       -0.0012491533  -0.0005141251  -0.0005567723  -0.0035062677  -0.0055330487
       -0.0171819093
        0.0003989378  -0.0001031351   0.0001750483   0.0002453610   0.0000588848
        0.0001589753   0.0001653679  -0.0000445646  -0.0002697478  -0.0096683708
       -0.0290879202   0.0151496346  -0.0664034811  -0.0084944412   0.0078608848
        0.5243066146  -0.0081644664   0.0094550475   0.0011725977   0.0064388891
       -0.0049033178   0.0000200204  -0.0000236507   0.0001143725  -0.0000077866
        0.0000487712   0.0000060172  -0.0002332073  -0.0002224326  -0.0000600061
       -0.0015349869  -0.0015504892   0.0008936893  -0.0000775624  -0.0000354836
        0.0001844558  -0.0001479825  -0.0000564282   0.0000348045  -0.0000025553
       -0.0000299202   0.0000713532  -0.0057049202  -0.0033844940  -0.0000331431
        0.0015559793   0.0128867366  -0.0061223453  -0.0881583706   0.0793563723
        0.0495814622  -0.0799854779  -0.0079265826  -0.0863741828  -0.2764137825
       -0.0399447226   0.0165763704  -0.0002727328   0.0001339909  -0.0023708556
        0.0005468509   0.0004129518  -0.0004244457   0.0001994873  -0.0002678657
        0.0002959286
        0.0002098861  -0.0001205893  -0.0000511670   0.0003770482  -0.0004482151
       -0.0004238244  -0.0000659944  -0.0004603740   0.0000138256  -0.0104771358
       -0.0125622540   0.0074732152  -0.0099408869  -0.1603191393   0.0538181611
       -0.0081644664   0.4739960228   0.0326375488   0.0010630268  -0.0021023131
        0.0047844247   0.0000065653   0.0000123703   0.0000729479  -0.0000545746
        0.0000559933  -0.0000010256   0.0000679639   0.0000804941  -0.0000429721
       -0.0002078746   0.0003950160   0.0002299384   0.0000121311  -0.0000146378
       -0.0000867588   0.0001761208   0.0002304383  -0.0003073217  -0.0000643192
        0.0000342637   0.0000317956  -0.0021698391   0.0001938065  -0.0002082692
       -0.0009554795  -0.0263089683   0.0118671867   0.0789113085  -0.1813636994
       -0.0877519326  -0.0078341889  -0.0447885067  -0.0217322071  -0.0405256326
       -0.0487081195   0.0016293459   0.0000362811   0.0009025515  -0.0005286281
       -0.0000278958   0.0001278169  -0.0002976426  -0.0003720440   0.0011680430
       -0.0011266405
       -0.0000833304  -0.0000137494  -0.0000198465  -0.0004051413   0.0002570134
        0.0000435905  -0.0003708704  -0.0000749598  -0.0001604845   0.0041264703
        0.0029613194  -0.0003570457   0.0078625888   0.0536105466  -0.0963673643
        0.0094550475   0.0326375488   0.5069626741   0.0004277616   0.0239834523
       -0.0218304337   0.0000130493  -0.0000110531   0.0000533019   0.0000288461
        0.0000018530   0.0000217863  -0.0000185088  -0.0000346814   0.0000213728
        0.0001861506   0.0002433425   0.0005300839   0.0000460638   0.0000295799
        0.0000323876   0.0001765159   0.0001385058  -0.0001427346   0.0000614345
        0.0000632778   0.0000249742   0.0000051695   0.0001681447   0.0004294509
       -0.0003442846  -0.0086320558   0.0056051466   0.0494130118  -0.0878629923
       -0.0990280587  -0.0865785081  -0.0219589279  -0.2468909550   0.0171967426
        0.0016715266  -0.0442096909  -0.0020117867   0.0010188878  -0.0061103295
        0.0005816630   0.0004416523   0.0002328388   0.0002319150   0.0013617687
        0.0011593358
       -0.0007099203   0.0004306983   0.0001783834   0.0019282892  -0.0020147131
       -0.0015701777   0.0001984665   0.0007391696   0.0008125745  -0.0292942016
       -0.0102222672  -0.0291621317  -0.0681682578   0.0010101179  -0.0296670808
        0.0011725977   0.0010630268   0.0004277616   0.5075044297  -0.0027422824
       -0.0344887849  -0.0000483200  -0.0000237577   0.0000334837  -0.0003698169
       -0.0000148834  -0.0000081035   0.0000841311   0.0000808041  -0.0000847232
       -0.0002445702   0.0000500759  -0.0001351243  -0.0000640647   0.0002040884
       -0.0002635722  -0.0015684436   0.0000397023  -0.0001881311  -0.0004307648
       -0.0001353779  -0.0001695604   0.0008523978   0.0018771023  -0.0001541476
        0.0037145723   0.0021947547   0.0113275466   0.0000593794  -0.0003074287
       -0.0003328373   0.0003930526  -0.0008423011   0.0005440167   0.0005716422
       -0.0001957638   0.0004792198  -0.0532083497  -0.0394633710   0.0250331485
       -0.2785507943  -0.0290334061   0.0107948400  -0.0838214546   0.0773060121
        0.0465934001
       -0.0002798427   0.0000252036   0.0000744486   0.0008137797  -0.0009101188
       -0.0005186325  -0.0010816703  -0.0001764807  -0.0000751663  -0.0120059624
       -0.0002936549  -0.0063810084   0.0024028379  -0.0649489702  -0.0093648988
        0.0064388891  -0.0021023131   0.0239834523  -0.0027422824   0.5223226259
       -0.0029813891   0.0000509055   0.0000389752   0.0000614066  -0.0001040748
        0.0000106551   0.0000134700   0.0000135892   0.0000782823  -0.0000514777
       -0.0001271226   0.0001528106   0.0001036231   0.0000265088   0.0002438320
       -0.0000594775   0.0011132724  -0.0002921665   0.0002907894  -0.0001325258
        0.0001481082   0.0000802170  -0.0002628295   0.0007539170  -0.0009997426
       -0.0033162548  -0.0038704107  -0.0239533121   0.0000709639   0.0012441766
        0.0012932319  -0.0002689892  -0.0040117059   0.0042124455   0.0006130662
        0.0003181843   0.0002867909  -0.0391953666  -0.2090223173   0.1011379766
       -0.0292088472  -0.0474966496   0.0013237632   0.0771819557  -0.1922119832
       -0.0884765100
       -0.0001654653   0.0001247630  -0.0000941545   0.0010603775  -0.0007783029
       -0.0000803672  -0.0008978822   0.0004771270  -0.0000440300  -0.0152456318
       -0.0037420197  -0.0030415071  -0.0246269971  -0.0081992460  -0.1610993428
       -0.0049033178   0.0047844247  -0.0218304337  -0.0344887849  -0.0029813891
        0.4476617067   0.0000963736   0.0000680296   0.0001527318  -0.0001076026
        0.0000260495   0.0000274002  -0.0000108620  -0.0000224823   0.0000000030
       -0.0000150100  -0.0000789779   0.0000577097  -0.0000043770  -0.0001648500
        0.0001515495   0.0005194454  -0.0000177314   0.0001891830  -0.0003213879
        0.0000349017   0.0002077627   0.0008163634   0.0003664600   0.0021675875
       -0.0036349745  -0.0056379641  -0.0225551070  -0.0001174088  -0.0011773462
        0.0012120566   0.0003049074   0.0028876249  -0.0017556219  -0.0004018603
       -0.0004463168   0.0000423723   0.0249348044   0.1004122792  -0.1044664020
        0.0110883208   0.0013014440  -0.0420162557   0.0461209698  -0.0872364770
       -0.0948868412
       -0.0471770568   0.0143152722   0.0332382475   0.0013735702  -0.0102996226
       -0.0228530699  -0.0037351379  -0.0024777958  -0.0015663272   0.0012368402
        0.0000999814   0.0004278479  -0.0002453076  -0.0002587623  -0.0003694264
        0.0000200204   0.0000065653   0.0000130493  -0.0000483200   0.0000509055
        0.0000963736   0.0537363201  -0.0143014258  -0.0368429655  -0.0054708918
        0.0115896351   0.0238642046  -0.0002631101   0.0016807859   0.0054766334
        0.0005499401   0.0003104741  -0.0001771158  -0.0000716632  -0.0000102010
        0.0000029237   0.0000633708  -0.0006886833  -0.0013915974  -0.0001025405
       -0.0000588987   0.0001526552  -0.0000638461  -0.0000153972  -0.0001853013
        0.0000669154   0.0000239085  -0.0000141612   0.0000284594   0.0000483240
       -0.0000015917  -0.0000291099  -0.0000602232   0.0000448771   0.0000421656
        0.0000375393   0.0000049601   0.0000137591  -0.0000219162   0.0000082013
        0.0000256156   0.0000031124   0.0000326887   0.0000500070   0.0000264223
        0.0000388940
        0.0138706730  -0.0787089707  -0.0837732636   0.0000609628  -0.0071397010
       -0.0158136600  -0.0031055058  -0.0017032487  -0.0014566144   0.0009238315
        0.0005329910   0.0006170896   0.0002425553   0.0000069240  -0.0000361867
       -0.0000236507   0.0000123703  -0.0000110531  -0.0000237577   0.0000389752
        0.0000680296  -0.0143014258   0.0895852765   0.0989166189   0.0060522011
       -0.0096570172  -0.0203493608  -0.0036953525   0.0077663082   0.0228504730
        0.0002960835  -0.0002197118  -0.0003627934  -0.0000883803  -0.0000925973
       -0.0000079787  -0.0001433444  -0.0003099023  -0.0010773649  -0.0001831258
        0.0000580641   0.0001960937   0.0000186014  -0.0000835342   0.0001787377
        0.0000589287   0.0000102875   0.0000019169   0.0000354069  -0.0000311910
       -0.0000484291  -0.0000837525  -0.0000353284   0.0000640259   0.0000344300
       -0.0000070066   0.0000253135   0.0000114650  -0.0000138447   0.0000158945
       -0.0000130724   0.0000044484   0.0000157698   0.0000562287  -0.0000135910
       -0.0000132584
        0.0326099369  -0.0836804107  -0.2473675799  -0.0010797769  -0.0059196445
       -0.0110220026  -0.0026377614  -0.0020985643  -0.0001823514   0.0005656971
        0.0006185372   0.0010916975   0.0001252111   0.0000077590  -0.0001259528
        0.0001143725   0.0000729479   0.0000533019   0.0000334837   0.0000614066
        0.0001527318  -0.0368429655   0.0989166189   0.2855516749   0.0021011573
       -0.0019748079  -0.0021732686   0.0049299629  -0.0059300000  -0.0254715856
        0.0003113816   0.0001190110   0.0004251028   0.0001058295  -0.0000312963
        0.0003213347  -0.0001143892  -0.0004757555  -0.0008035301  -0.0002175528
        0.0002461116   0.0001414082  -0.0001337156   0.0000233555  -0.0005794911
        0.0000227076   0.0000528940   0.0000187380   0.0000313950  -0.0000135819
       -0.0000649557  -0.0000400794  -0.0000348566   0.0000698284   0.0000264145
        0.0000217705  -0.0000174126   0.0000280330   0.0000030539  -0.0000546180
       -0.0000113916   0.0000023026   0.0000406276   0.0000720499   0.0000131490
       -0.0000036973
       -0.1902051508   0.1180048501  -0.0023717568  -0.0221554672   0.0146747195
       -0.0012861322   0.0005159665   0.0003540061   0.0005845394  -0.0071310763
       -0.0030929869  -0.0010132400  -0.0006737832   0.0010691104  -0.0002453198
       -0.0000077866  -0.0000545746   0.0000288461  -0.0003698169  -0.0001040748
       -0.0001076026  -0.0054708918   0.0060522011   0.0021011573   0.2223564040
       -0.1362401195   0.0028518357   0.0028906098  -0.0004359784  -0.0005026105
        0.0002019363   0.0005344946   0.0003017017  -0.0000778996   0.0000004832
        0.0000189138   0.0001942855   0.0000865029   0.0001958425   0.0003193075
       -0.0004596986  -0.0005595884   0.0000617539  -0.0003684160   0.0000691155
       -0.0004267106  -0.0000300208   0.0000434875  -0.0000015657  -0.0000015273
       -0.0000392963   0.0000007561   0.0000565157  -0.0000231392   0.0000095698
       -0.0000152281  -0.0000110967   0.0000367870   0.0000012221   0.0000404580
       -0.0000752445  -0.0000312384  -0.0000786535   0.0000080169  -0.0000002423
        0.0000025386
        0.1187899969  -0.1360757275   0.0024514756  -0.0095385121   0.0073795277
       -0.0006703818  -0.0007653088   0.0001666781   0.0000325161  -0.0023547175
       -0.0000942897  -0.0001688327  -0.0008663761   0.0003441731  -0.0002322859
        0.0000487712   0.0000559933   0.0000018530  -0.0000148834   0.0000106551
        0.0000260495   0.0115896351  -0.0096570172  -0.0019748079  -0.1362401195
        0.1566680272  -0.0014266838   0.0202494421  -0.0195176566   0.0026224405
       -0.0003342724   0.0006859093  -0.0001040790   0.0001251820  -0.0002098826
        0.0000421167  -0.0000794882  -0.0000140883   0.0000422686  -0.0002571230
        0.0001395908  -0.0003337711  -0.0002748388   0.0000695485  -0.0003287144
       -0.0001203455  -0.0000339353   0.0000240422   0.0000026635   0.0000486933
        0.0000145116   0.0000028286  -0.0000178934  -0.0000250070   0.0000205120
        0.0000383254  -0.0000233487  -0.0000142196  -0.0000178727   0.0000013210
        0.0000254425   0.0000076867  -0.0000015205   0.0000057310   0.0000235548
        0.0000308380
       -0.0016031347   0.0019398578  -0.0432960807  -0.0062415939   0.0046795541
       -0.0003308132  -0.0008771261   0.0000910387  -0.0000159767  -0.0014175567
       -0.0006083816   0.0002388503  -0.0003744254   0.0001226791   0.0001147913
        0.0000060172  -0.0000010256   0.0000217863  -0.0000081035   0.0000134700
        0.0000274002   0.0238642046  -0.0203493608  -0.0021732686   0.0028518357
       -0.0014266838   0.0475330049  -0.0165971956   0.0160963564  -0.0014441151
        0.0005480123   0.0001139396   0.0001395494  -0.0000031346   0.0000580778
       -0.0000908440   0.0001877517   0.0000349264  -0.0000090812  -0.0003416841
       -0.0006921418  -0.0006654345   0.0000910623  -0.0000435655  -0.0000411358
       -0.0001196204  -0.0000061124  -0.0000119029   0.0000071894   0.0000018944
        0.0000008298   0.0000032642  -0.0000210670  -0.0000096282   0.0000003009
       -0.0000066693  -0.0000019166   0.0000134342   0.0000021801   0.0000039093
        0.0000143244  -0.0000060827   0.0000038739  -0.0000038217   0.0000071162
        0.0000062019
       -0.0500568147  -0.0297408084   0.0265465352  -0.0070842222  -0.0210185651
        0.0154053794   0.0007225333   0.0005816414   0.0009791956   0.0013189674
       -0.0010973729   0.0003018458  -0.0000292665   0.0000010070   0.0000266542
       -0.0002332073   0.0000679639  -0.0000185088   0.0000841311   0.0000135892
       -0.0000108620  -0.0002631101  -0.0036953525   0.0049299629   0.0028906098
        0.0202494421  -0.0165971956   0.0575810857   0.0369011004  -0.0297167282
       -0.0042601775  -0.0031674474  -0.0011384953  -0.0000414313   0.0000249089
       -0.0002979049   0.0000441709   0.0002408272   0.0001506526  -0.0000347964
        0.0001203465  -0.0000988577  -0.0007849478   0.0003428111  -0.0004975772
        0.0000494779   0.0000127227   0.0000278061   0.0000478721   0.0000870542
        0.0000613173   0.0000483424  -0.0000269388  -0.0000767660  -0.0000214904
        0.0000617488  -0.0000190953  -0.0000434465   0.0000303725  -0.0000314782
        0.0000585049   0.0000176737   0.0000344975   0.0000072150  -0.0000067244
        0.0000396228
       -0.0286224977  -0.1748082052   0.1140308627  -0.0073367241  -0.0162307416
        0.0104712964   0.0004602136   0.0007034670   0.0005189556   0.0008226418
        0.0005922844  -0.0004424428   0.0004959455   0.0001200023   0.0001664097
       -0.0002224326   0.0000804941  -0.0000346814   0.0000808041   0.0000782823
       -0.0000224823   0.0016807859   0.0077663082  -0.0059300000  -0.0004359784
       -0.0195176566   0.0160963564   0.0369011004   0.2029777959  -0.1333791071
       -0.0037482391  -0.0019813655  -0.0010038718  -0.0003377154   0.0001708932
       -0.0005617243   0.0002995240   0.0002471116   0.0000963543   0.0001636600
       -0.0004742899   0.0000313068  -0.0003018010   0.0003025661  -0.0000565439
        0.0000187673   0.0000185605   0.0000203184   0.0000685870   0.0000213106
        0.0000785913   0.0000661991  -0.0000595869  -0.0000701246  -0.0000440933
        0.0000313865  -0.0000075153  -0.0000300460   0.0000408449  -0.0000211913
        0.0000260295  -0.0000128003   0.0000120352  -0.0000047306  -0.0000666615
        0.0000071981
        0.0258660165   0.1141078531  -0.1432515354   0.0001661127  -0.0036621680
        0.0046629473  -0.0005228538  -0.0010406779   0.0009809469   0.0004208509
       -0.0005280889   0.0000857513  -0.0002301963  -0.0001331587  -0.0001141559
       -0.0000600061  -0.0000429721   0.0000213728  -0.0000847232  -0.0000514777
        0.0000000030   0.0054766334   0.0228504730  -0.0254715856  -0.0005026105
        0.0026224405  -0.0014441151  -0.0297167282  -0.1333791071   0.1637710781
       -0.0010543569  -0.0008340404   0.0004633154  -0.0001948831   0.0000025730
        0.0000198905  -0.0000269137   0.0000297598  -0.0000909983   0.0000438654
        0.0000649466  -0.0000206988   0.0004267801   0.0000408468   0.0004183132
        0.0000586779  -0.0000292072  -0.0000463335  -0.0000192741  -0.0000099661
       -0.0000044082  -0.0000553149   0.0000096085  -0.0000076931   0.0000184705
       -0.0000051878   0.0000195585  -0.0000009040  -0.0000180452   0.0000344392
        0.0000032039   0.0000050811  -0.0000250787  -0.0000118466   0.0000005148
       -0.0000010133
       -0.0075895545  -0.0213773537   0.0132941388  -0.0443304768  -0.0250980752
        0.0205780758   0.0010036355  -0.0020421822   0.0024441127  -0.0001652261
        0.0236988553  -0.0139488676   0.0007887870   0.0003065630  -0.0010056409
       -0.0015349869  -0.0002078746   0.0001861506  -0.0002445702  -0.0001271226
       -0.0000150100   0.0005499401   0.0002960835   0.0003113816   0.0002019363
       -0.0003342724   0.0005480123  -0.0042601775  -0.0037482391  -0.0010543569
        0.0613556696   0.0253369900  -0.0220709213   0.0003637253   0.0002829906
        0.0005615459   0.0001636102   0.0001617928  -0.0006230498  -0.0001704075
       -0.0000761382   0.0001812968  -0.0039528787   0.0041501749   0.0000390932
        0.0005017595  -0.0002000959   0.0000285807  -0.0018530338  -0.0012521346
       -0.0006625693  -0.0009322695   0.0002086136   0.0010865309   0.0000104889
        0.0001060247  -0.0000279058   0.0000557409  -0.0000712173   0.0001503720
       -0.0000110363  -0.0000085614   0.0000413057   0.0000493246  -0.0000048211
       -0.0000422752
       -0.0064122785  -0.0145406240   0.0095251182  -0.0227905201  -0.1671316896
        0.1067705113   0.0002455846   0.0052162050  -0.0045096646   0.0048278165
       -0.0260119455   0.0125836999  -0.0007211644  -0.0000809277   0.0005261304
       -0.0015504892   0.0003950160   0.0002433425   0.0000500759   0.0001528106
       -0.0000789779   0.0003104741  -0.0002197118   0.0001190110   0.0005344946
        0.0006859093   0.0001139396  -0.0031674474  -0.0019813655  -0.0008340404
        0.0253369900   0.2056640509  -0.1220112287   0.0002355823   0.0002878648
       -0.0018792912   0.0002338044   0.0005939250  -0.0004275670  -0.0001554138
        0.0001309579   0.0000343471   0.0045210087  -0.0033583345   0.0003940744
       -0.0003582195  -0.0001019130   0.0000959166  -0.0009689205   0.0001503133
       -0.0000589013   0.0001718350   0.0001737762  -0.0003548329  -0.0002883000
       -0.0000326010  -0.0001292673  -0.0000813241  -0.0000270653  -0.0000894954
        0.0000243550   0.0000184983  -0.0000456647   0.0000020565   0.0000168506
        0.0000128404
       -0.0012354692  -0.0045192738   0.0043653883   0.0190067031   0.1072982418
       -0.1305032180   0.0049031555   0.0193961510  -0.0257671251  -0.0024635471
        0.0021155685   0.0008842361   0.0003223903   0.0004901192   0.0002746669
        0.0008936893   0.0002299384   0.0005300839  -0.0001351243   0.0001036231
        0.0000577097  -0.0001771158  -0.0003627934   0.0004251028   0.0003017017
       -0.0001040790   0.0001395494  -0.0011384953  -0.0010038718   0.0004633154
       -0.0220709213  -0.1220112287   0.1546991515   0.0012928705  -0.0016416064
       -0.0067216962  -0.0001657215   0.0006742158   0.0006830272   0.0000900131
        0.0002023882   0.0001052113  -0.0000204691   0.0000767810   0.0010390937
        0.0000108608  -0.0000798646  -0.0000907150  -0.0004391219  -0.0004808703
        0.0000683730   0.0006782697  -0.0000521029  -0.0002301091   0.0002431528
       -0.0002371800  -0.0001717044   0.0000710023  -0.0001061616  -0.0000336296
       -0.0000002390  -0.0000250927  -0.0000095056   0.0000324154   0.0000370981
       -0.0002072062
        0.0002462836   0.0003063896  -0.0007060303   0.0000106789  -0.0025615373
        0.0038248105  -0.0442316772   0.0017602145  -0.0023810460   0.0002761196
       -0.0009730157   0.0000462561  -0.0000526944  -0.0000390972   0.0003648806
       -0.0000775624   0.0000121311   0.0000460638  -0.0000640647   0.0000265088
       -0.0000043770  -0.0000716632  -0.0000883803   0.0001058295  -0.0000778996
        0.0001251820  -0.0000031346  -0.0000414313  -0.0003377154  -0.0001948831
        0.0003637253   0.0002355823   0.0012928705   0.0477420239  -0.0021737503
        0.0016355460  -0.0012710210  -0.0210435570   0.0151835142  -0.0027061271
        0.0244865693  -0.0190245227   0.0001605009   0.0003117158   0.0001155333
        0.0000021270  -0.0000130722  -0.0000663529   0.0001048776   0.0000181975
       -0.0001088152  -0.0000111105   0.0000531277  -0.0000713486   0.0000042842
        0.0000324924  -0.0000105757  -0.0002449260   0.0003388251  -0.0000590885
        0.0001438628  -0.0000080744  -0.0000940215  -0.0002043067  -0.0004687362
        0.0001088915
        0.0003977566   0.0006366947  -0.0007285294  -0.0005239053   0.0065686918
       -0.0034302816   0.0018609813  -0.1788957941   0.1160645058  -0.0008826625
        0.0012805140  -0.0007437678   0.0002705366   0.0000751085   0.0004100213
       -0.0000354836  -0.0000146378   0.0000295799   0.0002040884   0.0002438320
       -0.0001648500  -0.0000102010  -0.0000925973  -0.0000312963   0.0000004832
       -0.0002098826   0.0000580778   0.0000249089   0.0001708932   0.0000025730
        0.0002829906   0.0002878648  -0.0016416064  -0.0021737503   0.2063928351
       -0.1363750861  -0.0021487084  -0.0210568110   0.0147714376   0.0028781490
       -0.0151592948   0.0115343948  -0.0000811119   0.0000759211   0.0003226011
       -0.0000632226   0.0000152033  -0.0000475364   0.0001402461  -0.0000195814
       -0.0000649479   0.0000079938   0.0000135058  -0.0000203300  -0.0000228415
        0.0000038104   0.0000118610  -0.0000031896   0.0001844864  -0.0000138028
        0.0001197876  -0.0001364519  -0.0000822565  -0.0002428457  -0.0003643104
        0.0001392390
        0.0005235049   0.0005290075   0.0006223241   0.0005879735   0.0216529534
       -0.0250873407  -0.0018521588   0.1174606672  -0.1440288402  -0.0006782663
        0.0011818501   0.0023118269  -0.0000422953  -0.0001583682  -0.0004605780
        0.0001844558  -0.0000867588   0.0000323876  -0.0002635722  -0.0000594775
        0.0001515495   0.0000029237  -0.0000079787   0.0003213347   0.0000189138
        0.0000421167  -0.0000908440  -0.0002979049  -0.0005617243   0.0000198905
        0.0005615459  -0.0018792912  -0.0067216962   0.0016355460  -0.1363750861
        0.1686525583   0.0004997438  -0.0028045819   0.0038351448  -0.0012783655
        0.0017595512   0.0002173374   0.0004479535  -0.0007306041   0.0001150745
       -0.0000559559  -0.0000073768  -0.0000538203  -0.0000613925  -0.0000359214
       -0.0001429393  -0.0001005987   0.0000591163   0.0000896204   0.0000318411
       -0.0000303418   0.0000596151   0.0001150501  -0.0001218287   0.0001023204
       -0.0001322575   0.0000301952   0.0000021215   0.0001533155   0.0001438820
        0.0000529531
        0.0007967907  -0.0001688120  -0.0005739822   0.0018121086   0.0007965036
       -0.0008826619  -0.1687793520  -0.1136174132  -0.0392708323   0.0003234225
       -0.0000155849   0.0001523381   0.0001774114  -0.0000241813  -0.0000195189
       -0.0001479825   0.0001761208   0.0001765159  -0.0015684436   0.0011132724
        0.0005194454   0.0000633708  -0.0001433444  -0.0001143892   0.0001942855
       -0.0000794882   0.0001877517   0.0000441709   0.0002995240  -0.0000269137
        0.0001636102   0.0002338044  -0.0001657215  -0.0012710210  -0.0021487084
        0.0004997438   0.1982502783   0.1320325680   0.0464395555  -0.0279323552
       -0.0186921813  -0.0062650838  -0.0001198584  -0.0000104387  -0.0001417854
       -0.0000533016  -0.0000467534  -0.0000768973   0.0001221885  -0.0001212042
        0.0002574204   0.0000142087  -0.0000699247  -0.0001203328  -0.0000722515
       -0.0000202067   0.0000109063   0.0001462868  -0.0001878612  -0.0001213049
       -0.0002056937  -0.0000464657  -0.0000124280  -0.0019578733   0.0007407749
       -0.0004518250
        0.0004406857  -0.0004408721  -0.0029766630  -0.0089071570  -0.0079162530
       -0.0045041559  -0.1136702863  -0.1459946063  -0.0344693474   0.0002512353
        0.0000072241   0.0006412259   0.0001101025  -0.0002364959  -0.0007005136
       -0.0000564282   0.0002304383   0.0001385058   0.0000397023  -0.0002921665
       -0.0000177314  -0.0006886833  -0.0003099023  -0.0004757555   0.0000865029
       -0.0000140883   0.0000349264   0.0002408272   0.0002471116   0.0000297598
        0.0001617928   0.0005939250   0.0006742158  -0.0210435570  -0.0210568110
       -0.0028045819   0.1320325680   0.1656911760   0.0410241411   0.0099666956
        0.0088640690   0.0029057032  -0.0002625914  -0.0001718128  -0.0003011191
       -0.0000178035   0.0000032953   0.0001346519   0.0000289293   0.0002868766
       -0.0000527984  -0.0000071208  -0.0000657249   0.0000387311  -0.0000227209
       -0.0000324518   0.0000012163  -0.0000061083  -0.0002231507   0.0000862621
       -0.0002233902   0.0001737580   0.0001654791   0.0015468054   0.0006564617
        0.0004278478
        0.0003531997  -0.0027268845  -0.0057392928  -0.0205373307  -0.0182898052
       -0.0087245300  -0.0397553630  -0.0348342421  -0.0542176285   0.0000607947
        0.0003319143   0.0007576677   0.0003091270  -0.0004077116   0.0000202406
        0.0000348045  -0.0003073217  -0.0001427346  -0.0001881311   0.0002907894
        0.0001891830  -0.0013915974  -0.0010773649  -0.0008035301   0.0001958425
        0.0000422686  -0.0000090812   0.0001506526   0.0000963543  -0.0000909983
       -0.0006230498  -0.0004275670   0.0006830272   0.0151835142   0.0147714376
        0.0038351448   0.0464395555   0.0410241411   0.0631620209  -0.0002602607
        0.0006381435   0.0010705272   0.0000211081   0.0000596025  -0.0002747653
       -0.0000818263   0.0000798016  -0.0000919757   0.0003984736   0.0004913526
       -0.0003802468  -0.0000824255   0.0000630666  -0.0000109767  -0.0001158418
        0.0001298076   0.0000806032   0.0000052235   0.0001155441  -0.0000507455
        0.0000065679  -0.0000378049  -0.0000319982  -0.0001230376  -0.0000255219
        0.0007700892
        0.0007149833  -0.0009740384  -0.0012934362  -0.0059147160   0.0041354460
        0.0020205434  -0.2296357726   0.0986966646   0.0103243960  -0.0005219944
        0.0008293195   0.0023779997   0.0005186913   0.0001297145  -0.0000187312
       -0.0000025553  -0.0000643192   0.0000614345  -0.0004307648  -0.0001325258
       -0.0003213879  -0.0001025405  -0.0001831258  -0.0002175528   0.0003193075
       -0.0002571230  -0.0003416841  -0.0000347964   0.0001636600   0.0000438654
       -0.0001704075  -0.0001554138   0.0000900131  -0.0027061271   0.0028781490
       -0.0012783655  -0.0279323552   0.0099666956  -0.0002602607   0.2662308101
       -0.1151402813  -0.0115787017   0.0000080141  -0.0003396950   0.0000225693
       -0.0001573841   0.0000058987   0.0000284412  -0.0001171838   0.0001133491
       -0.0000662554   0.0000067590   0.0000408121   0.0000303957   0.0000263528
       -0.0000076581  -0.0000262287   0.0000408713  -0.0000912417   0.0001049339
       -0.0000623609   0.0001012060   0.0001003267  -0.0000768307   0.0002845069
        0.0001976855
        0.0004784853   0.0002099279   0.0001458092   0.0094055705  -0.0056064472
       -0.0017820552   0.0983436399  -0.0956471390  -0.0044584751   0.0019259270
       -0.0018148489  -0.0036791277  -0.0003271838  -0.0002364912  -0.0001879144
       -0.0000299202   0.0000342637   0.0000632778  -0.0001353779   0.0001481082
        0.0000349017  -0.0000588987   0.0000580641   0.0002461116  -0.0004596986
        0.0001395908  -0.0006921418   0.0001203465  -0.0004742899   0.0000649466
       -0.0000761382   0.0001309579   0.0002023882   0.0244865693  -0.0151592948
        0.0017595512  -0.0186921813   0.0088640690   0.0006381435  -0.1151402813
        0.1089820057   0.0076302497  -0.0000474695   0.0003030609  -0.0000268646
        0.0001731668  -0.0000306501   0.0000275477   0.0000219158   0.0000403610
       -0.0000539931  -0.0000257936   0.0000034609  -0.0000061103   0.0000030684
        0.0000183641   0.0000165520  -0.0001139500   0.0000544657   0.0000041451
       -0.0000309160   0.0001007613   0.0000026761   0.0001791197  -0.0001183001
        0.0000503820
        0.0009350408  -0.0000827223   0.0006872919   0.0220596879  -0.0130619782
       -0.0024070962   0.0110847547  -0.0045468110  -0.0422571650   0.0033065827
       -0.0045100830  -0.0060279162  -0.0003071183  -0.0001830946  -0.0002920826
        0.0000713532   0.0000317956   0.0000249742  -0.0001695604   0.0000802170
        0.0002077627   0.0001526552   0.0001960937   0.0001414082  -0.0005595884
       -0.0003337711  -0.0006654345  -0.0000988577   0.0000313068  -0.0000206988
        0.0001812968   0.0000343471   0.0001052113  -0.0190245227   0.0115343948
        0.0002173374  -0.0062650838   0.0029057032   0.0010705272  -0.0115787017
        0.0076302497   0.0492918679  -0.0000241815   0.0002285526  -0.0001207382
        0.0002445532   0.0000098799   0.0000210916   0.0000136189   0.0000022124
       -0.0000311146  -0.0000194571  -0.0000318508   0.0000309706  -0.0000265739
       -0.0000159361   0.0000143560   0.0000292169  -0.0000613802  -0.0000435830
       -0.0000807217   0.0000351610   0.0000222479   0.0000756069   0.0001077137
        0.0000307823
        0.0007204434   0.0011593817  -0.0003602596   0.0008537778   0.0207345213
       -0.0150767082   0.0001254917  -0.0000861215  -0.0002514362  -0.0519276997
       -0.0261277457   0.0232542280  -0.0076911242  -0.0261126062   0.0179906604
       -0.0057049202  -0.0021698391   0.0000051695   0.0008523978  -0.0002628295
        0.0008163634  -0.0000638461   0.0000186014  -0.0001337156   0.0000617539
       -0.0002748388   0.0000910623  -0.0007849478  -0.0003018010   0.0004267801
       -0.0039528787   0.0045210087  -0.0000204691   0.0001605009  -0.0000811119
        0.0004479535  -0.0001198584  -0.0002625914   0.0000211081   0.0000080141
       -0.0000474695  -0.0000241815   0.0684228246   0.0302314217  -0.0272200795
       -0.0001406360  -0.0002520044   0.0003612223  -0.0001479562   0.0001095390
        0.0000225100  -0.0000569615   0.0002591267  -0.0002714188  -0.0004269469
       -0.0015145331   0.0007543571  -0.0003321001   0.0002268488  -0.0009361627
        0.0001811272   0.0000759791   0.0001388750  -0.0000364557   0.0001570637
       -0.0000358586
       -0.0008275785   0.0013416729  -0.0005548562   0.0025367375  -0.0242930164
        0.0158425416  -0.0012670589   0.0012469056   0.0006305285  -0.0274061234
       -0.2431564486   0.1537718904  -0.0065012175  -0.0131124963   0.0094895327
       -0.0033844940   0.0001938065   0.0001681447   0.0018771023   0.0007539170
        0.0003664600  -0.0000153972  -0.0000835342   0.0000233555  -0.0003684160
        0.0000695485  -0.0000435655   0.0003428111   0.0003025661   0.0000408468
        0.0041501749  -0.0033583345   0.0000767810   0.0003117158   0.0000759211
       -0.0007306041  -0.0000104387  -0.0001718128   0.0000596025  -0.0003396950
        0.0003030609   0.0002285526   0.0302314217   0.2800916716  -0.1794145068
        0.0006344972   0.0002662395   0.0000557566   0.0001437965   0.0002135548
       -0.0000148974   0.0000959222   0.0000974567  -0.0002315004  -0.0001592506
       -0.0007595408   0.0003947412  -0.0004253738   0.0002258282  -0.0004282171
        0.0004359013   0.0000870949   0.0002800483  -0.0000550369  -0.0003340609
       -0.0000106348
        0.0005596099   0.0001669957   0.0002675710   0.0001095665  -0.0052355477
       -0.0008445808   0.0000249164  -0.0009971638   0.0021926116   0.0305950732
        0.1902229475  -0.1458349849  -0.0036698302  -0.0036535065  -0.0022549474
       -0.0000331431  -0.0002082692   0.0004294509  -0.0001541476  -0.0009997426
        0.0021675875  -0.0001853013   0.0001787377  -0.0005794911   0.0000691155
       -0.0003287144  -0.0000411358  -0.0004975772  -0.0000565439   0.0004183132
        0.0000390932   0.0003940744   0.0010390937   0.0001155333   0.0003226011
        0.0001150745  -0.0001417854  -0.0003011191  -0.0002747653   0.0000225693
       -0.0000268646  -0.0001207382  -0.0272200795  -0.1794145068   0.1431677511
        0.0005366300   0.0004717291   0.0000091316   0.0001187872  -0.0004216589
       -0.0001767623  -0.0000012768   0.0000034004   0.0003377412  -0.0000072478
        0.0000473972   0.0001342223  -0.0002345091   0.0002259813   0.0001473772
       -0.0000506322  -0.0000769235  -0.0000788259   0.0000046358  -0.0003133032
       -0.0002196941
       -0.0014070875   0.0009282484  -0.0000600326  -0.0046119983  -0.0030616062
        0.0031054964  -0.0005789047   0.0006829737   0.0002012767  -0.0381582588
        0.0183605880   0.0077697324  -0.0902076418   0.0779835190   0.0500123491
        0.0015559793  -0.0009554795  -0.0003442846   0.0037145723  -0.0033162548
       -0.0036349745   0.0000669154   0.0000589287   0.0000227076  -0.0004267106
       -0.0001203455  -0.0001196204   0.0000494779   0.0000187673   0.0000586779
        0.0005017595  -0.0003582195   0.0000108608   0.0000021270  -0.0000632226
       -0.0000559559  -0.0000533016  -0.0000178035  -0.0000818263  -0.0001573841
        0.0001731668   0.0002445532  -0.0001406360   0.0006344972   0.0005366300
        0.1279758277  -0.0882523100  -0.0552721781   0.0007127125  -0.0005852661
       -0.0000614848  -0.0002409088   0.0001925643  -0.0001377645   0.0005083833
       -0.0009873246  -0.0000573309  -0.0001021617  -0.0001582206   0.0002381677
        0.0004337365  -0.0006190439  -0.0007601531   0.0005635026  -0.0005381567
       -0.0016148461
       -0.0001807719   0.0000786293  -0.0000365467  -0.0014182057   0.0011070417
       -0.0003076650   0.0000123128   0.0000833854   0.0000097727  -0.0008429705
        0.0064708161   0.0029538314   0.0766016689  -0.1499312289  -0.0674240487
        0.0128867366  -0.0263089683  -0.0086320558   0.0021947547  -0.0038704107
       -0.0056379641   0.0000239085   0.0000102875   0.0000528940  -0.0000300208
       -0.0000339353  -0.0000061124   0.0000127227   0.0000185605  -0.0000292072
       -0.0002000959  -0.0001019130  -0.0000798646  -0.0000130722   0.0000152033
       -0.0000073768  -0.0000467534   0.0000032953   0.0000798016   0.0000058987
       -0.0000306501   0.0000098799  -0.0002520044   0.0002662395   0.0004717291
       -0.0882523100   0.1769824559   0.0776920064  -0.0002891237  -0.0059844672
        0.0031549046   0.0002619389   0.0004350354  -0.0003437111   0.0001728281
        0.0002096799  -0.0005805807   0.0000249885   0.0003067279   0.0003465855
       -0.0001726020  -0.0000972717  -0.0000251725  -0.0004998281   0.0003714875
       -0.0016610996
        0.0000693446  -0.0001218812   0.0000465272  -0.0003775335   0.0005645610
        0.0006500977  -0.0000316064   0.0000239381   0.0001602927   0.0030992996
        0.0000920733   0.0027809872   0.0488887141  -0.0679262912  -0.0846904726
       -0.0061223453   0.0118671867   0.0056051466   0.0113275466  -0.0239533121
       -0.0225551070  -0.0000141612   0.0000019169   0.0000187380   0.0000434875
        0.0000240422  -0.0000119029   0.0000278061   0.0000203184  -0.0000463335
        0.0000285807   0.0000959166  -0.0000907150  -0.0000663529  -0.0000475364
       -0.0000538203  -0.0000768973   0.0001346519  -0.0000919757   0.0000284412
        0.0000275477   0.0000210916   0.0003612223   0.0000557566   0.0000091316
       -0.0552721781   0.0776920064   0.1041901028   0.0000327483   0.0030297113
       -0.0007353880  -0.0002199889   0.0002754897   0.0003795534  -0.0003766710
       -0.0001834627   0.0003837942   0.0004576292  -0.0001620115   0.0002589305
        0.0004032818  -0.0002493149   0.0007280116  -0.0022103672  -0.0012613068
       -0.0069566901
       -0.0000253785  -0.0000299899  -0.0000524650  -0.0008349937  -0.0008577341
        0.0002050515  -0.0003203363  -0.0001951287   0.0000628640   0.0003604182
        0.0000059959  -0.0001188972   0.0020454752  -0.0007794932  -0.0023200163
       -0.0881583706   0.0789113085   0.0494130118   0.0000593794   0.0000709639
       -0.0001174088   0.0000284594   0.0000354069   0.0000313950  -0.0000015657
        0.0000026635   0.0000071894   0.0000478721   0.0000685870  -0.0000192741
       -0.0018530338  -0.0009689205  -0.0004391219   0.0001048776   0.0001402461
       -0.0000613925   0.0001221885   0.0000289293   0.0003984736  -0.0001171838
        0.0000219158   0.0000136189  -0.0001479562   0.0001437965   0.0001187872
        0.0007127125  -0.0002891237   0.0000327483   0.1022484976  -0.0926877457
       -0.0582668194   0.0052463886  -0.0087415220  -0.0062368684  -0.0194333189
        0.0251454957   0.0176413972  -0.0000597899  -0.0001681865  -0.0000003098
       -0.0002934576   0.0001223973   0.0000888759   0.0002691157   0.0000201378
       -0.0003808393
        0.0000483707   0.0002390716  -0.0000705539  -0.0000351913  -0.0001216412
        0.0000067028  -0.0000179456   0.0001468744   0.0000463242   0.0005690929
        0.0005825942   0.0003400057   0.0123998220  -0.0266801743  -0.0105626946
        0.0793563723  -0.1813636994  -0.0878629923  -0.0003074287   0.0012441766
       -0.0011773462   0.0000483240  -0.0000311910  -0.0000135819  -0.0000015273
        0.0000486933   0.0000018944   0.0000870542   0.0000213106  -0.0000099661
       -0.0012521346   0.0001503133  -0.0004808703   0.0000181975  -0.0000195814
       -0.0000359214  -0.0001212042   0.0002868766   0.0004913526   0.0001133491
        0.0000403610   0.0000022124   0.0001095390   0.0002135548  -0.0004216589
       -0.0005852661  -0.0059844672   0.0030297113  -0.0926877457   0.2120926017
        0.1008261939   0.0020789185  -0.0040240470  -0.0051635752   0.0002705919
        0.0027465803   0.0006760105  -0.0000743751   0.0002779004  -0.0003290947
        0.0000620639  -0.0001164777  -0.0000162230  -0.0000788773   0.0002503706
        0.0007240708
        0.0000139767   0.0001253278  -0.0001387531   0.0004407754  -0.0003336582
        0.0005122583   0.0003204474   0.0004407354   0.0000917581  -0.0004730580
       -0.0004252200   0.0002693996  -0.0064480319   0.0101327131   0.0067545242
        0.0495814622  -0.0877519326  -0.0990280587  -0.0003328373   0.0012932319
        0.0012120566  -0.0000015917  -0.0000484291  -0.0000649557  -0.0000392963
        0.0000145116   0.0000008298   0.0000613173   0.0000785913  -0.0000044082
       -0.0006625693  -0.0000589013   0.0000683730  -0.0001088152  -0.0000649479
       -0.0001429393   0.0002574204  -0.0000527984  -0.0003802468  -0.0000662554
       -0.0000539931  -0.0000311146   0.0000225100  -0.0000148974  -0.0001767623
       -0.0000614848   0.0031549046  -0.0007353880  -0.0582668194   0.1008261939
        0.1127090303   0.0129368551  -0.0243206641  -0.0190044100   0.0027393014
       -0.0028754161  -0.0015183379   0.0000236906  -0.0001066226  -0.0000146294
        0.0000146510  -0.0000666495  -0.0000857453   0.0000483517   0.0001079207
       -0.0002924808
       -0.0000883684   0.0000111175  -0.0000136345  -0.0002321873  -0.0002991995
        0.0005707192  -0.0000421904   0.0000596048   0.0000408609   0.0004877607
        0.0001848056   0.0001512646   0.0016184334   0.0005989545   0.0025395943
       -0.0799854779  -0.0078341889  -0.0865785081   0.0003930526  -0.0002689892
        0.0003049074  -0.0000291099  -0.0000837525  -0.0000400794   0.0000007561
        0.0000028286   0.0000032642   0.0000483424   0.0000661991  -0.0000553149
       -0.0009322695   0.0001718350   0.0006782697  -0.0000111105   0.0000079938
       -0.0001005987   0.0000142087  -0.0000071208  -0.0000824255   0.0000067590
       -0.0000257936  -0.0000194571  -0.0000569615   0.0000959222  -0.0000012768
       -0.0002409088   0.0002619389  -0.0002199889   0.0052463886   0.0020789185
        0.0129368551   0.0907514022   0.0092248913   0.1006246543  -0.0172003710
       -0.0041798262  -0.0309628614   0.0002243863  -0.0000332774   0.0000771397
        0.0001034770  -0.0000752923   0.0001085061  -0.0000760118   0.0000424305
        0.0000381098
        0.0000156803  -0.0000442361   0.0000628259  -0.0002983396   0.0003692743
        0.0000833921   0.0000179299  -0.0000407852  -0.0001387970   0.0007250119
        0.0008984033  -0.0009159192   0.0094711728   0.0004169791   0.0248445813
       -0.0079265826  -0.0447885067  -0.0219589279  -0.0008423011  -0.0040117059
        0.0028876249  -0.0000602232  -0.0000353284  -0.0000348566   0.0000565157
       -0.0000178934  -0.0000210670  -0.0000269388  -0.0000595869   0.0000096085
        0.0002086136   0.0001737762  -0.0000521029   0.0000531277   0.0000135058
        0.0000591163  -0.0000699247  -0.0000657249   0.0000630666   0.0000408121
        0.0000034609  -0.0000318508   0.0002591267   0.0000974567   0.0000034004
        0.0001925643   0.0004350354   0.0002754897  -0.0087415220  -0.0040240470
       -0.0243206641   0.0092248913   0.0508907463   0.0227953402  -0.0026081493
        0.0000982973  -0.0050896696   0.0004284777  -0.0000714761   0.0016047704
       -0.0000259507  -0.0001130920  -0.0000905344  -0.0000939920  -0.0001245527
       -0.0000348266
       -0.0000802470  -0.0001560434   0.0001673013  -0.0000254650   0.0001757528
       -0.0004925349   0.0000901262  -0.0001563958   0.0001390058  -0.0001102187
       -0.0004492975   0.0008306431  -0.0064816504   0.0017913724  -0.0188576088
       -0.0863741828  -0.0217322071  -0.2468909550   0.0005440167   0.0042124455
       -0.0017556219   0.0000448771   0.0000640259   0.0000698284  -0.0000231392
       -0.0000250070  -0.0000096282  -0.0000767660  -0.0000701246  -0.0000076931
        0.0010865309  -0.0003548329  -0.0002301091  -0.0000713486  -0.0000203300
        0.0000896204  -0.0001203328   0.0000387311  -0.0000109767   0.0000303957
       -0.0000061103   0.0000309706  -0.0002714188  -0.0002315004   0.0003377412
       -0.0001377645  -0.0003437111   0.0003795534  -0.0062368684  -0.0051635752
       -0.0190044100   0.1006246543   0.0227953402   0.2862296188  -0.0021578084
       -0.0007885453  -0.0002832159  -0.0004197096   0.0002828628  -0.0012638185
        0.0002084205  -0.0000437670   0.0001078072  -0.0000421013   0.0001809169
        0.0004244819
       -0.0000118520  -0.0000327407   0.0000527204   0.0002059750  -0.0003076660
       -0.0002298865  -0.0000265997  -0.0000777830   0.0001048306   0.0002645172
       -0.0016007058   0.0011326082  -0.0079741728  -0.0031559753   0.0013294685
       -0.2764137825  -0.0405256326   0.0171967426   0.0005716422   0.0006130662
       -0.0004018603   0.0000421656   0.0000344300   0.0000264145   0.0000095698
        0.0000205120   0.0000003009  -0.0000214904  -0.0000440933   0.0000184705
        0.0000104889  -0.0002883000   0.0002431528   0.0000042842  -0.0000228415
        0.0000318411  -0.0000722515  -0.0000227209  -0.0001158418   0.0000263528
        0.0000030684  -0.0000265739  -0.0004269469  -0.0001592506  -0.0000072478
        0.0005083833   0.0001728281  -0.0003766710  -0.0194333189   0.0002705919
        0.0027393014  -0.0172003710  -0.0026081493  -0.0021578084   0.3197781209
        0.0475879492  -0.0195817754   0.0000177022   0.0001497619  -0.0001486400
        0.0004239890  -0.0000310605   0.0000529226  -0.0002824056   0.0000247117
        0.0001175310
       -0.0000656886   0.0002046660  -0.0000865974   0.0004567120  -0.0003376425
        0.0003367255  -0.0000078407   0.0001511690  -0.0000106836  -0.0011068563
       -0.0052448115   0.0033538881  -0.0257016135  -0.0069816256   0.0033876349
       -0.0399447226  -0.0487081195   0.0016715266  -0.0001957638   0.0003181843
       -0.0004463168   0.0000375393  -0.0000070066   0.0000217705  -0.0000152281
        0.0000383254  -0.0000066693   0.0000617488   0.0000313865  -0.0000051878
        0.0001060247  -0.0000326010  -0.0002371800   0.0000324924   0.0000038104
       -0.0000303418  -0.0000202067  -0.0000324518   0.0001298076  -0.0000076581
        0.0000183641  -0.0000159361  -0.0015145331  -0.0007595408   0.0000473972
       -0.0009873246   0.0002096799  -0.0001834627   0.0251454957   0.0027465803
       -0.0028754161  -0.0041798262   0.0000982973  -0.0007885453   0.0475879492
        0.0583933981  -0.0043822518   0.0000153722  -0.0000033923  -0.0002141641
        0.0001823365  -0.0000095718   0.0003719746   0.0001215916  -0.0000970981
       -0.0000379724
        0.0000427688  -0.0000259346   0.0000291667  -0.0001234441   0.0002174490
       -0.0000643075   0.0000530513  -0.0000535023   0.0000355035   0.0004082430
        0.0029994779  -0.0013720871   0.0151723734   0.0037990998  -0.0016265286
        0.0165763704   0.0016293459  -0.0442096909   0.0004792198   0.0002867909
        0.0000423723   0.0000049601   0.0000253135  -0.0000174126  -0.0000110967
       -0.0000233487  -0.0000019166  -0.0000190953  -0.0000075153   0.0000195585
       -0.0000279058  -0.0001292673  -0.0001717044  -0.0000105757   0.0000118610
        0.0000596151   0.0000109063   0.0000012163   0.0000806032  -0.0000262287
        0.0000165520   0.0000143560   0.0007543571   0.0003947412   0.0001342223
       -0.0000573309  -0.0005805807   0.0003837942   0.0176413972   0.0006760105
       -0.0015183379  -0.0309628614  -0.0050896696  -0.0002832159  -0.0195817754
       -0.0043822518   0.0490154312  -0.0000969648  -0.0001693133   0.0000953921
       -0.0003475460   0.0004690072  -0.0005216571   0.0001211775  -0.0000654814
       -0.0001231566
       -0.0000401738  -0.0000109239  -0.0000341638  -0.0001881053   0.0000504131
       -0.0001598385  -0.0000422804   0.0001239335  -0.0000842743   0.0010122589
        0.0012217631  -0.0002742484   0.0014992558   0.0077970898  -0.0059172904
       -0.0002727328   0.0000362811  -0.0020117867  -0.0532083497  -0.0391953666
        0.0249348044   0.0000137591   0.0000114650   0.0000280330   0.0000367870
       -0.0000142196   0.0000134342  -0.0000434465  -0.0000300460  -0.0000009040
        0.0000557409  -0.0000813241   0.0000710023  -0.0002449260  -0.0000031896
        0.0001150501   0.0001462868  -0.0000061083   0.0000052235   0.0000408713
       -0.0001139500   0.0000292169  -0.0003321001  -0.0004253738  -0.0002345091
       -0.0001021617   0.0000249885   0.0004576292  -0.0000597899  -0.0000743751
        0.0000236906   0.0002243863   0.0004284777  -0.0004197096   0.0000177022
        0.0000153722  -0.0000969648   0.0593652849   0.0469550831  -0.0277543603
       -0.0107235232  -0.0293389829   0.0173361978   0.0028452563   0.0126289928
       -0.0060262319
       -0.0000022817   0.0000390142  -0.0000703976  -0.0000908645   0.0001917706
        0.0005576549  -0.0000421589   0.0000352816  -0.0000727979   0.0006235630
        0.0003341406  -0.0010884051   0.0003194908  -0.0000957736   0.0017875234
        0.0001339909   0.0009025515   0.0010188878  -0.0394633710  -0.2090223173
        0.1004122792  -0.0000219162  -0.0000138447   0.0000030539   0.0000012221
       -0.0000178727   0.0000021801   0.0000303725   0.0000408449  -0.0000180452
       -0.0000712173  -0.0000270653  -0.0001061616   0.0003388251   0.0001844864
       -0.0001218287  -0.0001878612  -0.0002231507   0.0001155441  -0.0000912417
        0.0000544657  -0.0000613802   0.0002268488   0.0002258282   0.0002259813
       -0.0001582206   0.0003067279  -0.0001620115  -0.0001681865   0.0002779004
       -0.0001066226  -0.0000332774  -0.0000714761   0.0002828628   0.0001497619
       -0.0000033923  -0.0001693133   0.0469550831   0.2411169392  -0.1183908257
       -0.0036808791  -0.0060081436   0.0035843495  -0.0047676819  -0.0282269152
        0.0123774724
        0.0000442639  -0.0000620228   0.0000386539  -0.0001125753  -0.0000913806
       -0.0002817469   0.0002282878  -0.0002219826   0.0000987464   0.0015257386
        0.0008422511   0.0015244891   0.0041110926   0.0242431707  -0.0183631173
       -0.0023708556  -0.0005286281  -0.0061103295   0.0250331485   0.1011379766
       -0.1044664020   0.0000082013   0.0000158945  -0.0000546180   0.0000404580
        0.0000013210   0.0000039093  -0.0000314782  -0.0000211913   0.0000344392
        0.0001503720  -0.0000894954  -0.0000336296  -0.0000590885  -0.0000138028
        0.0001023204  -0.0001213049   0.0000862621  -0.0000507455   0.0001049339
        0.0000041451  -0.0000435830  -0.0009361627  -0.0004282171   0.0001473772
        0.0002381677   0.0003465855   0.0002589305  -0.0000003098  -0.0003290947
       -0.0000146294   0.0000771397   0.0016047704  -0.0012638185  -0.0001486400
       -0.0002141641   0.0000953921  -0.0277543603  -0.1183908257   0.1223930675
        0.0024193388   0.0034583118  -0.0010877787  -0.0024463674  -0.0113498836
        0.0070730730
       -0.0001854760   0.0001336647   0.0000158086   0.0005325618  -0.0006594093
       -0.0002119127  -0.0002862533   0.0002722188   0.0002056506  -0.0025207420
       -0.0009739579  -0.0041432459  -0.0135114805  -0.0020314807  -0.0012491533
        0.0005468509  -0.0000278958   0.0005816630  -0.2785507943  -0.0292088472
        0.0110883208   0.0000256156  -0.0000130724  -0.0000113916  -0.0000752445
        0.0000254425   0.0000143244   0.0000585049   0.0000260295   0.0000032039
       -0.0000110363   0.0000243550  -0.0000002390   0.0001438628   0.0001197876
       -0.0001322575  -0.0002056937  -0.0002233902   0.0000065679  -0.0000623609
       -0.0000309160  -0.0000807217   0.0001811272   0.0004359013  -0.0000506322
        0.0004337365  -0.0001726020   0.0004032818  -0.0002934576   0.0000620639
        0.0000146510   0.0001034770  -0.0000259507   0.0002084205   0.0004239890
        0.0001823365  -0.0003475460  -0.0107235232  -0.0036808791   0.0024193388
        0.3226915043   0.0351813598  -0.0119034196  -0.0187151676   0.0005852415
        0.0031692881
       -0.0000637778   0.0000934447   0.0000207667  -0.0000483459  -0.0001200737
       -0.0001592017   0.0003337487  -0.0001668632   0.0000189948  -0.0010193932
        0.0002033048  -0.0009902820  -0.0028587539  -0.0003454556  -0.0005141251
        0.0004129518   0.0001278169   0.0004416523  -0.0290334061  -0.0474966496
        0.0013014440   0.0000031124   0.0000044484   0.0000023026  -0.0000312384
        0.0000076867  -0.0000060827   0.0000176737  -0.0000128003   0.0000050811
       -0.0000085614   0.0000184983  -0.0000250927  -0.0000080744  -0.0001364519
        0.0000301952  -0.0000464657   0.0001737580  -0.0000378049   0.0001012060
        0.0001007613   0.0000351610   0.0000759791   0.0000870949  -0.0000769235
       -0.0006190439  -0.0000972717  -0.0002493149   0.0001223973  -0.0001164777
       -0.0000666495  -0.0000752923  -0.0001130920  -0.0000437670  -0.0000310605
       -0.0000095718   0.0004690072  -0.0293389829  -0.0060081436   0.0034583118
        0.0351813598   0.0521527398  -0.0008706188   0.0269339672   0.0016532972
       -0.0027430538
       -0.0003726370   0.0001523804   0.0000708743  -0.0000359277  -0.0006013267
       -0.0004829186   0.0002664173  -0.0000581127   0.0001866742  -0.0052456901
       -0.0011968005  -0.0055385178  -0.0256741134  -0.0033385601  -0.0005567723
       -0.0004244457  -0.0002976426   0.0002328388   0.0107948400   0.0013237632
       -0.0420162557   0.0000326887   0.0000157698   0.0000406276  -0.0000786535
       -0.0000015205   0.0000038739   0.0000344975   0.0000120352  -0.0000250787
        0.0000413057  -0.0000456647  -0.0000095056  -0.0000940215  -0.0000822565
        0.0000021215  -0.0000124280   0.0001654791  -0.0000319982   0.0001003267
        0.0000026761   0.0000222479   0.0001388750   0.0002800483  -0.0000788259
       -0.0007601531  -0.0000251725   0.0007280116   0.0000888759  -0.0000162230
       -0.0000857453   0.0001085061  -0.0000905344   0.0001078072   0.0000529226
        0.0003719746  -0.0005216571   0.0173361978   0.0035843495  -0.0010877787
       -0.0119034196  -0.0008706188   0.0497667719   0.0156060364   0.0007159569
       -0.0007267950
       -0.0000846076   0.0000391766   0.0000803687   0.0001733320  -0.0000420406
       -0.0002945066  -0.0018600089  -0.0003514167  -0.0002603275   0.0002958557
       -0.0000833910   0.0003080132   0.0051004499  -0.0070968737  -0.0035062677
        0.0001994873  -0.0003720440   0.0002319150  -0.0838214546   0.0771819557
        0.0461209698   0.0000500070   0.0000562287   0.0000720499   0.0000080169
        0.0000057310  -0.0000038217   0.0000072150  -0.0000047306  -0.0000118466
        0.0000493246   0.0000020565   0.0000324154  -0.0002043067  -0.0002428457
        0.0001533155  -0.0019578733   0.0015468054  -0.0001230376  -0.0000768307
        0.0001791197   0.0000756069  -0.0000364557  -0.0000550369   0.0000046358
        0.0005635026  -0.0004998281  -0.0022103672   0.0002691157  -0.0000788773
        0.0000483517  -0.0000760118  -0.0000939920  -0.0000421013  -0.0002824056
        0.0001215916   0.0001211775   0.0028452563  -0.0047676819  -0.0024463674
       -0.0187151676   0.0269339672   0.0156060364   0.0975535594  -0.0923778740
       -0.0539562121
        0.0000174921   0.0000695388   0.0000115365  -0.0001426382  -0.0001224375
       -0.0004913533   0.0010498634   0.0001623106   0.0003177880  -0.0003716325
        0.0002891148   0.0006899076   0.0012950413  -0.0041714701  -0.0055330487
       -0.0002678657   0.0011680430   0.0013617687   0.0773060121  -0.1922119832
       -0.0872364770   0.0000264223  -0.0000135910   0.0000131490  -0.0000002423
        0.0000235548   0.0000071162  -0.0000067244  -0.0000666615   0.0000005148
       -0.0000048211   0.0000168506   0.0000370981  -0.0004687362  -0.0003643104
        0.0001438820   0.0007407749   0.0006564617  -0.0000255219   0.0002845069
       -0.0001183001   0.0001077137   0.0001570637  -0.0003340609  -0.0003133032
       -0.0005381567   0.0003714875  -0.0012613068   0.0000201378   0.0002503706
        0.0001079207   0.0000424305  -0.0001245527   0.0001809169   0.0000247117
       -0.0000970981  -0.0000654814   0.0126289928  -0.0282269152  -0.0113498836
        0.0005852415   0.0016532972   0.0007159569  -0.0923778740   0.2211903511
        0.1025811068
        0.0000469606   0.0000715270  -0.0000025159  -0.0001454818  -0.0001107205
       -0.0001224229   0.0002178114  -0.0001969950   0.0001348756  -0.0004909603
        0.0003182557   0.0014055484   0.0122778686  -0.0223290664  -0.0171819093
        0.0002959286  -0.0011266405   0.0011593358   0.0465934001  -0.0884765100
       -0.0948868412   0.0000388940  -0.0000132584  -0.0000036973   0.0000025386
        0.0000308380   0.0000062019   0.0000396228   0.0000071981  -0.0000010133
       -0.0000422752   0.0000128404  -0.0002072062   0.0001088915   0.0001392390
        0.0000529531  -0.0004518250   0.0004278478   0.0007700892   0.0001976855
        0.0000503820   0.0000307823  -0.0000358586  -0.0000106348  -0.0002196941
       -0.0016148461  -0.0016610996  -0.0069566901  -0.0003808393   0.0007240708
       -0.0002924808   0.0000381098  -0.0000348266   0.0004244819   0.0001175310
       -0.0000379724  -0.0001231566  -0.0060262319   0.0123774724   0.0070730730
        0.0031692881  -0.0027430538  -0.0007267950  -0.0539562121   0.1025811068
        0.1096670813
