$hessian                                                                        
        0.4874379144  -0.0272529236  -0.0180608594  -0.1301588602  -0.0592984683
       -0.0331967967  -0.0177358231  -0.0092093783  -0.0118742574   0.0005531012
       -0.0001172238   0.0002700661   0.0001783148  -0.0000006268   0.0000241127
       -0.0000844926  -0.0000885218   0.0000471047  -0.1024478852  -0.0523517540
        0.0888410148  -0.1410864022   0.0847560224  -0.0821996490  -0.0864778796
        0.0708609775   0.0613161329   0.0070561241   0.0058394440   0.0027649746
       -0.0151398772  -0.0141851801  -0.0052836711  -0.0021369654   0.0013689675
       -0.0028533905   0.0009882250  -0.0000854757   0.0009750784   0.0000339616
       -0.0002230165  -0.0001243225  -0.0007337129   0.0000209859  -0.0006222348
       -0.0001708342  -0.0000791678   0.0000138994  -0.0000749087   0.0000453395
       -0.0000372022
       -0.0272529236   0.5012895575  -0.0126730313  -0.0574401656  -0.1192436453
       -0.0318765189   0.0058900394   0.0079429034   0.0033081950  -0.0004019121
       -0.0000918360  -0.0003737146  -0.0003128045  -0.0005343838   0.0000800248
        0.0003199888   0.0002997705  -0.0000106191  -0.0522164790  -0.0924939996
        0.0795382577   0.0843708560  -0.1136783928   0.0714973785   0.0711324812
       -0.1567826801  -0.0968146603  -0.0161432453  -0.0180688595  -0.0119711217
       -0.0121820800  -0.0099337172  -0.0039772435   0.0023007041   0.0000690808
        0.0025285401   0.0009090963   0.0006718448   0.0000240458   0.0001823335
        0.0002014841   0.0000957669   0.0007208443   0.0001649192   0.0006575296
        0.0000634670   0.0001390376  -0.0000180885   0.0000597995   0.0000489163
       -0.0000147405
       -0.0180608594  -0.0126730313   0.5154917954  -0.0332048378  -0.0328056755
       -0.0860466556  -0.0158002913  -0.0092481951  -0.0101797564   0.0000001827
        0.0000142578  -0.0000354076   0.0001295411   0.0000703848  -0.0004130987
       -0.0001600858  -0.0000656826   0.0000439947   0.0887498064   0.0796179193
       -0.1749719148  -0.0822631257   0.0718029649  -0.1148495077   0.0616015046
       -0.0964044385  -0.1276133116  -0.0113868461  -0.0135742788  -0.0076194013
        0.0142743825   0.0130999378   0.0072559275  -0.0031183381   0.0014746547
       -0.0023482245  -0.0007445796  -0.0008866171   0.0007573400  -0.0000404330
       -0.0001807335   0.0000002043  -0.0000093833  -0.0002927332   0.0003158439
        0.0000081779   0.0001472967   0.0001051966   0.0000251848  -0.0000960305
        0.0001069760
       -0.1301588602  -0.0574401656  -0.0332048378   0.4840682653   0.0001216617
       -0.0394108305  -0.1092329237   0.0326150055  -0.0491543817  -0.0124816655
        0.0118139500  -0.0081032566   0.0003415906  -0.0001380410   0.0000421328
       -0.0003258598  -0.0001467091  -0.0001062663  -0.0148181808  -0.0132011767
       -0.0040564706  -0.0170496084  -0.0120208817  -0.0103800328   0.0085503840
        0.0052330898   0.0033675186  -0.0915743956   0.0769583780   0.0551649259
       -0.1086997866  -0.0484214752   0.0929136870  -0.0150198065   0.0077301554
       -0.0168020692   0.0079652173  -0.0055503749   0.0090394961  -0.0013182663
        0.0024524002   0.0008913741   0.0004081070  -0.0008062516  -0.0001743908
       -0.0007730674   0.0007057573   0.0001058249   0.0001188567   0.0000946780
       -0.0001324231
       -0.0592984683  -0.1192436453  -0.0328056755   0.0001216617   0.4945980213
        0.0049449204   0.0343901916  -0.0924942186   0.0407264759   0.0159446980
       -0.0137803403   0.0121428931   0.0003586172  -0.0000108455  -0.0000919142
       -0.0003647454  -0.0000757486   0.0000179712  -0.0131059086  -0.0108963778
       -0.0034565093   0.0097547867   0.0081550003   0.0051925772  -0.0147258460
       -0.0168126380  -0.0109991699   0.0773194399  -0.1661455352  -0.0823390812
       -0.0488108545  -0.0808409214   0.0676767144  -0.0108394668   0.0070255357
       -0.0123645977   0.0066182438  -0.0069872432   0.0118245171   0.0029314922
       -0.0032317980  -0.0013905077  -0.0001824501   0.0005089014   0.0004935482
       -0.0000932064   0.0003424148   0.0001961034  -0.0000181850  -0.0001105616
        0.0002317346
       -0.0331967967  -0.0318765189  -0.0860466556  -0.0394108305   0.0049449204
        0.5071474638  -0.0462423166   0.0377450157  -0.1224275223   0.0037945307
       -0.0015633917   0.0085050572  -0.0003142035   0.0001857213  -0.0000741057
        0.0001720492   0.0001148304   0.0000485351   0.0148141256   0.0133871044
        0.0077958302  -0.0145457262  -0.0101156864  -0.0081508042  -0.0120950939
       -0.0136283668  -0.0083455637   0.0548927274  -0.0821424959  -0.0994565257
        0.0928270905   0.0675530163  -0.1690066619  -0.0101863668   0.0050059583
       -0.0100624358  -0.0131633386   0.0138705632  -0.0204913971   0.0017240492
       -0.0026979891   0.0001803553  -0.0000557094  -0.0000131190   0.0004189390
        0.0008174054  -0.0006668814  -0.0001049719   0.0001684042  -0.0001026807
        0.0000704631
       -0.0177358231   0.0058900394  -0.0158002913  -0.1092329237   0.0343901916
       -0.0462423166   0.4977491750   0.0410633684  -0.0115167712  -0.0983789168
        0.0477112526   0.0218529406  -0.0158851431   0.0116414542   0.0125643171
        0.0000214110   0.0013006154   0.0008899675   0.0005694775   0.0009281051
       -0.0005981218  -0.0031182025  -0.0025374203  -0.0024320589   0.0004770894
        0.0003620851   0.0003069306  -0.0116950217   0.0113604564  -0.0104706933
        0.0086925017  -0.0065928753   0.0081300443  -0.1340600948  -0.0997471458
       -0.0527232516  -0.1139702579  -0.0500240871   0.0945032006  -0.0108184737
        0.0161496309   0.0048479544   0.0087636291  -0.0117245608  -0.0055832780
        0.0004485198   0.0002553298  -0.0008666060  -0.0018269460  -0.0004264396
        0.0031380333
       -0.0092093783   0.0079429034  -0.0092481951   0.0326150055  -0.0924942186
        0.0377450157   0.0410633684   0.4932100305  -0.0056687612   0.0470286029
       -0.1392582688  -0.0359527873  -0.0002510654   0.0067652939  -0.0013190264
       -0.0003889169   0.0007448657   0.0004058901  -0.0002232217   0.0008178717
       -0.0006688722  -0.0033717432  -0.0013963393  -0.0022604072   0.0001198379
        0.0004528373  -0.0001817816   0.0163542843  -0.0140409417   0.0142981098
        0.0069004784  -0.0068904123   0.0110577680  -0.0997958235  -0.1481059105
       -0.0576821325  -0.0491518719  -0.0744549331   0.0628410935   0.0104039008
       -0.0136318362  -0.0043410583   0.0096714976  -0.0203652895  -0.0110572596
       -0.0000676041   0.0003382467   0.0000560331  -0.0016973506   0.0003661008
        0.0019763713
       -0.0118742574   0.0033081950  -0.0101797564  -0.0491543817   0.0407264759
       -0.1224275223  -0.0115167712  -0.0056687612   0.4884777734   0.0254135738
       -0.0393931837  -0.0855137385   0.0156861298  -0.0146175277  -0.0118598222
       -0.0005025714  -0.0004820329   0.0003023819   0.0011086069   0.0001833201
        0.0011109224  -0.0015294445  -0.0014930259  -0.0005361085   0.0001344308
        0.0003113663   0.0001283533   0.0064584863  -0.0057716939   0.0067177025
       -0.0131394685   0.0139214535  -0.0192530683  -0.0532686358  -0.0579155787
       -0.0760995307   0.0943169177   0.0633251664  -0.1693931145  -0.0105640669
        0.0154870124   0.0062038623   0.0056522054  -0.0122829782  -0.0054453797
       -0.0002515017  -0.0005148865   0.0006019124   0.0030307483   0.0008766791
       -0.0028348672
        0.0005531012  -0.0004019121   0.0000001827  -0.0124816655   0.0159446980
        0.0037945307  -0.0983789168   0.0470286029   0.0254135738   0.4850570371
        0.0123536572   0.0445089741  -0.1084758521  -0.0146663091   0.0608522105
       -0.0222306021  -0.0170589028   0.0054038052  -0.0000645644   0.0001022073
        0.0000102620  -0.0000169168   0.0001876111   0.0001404900  -0.0008341124
        0.0007438307  -0.0002818756  -0.0021334404   0.0023777521  -0.0022289031
        0.0004088108  -0.0005503391   0.0004843769   0.0088210992  -0.0118454609
       -0.0068853574  -0.0115806811   0.0140997327   0.0109121312  -0.1048446915
        0.0501684315  -0.0900440157  -0.1295255694  -0.0977666636  -0.0594098581
        0.0078406454   0.0018851534  -0.0069145787  -0.0121136809  -0.0026020891
        0.0142440515
       -0.0001172238  -0.0000918360   0.0000142578   0.0118139500  -0.0137803403
       -0.0015633917   0.0477112526  -0.1392582688  -0.0393931837   0.0123536572
        0.4853268349   0.0025773513  -0.0184954000  -0.0721032657   0.0325122123
       -0.0187352512  -0.0111358997   0.0056705026  -0.0000282446   0.0000164547
        0.0000876060  -0.0002280034  -0.0000509539  -0.0001836240  -0.0000247903
        0.0003891818  -0.0002423281   0.0019906270  -0.0008322368   0.0019575138
       -0.0001540962   0.0003501413  -0.0004871211   0.0103360284  -0.0218768532
       -0.0125541079  -0.0032997039   0.0052234849   0.0031177049   0.0502729828
       -0.0849409038   0.0736239511  -0.0981685552  -0.1474418714  -0.0624001529
       -0.0084899097  -0.0045707149   0.0130100487   0.0132626803   0.0047770469
       -0.0157472393
        0.0002700661  -0.0003737146  -0.0000354076  -0.0081032566   0.0121428931
        0.0085050572   0.0218529406  -0.0359527873  -0.0855137385   0.0445089741
        0.0025773513   0.5034381954   0.0572871094   0.0271984036  -0.1364590180
       -0.0033700920  -0.0012674041   0.0077671359  -0.0001590028   0.0000263407
        0.0000298418  -0.0001466548   0.0001409570   0.0001520765  -0.0005726891
        0.0005240167  -0.0000505485  -0.0029853056   0.0030423379  -0.0017243821
        0.0002808111  -0.0000192477   0.0005743049   0.0057866227  -0.0124627209
       -0.0060201667   0.0138844914  -0.0166709807  -0.0119350805  -0.0913695356
        0.0730804624  -0.1701783153  -0.0596207981  -0.0631873594  -0.0798523419
        0.0131544832   0.0089332624  -0.0192339878   0.0093018360   0.0022681895
       -0.0094636246
        0.0001783148  -0.0003128045   0.0001295411   0.0003415906   0.0003586172
       -0.0003142035  -0.0158851431  -0.0002510654   0.0156861298  -0.1084758521
       -0.0184954000   0.0572871094   0.3836082372  -0.1088352787  -0.0204606626
       -0.0599442123  -0.0311154962  -0.0238397171  -0.0001237583   0.0000626914
       -0.0000547902  -0.0000116470  -0.0000460061   0.0000899642  -0.0003038594
        0.0000402801  -0.0000735514   0.0000227708  -0.0001939890   0.0000872828
       -0.0009748927   0.0004105143   0.0008314618   0.0004954515  -0.0011450795
       -0.0010930358  -0.0019023593   0.0026103025   0.0018442800   0.0074490976
        0.0028088485  -0.0083631773  -0.0157338792  -0.0100036553   0.0124003798
       -0.0878883560   0.0599966652  -0.0792797815  -0.1008515030   0.1041108558
        0.0451227705
       -0.0000006268  -0.0005343838   0.0000703848  -0.0001380410  -0.0000108455
        0.0001857213   0.0116414542   0.0067652939  -0.0146175277  -0.0146663091
       -0.0721032657   0.0271984036  -0.1088352787   0.4262305430  -0.0402706162
       -0.0302265184  -0.0572718789  -0.0214992426  -0.0000499820   0.0001029352
        0.0000082960  -0.0000340179   0.0000558897   0.0000163101  -0.0001473335
        0.0001806127   0.0000036008   0.0001995123   0.0002273489  -0.0002281842
        0.0010277684  -0.0002196458  -0.0004229003   0.0000546007   0.0003068756
       -0.0005045613   0.0030624600  -0.0027407642  -0.0029986121  -0.0091170591
       -0.0055297901   0.0122781202  -0.0146527291  -0.0082625342   0.0119611074
        0.0607465062  -0.0995343926   0.0923999531   0.1011355939  -0.1876619983
       -0.0635802530
        0.0000241127   0.0000800248  -0.0004130987   0.0000421328  -0.0000919142
       -0.0000741057   0.0125643171  -0.0013190264  -0.0118598222   0.0608522105
        0.0325122123  -0.1364590180  -0.0204606626  -0.0402706162   0.4494656172
       -0.0253858931  -0.0230701706  -0.0414609076  -0.0000777070  -0.0000302198
        0.0000027761  -0.0001195732   0.0000858681   0.0000159569  -0.0001688827
       -0.0000516569   0.0002704805  -0.0002326843   0.0001996347   0.0000025568
       -0.0003472147   0.0003297688   0.0005308571  -0.0002062568   0.0003807840
        0.0002371402   0.0017804096  -0.0021816411  -0.0005305054   0.0154855643
        0.0112475328  -0.0228592180  -0.0042151887  -0.0022665624   0.0055038127
       -0.0818379206   0.0891198923  -0.1722350092   0.0423032365  -0.0646739101
       -0.0701375127
       -0.0000844926   0.0003199888  -0.0001600858  -0.0003258598  -0.0003647454
        0.0001720492   0.0000214110  -0.0003889169  -0.0005025714  -0.0222306021
       -0.0187352512  -0.0033700920  -0.0599442123  -0.0302265184  -0.0253858931
        0.0969669772   0.0675961199   0.0381942783   0.0002206431  -0.0000206313
        0.0000087517   0.0001163919   0.0000604271  -0.0000082638   0.0001812175
       -0.0001282403  -0.0000468521   0.0002083766  -0.0000208187   0.0000479016
       -0.0001665725   0.0003168942  -0.0005011044  -0.0008094095   0.0007862816
        0.0011029249   0.0004792156  -0.0002975387  -0.0001582906   0.0013919574
        0.0004565622   0.0002319527  -0.0030367372  -0.0019323481   0.0037575696
       -0.0154301622  -0.0134708951  -0.0117171504   0.0024418578  -0.0039503697
       -0.0016651244
       -0.0000885218   0.0002997705  -0.0000656826  -0.0001467091  -0.0000757486
        0.0001148304   0.0013006154   0.0007448657  -0.0004820329  -0.0170589028
       -0.0111358997  -0.0012674041  -0.0311154962  -0.0572718789  -0.0230701706
        0.0675961199   0.0836397632   0.0375637250   0.0001822636  -0.0000477713
       -0.0000466584   0.0000992259   0.0000248878   0.0000139898   0.0001029356
       -0.0001661281  -0.0000262663   0.0001577318  -0.0001061842   0.0000122907
       -0.0001842289   0.0002316280  -0.0004239780   0.0005665640   0.0009949823
        0.0005817867   0.0004809684  -0.0001297632  -0.0000984061   0.0008439291
       -0.0000182644  -0.0000389569  -0.0021869401  -0.0008622607   0.0025688532
       -0.0019520652   0.0027757454  -0.0023033104  -0.0185974896  -0.0188977440
       -0.0130326096
        0.0000471047  -0.0000106191   0.0000439947  -0.0001062663   0.0000179712
        0.0000485351   0.0008899675   0.0004058901   0.0003023819   0.0054038052
        0.0056705026   0.0077671359  -0.0238397171  -0.0214992426  -0.0414609076
        0.0381942783   0.0375637250   0.0467047314   0.0000598482   0.0000396690
        0.0000257060   0.0001052215  -0.0000098331   0.0000259558   0.0001389389
        0.0000130651  -0.0001036897   0.0000805372  -0.0000262779  -0.0000051203
       -0.0001206042   0.0000640277  -0.0002067652   0.0008647630   0.0005843435
        0.0000943337   0.0001168885   0.0001280632  -0.0000033139   0.0004973983
        0.0001303321   0.0010956334   0.0024191013   0.0011310736  -0.0009635926
       -0.0157770521  -0.0139277835  -0.0086658945  -0.0089742129  -0.0102749068
       -0.0046991241
       -0.1024478852  -0.0522164790   0.0887498064  -0.0148181808  -0.0131059086
        0.0148141256   0.0005694775  -0.0002232217   0.0011086069  -0.0000645644
       -0.0000282446  -0.0001590028  -0.0001237583  -0.0000499820  -0.0000777070
        0.0002206431   0.0001822636   0.0000598482   0.1190097273   0.0645478838
       -0.1022599953   0.0093745858   0.0094235680  -0.0150547857  -0.0087265414
       -0.0053917164   0.0148391277   0.0005491235   0.0004878399   0.0001544865
       -0.0034932104  -0.0041235963  -0.0017001792   0.0003354587   0.0000936548
        0.0000538717  -0.0001644290   0.0000912797  -0.0007553718  -0.0000093973
        0.0000397908  -0.0000176666  -0.0003374285   0.0002598253   0.0003290271
        0.0000990557  -0.0000049601  -0.0000541133   0.0000273239   0.0000180028
       -0.0000300785
       -0.0523517540  -0.0924939996   0.0796179193  -0.0132011767  -0.0108963778
        0.0133871044   0.0009281051   0.0008178717   0.0001833201   0.0001022073
        0.0000164547   0.0000263407   0.0000626914   0.0001029352  -0.0000302198
       -0.0000206313  -0.0000477713   0.0000396690   0.0645478838   0.1064158668
       -0.0926554558  -0.0078199437  -0.0101911698   0.0174698745   0.0111075478
        0.0089624316  -0.0168249120   0.0000229733  -0.0000511395   0.0005375769
       -0.0035826757  -0.0027833397  -0.0014558268   0.0002902680  -0.0000843638
        0.0001131320  -0.0001560712   0.0003089998  -0.0003012487   0.0000337836
       -0.0000220262   0.0000104210   0.0000882589   0.0000578081  -0.0000741296
       -0.0000361347  -0.0001221580  -0.0000283812  -0.0000153320   0.0000099778
       -0.0000151842
        0.0888410148   0.0795382577  -0.1749719148  -0.0040564706  -0.0034565093
        0.0077958302  -0.0005981218  -0.0006688722   0.0011109224   0.0000102620
        0.0000876060   0.0000298418  -0.0000547902   0.0000082960   0.0000027761
        0.0000087517  -0.0000466584   0.0000257060  -0.1022599953  -0.0926554558
        0.2011783051   0.0080840073   0.0110267842  -0.0171971242   0.0119703030
        0.0075231851  -0.0184620944  -0.0002623949   0.0000895529   0.0004277309
       -0.0019462476  -0.0012080009   0.0002928235  -0.0000177737   0.0000053357
       -0.0000208750   0.0000991770  -0.0000486024  -0.0000124693  -0.0000154048
       -0.0000582813  -0.0000065614   0.0003122719  -0.0000996240  -0.0001462968
       -0.0001149773  -0.0000370078  -0.0000243699   0.0000003883  -0.0000000055
       -0.0000222303
       -0.1410864022   0.0843708560  -0.0822631257  -0.0170496084   0.0097547867
       -0.0145457262  -0.0031182025  -0.0033717432  -0.0015294445  -0.0000169168
       -0.0002280034  -0.0001466548  -0.0000116470  -0.0000340179  -0.0001195732
        0.0001163919   0.0000992259   0.0001052215   0.0093745858  -0.0078199437
        0.0080840073   0.1636242653  -0.0961959883   0.0984683483  -0.0117304937
        0.0126346572  -0.0075206747   0.0008254774   0.0003956711   0.0001690214
       -0.0001445827   0.0003242961   0.0001330955  -0.0008851297   0.0003817756
       -0.0010694393   0.0000118720  -0.0001371043   0.0001616865   0.0000515543
       -0.0000186451   0.0000328955   0.0001181522  -0.0001548547   0.0001156260
       -0.0000883522   0.0000353485  -0.0000691142   0.0000090360  -0.0000363166
       -0.0000061495
        0.0847560224  -0.1136783928   0.0718029649  -0.0120208817   0.0081550003
       -0.0101156864  -0.0025374203  -0.0013963393  -0.0014930259   0.0001876111
       -0.0000509539   0.0001409570  -0.0000460061   0.0000558897   0.0000858681
        0.0000604271   0.0000248878  -0.0000098331   0.0094235680  -0.0101911698
        0.0110267842  -0.0961959883   0.1316290314  -0.0816922764   0.0173428402
       -0.0161098749   0.0114089923  -0.0004734651   0.0008272398  -0.0001829298
        0.0001331718   0.0003011239  -0.0001985965  -0.0005506843   0.0002658093
       -0.0007186201   0.0000078822  -0.0001261355  -0.0001240797   0.0000070447
        0.0000916868   0.0000316042  -0.0000968489   0.0002331032   0.0000055590
        0.0000190052  -0.0000512433   0.0000374433  -0.0000162779   0.0000203373
       -0.0000051249
       -0.0821996490   0.0714973785  -0.1148495077  -0.0103800328   0.0051925772
       -0.0081508042  -0.0024320589  -0.0022604072  -0.0005361085   0.0001404900
       -0.0001836240   0.0001520765   0.0000899642   0.0000163101   0.0000159569
       -0.0000082638   0.0000139898   0.0000259558  -0.0150547857   0.0174698745
       -0.0171971242   0.0984683483  -0.0816922764   0.1315925880   0.0117323977
       -0.0104982896   0.0093493588  -0.0000940637   0.0002867984  -0.0002355621
        0.0003001849   0.0000941490   0.0003320813  -0.0007320265   0.0001779274
       -0.0006337706   0.0001086530  -0.0001189240   0.0002576430   0.0001055824
        0.0000624038   0.0000321004   0.0000154378  -0.0000031211  -0.0001768787
       -0.0000543909  -0.0000545539   0.0000248196  -0.0000057871  -0.0000002126
       -0.0000028244
       -0.0864778796   0.0711324812   0.0616015046   0.0085503840  -0.0147258460
       -0.0120950939   0.0004770894   0.0001198379   0.0001344308  -0.0008341124
       -0.0000247903  -0.0005726891  -0.0003038594  -0.0001473335  -0.0001688827
        0.0001812175   0.0001029356   0.0001389389  -0.0087265414   0.0111075478
        0.0119703030  -0.0117304937   0.0173428402   0.0117323977   0.1010485548
       -0.0820557057  -0.0693879521  -0.0020900154  -0.0035915950  -0.0025105059
        0.0008917135   0.0000023859  -0.0003644611  -0.0000494448   0.0000935710
        0.0001372249  -0.0001059772   0.0000106632   0.0000383136   0.0001166102
       -0.0000053669   0.0000486236  -0.0007118169   0.0008516408  -0.0009658018
       -0.0002006425  -0.0002723176   0.0001914841  -0.0000347860   0.0000590514
        0.0000721655
        0.0708609775  -0.1567826801  -0.0964044385   0.0052330898  -0.0168126380
       -0.0136283668   0.0003620851   0.0004528373   0.0003113663   0.0007438307
        0.0003891818   0.0005240167   0.0000402801   0.0001806127  -0.0000516569
       -0.0001282403  -0.0001661281   0.0000130651  -0.0053917164   0.0089624316
        0.0075231851   0.0126346572  -0.0161098749  -0.0104982896  -0.0820557057
        0.1831356103   0.1138855448  -0.0035036394  -0.0032010838  -0.0024220104
        0.0006030161   0.0002027436   0.0000164283   0.0002141439  -0.0000777723
        0.0000267321  -0.0000080300  -0.0001637891   0.0000226362   0.0000202236
       -0.0000670974   0.0000523739   0.0006147911   0.0002726137   0.0004050456
       -0.0003388479  -0.0001914690   0.0001689084   0.0000990845  -0.0000234984
        0.0000554596
        0.0613161329  -0.0968146603  -0.1276133116   0.0033675186  -0.0109991699
       -0.0083455637   0.0003069306  -0.0001817816   0.0001283533  -0.0002818756
       -0.0002423281  -0.0000505485  -0.0000735514   0.0000036008   0.0002704805
       -0.0000468521  -0.0000262663  -0.0001036897   0.0148391277  -0.0168249120
       -0.0184620944  -0.0075206747   0.0114089923   0.0093493588  -0.0693879521
        0.1138855448   0.1448655433  -0.0021973095  -0.0022416232  -0.0005778571
        0.0002510473   0.0007885584   0.0006987116   0.0001387967   0.0001109878
        0.0000675284   0.0001893829  -0.0001249405  -0.0001682348   0.0002200565
        0.0001365563   0.0000332303  -0.0011772834   0.0011124481  -0.0002625792
       -0.0000017125  -0.0000354367   0.0001543563   0.0000582181   0.0000444301
        0.0000163165
        0.0070561241  -0.0161432453  -0.0113868461  -0.0915743956   0.0773194399
        0.0548927274  -0.0116950217   0.0163542843   0.0064584863  -0.0021334404
        0.0019906270  -0.0029853056   0.0000227708   0.0001995123  -0.0002326843
        0.0002083766   0.0001577318   0.0000805372   0.0005491235   0.0000229733
       -0.0002623949   0.0008254774  -0.0004734651  -0.0000940637  -0.0020900154
       -0.0035036394  -0.0021973095   0.1096260254  -0.0893718904  -0.0580310485
       -0.0104422574   0.0130996845   0.0132588778  -0.0003943392   0.0002435184
        0.0003243093   0.0006147605  -0.0003135690   0.0003057088  -0.0006665993
        0.0009225654   0.0002459097  -0.0000763426  -0.0002570164  -0.0000991068
        0.0001993902  -0.0001738579  -0.0001914124  -0.0000296370  -0.0000736532
       -0.0000863849
        0.0058394440  -0.0180688595  -0.0135742788   0.0769583780  -0.1661455352
       -0.0821424959   0.0113604564  -0.0140409417  -0.0057716939   0.0023777521
       -0.0008322368   0.0030423379  -0.0001939890   0.0002273489   0.0001996347
       -0.0000208187  -0.0001061842  -0.0000262779   0.0004878399  -0.0000511395
        0.0000895529   0.0003956711   0.0008272398   0.0002867984  -0.0035915950
       -0.0032010838  -0.0022416232  -0.0893718904   0.1942089868   0.0965131366
       -0.0042487595   0.0076115191   0.0045050875  -0.0002014763   0.0006095120
       -0.0002627947  -0.0001615847  -0.0002901487  -0.0003005252   0.0006194561
       -0.0009568163  -0.0002590036  -0.0001875380   0.0002255070   0.0000048347
        0.0000403559  -0.0001040054  -0.0000095525  -0.0001017020   0.0000868375
       -0.0000531369
        0.0027649746  -0.0119711217  -0.0076194013   0.0551649259  -0.0823390812
       -0.0994565257  -0.0104706933   0.0142981098   0.0067177025  -0.0022289031
        0.0019575138  -0.0017243821   0.0000872828  -0.0002281842   0.0000025568
        0.0000479016   0.0000122907  -0.0000051203   0.0001544865   0.0005375769
        0.0004277309   0.0001690214  -0.0001829298  -0.0002355621  -0.0025105059
       -0.0024220104  -0.0005778571  -0.0580310485   0.0965131366   0.1172868686
        0.0156800028  -0.0176378084  -0.0163064504   0.0001130096   0.0003455069
        0.0005487888  -0.0002802096   0.0002710483   0.0006161832  -0.0005144682
        0.0007730351   0.0001893867   0.0000269136   0.0000441059  -0.0001313774
       -0.0001651181   0.0000546036   0.0001657779  -0.0000075721  -0.0000257919
        0.0001016811
       -0.0151398772  -0.0121820800   0.0142743825  -0.1086997866  -0.0488108545
        0.0928270905   0.0086925017   0.0069004784  -0.0131394685   0.0004088108
       -0.0001540962   0.0002808111  -0.0009748927   0.0010277684  -0.0003472147
       -0.0001665725  -0.0001842289  -0.0001206042  -0.0034932104  -0.0035826757
       -0.0019462476  -0.0001445827   0.0001331718   0.0003001849   0.0008917135
        0.0006030161   0.0002510473  -0.0104422574  -0.0042487595   0.0156800028
        0.1303812904   0.0574498924  -0.1058338836   0.0005689464   0.0001905784
       -0.0000479748  -0.0012611331   0.0021692075  -0.0029845775  -0.0000802592
       -0.0001819962   0.0000520589  -0.0000744795  -0.0001068434   0.0000308750
       -0.0005931340   0.0010255949   0.0006817830   0.0001269226  -0.0000481734
        0.0000417348
       -0.0141851801  -0.0099337172   0.0130999378  -0.0484214752  -0.0808409214
        0.0675530163  -0.0065928753  -0.0068904123   0.0139214535  -0.0005503391
        0.0003501413  -0.0000192477   0.0004105143  -0.0002196458   0.0003297688
        0.0003168942   0.0002316280   0.0000640277  -0.0041235963  -0.0027833397
       -0.0012080009   0.0003242961   0.0003011239   0.0000941490   0.0000023859
        0.0002027436   0.0007885584   0.0130996845   0.0076115191  -0.0176378084
        0.0574498924   0.0934950336  -0.0784391099  -0.0002110263   0.0003579956
       -0.0005424638   0.0017276994  -0.0013088879   0.0031477615  -0.0001471990
        0.0000735631  -0.0001450790  -0.0001489664  -0.0002166159   0.0001289208
        0.0013304313  -0.0004823335  -0.0009921125  -0.0002811404   0.0000521259
       -0.0001437717
       -0.0052836711  -0.0039772435   0.0072559275   0.0929136870   0.0676767144
       -0.1690066619   0.0081300443   0.0110577680  -0.0192530683   0.0004843769
       -0.0004871211   0.0005743049   0.0008314618  -0.0004229003   0.0005308571
       -0.0005011044  -0.0004239780  -0.0002067652  -0.0017001792  -0.0014558268
        0.0002928235   0.0001330955  -0.0001985965   0.0003320813  -0.0003644611
        0.0000164283   0.0006987116   0.0132588778   0.0045050875  -0.0163064504
       -0.1058338836  -0.0784391099   0.1982818508   0.0003094763  -0.0001380188
       -0.0000518764  -0.0029876402   0.0026806982  -0.0035346864   0.0002294278
       -0.0001071712  -0.0000345720   0.0000301989  -0.0000315016  -0.0001450706
        0.0002807384  -0.0002151941   0.0005893702   0.0000695548  -0.0000400347
       -0.0000167757
       -0.0021369654   0.0023007041  -0.0031183381  -0.0150198065  -0.0108394668
       -0.0101863668  -0.1340600948  -0.0997958235  -0.0532686358   0.0088210992
        0.0103360284   0.0057866227   0.0004954515   0.0000546007  -0.0002062568
       -0.0008094095   0.0005665640   0.0008647630   0.0003354587   0.0002902680
       -0.0000177737  -0.0008851297  -0.0005506843  -0.0007320265  -0.0000494448
        0.0002141439   0.0001387967  -0.0003943392  -0.0002014763   0.0001130096
        0.0005689464  -0.0002110263   0.0003094763   0.1583262699   0.1116049736
        0.0633092937  -0.0146282467  -0.0161366742  -0.0046130956   0.0004706220
       -0.0000462079   0.0002106223  -0.0008297865   0.0025823210   0.0017595908
       -0.0000358271  -0.0001000870  -0.0001282000  -0.0001687974  -0.0000681575
       -0.0002214819
        0.0013689675   0.0000690808   0.0014746547   0.0077301554   0.0070255357
        0.0050059583  -0.0997471458  -0.1481059105  -0.0579155787  -0.0118454609
       -0.0218768532  -0.0124627209  -0.0011450795   0.0003068756   0.0003807840
        0.0007862816   0.0009949823   0.0005843435   0.0000936548  -0.0000843638
        0.0000053357   0.0003817756   0.0002658093   0.0001779274   0.0000935710
       -0.0000777723   0.0001109878   0.0002435184   0.0006095120   0.0003455069
        0.0001905784   0.0003579956  -0.0001380188   0.1116049736   0.1758129296
        0.0677109481  -0.0119116914  -0.0107603404  -0.0030652633  -0.0003837705
       -0.0000458939   0.0000623894   0.0028984193  -0.0043853962  -0.0025130769
       -0.0000742954  -0.0001605588   0.0000110054  -0.0002844520   0.0000543680
        0.0002248173
       -0.0028533905   0.0025285401  -0.0023482245  -0.0168020692  -0.0123645977
       -0.0100624358  -0.0527232516  -0.0576821325  -0.0760995307  -0.0068853574
       -0.0125541079  -0.0060201667  -0.0010930358  -0.0005045613   0.0002371402
        0.0011029249   0.0005817867   0.0000943337   0.0000538717   0.0001131320
       -0.0000208750  -0.0010694393  -0.0007186201  -0.0006337706   0.0001372249
        0.0000267321   0.0000675284   0.0003243093  -0.0002627947   0.0005487888
       -0.0000479748  -0.0005424638  -0.0000518764   0.0633092937   0.0677109481
        0.0876778490   0.0155392278   0.0161407443   0.0072786454  -0.0000896596
        0.0005514640   0.0003094154   0.0013759772  -0.0029987977  -0.0008157548
       -0.0000889407  -0.0001562291  -0.0002208105  -0.0001897107   0.0001309574
        0.0000597440
        0.0009882250   0.0009090963  -0.0007445796   0.0079652173   0.0066182438
       -0.0131633386  -0.1139702579  -0.0491518719   0.0943169177  -0.0115806811
       -0.0032997039   0.0138844914  -0.0019023593   0.0030624600   0.0017804096
        0.0004792156   0.0004809684   0.0001168885  -0.0001644290  -0.0001560712
        0.0000991770   0.0000118720   0.0000078822   0.0001086530  -0.0001059772
       -0.0000080300   0.0001893829   0.0006147605  -0.0001615847  -0.0002802096
       -0.0012611331   0.0017276994  -0.0029876402  -0.0146282467  -0.0119116914
        0.0155392278   0.1343176042   0.0524401306  -0.1094495603  -0.0004913998
       -0.0001562445   0.0002796467   0.0004612628  -0.0002991232  -0.0001956681
       -0.0000357893   0.0000922024  -0.0002870206  -0.0006978839  -0.0001943622
        0.0007932225
       -0.0000854757   0.0006718448  -0.0008866171  -0.0055503749  -0.0069872432
        0.0138705632  -0.0500240871  -0.0744549331   0.0633251664   0.0140997327
        0.0052234849  -0.0166709807   0.0026103025  -0.0027407642  -0.0021816411
       -0.0002975387  -0.0001297632   0.0001280632   0.0000912797   0.0003089998
       -0.0000486024  -0.0001371043  -0.0001261355  -0.0001189240   0.0000106632
       -0.0001637891  -0.0001249405  -0.0003135690  -0.0002901487   0.0002710483
        0.0021692075  -0.0013088879   0.0026806982  -0.0161366742  -0.0107603404
        0.0161407443   0.0524401306   0.0895687563  -0.0748701569   0.0001537882
        0.0006455799  -0.0004643285   0.0001775141   0.0005031485  -0.0001901098
        0.0000235282  -0.0001379946   0.0000250159   0.0007686773   0.0001781858
       -0.0008849984
        0.0009750784   0.0000240458   0.0007573400   0.0090394961   0.0118245171
       -0.0204913971   0.0945032006   0.0628410935  -0.1693931145   0.0109121312
        0.0031177049  -0.0119350805   0.0018442800  -0.0029986121  -0.0005305054
       -0.0001582906  -0.0000984061  -0.0000033139  -0.0007553718  -0.0003012487
       -0.0000124693   0.0001616865  -0.0001240797   0.0002576430   0.0000383136
        0.0000226362  -0.0001682348   0.0003057088  -0.0003005252   0.0006161832
       -0.0029845775   0.0031477615  -0.0035346864  -0.0046130956  -0.0030652633
        0.0072786454  -0.1094495603  -0.0748701569   0.1973088558  -0.0002305676
        0.0003265138   0.0006513308  -0.0000130806   0.0002491910  -0.0002603100
       -0.0001733349  -0.0000175998   0.0002127402   0.0005979836   0.0002224279
       -0.0007536263
        0.0000339616   0.0001823335  -0.0000404330  -0.0013182663   0.0029314922
        0.0017240492  -0.0108184737   0.0104039008  -0.0105640669  -0.1048446915
        0.0502729828  -0.0913695356   0.0074490976  -0.0091170591   0.0154855643
        0.0013919574   0.0008439291   0.0004973983  -0.0000093973   0.0000337836
       -0.0000154048   0.0000515543   0.0000070447   0.0001055824   0.0001166102
        0.0000202236   0.0002200565  -0.0006665993   0.0006194561  -0.0005144682
       -0.0000802592  -0.0001471990   0.0002294278   0.0004706220  -0.0003837705
       -0.0000896596  -0.0004913998   0.0001537882  -0.0002305676   0.1224286008
       -0.0602707379   0.0995956839  -0.0125852340   0.0064280984  -0.0183312041
       -0.0016824965  -0.0015180489   0.0033127575   0.0005544138  -0.0004602175
       -0.0000151801
       -0.0002230165   0.0002014841  -0.0001807335   0.0024524002  -0.0032317980
       -0.0026979891   0.0161496309  -0.0136318362   0.0154870124   0.0501684315
       -0.0849409038   0.0730804624   0.0028088485  -0.0055297901   0.0112475328
        0.0004565622  -0.0000182644   0.0001303321   0.0000397908  -0.0000220262
       -0.0000582813  -0.0000186451   0.0000916868   0.0000624038  -0.0000053669
       -0.0000670974   0.0001365563   0.0009225654  -0.0009568163   0.0007730351
       -0.0001819962   0.0000735631  -0.0001071712  -0.0000462079  -0.0000458939
        0.0005514640  -0.0001562445   0.0006455799   0.0003265138  -0.0602707379
        0.0992032273  -0.0853373223  -0.0110505348   0.0078291796  -0.0151245148
       -0.0011902325   0.0000295810   0.0023458365   0.0001447531   0.0003701246
       -0.0006351368
       -0.0001243225   0.0000957669   0.0000002043   0.0008913741  -0.0013905077
        0.0001803553   0.0048479544  -0.0043410583   0.0062038623  -0.0900440157
        0.0736239511  -0.1701783153  -0.0083631773   0.0122781202  -0.0228592180
        0.0002319527  -0.0000389569   0.0010956334  -0.0000176666   0.0000104210
       -0.0000065614   0.0000328955   0.0000316042   0.0000321004   0.0000486236
        0.0000523739   0.0000332303   0.0002459097  -0.0002590036   0.0001893867
        0.0000520589  -0.0001450790  -0.0000345720   0.0002106223   0.0000623894
        0.0003094154   0.0002796467  -0.0004643285   0.0006513308   0.0995956839
       -0.0853373223   0.2003485241  -0.0107936162   0.0043641416  -0.0124588476
        0.0034763775   0.0014292358  -0.0035268502  -0.0005703009   0.0000282521
        0.0000203214
       -0.0007337129   0.0007208443  -0.0000093833   0.0004081070  -0.0001824501
       -0.0000557094   0.0087636291   0.0096714976   0.0056522054  -0.1295255694
       -0.0981685552  -0.0596207981  -0.0157338792  -0.0146527291  -0.0042151887
       -0.0030367372  -0.0021869401   0.0024191013  -0.0003374285   0.0000882589
        0.0003122719   0.0001181522  -0.0000968489   0.0000154378  -0.0007118169
        0.0006147911  -0.0011772834  -0.0000763426  -0.0001875380   0.0000269136
       -0.0000744795  -0.0001489664   0.0000301989  -0.0008297865   0.0028984193
        0.0013759772   0.0004612628   0.0001775141  -0.0000130806  -0.0125852340
       -0.0110505348  -0.0107936162   0.1539375721   0.1126088795   0.0665349918
        0.0003036641  -0.0000244441  -0.0002808768  -0.0003474005  -0.0000811981
       -0.0002011615
        0.0000209859   0.0001649192  -0.0002927332  -0.0008062516   0.0005089014
       -0.0000131190  -0.0117245608  -0.0203652895  -0.0122829782  -0.0977666636
       -0.1474418714  -0.0631873594  -0.0100036553  -0.0082625342  -0.0022665624
       -0.0019323481  -0.0008622607   0.0011310736   0.0002598253   0.0000578081
       -0.0000996240  -0.0001548547   0.0002331032  -0.0000031211   0.0008516408
        0.0002726137   0.0011124481  -0.0002570164   0.0002255070   0.0000441059
       -0.0001068434  -0.0002166159  -0.0000315016   0.0025823210  -0.0043853962
       -0.0029987977  -0.0002991232   0.0005031485   0.0002491910   0.0064280984
        0.0078291796   0.0043641416   0.1126088795   0.1714413183   0.0744910215
        0.0000731667  -0.0001180721  -0.0000109989   0.0002263995   0.0004155410
       -0.0002051862
       -0.0006222348   0.0006575296   0.0003158439  -0.0001743908   0.0004935482
        0.0004189390  -0.0055832780  -0.0110572596  -0.0054453797  -0.0594098581
       -0.0624001529  -0.0798523419   0.0124003798   0.0119611074   0.0055038127
        0.0037575696   0.0025688532  -0.0009635926   0.0003290271  -0.0000741296
       -0.0001462968   0.0001156260   0.0000055590  -0.0001768787  -0.0009658018
        0.0004050456  -0.0002625792  -0.0000991068   0.0000048347  -0.0001313774
        0.0000308750   0.0001289208  -0.0001450706   0.0017595908  -0.0025130769
       -0.0008157548  -0.0001956681  -0.0001901098  -0.0002603100  -0.0183312041
       -0.0151245148  -0.0124588476   0.0665349918   0.0744910215   0.0936469373
        0.0002003017   0.0002455195   0.0002852319   0.0002531806   0.0003973040
        0.0004876645
       -0.0001708342   0.0000634670   0.0000081779  -0.0007730674  -0.0000932064
        0.0008174054   0.0004485198  -0.0000676041  -0.0002515017   0.0078406454
       -0.0084899097   0.0131544832  -0.0878883560   0.0607465062  -0.0818379206
       -0.0154301622  -0.0019520652  -0.0157770521   0.0000990557  -0.0000361347
       -0.0001149773  -0.0000883522   0.0000190052  -0.0000543909  -0.0002006425
       -0.0003388479  -0.0000017125   0.0001993902   0.0000403559  -0.0001651181
       -0.0005931340   0.0013304313   0.0002807384  -0.0000358271  -0.0000742954
       -0.0000889407  -0.0000357893   0.0000235282  -0.0001733349  -0.0016824965
       -0.0011902325   0.0034763775   0.0003036641   0.0000731667   0.0002003017
        0.1058430350  -0.0618349229   0.0918831993  -0.0078356490   0.0117807580
       -0.0113557347
       -0.0000791678   0.0001390376   0.0001472967   0.0007057573   0.0003424148
       -0.0006668814   0.0002553298   0.0003382467  -0.0005148865   0.0018851534
       -0.0045707149   0.0089332624   0.0599966652  -0.0995343926   0.0891198923
       -0.0134708951   0.0027757454  -0.0139277835  -0.0000049601  -0.0001221580
       -0.0000370078   0.0000353485  -0.0000512433  -0.0000545539  -0.0002723176
       -0.0001914690  -0.0000354367  -0.0001738579  -0.0001040054   0.0000546036
        0.0010255949  -0.0004823335  -0.0002151941  -0.0001000870  -0.0001605588
       -0.0001562291   0.0000922024  -0.0001379946  -0.0000175998  -0.0015180489
        0.0000295810   0.0014292358  -0.0000244441  -0.0001180721   0.0002455195
       -0.0618349229   0.1164146580  -0.1015450570   0.0134826500  -0.0145667412
        0.0172408194
        0.0000138994  -0.0000180885   0.0001051966   0.0001058249   0.0001961034
       -0.0001049719  -0.0008666060   0.0000560331   0.0006019124  -0.0069145787
        0.0130100487  -0.0192339878  -0.0792797815   0.0923999531  -0.1722350092
       -0.0117171504  -0.0023033104  -0.0086658945  -0.0000541133  -0.0000283812
       -0.0000243699  -0.0000691142   0.0000374433   0.0000248196   0.0001914841
        0.0001689084   0.0001543563  -0.0001914124  -0.0000095525   0.0001657779
        0.0006817830  -0.0009921125   0.0005893702  -0.0001282000   0.0000110054
       -0.0002208105  -0.0002870206   0.0000250159   0.0002127402   0.0033127575
        0.0023458365  -0.0035268502  -0.0002808768  -0.0000109989   0.0002852319
        0.0918831993  -0.1015450570   0.1951456330   0.0035999058  -0.0033428466
        0.0067268557
       -0.0000749087   0.0000597995   0.0000251848   0.0001188567  -0.0000181850
        0.0001684042  -0.0018269460  -0.0016973506   0.0030307483  -0.0121136809
        0.0132626803   0.0093018360  -0.1008515030   0.1011355939   0.0423032365
        0.0024418578  -0.0185974896  -0.0089742129   0.0000273239  -0.0000153320
        0.0000003883   0.0000090360  -0.0000162779  -0.0000057871  -0.0000347860
        0.0000990845   0.0000582181  -0.0000296370  -0.0001017020  -0.0000075721
        0.0001269226  -0.0002811404   0.0000695548  -0.0001687974  -0.0002844520
       -0.0001897107  -0.0006978839   0.0007686773   0.0005979836   0.0005544138
        0.0001447531  -0.0005703009  -0.0003474005   0.0002263995   0.0002531806
       -0.0078356490   0.0134826500   0.0035999058   0.1207027819  -0.1081677087
       -0.0496610574
        0.0000453395   0.0000489163  -0.0000960305   0.0000946780  -0.0001105616
       -0.0001026807  -0.0004264396   0.0003661008   0.0008766791  -0.0026020891
        0.0047770469   0.0022681895   0.1041108558  -0.1876619983  -0.0646739101
       -0.0039503697  -0.0188977440  -0.0102749068   0.0000180028   0.0000099778
       -0.0000000055  -0.0000363166   0.0000203373  -0.0000002126   0.0000590514
       -0.0000234984   0.0000444301  -0.0000736532   0.0000868375  -0.0000257919
       -0.0000481734   0.0000521259  -0.0000400347  -0.0000681575   0.0000543680
        0.0001309574  -0.0001943622   0.0001781858   0.0002224279  -0.0004602175
        0.0003701246   0.0000282521  -0.0000811981   0.0004155410   0.0003973040
        0.0117807580  -0.0145667412  -0.0033428466  -0.1081677087   0.2148809816
        0.0745881792
       -0.0000372022  -0.0000147405   0.0001069760  -0.0001324231   0.0002317346
        0.0000704631   0.0031380333   0.0019763713  -0.0028348672   0.0142440515
       -0.0157472393  -0.0094636246   0.0451227705  -0.0635802530  -0.0701375127
       -0.0016651244  -0.0130326096  -0.0046991241  -0.0000300785  -0.0000151842
       -0.0000222303  -0.0000061495  -0.0000051249  -0.0000028244   0.0000721655
        0.0000554596   0.0000163165  -0.0000863849  -0.0000531369   0.0001016811
        0.0000417348  -0.0001437717  -0.0000167757  -0.0002214819   0.0002248173
        0.0000597440   0.0007932225  -0.0008849984  -0.0007536263  -0.0000151801
       -0.0006351368   0.0000203214  -0.0002011615  -0.0002051862   0.0004876645
       -0.0113557347   0.0172408194   0.0067268557  -0.0496610574   0.0745881792
        0.0803405630
