           1           2   1.01993473317244     
           2           3   1.00796027837667     
           3           4   1.00708231455998     
           4           5   1.01997505449659     
           5           6  0.916117468663638     
           1           7  0.987225859238620     
           1           8  0.987111349614794     
           1           9  0.985621237175838     
           2          10  0.977850334712805     
           2          11  0.975630024022576     
           3          12  0.975759617895282     
           3          13  0.976202244693146     
           4          14  0.974237966554409     
           4          15  0.960744258391804     
           5          16  0.973780302105485     
           5          17  0.977251878444367     
