           1           2   1.01920295078216     
           2           3   1.00804944772544     
           3           4  0.983900119318750     
           4           5   1.67497488687329     
           4           6   1.17780151554230     
           5           6  0.169569827111297     
           6           7  0.918138064973877     
           7           8   1.01966164317424     
           1           9  0.987059869427664     
           1          10  0.986154856326522     
           1          11  0.987054931295642     
           2          12  0.976806392773061     
           2          13  0.976821998428688     
           3          14  0.945074135672623     
           3          15  0.944905701162899     
           7          16  0.968891334217418     
           7          17  0.968802100671189     
           8          18  0.980050338368008     
           8          19  0.983502020225292     
           8          20  0.983563468939232     
