           1           2  0.992376482763513     
           2           3  0.959080438864386     
           2           4  0.962969408752816     
           4           5   1.29221819523732     
           5           6   1.56561725864212     
           6           7   1.26859826097499     
           7           8   1.30604726183759     
           8           9   1.45098361761576     
           9          10   1.27258310834701     
           8          11  0.114645040220879     
          10          11   1.55542132196707     
           7          12   1.23964023617772     
          11          12   1.28124524135345     
           4          13   1.52230409749543     
           6          13  0.114848346700426     
          12          13   1.28444256272657     
           9          14   1.05584841455639     
          14          15  0.971145545954715     
           2          16  0.957506661654762     
          16          17   1.70371028932265     
          16          18   1.17660410821824     
          17          18  0.171025409953750     
           1          19  0.985220989528180     
           1          20  0.983627955673093     
           1          21  0.984484315791530     
           5          22  0.966700335970358     
           6          23  0.966879854282081     
           8          24  0.965593091455165     
          10          25  0.964381937308640     
          11          26  0.967388979355984     
          13          27  0.964514513617033     
          15          28  0.976770614837424     
          15          29  0.977525564851470     
          15          30  0.976793173282294     
          18          31  0.800927219249127     
