           1           2   1.01591059917470     
           2           3   1.01021499962462     
           3           4  0.942062390949993     
           4           5   1.47403554904035     
           4           6   1.45249253071708     
           5           6  0.341658521547070     
           1           7  0.985110048020133     
           1           8  0.986283266443266     
           1           9  0.986293281030618     
           2          10  0.972872906951380     
           2          11  0.972846643853193     
           3          12  0.927702454065053     
           3          13  0.927684865173692     
