           1           2   1.00786796799009     
           2           3   1.00263921390720     
           2           4   1.00031421885708     
           4           5   1.00521692508065     
           5           6   1.00312039781305     
           5           7  0.995248358129663     
           1           8  0.985561330628954     
           1           9  0.985188715960595     
           1          10  0.985688079407179     
           2          11  0.957210407247402     
           3          12  0.986069283599903     
           3          13  0.983305392956844     
           3          14  0.985868687177309     
           4          15  0.950014334728613     
           5          16  0.963975764659443     
           6          17  0.985779834546329     
           6          18  0.986122895232633     
           6          19  0.985853772082193     
           7          20  0.983994157361031     
           7          21  0.985904922623117     
           7          22  0.986308836187559     
