           1           2   1.02126132186047     
           2           3  0.986250731554189     
           3           4  0.978220859467847     
           4           5   1.69056313157658     
           4           6   1.17015472958317     
           5           6  0.171038623807372     
           6           7  0.918641021244162     
           7           8   1.01961151043278     
           1           9  0.985894250261554     
           1          10  0.986105317653500     
           1          11  0.987582372005477     
           2          12  0.977306900417455     
           2          13  0.975243463045074     
           3          14  0.948528399053785     
           3          15  0.972043036278041     
           7          16  0.968678626408776     
           7          17  0.969293674776669     
           8          18  0.983444822348872     
           8          19  0.980151781171203     
           8          20  0.983693909704499     
