           1           2   1.02009071490140     
           2           3   1.00741555043538     
           3           4   1.00717241030041     
           4           5  0.983258755277658     
           5           6   1.70327797775125     
           5           7   1.15148008579502     
           6           7  0.166769962141965     
           7           8  0.939251625215500     
           1           9  0.987297049975590     
           1          10  0.986786298210878     
           1          11  0.985977731191189     
           2          12  0.977382041173477     
           2          13  0.977629006681708     
           3          14  0.976381258690821     
           3          15  0.975983098680007     
           4          16  0.944518842831164     
           4          17  0.946399751463711     
           8          18  0.976100355921425     
           8          19  0.977016165218329     
           8          20  0.976721859239825     
