           1           2   1.02122578215197     
           2           3  0.987251589736869     
           3           4  0.978311519772082     
           4           5   1.69072016654955     
           4           6   1.16985989116833     
           5           6  0.170942405603723     
           6           7  0.918585875245313     
           7           8   1.01963215491377     
           1           9  0.987597513194730     
           1          10  0.986138538453872     
           1          11  0.985918050081768     
           2          12  0.975352231053103     
           2          13  0.977217863618563     
           3          14  0.971847393740239     
           3          15  0.947482931608327     
           7          16  0.969271761265992     
           7          17  0.968727565229285     
           8          18  0.980146220268823     
           8          19  0.983482105799842     
           8          20  0.983657795499088     
