           1           2   1.02065445338736     
           2           3   1.00807374487245     
           3           4   1.00534240230369     
           4           5   1.02331996413700     
           1           6  0.988159784577348     
           1           7  0.980974785325203     
           1           8  0.987513468496730     
           2           9  0.978722117421643     
           2          10  0.977774986303202     
           3          11  0.974988090850134     
           3          12  0.977293310496944     
           4          13  0.974664310247475     
           4          14  0.970134382621207     
           5          15  0.961179212715499     
           5          16  0.961661024668485     
