           1           2  0.991566035337968     
           2           3  0.958481484343477     
           2           4  0.964195572251922     
           4           5   1.29867582667473     
           5           6   1.55882011135140     
           6           7   1.27857889856569     
           7           8   1.28001470200288     
           8           9   1.47721034848235     
           9          10   1.24556350008858     
           8          11  0.105101639822778     
          10          11   1.58718829063397     
           7          12   1.25145753636976     
          11          12   1.26177124506591     
           4          13   1.51739807490874     
           6          13  0.112497571157601     
          12          13   1.28951744889977     
           9          14   1.05817507289650     
          14          15  0.971937365384182     
           2          16  0.958223316152735     
          16          17   1.70468520648694     
          16          18   1.17736250312721     
          17          18  0.171563546601641     
           1          19  0.983648813084697     
           1          20  0.984541381158516     
           1          21  0.985032409013045     
           5          22  0.967067577363528     
           6          23  0.967500197167709     
           8          24  0.962798299708088     
          10          25  0.967044855596123     
          11          26  0.966283148967233     
          13          27  0.964511721293576     
          15          28  0.976467436842917     
          15          29  0.977816407212341     
          15          30  0.976493943291070     
          18          31  0.800668428258629     
