           1           2   1.01740381364564     
           2           3  0.974224341300277     
           3           4  0.978884955039528     
           4           5   1.68896022971760     
           4           6   1.17176377109229     
           5           6  0.170994582875367     
           6           7  0.918119874113955     
           7           8   1.01967156432459     
           1           9  0.984298477781710     
           1          10  0.986823799145391     
           1          11  0.986509354667263     
           2          12  0.978226416271116     
           2          13  0.978800300591378     
           3          14  0.967711352589205     
           3          15  0.965981044969766     
           7          16  0.969118257469903     
           7          17  0.968575472543474     
           8          18  0.983726224912578     
           8          19  0.980046824505722     
           8          20  0.983364085861423     
