$hessian                                                                        
        0.4602834373  -0.0034299088   0.0067649468  -0.2017042367  -0.0054541523
        0.0139254083  -0.0150841917  -0.0073506835   0.0023633160  -0.0002742071
       -0.0011612520   0.0002378097  -0.0007575213  -0.0005612735   0.0000471081
        0.0001526630  -0.0004413267   0.0000101088   0.0001858831  -0.0000816827
       -0.0000046294   0.0000404102   0.0000298131  -0.0000176662  -0.0620407012
        0.0360299196   0.0551105358  -0.0907528294   0.0400151887  -0.0880812446
       -0.0572563557  -0.0598162788   0.0067999684  -0.0143802035   0.0005919548
        0.0042543845  -0.0200188742   0.0000313533  -0.0011436284   0.0007903530
        0.0008242204  -0.0001897630   0.0009735673   0.0008458700  -0.0000879102
       -0.0000078451  -0.0000219145  -0.0000375756  -0.0001097262  -0.0000164400
       -0.0000065702  -0.0000403061  -0.0000122459  -0.0000218211  -0.0000071832
        0.0000200979   0.0000314040   0.0000078674  -0.0000412592   0.0000458183
       -0.0034299088   0.5268745730  -0.0001193673  -0.0059902923  -0.0639839852
        0.0003412826  -0.0294908225  -0.0070970879   0.0038478023   0.0012123739
       -0.0048920785   0.0004833852  -0.0032377049  -0.0019129295   0.0000693960
       -0.0003887791   0.0008654435   0.0000415935   0.0001052389   0.0001260686
       -0.0000914194  -0.0000290271  -0.0000105092   0.0000108774   0.0359956291
       -0.1087709476  -0.0997129090   0.0400319080  -0.0770664089   0.0713859218
       -0.0589923315  -0.2679674866   0.0266424802   0.0149500055   0.0010303862
       -0.0025912356   0.0106779151   0.0011182846  -0.0003927192  -0.0007834011
        0.0008590975   0.0006436487  -0.0006663655   0.0007911444  -0.0005751520
       -0.0000605025   0.0000199451   0.0000348290   0.0000922997  -0.0000124944
       -0.0000229710  -0.0000078275   0.0000113108  -0.0000049616   0.0000235016
       -0.0000139740   0.0000309938  -0.0000119090   0.0000316483  -0.0000214754
        0.0067649468  -0.0001193673   0.5224868077   0.0140419827   0.0003044251
       -0.0694044566   0.0041953235   0.0012950563  -0.0003406988  -0.0000384937
        0.0004548053   0.0000902036   0.0004096502   0.0003235653   0.0001288602
        0.0001070540   0.0000084493   0.0002229371  -0.0000212584   0.0000353507
       -0.0000839170   0.0000243962   0.0000017982  -0.0000278404   0.0547090300
       -0.0997749952  -0.2003157623  -0.0876506676   0.0714295593  -0.2034546343
        0.0067283459   0.0267364421  -0.0476788298   0.0252738615  -0.0000405800
       -0.0040296112  -0.0245805047  -0.0004140861   0.0014074521  -0.0007733454
       -0.0001551864   0.0004866063   0.0008061069  -0.0000907524   0.0004141675
       -0.0000284757   0.0000091518   0.0000119416   0.0000068687   0.0000018878
        0.0000236432  -0.0000023779  -0.0000072688   0.0000343988   0.0000030884
        0.0000202694   0.0000226836   0.0000244685  -0.0000185246   0.0000060489
       -0.2017042367  -0.0059902923   0.0140419827   0.4767462732  -0.0267789351
        0.0079781609  -0.0677356471  -0.0280468429   0.0038393422  -0.0091336909
       -0.0217608615   0.0037492392  -0.0094435888  -0.0059504066   0.0006788105
       -0.0023427558  -0.0033547132  -0.0001369267   0.0016428131  -0.0005398768
       -0.0002524602   0.0000649727   0.0000859363   0.0000198384  -0.0141903561
        0.0014767453   0.0050263099  -0.0200697228   0.0006628288  -0.0020056996
       -0.0120675455  -0.0031136287   0.0015329913  -0.0594991110   0.0361760666
        0.0519174109  -0.0868856178   0.0402065839  -0.0839504639   0.0018288200
        0.0064841141  -0.0008024726   0.0030385108   0.0105662751  -0.0016269140
        0.0000596834  -0.0000016940  -0.0000443167  -0.0002134156  -0.0000703092
        0.0000351897  -0.0000492372  -0.0000102676  -0.0000640286  -0.0000136913
       -0.0000572892   0.0000317141  -0.0000324566   0.0000165668   0.0000322925
       -0.0054541523  -0.0639839852   0.0003044251  -0.0267789351   0.4779722449
        0.0089165855  -0.0270597376  -0.1869371944   0.0130001969  -0.0106246182
       -0.0051514538   0.0014038857   0.0005875227   0.0014328454   0.0005727735
        0.0018646853  -0.0005375996  -0.0007028671  -0.0001612623  -0.0004329899
       -0.0000152712   0.0000702316  -0.0001476809  -0.0000167928   0.0155073727
        0.0004316237  -0.0025812594   0.0109674660   0.0004859996  -0.0003865774
       -0.0291628238  -0.0041313784   0.0033569233   0.0361718672  -0.1062845464
       -0.0975970285   0.0401728612  -0.0760577255   0.0698178495  -0.0039406087
       -0.0205090844  -0.0014377050  -0.0022937639  -0.0163179355   0.0053941871
        0.0000879987   0.0000277312  -0.0000157333   0.0000235041   0.0000424374
       -0.0000448941   0.0000356726   0.0000311955   0.0000300150  -0.0000209641
        0.0000498979   0.0000349064   0.0000076836   0.0000175984  -0.0000336193
        0.0139254083   0.0003412826  -0.0694044566   0.0079781609   0.0089165855
        0.5405392811   0.0039266669   0.0132073311  -0.0695910967   0.0002772947
        0.0025507031  -0.0007783002   0.0010876323   0.0007904655   0.0017190837
        0.0001770883   0.0001580767  -0.0008648237  -0.0002936003   0.0000080560
        0.0002627244   0.0001471193   0.0000084971  -0.0001677944   0.0260146492
        0.0001025890  -0.0042253744  -0.0252466220  -0.0006842502   0.0016106204
        0.0039484534   0.0007315953  -0.0001895457   0.0521011580  -0.0966946343
       -0.1972787914  -0.0838660469   0.0688334218  -0.1991582473  -0.0048692444
       -0.0222643321   0.0016573312   0.0047926902   0.0239827272  -0.0042457908
        0.0000209643  -0.0000178916   0.0000354669  -0.0000285368   0.0000452352
        0.0000323246   0.0000383108   0.0000026041   0.0000188399  -0.0000260105
       -0.0000421299   0.0000017947  -0.0001055356   0.0000240679   0.0000267542
       -0.0150841917  -0.0294908225   0.0041953235  -0.0677356471  -0.0270597376
        0.0039266669   0.4570286811  -0.0077868196  -0.0015721855  -0.1656516099
       -0.0190332399   0.0100283963  -0.0289010625  -0.0220278009   0.0038255202
       -0.0401261388   0.0186030120   0.0076158124   0.0022847160   0.0021558104
        0.0010296081  -0.0004574636   0.0000046263  -0.0000872886   0.0009387339
       -0.0006401166  -0.0005618328   0.0010563704  -0.0006223303   0.0005660162
       -0.0066265187  -0.0022250093   0.0008998265   0.0020408565   0.0062964263
       -0.0012283016   0.0031244056   0.0106722116  -0.0008521714  -0.0579504452
        0.0342346857   0.0549321364  -0.0829190764   0.0371260890  -0.0827592697
       -0.0010719202  -0.0000736816   0.0002159541   0.0001010575  -0.0001098753
       -0.0001844358  -0.0001427027  -0.0000165929  -0.0001456109   0.0000514162
       -0.0000728357   0.0001439318   0.0000405396   0.0000660010   0.0000119038
       -0.0073506835  -0.0070970879   0.0012950563  -0.0280468429  -0.1869371944
        0.0132073311  -0.0077868196   0.4977817131   0.0109106471  -0.0126015019
       -0.0615526207   0.0019112114  -0.0455751222  -0.0171253611   0.0017518233
        0.0300274307  -0.0029656199  -0.0037128167   0.0017575098  -0.0035182215
       -0.0012855219   0.0002738593  -0.0000623392   0.0000098351   0.0009359362
        0.0010029828   0.0000493449   0.0007677983   0.0007823777  -0.0003266905
       -0.0007538200   0.0007843412   0.0000271846  -0.0045792642  -0.0225127312
       -0.0011495172  -0.0030401278  -0.0174550502   0.0051231410   0.0353841349
       -0.1089516346  -0.0988527769   0.0393929984  -0.0719657069   0.0711586684
        0.0011690008   0.0000734314  -0.0002006585  -0.0000485927  -0.0003046382
       -0.0000533558   0.0000832008   0.0000051089   0.0001349519  -0.0000308350
       -0.0000529357   0.0000547757   0.0000217406   0.0000711864  -0.0000526333
        0.0023633160   0.0038478023  -0.0003406988   0.0038393422   0.0130001969
       -0.0695910967  -0.0015721855   0.0109106471   0.4947554211   0.0142131098
        0.0033527590  -0.0723394647   0.0016629020  -0.0019870602   0.0137634924
        0.0097264611  -0.0018052544   0.0055934778   0.0001202134  -0.0012815877
        0.0063959052   0.0014978224   0.0000430036  -0.0002316335   0.0001255829
        0.0009319408   0.0004352915  -0.0003133680  -0.0007958493   0.0005952634
        0.0009035098   0.0002075492   0.0005528036  -0.0057486619  -0.0239464401
        0.0017645786   0.0055816642   0.0255244755  -0.0042858176   0.0559615580
       -0.1001974753  -0.1861795835  -0.0874029405   0.0720509893  -0.1915365825
       -0.0006491122  -0.0000444339   0.0002076522  -0.0006146665   0.0002198926
        0.0001690644   0.0002331033   0.0000135495   0.0003963724   0.0000539378
        0.0000132948  -0.0000822920   0.0000184115  -0.0000579997  -0.0000421533
       -0.0002742071   0.0012123739  -0.0000384937  -0.0091336909  -0.0106246182
        0.0002772947  -0.1656516099  -0.0126015019   0.0142131098   0.5681630859
        0.1618363019  -0.0367602745  -0.1990810133  -0.2399565989  -0.0030400650
       -0.1223628458   0.0584047655   0.0143623336  -0.0337678687   0.0316359613
        0.0093599709   0.0005773062   0.0003465822   0.0015078000  -0.0001999416
       -0.0005911137  -0.0001533632  -0.0001487072  -0.0006022913   0.0003313461
        0.0004914565   0.0008760884  -0.0000587985   0.0010400756   0.0004667093
        0.0009239933   0.0009024445   0.0007335711  -0.0013195832  -0.0141882298
        0.0043966399   0.0027317179  -0.0199602965   0.0028466968  -0.0019575607
       -0.0060342926   0.0001189446   0.0008044954   0.0003163917   0.0017188468
        0.0002606075   0.0001858832  -0.0000269930  -0.0006341843  -0.0004735904
       -0.0001110855  -0.0007749847  -0.0004003499  -0.0000792790  -0.0000353613
       -0.0011612520  -0.0048920785   0.0004548053  -0.0217608615  -0.0051514538
        0.0025507031  -0.0190332399  -0.0615526207   0.0033527590   0.1618363019
        0.7681955033   0.0311989020  -0.2259024032  -0.4973368361  -0.0085373794
        0.0662669690  -0.2045720413  -0.0203798532   0.0281873976   0.0035310957
       -0.0078797009  -0.0042130869  -0.0014781621   0.0003795414   0.0002572184
       -0.0001452579  -0.0003514666   0.0002807219  -0.0000112723   0.0002594221
       -0.0014012893  -0.0002778682   0.0002086241  -0.0009812700  -0.0005223942
       -0.0012329408  -0.0008466192  -0.0001362718   0.0013357356   0.0146767307
        0.0020237556  -0.0043446448   0.0097916591   0.0026461135   0.0006139875
       -0.0017229199  -0.0014745459   0.0012609455  -0.0031561712   0.0007969363
        0.0028248350  -0.0014758169   0.0001988608  -0.0008405600  -0.0002484492
        0.0006590001  -0.0011502143   0.0006063805  -0.0005004625   0.0002764994
        0.0002378097   0.0004833852   0.0000902036   0.0037492392   0.0014038857
       -0.0007783002   0.0100283963   0.0019112114  -0.0723394647  -0.0367602745
        0.0311989020   0.2011036455  -0.0014758050  -0.0070631415  -0.0649154216
        0.0138545633  -0.0210174203  -0.0568337308   0.0084977832  -0.0044312495
       -0.0025542046  -0.0015878657   0.0005081819   0.0004493995   0.0000142216
        0.0000020118  -0.0000279881  -0.0000124245   0.0001292258  -0.0000554514
        0.0001968602  -0.0000350983   0.0002704433  -0.0005359954  -0.0007318175
       -0.0000550240   0.0005939057   0.0005630739   0.0000837563   0.0260970332
        0.0000514341  -0.0047703001  -0.0261529427  -0.0010399031   0.0007345917
        0.0033768215  -0.0011139321  -0.0004544344   0.0007141079  -0.0008126603
        0.0012069304  -0.0002393414  -0.0000840290  -0.0004994379  -0.0005004818
       -0.0004135610  -0.0003487884  -0.0000956109   0.0004915009  -0.0003064241
       -0.0007575213  -0.0032377049   0.0004096502  -0.0094435888   0.0005875227
        0.0010876323  -0.0289010625  -0.0455751222   0.0016629020  -0.1990810133
       -0.2259024032  -0.0014758050   0.2165300524   0.2619107441  -0.0025293862
        0.0163433170   0.0078768161   0.0012066202   0.0013370122   0.0039271366
        0.0009118553   0.0001491668   0.0006213089  -0.0006921682   0.0002142928
        0.0001349152  -0.0000491330   0.0002201689   0.0001463147  -0.0000335027
       -0.0010348580  -0.0005065872   0.0001428168   0.0000111188   0.0002670083
       -0.0000907893  -0.0000735038   0.0001633532   0.0001321107   0.0016937434
       -0.0011873431  -0.0005509383   0.0007762516  -0.0009436991   0.0003031617
        0.0011160791   0.0010022389  -0.0007136226   0.0005079320   0.0007956304
       -0.0008834979   0.0002424702  -0.0001267589   0.0003494005   0.0000877453
       -0.0000970759   0.0008220971   0.0000621973   0.0001437054  -0.0000094036
       -0.0005612735  -0.0019129295   0.0003235653  -0.0059504066   0.0014328454
        0.0007904655  -0.0220278009  -0.0171253611  -0.0019870602  -0.2399565989
       -0.4973368361  -0.0070631415   0.2619107441   0.6379038086   0.0217282787
        0.0054175351  -0.1230425247  -0.0163549150  -0.0034954606   0.0001012760
        0.0027636451   0.0014707166   0.0011913281  -0.0002802496   0.0000405929
        0.0001634085   0.0002048222   0.0000686795   0.0001161985  -0.0002213422
       -0.0005680516  -0.0003103450   0.0000770519   0.0006221808   0.0003871233
        0.0002891296   0.0003432902   0.0000173117  -0.0001990116   0.0013978866
       -0.0011027018   0.0013233723   0.0000528289  -0.0015086734  -0.0007629014
       -0.0002382541   0.0010381164   0.0002116059   0.0009656888   0.0001477627
       -0.0012676434   0.0004386143  -0.0000509243   0.0002459042   0.0003980653
       -0.0003019914   0.0005824330  -0.0003289771   0.0001931082  -0.0004040087
        0.0000471081   0.0000693960   0.0001288602   0.0006788105   0.0005727735
        0.0017190837   0.0038255202   0.0017518233   0.0137634924  -0.0030400650
       -0.0085373794  -0.0649154216  -0.0025293862   0.0217282787   0.0288510885
        0.0028278016  -0.0153192585   0.0233565643  -0.0008547210  -0.0007601104
       -0.0035532104  -0.0010750159  -0.0002579648   0.0000664292  -0.0000649092
       -0.0000051368   0.0000160936  -0.0000017151  -0.0000069269  -0.0000200659
       -0.0000077039   0.0000307461  -0.0000780594   0.0001434321   0.0002139530
        0.0000111458  -0.0001158816  -0.0003241849  -0.0000262604  -0.0020146936
       -0.0001189499   0.0008147393   0.0026543873   0.0007903870   0.0003934521
       -0.0001956150   0.0000874003   0.0001531793  -0.0004099942  -0.0000775800
       -0.0009649564  -0.0001775825   0.0000622414  -0.0001258242   0.0002385762
        0.0001521784   0.0002533820   0.0000716473  -0.0000516862   0.0001562878
        0.0001526630  -0.0003887791   0.0001070540  -0.0023427558   0.0018646853
        0.0001770883  -0.0401261388   0.0300274307   0.0097264611  -0.1223628458
        0.0662669690   0.0138545633   0.0163433170   0.0054175351   0.0028278016
        0.4098136022  -0.0615659986  -0.0477284338  -0.1606203263  -0.0344097852
        0.0155421862  -0.0391156116  -0.0006410483  -0.0077489943   0.0000509590
        0.0002443284   0.0000212465   0.0000701164   0.0002000117  -0.0000586919
        0.0000568780  -0.0003182592   0.0000032813  -0.0014483243  -0.0008097117
       -0.0006222019  -0.0002033398  -0.0004323352   0.0008989166  -0.0059390254
        0.0002817018   0.0010628063  -0.0034077053   0.0002775416   0.0001626182
       -0.0217413637   0.0044637753   0.0072453367  -0.0292269193  -0.0107749583
        0.0083617621  -0.0035599439   0.0003776394  -0.0062746751   0.0016603643
       -0.0002045018   0.0010592663   0.0019464001   0.0001237591   0.0013826085
       -0.0004413267   0.0008654435   0.0000084493  -0.0033547132  -0.0005375996
        0.0001580767   0.0186030120  -0.0029656199  -0.0018052544   0.0584047655
       -0.2045720413  -0.0210174203   0.0078768161  -0.1230425247  -0.0153192585
       -0.0615659986   0.4039314805   0.0360594967  -0.0228640570  -0.0759131152
        0.0030947610   0.0035394298   0.0041911921  -0.0004593683  -0.0000833351
       -0.0001786796   0.0000779367  -0.0000939153  -0.0002224307  -0.0000025448
        0.0001044388   0.0002296203  -0.0000320684  -0.0001923121   0.0004325130
        0.0009703480   0.0000034590   0.0003637875  -0.0010411883  -0.0001073461
        0.0003573606  -0.0000349275   0.0000503754  -0.0001204921  -0.0002668871
        0.0280152902   0.0001142280  -0.0059406258  -0.0283523552  -0.0029249005
        0.0047689960   0.0010122249   0.0003555995   0.0005809381  -0.0005554589
       -0.0003278746   0.0006140949   0.0000010065  -0.0000359470  -0.0004135539
        0.0000101088   0.0000415935   0.0002229371  -0.0001369267  -0.0007028671
       -0.0008648237   0.0076158124  -0.0037128167   0.0055934778   0.0143623336
       -0.0203798532  -0.0568337308   0.0012066202  -0.0163549150   0.0233565643
       -0.0477284338   0.0360594967   0.0842408047   0.0173544227   0.0027009248
       -0.0556711423  -0.0281020650   0.0003097557   0.0051012823  -0.0000642258
        0.0000221316   0.0000727022   0.0001422024  -0.0000850579   0.0000481236
       -0.0000047507   0.0000335612  -0.0000303167   0.0000701507   0.0004611300
        0.0001253681   0.0000456801  -0.0001194745   0.0002654189   0.0004878599
        0.0000811864  -0.0000066664   0.0011496206  -0.0003999548  -0.0003338791
        0.0181193269  -0.0001869988  -0.0021380745   0.0187522768   0.0024167803
       -0.0021656823  -0.0042907844   0.0002382520  -0.0045540281   0.0004307119
        0.0003602316   0.0017556684   0.0005800595  -0.0007831059   0.0018159965
        0.0001858831   0.0001052389  -0.0000212584   0.0016428131  -0.0001612623
       -0.0002936003   0.0022847160   0.0017575098   0.0001202134  -0.0337678687
        0.0281873976   0.0084977832   0.0013370122  -0.0034954606  -0.0008547210
       -0.1606203263  -0.0228640570   0.0173544227   0.3749225216  -0.0063262692
       -0.0089799731  -0.0794523678   0.0032388982  -0.0505892299  -0.0000871849
       -0.0000810727  -0.0000793229  -0.0000466782  -0.0000408855   0.0001139070
       -0.0001178321   0.0000389443   0.0000143945  -0.0006657673  -0.0000910406
        0.0000480404  -0.0005173855  -0.0000284405   0.0000979034  -0.0010813906
       -0.0000260796  -0.0005136928  -0.0007498676   0.0001288087   0.0005988884
       -0.0443471768   0.0391958910   0.0272152999  -0.0470109949  -0.0404330894
        0.0222437850  -0.0171410387   0.0014057912  -0.0235192167   0.0023897712
       -0.0015398636   0.0037065404   0.0028431621   0.0010290413   0.0048398370
       -0.0000816827   0.0001260686   0.0000353507  -0.0005398768  -0.0004329899
        0.0000080560   0.0021558104  -0.0035182215  -0.0012815877   0.0316359613
        0.0035310957  -0.0044312495   0.0039271366   0.0001012760  -0.0007601104
       -0.0344097852  -0.0759131152   0.0027009248  -0.0063262692   0.5530695113
        0.0125744235   0.0036101421  -0.0692682330   0.0066489347  -0.0000602636
       -0.0000133354   0.0000070903  -0.0000187399  -0.0000142649   0.0000192512
       -0.0000120038   0.0000301520   0.0000109077  -0.0001686037   0.0001586945
        0.0001510662  -0.0000780602   0.0000686595  -0.0000576193   0.0011427707
       -0.0001011340  -0.0000889966   0.0006406112  -0.0000731972  -0.0000094956
        0.0345388833  -0.1955089733  -0.1049358316  -0.0370558784  -0.2099203435
        0.0874446092   0.0003958333  -0.0000003690   0.0003831688  -0.0110540825
        0.0004673447  -0.0232292310   0.0117580972  -0.0027886253   0.0248103387
       -0.0000046294  -0.0000914194  -0.0000839170  -0.0002524602  -0.0000152712
        0.0002627244   0.0010296081  -0.0012855219   0.0063959052   0.0093599709
       -0.0078797009  -0.0025542046   0.0009118553   0.0027636451  -0.0035532104
        0.0155421862   0.0030947610  -0.0556711423  -0.0089799731   0.0125744235
        0.4749100997  -0.0488527581   0.0052066819  -0.1760147476   0.0000289098
       -0.0000107174  -0.0000078119  -0.0000643298   0.0000299461  -0.0000428397
       -0.0000206296  -0.0000122525   0.0000004842  -0.0000262179  -0.0000881721
       -0.0000122624   0.0001331205   0.0001551704  -0.0001605171  -0.0008302970
       -0.0001196920   0.0002073995   0.0015143972  -0.0000712292  -0.0003455257
        0.0261905244  -0.1059347139  -0.1151580968   0.0219347765   0.0899302896
       -0.0901236276   0.0007949422  -0.0001717152   0.0026614935  -0.0097857553
       -0.0030025214  -0.0217894111  -0.0086232407   0.0049280096  -0.0189207924
        0.0000404102  -0.0000290271   0.0000243962   0.0000649727   0.0000702316
        0.0001471193  -0.0004574636   0.0002738593   0.0014978224   0.0005773062
       -0.0042130869  -0.0015878657   0.0001491668   0.0014707166  -0.0010750159
       -0.0391156116   0.0035394298  -0.0281020650  -0.0794523678   0.0036101421
       -0.0488527581   0.5174237568   0.0028209798  -0.0330400070  -0.0000278153
        0.0000143510   0.0000022358  -0.0000624332   0.0000248227  -0.0000235106
       -0.0000602047  -0.0000344156   0.0000010269   0.0000633869   0.0001014391
        0.0000246594  -0.0000521812   0.0001276618  -0.0001461361  -0.0003194947
       -0.0000782206   0.0000714423   0.0001961670  -0.0000359322  -0.0000173690
        0.0025099792  -0.0009999291   0.0020918646   0.0026482272   0.0006946788
        0.0022414568  -0.2838966121   0.0019942641   0.0418764895  -0.0583217177
        0.0464363071   0.0322765620  -0.0619074712  -0.0557882724   0.0325896522
        0.0000298131  -0.0000105092   0.0000017982   0.0000859363  -0.0001476809
        0.0000084971   0.0000046263  -0.0000623392   0.0000430036   0.0003465822
       -0.0014781621   0.0005081819   0.0006213089   0.0011913281  -0.0002579648
       -0.0006410483   0.0041911921   0.0003097557   0.0032388982  -0.0692682330
        0.0052066819   0.0028209798   0.5259368724   0.0006324481  -0.0000119264
        0.0000116873   0.0000028298  -0.0000132567   0.0000060631   0.0000030774
        0.0000115788   0.0000153481  -0.0000100639  -0.0000066685   0.0000218437
       -0.0000163444  -0.0001125387   0.0000634026  -0.0000236610   0.0000550735
        0.0000367935  -0.0000098277   0.0000141601   0.0000213800  -0.0000037740
       -0.0093422867   0.0001817837  -0.0217190450   0.0104248544  -0.0026771830
        0.0239397725   0.0021512506  -0.0427456757  -0.0003380435   0.0463384004
       -0.2008527635  -0.1045748880  -0.0560157370  -0.2144351482   0.0962975661
       -0.0000176662   0.0000108774  -0.0000278404   0.0000198384  -0.0000167928
       -0.0001677944  -0.0000872886   0.0000098351  -0.0002316335   0.0015078000
        0.0003795414   0.0004493995  -0.0006921682  -0.0002802496   0.0000664292
       -0.0077489943  -0.0004593683   0.0051012823  -0.0505892299   0.0066489347
       -0.1760147476  -0.0330400070   0.0006324481   0.4697460080  -0.0000453252
        0.0000098667   0.0000308656   0.0000246834  -0.0000078624   0.0000258319
       -0.0000179878  -0.0000016336   0.0000097705   0.0000063026   0.0000837608
        0.0000764767   0.0000664423  -0.0000419783   0.0000478613  -0.0000209894
        0.0000284916   0.0000108285   0.0000238665  -0.0000448474   0.0000341739
       -0.0087075637  -0.0019813510  -0.0198764480  -0.0081086299   0.0040147758
       -0.0177178656   0.0405958377  -0.0003470298  -0.0480658961   0.0331984500
       -0.1059825228  -0.1148587942   0.0336326293   0.0973451045  -0.0986379078
       -0.0620407012   0.0359956291   0.0547090300  -0.0141903561   0.0155073727
        0.0260146492   0.0009387339   0.0009359362   0.0001255829  -0.0001999416
        0.0002572184   0.0000142216   0.0002142928   0.0000405929  -0.0000649092
        0.0000509590  -0.0000833351  -0.0000642258  -0.0000871849  -0.0000602636
        0.0000289098  -0.0000278153  -0.0000119264  -0.0000453252   0.0750857072
       -0.0419940955  -0.0656833311   0.0041211082  -0.0066528793  -0.0114090263
        0.0027623875  -0.0035275106  -0.0055482024  -0.0070860706  -0.0000355220
        0.0016277838   0.0007914708   0.0002773921   0.0004640661  -0.0002606720
       -0.0006125300  -0.0001947314  -0.0000892789  -0.0000233773  -0.0000131560
        0.0000309629  -0.0000101335  -0.0000034568  -0.0000033685  -0.0000055842
        0.0000058114   0.0000110596  -0.0000002830   0.0000063892  -0.0000182914
       -0.0000027078   0.0000097910  -0.0000030013   0.0000060070   0.0000201291
        0.0360299196  -0.1087709476  -0.0997749952   0.0014767453   0.0004316237
        0.0001025890  -0.0006401166   0.0010029828   0.0009319408  -0.0005911137
       -0.0001452579   0.0000020118   0.0001349152   0.0001634085  -0.0000051368
        0.0002443284  -0.0001786796   0.0000221316  -0.0000810727  -0.0000133354
       -0.0000107174   0.0000143510   0.0000116873   0.0000098667  -0.0419940955
        0.1231648618   0.1169844367  -0.0027145147   0.0057908589   0.0090200153
        0.0078808589  -0.0218457623  -0.0273066225   0.0001326228   0.0006107084
        0.0001965651   0.0002213576  -0.0001649762  -0.0000626580  -0.0001705562
        0.0000028212  -0.0001325247   0.0000601716  -0.0000689348   0.0000379189
        0.0000057173   0.0000001691  -0.0000108784  -0.0000080302   0.0000148145
        0.0000004379   0.0000034328  -0.0000004069  -0.0000008264  -0.0000050032
        0.0000079972   0.0000004335   0.0000000822  -0.0000136327  -0.0000039879
        0.0551105358  -0.0997129090  -0.2003157623   0.0050263099  -0.0025812594
       -0.0042253744  -0.0005618328   0.0000493449   0.0004352915  -0.0001533632
       -0.0003514666  -0.0000279881  -0.0000491330   0.0002048222   0.0000160936
        0.0000212465   0.0000779367   0.0000727022  -0.0000793229   0.0000070903
       -0.0000078119   0.0000022358   0.0000028298   0.0000308656  -0.0656833311
        0.1169844367   0.2296087988   0.0056772974  -0.0144434478  -0.0281482510
       -0.0007454665  -0.0006875001   0.0011760691   0.0015408852  -0.0000830386
        0.0008331693  -0.0004919347   0.0001940319   0.0007084864   0.0003865368
        0.0004010101   0.0002564680   0.0000300876  -0.0000770813  -0.0004029760
       -0.0000164007   0.0000008948  -0.0000041323  -0.0000007840   0.0000114810
       -0.0000125906  -0.0000037819  -0.0000006766  -0.0000034645  -0.0000018920
        0.0000112904   0.0000100316  -0.0000078923  -0.0000077895   0.0000003750
       -0.0907528294   0.0400319080  -0.0876506676  -0.0200697228   0.0109674660
       -0.0252466220   0.0010563704   0.0007677983  -0.0003133680  -0.0001487072
        0.0002807219  -0.0000124245   0.0002201689   0.0000686795  -0.0000017151
        0.0000701164  -0.0000939153   0.0001422024  -0.0000466782  -0.0000187399
       -0.0000643298  -0.0000624332  -0.0000132567   0.0000246834   0.0041211082
       -0.0027145147   0.0056772974   0.1089056459  -0.0466698427   0.1026579567
        0.0037278362  -0.0019782282   0.0049838263   0.0007942776   0.0001598819
       -0.0005348845  -0.0075146955  -0.0001501688   0.0000047839  -0.0000987706
       -0.0000159276  -0.0000508016  -0.0002534806  -0.0006048284   0.0004077032
        0.0000145454   0.0000090213  -0.0000206538  -0.0000006855  -0.0000257027
       -0.0000114229  -0.0000048752  -0.0000035101   0.0000116282   0.0000082899
        0.0000221863  -0.0000026901   0.0000345193  -0.0000190282  -0.0000005016
        0.0400151887  -0.0770664089   0.0714295593   0.0006628288   0.0004859996
       -0.0006842502  -0.0006223303   0.0007823777  -0.0007958493  -0.0006022913
       -0.0000112723   0.0001292258   0.0001463147   0.0001161985  -0.0000069269
        0.0002000117  -0.0002224307  -0.0000850579  -0.0000408855  -0.0000142649
        0.0000299461   0.0000248227   0.0000060631  -0.0000078624  -0.0066528793
        0.0057908589  -0.0144434478  -0.0466698427   0.0859043321  -0.0840104598
        0.0133948882  -0.0161532637   0.0282867288   0.0003265009  -0.0001659678
        0.0001729135  -0.0000159403   0.0006219661  -0.0001233572   0.0000284455
       -0.0000697098  -0.0001112433  -0.0001867470  -0.0000169132   0.0002190870
        0.0000163545  -0.0000094690  -0.0000013453  -0.0000132483   0.0000131144
       -0.0000009414   0.0000103856   0.0000061556   0.0000002435  -0.0000107535
        0.0000012005  -0.0000045803  -0.0000108231   0.0000014337   0.0000076178
       -0.0880812446   0.0713859218  -0.2034546343  -0.0020056996  -0.0003865774
        0.0016106204   0.0005660162  -0.0003266905   0.0005952634   0.0003313461
        0.0002594221  -0.0000554514  -0.0000335027  -0.0002213422  -0.0000200659
       -0.0000586919  -0.0000025448   0.0000481236   0.0001139070   0.0000192512
       -0.0000428397  -0.0000235106   0.0000030774   0.0000258319  -0.0114090263
        0.0090200153  -0.0281482510   0.1026579567  -0.0840104598   0.2331401934
       -0.0023067986   0.0043621299  -0.0054691804   0.0004341121  -0.0000813478
        0.0007264482   0.0001192774   0.0001823342   0.0011430277  -0.0001016631
        0.0000064739  -0.0003755381  -0.0002404304  -0.0001965536   0.0002739609
        0.0000092223   0.0000076458   0.0000035826   0.0000146750  -0.0000181306
        0.0000068572  -0.0000094989  -0.0000017877   0.0000096694   0.0000073499
        0.0000017142  -0.0000104975   0.0000162042  -0.0000025513  -0.0000071204
       -0.0572563557  -0.0589923315   0.0067283459  -0.0120675455  -0.0291628238
        0.0039484534  -0.0066265187  -0.0007538200   0.0009035098   0.0004914565
       -0.0014012893   0.0001968602  -0.0010348580  -0.0005680516  -0.0000077039
        0.0000568780   0.0001044388  -0.0000047507  -0.0001178321  -0.0000120038
       -0.0000206296  -0.0000602047   0.0000115788  -0.0000179878   0.0027623875
        0.0078808589  -0.0007454665   0.0037278362   0.0133948882  -0.0023067986
        0.0691571752   0.0699565110  -0.0086308790   0.0005855079  -0.0003663989
        0.0000165232   0.0005083987  -0.0004553974  -0.0000570475  -0.0000795198
        0.0001908930   0.0000182634  -0.0000807316   0.0001984243  -0.0000390892
        0.0000016173  -0.0000029795   0.0000056958   0.0000231612  -0.0000061798
       -0.0000080410   0.0000016049  -0.0000037394   0.0000058068   0.0000137439
        0.0000032211   0.0000138003  -0.0000062012  -0.0000157991   0.0000011350
       -0.0598162788  -0.2679674866   0.0267364421  -0.0031136287  -0.0041313784
        0.0007315953  -0.0022250093   0.0007843412   0.0002075492   0.0008760884
       -0.0002778682  -0.0000350983  -0.0005065872  -0.0003103450   0.0000307461
       -0.0003182592   0.0002296203   0.0000335612   0.0000389443   0.0000301520
       -0.0000122525  -0.0000344156   0.0000153481  -0.0000016336  -0.0035275106
       -0.0218457623  -0.0006875001  -0.0019782282  -0.0161532637   0.0043621299
        0.0699565110   0.3084640518  -0.0312053745   0.0002546544   0.0003715523
        0.0002382319   0.0001364435   0.0002558531  -0.0003393752   0.0001542509
        0.0003003292   0.0002108739   0.0000829048   0.0002263173  -0.0002796272
       -0.0000111269   0.0000173572   0.0000158957   0.0000184388  -0.0000093893
        0.0000032105  -0.0000084059   0.0000026026   0.0000014391   0.0000164330
       -0.0000116026   0.0000003179   0.0000047811   0.0000095710  -0.0000111314
        0.0067999684   0.0266424802  -0.0476788298   0.0015329913   0.0033569233
       -0.0001895457   0.0008998265   0.0000271846   0.0005528036  -0.0000587985
        0.0002086241   0.0002704433   0.0001428168   0.0000770519  -0.0000780594
        0.0000032813  -0.0000320684  -0.0000303167   0.0000143945   0.0000109077
        0.0000004842   0.0000010269  -0.0000100639   0.0000097705  -0.0055482024
       -0.0273066225   0.0011760691   0.0049838263   0.0282867288  -0.0054691804
       -0.0086308790  -0.0312053745   0.0513943533   0.0002222041   0.0004041374
       -0.0000871772  -0.0003724952  -0.0003833996   0.0001096584   0.0000541378
        0.0000323161  -0.0000275474  -0.0000401656  -0.0001100387   0.0000529480
        0.0000076104   0.0000029892  -0.0000043524  -0.0000017207   0.0000063939
       -0.0000005213   0.0000014532  -0.0000001119  -0.0000007695  -0.0000053409
       -0.0000054678  -0.0000013038  -0.0000059350  -0.0000025899   0.0000010733
       -0.0143802035   0.0149500055   0.0252738615  -0.0594991110   0.0361718672
        0.0521011580   0.0020408565  -0.0045792642  -0.0057486619   0.0010400756
       -0.0009812700  -0.0005359954   0.0000111188   0.0006221808   0.0001434321
       -0.0014483243  -0.0001923121   0.0000701507  -0.0006657673  -0.0001686037
       -0.0000262179   0.0000633869  -0.0000066685   0.0000063026  -0.0070860706
        0.0001326228   0.0015408852   0.0007942776   0.0003265009   0.0004341121
        0.0005855079   0.0002546544   0.0002222041   0.0744070859  -0.0393747167
       -0.0623264393   0.0040719928  -0.0060459176  -0.0116258575  -0.0000692187
       -0.0016458329   0.0002661702   0.0001366083   0.0004494219   0.0001258562
       -0.0001138511   0.0000170587   0.0000395261   0.0000720871   0.0000456121
       -0.0000006478   0.0000325895   0.0000027360   0.0000466394   0.0000178925
        0.0000241345   0.0000305262  -0.0000109329  -0.0000022091  -0.0000370047
        0.0005919548   0.0010303862  -0.0000405800   0.0361760666  -0.1062845464
       -0.0966946343   0.0062964263  -0.0225127312  -0.0239464401   0.0004667093
       -0.0005223942  -0.0007318175   0.0002670083   0.0003871233   0.0002139530
       -0.0008097117   0.0004325130   0.0004611300  -0.0000910406   0.0001586945
       -0.0000881721   0.0001014391   0.0000218437   0.0000837608  -0.0000355220
        0.0006107084  -0.0000830386   0.0001598819  -0.0001659678  -0.0000813478
       -0.0003663989   0.0003715523   0.0004041374  -0.0393747167   0.1265929583
        0.1130520742  -0.0022927881   0.0058993333   0.0079745996  -0.0016534302
       -0.0065980303   0.0000870417   0.0003396314   0.0005705451  -0.0005467417
        0.0000861011   0.0000415225  -0.0000239726   0.0000944257  -0.0000154649
       -0.0000407609   0.0000368569  -0.0000029741   0.0000227563   0.0000117265
       -0.0000321688  -0.0000247187  -0.0000046197   0.0000170971   0.0000027713
        0.0042543845  -0.0025912356  -0.0040296112   0.0519174109  -0.0975970285
       -0.1972787914  -0.0012283016  -0.0011495172   0.0017645786   0.0009239933
       -0.0012329408  -0.0000550240  -0.0000907893   0.0002891296   0.0000111458
       -0.0006222019   0.0009703480   0.0001253681   0.0000480404   0.0001510662
       -0.0000122624   0.0000246594  -0.0000163444   0.0000764767   0.0016277838
        0.0001965651   0.0008331693  -0.0005348845   0.0001729135   0.0007264482
        0.0000165232   0.0002382319  -0.0000871772  -0.0623264393   0.1130520742
        0.2247742684   0.0055925204  -0.0133866886  -0.0284639415   0.0001779246
        0.0003109708   0.0010590061   0.0000044751   0.0005025071   0.0006670369
        0.0000378627   0.0000019807   0.0000404649   0.0001445733   0.0000694531
       -0.0000354548   0.0000263458   0.0000064676   0.0000031944   0.0000210036
        0.0000086497  -0.0000322246  -0.0000148845   0.0000033977  -0.0000866701
       -0.0200188742   0.0106779151  -0.0245805047  -0.0868856178   0.0401728612
       -0.0838660469   0.0031244056  -0.0030401278   0.0055816642   0.0009024445
       -0.0008466192   0.0005939057  -0.0000735038   0.0003432902  -0.0001158816
       -0.0002033398   0.0000034590   0.0000456801  -0.0005173855  -0.0000780602
        0.0001331205  -0.0000521812  -0.0001125387   0.0000664423   0.0007914708
        0.0002213576  -0.0004919347  -0.0075146955  -0.0000159403   0.0001192774
        0.0005083987   0.0001364435  -0.0003724952   0.0040719928  -0.0022927881
        0.0055925204   0.1058055055  -0.0441379653   0.0972823882   0.0000780880
        0.0003262892  -0.0000707633  -0.0000299814  -0.0014802415   0.0002538614
        0.0000406614   0.0000061474   0.0000059159   0.0000692581   0.0000253899
       -0.0000482785   0.0000447567   0.0000377238  -0.0000333197  -0.0000125778
       -0.0000278868  -0.0000276094  -0.0001288252   0.0000812911  -0.0000679422
        0.0000313533   0.0011182846  -0.0004140861   0.0402065839  -0.0760577255
        0.0688334218   0.0106722116  -0.0174550502   0.0255244755   0.0007335711
       -0.0001362718   0.0005630739   0.0001633532   0.0000173117  -0.0003241849
       -0.0004323352   0.0003637875  -0.0001194745  -0.0000284405   0.0000686595
        0.0001551704   0.0001276618   0.0000634026  -0.0000419783   0.0002773921
       -0.0001649762   0.0001940319  -0.0001501688   0.0006219661   0.0001823342
       -0.0004553974   0.0002558531  -0.0003833996  -0.0060459176   0.0058993333
       -0.0133866886  -0.0441379653   0.0912453674  -0.0828423316   0.0004166378
        0.0005460226   0.0004483515  -0.0014861074  -0.0063428183   0.0016334192
        0.0000558559  -0.0000094122  -0.0000303996   0.0000674007   0.0000088298
        0.0000120710   0.0000528754  -0.0000248042   0.0000033078  -0.0000552543
       -0.0000980077  -0.0000149547  -0.0000133101   0.0000802479   0.0000078407
       -0.0011436284  -0.0003927192   0.0014074521  -0.0839504639   0.0698178495
       -0.1991582473  -0.0008521714   0.0051231410  -0.0042858176  -0.0013195832
        0.0013357356   0.0000837563   0.0001321107  -0.0001990116  -0.0000262604
        0.0008989166  -0.0010411883   0.0002654189   0.0000979034  -0.0000576193
       -0.0001605171  -0.0001461361  -0.0000236610   0.0000478613   0.0004640661
       -0.0000626580   0.0007084864   0.0000047839  -0.0001233572   0.0011430277
       -0.0000570475  -0.0003393752   0.0001096584  -0.0116258575   0.0079745996
       -0.0284639415   0.0972823882  -0.0828423316   0.2269859710   0.0000047441
       -0.0005052015   0.0006000379   0.0003502986   0.0014210393   0.0007740605
       -0.0000189653   0.0000200453  -0.0000777246  -0.0001496700  -0.0000878707
       -0.0000064948  -0.0000597017  -0.0000011801  -0.0000327101   0.0000114230
        0.0000177504   0.0000128005   0.0000765902  -0.0000339870   0.0000731825
        0.0007903530  -0.0007834011  -0.0007733454   0.0018288200  -0.0039406087
       -0.0048692444  -0.0579504452   0.0353841349   0.0559615580  -0.0141882298
        0.0146767307   0.0260970332   0.0016937434   0.0013978866  -0.0020146936
       -0.0059390254  -0.0001073461   0.0004878599  -0.0010813906   0.0011427707
       -0.0008302970  -0.0003194947   0.0000550735  -0.0000209894  -0.0002606720
       -0.0001705562   0.0003865368  -0.0000987706   0.0000284455  -0.0001016631
       -0.0000795198   0.0001542509   0.0000541378  -0.0000692187  -0.0016534302
        0.0001779246   0.0000780880   0.0004166378   0.0000047441   0.0704301522
       -0.0408406866  -0.0628945319   0.0051446078  -0.0057674124  -0.0115875341
       -0.0001014947  -0.0000347668  -0.0000113296   0.0002201264   0.0000489115
       -0.0000321470  -0.0000141120  -0.0000217561  -0.0001073609  -0.0000774197
        0.0000000890   0.0000404995  -0.0000060978   0.0000150330   0.0000328428
        0.0008242204   0.0008590975  -0.0001551864   0.0064841141  -0.0205090844
       -0.0222643321   0.0342346857  -0.1089516346  -0.1001974753   0.0043966399
        0.0020237556   0.0000514341  -0.0011873431  -0.0011027018  -0.0001189499
        0.0002817018   0.0003573606   0.0000811864  -0.0000260796  -0.0001011340
       -0.0001196920  -0.0000782206   0.0000367935   0.0000284916  -0.0006125300
        0.0000028212   0.0004010101  -0.0000159276  -0.0000697098   0.0000064739
        0.0001908930   0.0003003292   0.0000323161  -0.0016458329  -0.0065980303
        0.0003109708   0.0003262892   0.0005460226  -0.0005052015  -0.0408406866
        0.1271630775   0.1152937319  -0.0022821676   0.0060439834   0.0071404142
       -0.0000177726   0.0000133535   0.0000026926  -0.0000437718   0.0000063151
        0.0000061251  -0.0000427255  -0.0000053424  -0.0000009264   0.0000418891
        0.0000258763   0.0000170647   0.0000126246  -0.0000411485  -0.0000101481
       -0.0001897630   0.0006436487   0.0004866063  -0.0008024726  -0.0014377050
        0.0016573312   0.0549321364  -0.0988527769  -0.1861795835   0.0027317179
       -0.0043446448  -0.0047703001  -0.0005509383   0.0013233723   0.0008147393
        0.0010628063  -0.0000349275  -0.0000066664  -0.0005136928  -0.0000889966
        0.0002073995   0.0000714423  -0.0000098277   0.0000108285  -0.0001947314
       -0.0001325247   0.0002564680  -0.0000508016  -0.0001112433  -0.0003755381
        0.0000182634   0.0002108739  -0.0000275474   0.0002661702   0.0000870417
        0.0010590061  -0.0000707633   0.0004483515   0.0006000379  -0.0628945319
        0.1152937319   0.2139638450   0.0062433413  -0.0130376417  -0.0277101468
       -0.0000298731   0.0000350429   0.0000042755  -0.0000328295  -0.0000093886
       -0.0000357731   0.0000081787   0.0000067589   0.0000205421   0.0000119930
        0.0000140216   0.0000223030  -0.0000156520  -0.0000031668   0.0000021731
        0.0009735673  -0.0006663655   0.0008061069   0.0030385108  -0.0022937639
        0.0047926902  -0.0829190764   0.0393929984  -0.0874029405  -0.0199602965
        0.0097916591  -0.0261529427   0.0007762516   0.0000528289   0.0026543873
       -0.0034077053   0.0000503754   0.0011496206  -0.0007498676   0.0006406112
        0.0015143972   0.0001961670   0.0000141601   0.0000238665  -0.0000892789
        0.0000601716   0.0000300876  -0.0002534806  -0.0001867470  -0.0002404304
       -0.0000807316   0.0000829048  -0.0000401656   0.0001366083   0.0003396314
        0.0000044751  -0.0000299814  -0.0014861074   0.0003502986   0.0051446078
       -0.0022821676   0.0062433413   0.0975224211  -0.0435136301   0.0961016635
       -0.0003593956  -0.0000195620   0.0000720387  -0.0000700300   0.0000457229
       -0.0000384480   0.0000353507   0.0000089583   0.0000762794   0.0000698521
        0.0000371675   0.0000206339   0.0000265072  -0.0000688460   0.0000350405
        0.0008458700   0.0007911444  -0.0000907524   0.0105662751  -0.0163179355
        0.0239827272   0.0371260890  -0.0719657069   0.0720509893   0.0028466968
        0.0026461135  -0.0010399031  -0.0009436991  -0.0015086734   0.0007903870
        0.0002775416  -0.0001204921  -0.0003999548   0.0001288087  -0.0000731972
       -0.0000712292  -0.0000359322   0.0000213800  -0.0000448474  -0.0000233773
       -0.0000689348  -0.0000770813  -0.0006048284  -0.0000169132  -0.0001965536
        0.0001984243   0.0002263173  -0.0001100387   0.0004494219   0.0005705451
        0.0005025071  -0.0014802415  -0.0063428183   0.0014210393  -0.0057674124
        0.0060439834  -0.0130376417  -0.0435136301   0.0861395568  -0.0837130632
        0.0000047608  -0.0000183825   0.0000203550  -0.0000390085   0.0000001891
        0.0000028932  -0.0000204880   0.0000072046  -0.0000105802   0.0000103226
       -0.0000123634   0.0000083286  -0.0000255934  -0.0000010170   0.0000124187
       -0.0000879102  -0.0005751520   0.0004141675  -0.0016269140   0.0053941871
       -0.0042457908  -0.0827592697   0.0711586684  -0.1915365825  -0.0019575607
        0.0006139875   0.0007345917   0.0003031617  -0.0007629014   0.0003934521
        0.0001626182  -0.0002668871  -0.0003338791   0.0005988884  -0.0000094956
       -0.0003455257  -0.0000173690  -0.0000037740   0.0000341739  -0.0000131560
        0.0000379189  -0.0004029760   0.0004077032   0.0002190870   0.0002739609
       -0.0000390892  -0.0002796272   0.0000529480   0.0001258562  -0.0005467417
        0.0006670369   0.0002538614   0.0016334192   0.0007740605  -0.0115875341
        0.0071404142  -0.0277101468   0.0961016635  -0.0837130632   0.2212349622
        0.0000695211  -0.0000256959  -0.0000049719   0.0000198237  -0.0000210849
        0.0000084152  -0.0000084160   0.0000015253   0.0000137566   0.0000232408
        0.0000195427  -0.0000210701   0.0000308809  -0.0000143274  -0.0000005826
       -0.0000078451  -0.0000605025  -0.0000284757   0.0000596834   0.0000879987
        0.0000209643  -0.0010719202   0.0011690008  -0.0006491122  -0.0060342926
       -0.0017229199   0.0033768215   0.0011160791  -0.0002382541  -0.0001956150
       -0.0217413637   0.0280152902   0.0181193269  -0.0443471768   0.0345388833
        0.0261905244   0.0025099792  -0.0093422867  -0.0087075637   0.0000309629
        0.0000057173  -0.0000164007   0.0000145454   0.0000163545   0.0000092223
        0.0000016173  -0.0000111269   0.0000076104  -0.0001138511   0.0000861011
        0.0000378627   0.0000406614   0.0000558559  -0.0000189653  -0.0001014947
       -0.0000177726  -0.0000298731  -0.0003593956   0.0000047608   0.0000695211
        0.0673234657  -0.0481116804  -0.0322195514   0.0029345275  -0.0041338037
       -0.0029291269   0.0001606549  -0.0003081205  -0.0003904377  -0.0006802158
        0.0001278379  -0.0031428042   0.0002653790  -0.0001613334   0.0004960723
       -0.0000219145   0.0000199451   0.0000091518  -0.0000016940   0.0000277312
       -0.0000178916  -0.0000736816   0.0000734314  -0.0000444339   0.0001189446
       -0.0014745459  -0.0011139321   0.0010022389   0.0010381164   0.0000874003
        0.0044637753   0.0001142280  -0.0001869988   0.0391958910  -0.1955089733
       -0.1059347139  -0.0009999291   0.0001817837  -0.0019813510  -0.0000101335
        0.0000001691   0.0000008948   0.0000090213  -0.0000094690   0.0000076458
       -0.0000029795   0.0000173572   0.0000029892   0.0000170587   0.0000415225
        0.0000019807   0.0000061474  -0.0000094122   0.0000200453  -0.0000347668
        0.0000133535   0.0000350429  -0.0000195620  -0.0000183825  -0.0000256959
       -0.0481116804   0.2187550758   0.1222464994   0.0047080098  -0.0251840237
       -0.0139988167  -0.0001873304   0.0000877969   0.0000909598  -0.0001904856
        0.0011484455   0.0000401889   0.0001330703   0.0006858502   0.0007610351
       -0.0000375756   0.0000348290   0.0000119416  -0.0000443167  -0.0000157333
        0.0000354669   0.0002159541  -0.0002006585   0.0002076522   0.0008044954
        0.0012609455  -0.0004544344  -0.0007136226   0.0002116059   0.0001531793
        0.0072453367  -0.0059406258  -0.0021380745   0.0272152999  -0.1049358316
       -0.1151580968   0.0020918646  -0.0217190450  -0.0198764480  -0.0000034568
       -0.0000108784  -0.0000041323  -0.0000206538  -0.0000013453   0.0000035826
        0.0000056958   0.0000158957  -0.0000043524   0.0000395261  -0.0000239726
        0.0000404649   0.0000059159  -0.0000303996  -0.0000777246  -0.0000113296
        0.0000026926   0.0000042755   0.0000720387   0.0000203550  -0.0000049719
       -0.0322195514   0.1222464994   0.1345796262  -0.0024306580   0.0097760227
        0.0072901086   0.0003435389  -0.0001258440   0.0005144104  -0.0030616438
        0.0000045680  -0.0055992683   0.0005031423  -0.0005690799   0.0004767950
       -0.0001097262   0.0000922997   0.0000068687  -0.0002134156   0.0000235041
       -0.0000285368   0.0001010575  -0.0000485927  -0.0006146665   0.0003163917
       -0.0031561712   0.0007141079   0.0005079320   0.0009656888  -0.0004099942
       -0.0292269193  -0.0283523552   0.0187522768  -0.0470109949  -0.0370558784
        0.0219347765   0.0026482272   0.0104248544  -0.0081086299  -0.0000033685
       -0.0000080302  -0.0000007840  -0.0000006855  -0.0000132483   0.0000146750
        0.0000231612   0.0000184388  -0.0000017207   0.0000720871   0.0000944257
        0.0001445733   0.0000692581   0.0000674007  -0.0001496700   0.0002201264
       -0.0000437718  -0.0000328295  -0.0000700300  -0.0000390085   0.0000198237
        0.0029345275   0.0047080098  -0.0024306580   0.0701026072   0.0517062954
       -0.0268501099   0.0001469355   0.0003053502  -0.0003397268   0.0002521984
        0.0001631201   0.0004995772  -0.0007593697   0.0001476686  -0.0031193526
       -0.0000164400  -0.0000124944   0.0000018878  -0.0000703092   0.0000424374
        0.0000452352  -0.0001098753  -0.0003046382   0.0002198926   0.0017188468
        0.0007969363  -0.0008126603   0.0007956304   0.0001477627  -0.0000775800
       -0.0107749583  -0.0029249005   0.0024167803  -0.0404330894  -0.2099203435
        0.0899302896   0.0006946788  -0.0026771830   0.0040147758  -0.0000055842
        0.0000148145   0.0000114810  -0.0000257027   0.0000131144  -0.0000181306
       -0.0000061798  -0.0000093893   0.0000063939   0.0000456121  -0.0000154649
        0.0000694531   0.0000253899   0.0000088298  -0.0000878707   0.0000489115
        0.0000063151  -0.0000093886   0.0000457229   0.0000001891  -0.0000210849
       -0.0041338037  -0.0251840237   0.0097760227   0.0517062954   0.2381621848
       -0.1050837276   0.0001861272   0.0000200481  -0.0001052250  -0.0001905878
        0.0007499479  -0.0008058582   0.0004993157   0.0010858575   0.0005293139
       -0.0000065702  -0.0000229710   0.0000236432   0.0000351897  -0.0000448941
        0.0000323246  -0.0001844358  -0.0000533558   0.0001690644   0.0002606075
        0.0028248350   0.0012069304  -0.0008834979  -0.0012676434  -0.0009649564
        0.0083617621   0.0047689960  -0.0021656823   0.0222437850   0.0874446092
       -0.0901236276   0.0022414568   0.0239397725  -0.0177178656   0.0000058114
        0.0000004379  -0.0000125906  -0.0000114229  -0.0000009414   0.0000068572
       -0.0000080410   0.0000032105  -0.0000005213  -0.0000006478  -0.0000407609
       -0.0000354548  -0.0000482785   0.0000120710  -0.0000064948  -0.0000321470
        0.0000061251  -0.0000357731  -0.0000384480   0.0000028932   0.0000084152
       -0.0029291269  -0.0139988167   0.0072901086  -0.0268501099  -0.1050837276
        0.1068869582   0.0003012402   0.0000880208   0.0004481635   0.0006029114
        0.0005673576   0.0005504039  -0.0030600382   0.0008547820  -0.0055599029
       -0.0000403061  -0.0000078275  -0.0000023779  -0.0000492372   0.0000356726
        0.0000383108  -0.0001427027   0.0000832008   0.0002331033   0.0001858832
       -0.0014758169  -0.0002393414   0.0002424702   0.0004386143  -0.0001775825
       -0.0035599439   0.0010122249  -0.0042907844  -0.0171410387   0.0003958333
        0.0007949422  -0.2838966121   0.0021512506   0.0405958377   0.0000110596
        0.0000034328  -0.0000037819  -0.0000048752   0.0000103856  -0.0000094989
        0.0000016049  -0.0000084059   0.0000014532   0.0000325895   0.0000368569
        0.0000263458   0.0000447567   0.0000528754  -0.0000597017  -0.0000141120
       -0.0000427255   0.0000081787   0.0000353507  -0.0000204880  -0.0000084160
        0.0001606549  -0.0001873304   0.0003435389   0.0001469355   0.0001861272
        0.0003012402   0.3272081313  -0.0028011196  -0.0453856135  -0.0111677078
        0.0023012471   0.0039164496  -0.0120529008  -0.0021640077   0.0039176978
       -0.0000122459   0.0000113108  -0.0000072688  -0.0000102676   0.0000311955
        0.0000026041  -0.0000165929   0.0000051089   0.0000135495  -0.0000269930
        0.0001988608  -0.0000840290  -0.0001267589  -0.0000509243   0.0000622414
        0.0003776394   0.0003555995   0.0002382520   0.0014057912  -0.0000003690
       -0.0001717152   0.0019942641  -0.0427456757  -0.0003470298  -0.0000002830
       -0.0000004069  -0.0000006766  -0.0000035101   0.0000061556  -0.0000017877
       -0.0000037394   0.0000026026  -0.0000001119   0.0000027360  -0.0000029741
        0.0000064676   0.0000377238  -0.0000248042  -0.0000011801  -0.0000217561
       -0.0000053424   0.0000067589   0.0000089583   0.0000072046   0.0000015253
       -0.0003081205   0.0000877969  -0.0001258440   0.0003053502   0.0000200481
        0.0000880208  -0.0028011196   0.0455657915   0.0004087726   0.0267303070
       -0.0019606556  -0.0061175817  -0.0275313830  -0.0015005227   0.0060290324
       -0.0000218211  -0.0000049616   0.0000343988  -0.0000640286   0.0000300150
        0.0000188399  -0.0001456109   0.0001349519   0.0003963724  -0.0006341843
       -0.0008405600  -0.0004994379   0.0003494005   0.0002459042  -0.0001258242
       -0.0062746751   0.0005809381  -0.0045540281  -0.0235192167   0.0003831688
        0.0026614935   0.0418764895  -0.0003380435  -0.0480658961   0.0000063892
       -0.0000008264  -0.0000034645   0.0000116282   0.0000002435   0.0000096694
        0.0000058068   0.0000014391  -0.0000007695   0.0000466394   0.0000227563
        0.0000031944  -0.0000333197   0.0000033078  -0.0000327101  -0.0001073609
       -0.0000009264   0.0000205421   0.0000762794  -0.0000105802   0.0000137566
       -0.0003904377   0.0000909598   0.0005144104  -0.0003397268  -0.0001052250
        0.0004481635  -0.0453856135   0.0004087726   0.0551995616   0.0184861509
       -0.0016667019  -0.0033175188   0.0160572116   0.0010653679  -0.0027207534
       -0.0000071832   0.0000235016   0.0000030884  -0.0000136913  -0.0000209641
       -0.0000260105   0.0000514162  -0.0000308350   0.0000539378  -0.0004735904
       -0.0002484492  -0.0005004818   0.0000877453   0.0003980653   0.0002385762
        0.0016603643  -0.0005554589   0.0004307119   0.0023897712  -0.0110540825
       -0.0097857553  -0.0583217177   0.0463384004   0.0331984500  -0.0000182914
       -0.0000050032  -0.0000018920   0.0000082899  -0.0000107535   0.0000073499
        0.0000137439   0.0000164330  -0.0000053409   0.0000178925   0.0000117265
        0.0000210036  -0.0000125778  -0.0000552543   0.0000114230  -0.0000774197
        0.0000418891   0.0000119930   0.0000698521   0.0000103226   0.0000232408
       -0.0006802158  -0.0001904856  -0.0030616438   0.0002521984  -0.0001905878
        0.0006029114  -0.0111677078   0.0267303070   0.0184861509   0.0636202779
       -0.0537094368  -0.0356396652   0.0026008434  -0.0074993347  -0.0040680474
        0.0000200979  -0.0000139740   0.0000202694  -0.0000572892   0.0000498979
       -0.0000421299  -0.0000728357  -0.0000529357   0.0000132948  -0.0001110855
        0.0006590001  -0.0004135610  -0.0000970759  -0.0003019914   0.0001521784
       -0.0002045018  -0.0003278746   0.0003602316  -0.0015398636   0.0004673447
       -0.0030025214   0.0464363071  -0.2008527635  -0.1059825228  -0.0000027078
        0.0000079972   0.0000112904   0.0000221863   0.0000012005   0.0000017142
        0.0000032211  -0.0000116026  -0.0000054678   0.0000241345  -0.0000321688
        0.0000086497  -0.0000278868  -0.0000980077   0.0000177504   0.0000000890
        0.0000258763   0.0000140216   0.0000371675  -0.0000123634   0.0000195427
        0.0001278379   0.0011484455   0.0000045680   0.0001631201   0.0007499479
        0.0005673576   0.0023012471  -0.0019606556  -0.0016667019  -0.0537094368
        0.2280767388   0.1236056059   0.0066872746  -0.0275221116  -0.0136835700
        0.0000314040   0.0000309938   0.0000226836   0.0000317141   0.0000349064
        0.0000017947   0.0001439318   0.0000547757  -0.0000822920  -0.0007749847
       -0.0011502143  -0.0003487884   0.0008220971   0.0005824330   0.0002533820
        0.0010592663   0.0006140949   0.0017556684   0.0037065404  -0.0232292310
       -0.0217894111   0.0322765620  -0.1045748880  -0.1148587942   0.0000097910
        0.0000004335   0.0000100316  -0.0000026901  -0.0000045803  -0.0000104975
        0.0000138003   0.0000003179  -0.0000013038   0.0000305262  -0.0000247187
       -0.0000322246  -0.0000276094  -0.0000149547   0.0000128005   0.0000404995
        0.0000170647   0.0000223030   0.0000206339   0.0000083286  -0.0000210701
       -0.0031428042   0.0000401889  -0.0055992683   0.0004995772  -0.0008058582
        0.0005504039   0.0039164496  -0.0061175817  -0.0033175188  -0.0356396652
        0.1236056059   0.1356277642  -0.0030150397   0.0109328836   0.0078043369
        0.0000078674  -0.0000119090   0.0000244685  -0.0000324566   0.0000076836
       -0.0001055356   0.0000405396   0.0000217406   0.0000184115  -0.0004003499
        0.0006063805  -0.0000956109   0.0000621973  -0.0003289771   0.0000716473
        0.0019464001   0.0000010065   0.0005800595   0.0028431621   0.0117580972
       -0.0086232407  -0.0619074712  -0.0560157370   0.0336326293  -0.0000030013
        0.0000000822  -0.0000078923   0.0000345193  -0.0000108231   0.0000162042
       -0.0000062012   0.0000047811  -0.0000059350  -0.0000109329  -0.0000046197
       -0.0000148845  -0.0001288252  -0.0000133101   0.0000765902  -0.0000060978
        0.0000126246  -0.0000156520   0.0000265072  -0.0000255934   0.0000308809
        0.0002653790   0.0001330703   0.0005031423  -0.0007593697   0.0004993157
       -0.0030600382  -0.0120529008  -0.0275313830   0.0160572116   0.0026008434
        0.0066872746  -0.0030150397   0.0674801910   0.0642102956  -0.0360674164
       -0.0000412592   0.0000316483  -0.0000185246   0.0000165668   0.0000175984
        0.0000240679   0.0000660010   0.0000711864  -0.0000579997  -0.0000792790
       -0.0005004625   0.0004915009   0.0001437054   0.0001931082  -0.0000516862
        0.0001237591  -0.0000359470  -0.0007831059   0.0010290413  -0.0027886253
        0.0049280096  -0.0557882724  -0.2144351482   0.0973451045   0.0000060070
       -0.0000136327  -0.0000077895  -0.0000190282   0.0000014337  -0.0000025513
       -0.0000157991   0.0000095710  -0.0000025899  -0.0000022091   0.0000170971
        0.0000033977   0.0000812911   0.0000802479  -0.0000339870   0.0000150330
       -0.0000411485  -0.0000031668  -0.0000688460  -0.0000010170  -0.0000143274
       -0.0001613334   0.0006858502  -0.0005690799   0.0001476686   0.0010858575
        0.0008547820  -0.0021640077  -0.0015005227   0.0010653679  -0.0074993347
       -0.0275221116   0.0109328836   0.0642102956   0.2446450169  -0.1141003059
        0.0000458183  -0.0000214754   0.0000060489   0.0000322925  -0.0000336193
        0.0000267542   0.0000119038  -0.0000526333  -0.0000421533  -0.0000353613
        0.0002764994  -0.0003064241  -0.0000094036  -0.0004040087   0.0001562878
        0.0013826085  -0.0004135539   0.0018159965   0.0048398370   0.0248103387
       -0.0189207924   0.0325896522   0.0962975661  -0.0986379078   0.0000201291
       -0.0000039879   0.0000003750  -0.0000005016   0.0000076178  -0.0000071204
        0.0000011350  -0.0000111314   0.0000010733  -0.0000370047   0.0000027713
       -0.0000866701  -0.0000679422   0.0000078407   0.0000731825   0.0000328428
       -0.0000101481   0.0000021731   0.0000350405   0.0000124187  -0.0000005826
        0.0004960723   0.0007610351   0.0004767950  -0.0031193526   0.0005293139
       -0.0055599029   0.0039176978   0.0060290324  -0.0027207534  -0.0040680474
       -0.0136835700   0.0078043369  -0.0360674164  -0.1141003059   0.1159192840
