$hessian                                                                        
        0.5220469152  -0.0104696945   0.0020650638  -0.0701209886  -0.0234347576
        0.0016273710  -0.0097164458  -0.0258059744  -0.0037411549   0.0002898227
       -0.0011661787  -0.0001572605  -0.0002432848  -0.0002472050  -0.0000326523
       -0.0000930952  -0.0000411727  -0.0000771674   0.0004750057  -0.0000208746
       -0.0000726042   0.0000183040   0.0001039842   0.0000268744  -0.0460172103
       -0.0058087161   0.0174140848  -0.2230243272  -0.0306199417  -0.1012635835
       -0.1734297029   0.0831344858   0.0840086964   0.0033474753   0.0213276917
        0.0009888184  -0.0000010531  -0.0045225525   0.0007442647   0.0008164333
       -0.0001788407   0.0008978253  -0.0042277901  -0.0021206343  -0.0024406731
       -0.0000330171  -0.0000132190   0.0000063723  -0.0000459928  -0.0000438846
        0.0000115640  -0.0000485702  -0.0000259394   0.0000073657   0.0000058216
       -0.0000187624  -0.0000234983   0.0000017003  -0.0000278134   0.0000102934
       -0.0104696945   0.4605110535  -0.0023276510  -0.0233654261  -0.1998340989
       -0.0014903916  -0.0083711143  -0.0106454727  -0.0035231082   0.0007707567
        0.0004177156   0.0006203607  -0.0001927384  -0.0001177312  -0.0001285067
       -0.0001542794   0.0002176371  -0.0002363852   0.0000682198  -0.0001236062
       -0.0000044734   0.0000207953  -0.0000792023   0.0000116561  -0.0059615017
       -0.0719726158   0.0786324955  -0.0312119993  -0.0470360003  -0.0178859391
        0.0837677988  -0.0955587455  -0.0541602372  -0.0009483934  -0.0209191569
       -0.0022548860  -0.0037440844  -0.0162741443   0.0028934015   0.0009011052
        0.0009262369   0.0003838709  -0.0011071119   0.0003553386  -0.0005138673
       -0.0000260825   0.0000190038  -0.0000010989   0.0000116239   0.0000386837
        0.0000038230  -0.0000077099   0.0000156698  -0.0000037928   0.0000045649
        0.0000369940  -0.0000240754   0.0000152712   0.0000224412   0.0000088052
        0.0020650638  -0.0023276510   0.5246999833   0.0020117866  -0.0016187982
       -0.0675942725  -0.0058763503  -0.0139174080  -0.0015130634   0.0008964042
        0.0000653915  -0.0012605939   0.0001799676  -0.0001695817   0.0011587590
       -0.0000226785   0.0000645443   0.0002503350   0.0001860415  -0.0000448852
       -0.0001275733  -0.0000518797   0.0000164373  -0.0000353859   0.0174126207
        0.0783000206  -0.2518355336  -0.1012755161  -0.0174939035  -0.1020386048
        0.0837972922  -0.0536215835  -0.1005977165  -0.0013314015  -0.0148631534
       -0.0000917057   0.0051695721   0.0281657918  -0.0011008841  -0.0001354971
       -0.0012496246   0.0008868712  -0.0030496815  -0.0013132911  -0.0008460569
       -0.0000015705  -0.0000060610   0.0000166236   0.0000165946   0.0000307698
       -0.0000015969  -0.0000139673  -0.0000089464   0.0000181633   0.0000043744
       -0.0000091676   0.0000038099   0.0000188248   0.0000010999   0.0000084423
       -0.0701209886  -0.0233654261   0.0020117866   0.4894521671  -0.0246182416
       -0.0364192044  -0.1533135686  -0.0219624494  -0.0555372567  -0.0310267999
       -0.0005188433  -0.0035929725   0.0009804069   0.0005535647  -0.0046920639
       -0.0042710658   0.0010857714   0.0021184940  -0.0009574199   0.0009491521
       -0.0005919645   0.0001691211  -0.0000721301  -0.0000367706  -0.0005535198
       -0.0040388882   0.0006496473  -0.0072356999  -0.0261788908  -0.0019327445
        0.0037029707   0.0223540979   0.0009580367  -0.1729842191   0.0844527890
        0.0824850818  -0.0455360044  -0.0059229006   0.0223495022  -0.0017735609
        0.0006744102  -0.0035316432  -0.0061632100  -0.0035772170  -0.0042903216
       -0.0003090917   0.0001026100   0.0001562348  -0.0000539477  -0.0000057392
       -0.0000966967   0.0000097688   0.0000015373  -0.0000138366  -0.0000227659
        0.0000354720  -0.0000512446   0.0000074275   0.0000513219   0.0000579366
       -0.0234347576  -0.1998340989  -0.0016187982  -0.0246182416   0.4773645786
       -0.0069676326  -0.0186895742  -0.0636992953  -0.0090726653   0.0091028790
        0.0016557630   0.0025825313  -0.0001917985  -0.0001535371   0.0019024972
        0.0017414986  -0.0004563493  -0.0013860223   0.0009666281  -0.0006377246
        0.0001465545  -0.0000055782  -0.0000798054   0.0000138319  -0.0034112035
       -0.0162936500   0.0039506347  -0.0034923594  -0.0080857610  -0.0011720790
       -0.0003986601  -0.0213780104  -0.0029502856   0.0843391422  -0.0942392113
       -0.0501509343  -0.0064068735  -0.0682705655   0.0731619723   0.0091386921
        0.0020120968   0.0059408254  -0.0247551639  -0.0079723915  -0.0143706070
        0.0001260121  -0.0000356248  -0.0000272721  -0.0000053473   0.0000564102
        0.0000205827  -0.0000104276   0.0000130363   0.0000064873  -0.0000104850
        0.0000271236  -0.0000106707   0.0000156184   0.0000070167   0.0000010497
        0.0016273710  -0.0014903916  -0.0675942725  -0.0364192044  -0.0069676326
        0.5223487356  -0.0507849056  -0.0096868962  -0.1018729318   0.0037742137
        0.0060978317   0.0088268831   0.0013168881  -0.0007163198  -0.0004313790
        0.0045726862  -0.0025145376   0.0006495497   0.0002856982  -0.0005856028
        0.0004845935   0.0000447751  -0.0000285289  -0.0000634786   0.0053740595
        0.0291486231  -0.0015035585  -0.0040906423  -0.0144258165  -0.0006965846
       -0.0019477085  -0.0155947843  -0.0004386700   0.0815391738  -0.0500479623
       -0.0937373699   0.0232266962   0.0722630371  -0.2475567607  -0.0235392251
       -0.0031069288  -0.0163819537  -0.0051253308  -0.0022321282  -0.0020270602
        0.0002529817  -0.0001489087  -0.0000813148  -0.0000831329   0.0000082451
        0.0000296778   0.0000258862  -0.0000144094   0.0000013827  -0.0000409737
        0.0000069767   0.0000224193  -0.0000093063   0.0000361341   0.0000220924
       -0.0097164458  -0.0083711143  -0.0058763503  -0.1533135686  -0.0186895742
       -0.0507849056   0.4472366936   0.0022293847   0.0110506393  -0.1286015603
        0.0228691091   0.0501127348  -0.0030447967   0.0068498840   0.0132955826
       -0.0467539599   0.0211848048   0.0031533372   0.0009516054   0.0026210669
       -0.0036037216  -0.0002377057  -0.0001318201   0.0000752103   0.0004600777
        0.0007704924  -0.0000273741   0.0002085972  -0.0021352974  -0.0002407024
        0.0007584033   0.0003672756   0.0003278864  -0.0262705106  -0.0025925994
       -0.0126558637  -0.0011893228   0.0004720689  -0.0043783191  -0.0423630848
       -0.0020593121   0.0012382185  -0.0364035383  -0.0239924443  -0.0025111810
       -0.0014584242   0.0006166850   0.0006809693  -0.0002317015  -0.0000114910
        0.0000885120  -0.0001463371  -0.0001226832   0.0000671737   0.0000528143
        0.0000762130  -0.0000140415   0.0000627649   0.0000493514   0.0000021952
       -0.0258059744  -0.0106454727  -0.0139174080  -0.0219624494  -0.0636992953
       -0.0096868962   0.0022293847   0.4896630640  -0.0304517343   0.0198305246
       -0.0789013579  -0.0164882351   0.0062470463   0.0138565900  -0.0070874312
        0.0217344415  -0.0018660777   0.0014498538   0.0010255112   0.0056732972
        0.0013555136   0.0013717606  -0.0004459203  -0.0005948503  -0.0003889195
        0.0009147338  -0.0010924929  -0.0024388499  -0.0059902161  -0.0009164468
       -0.0004976496   0.0013655033  -0.0000049554   0.0099013440   0.0018815019
        0.0053325685   0.0079056636   0.0019712092   0.0050721990  -0.0005872172
       -0.0855557538   0.0945404607  -0.0180850612  -0.2688224143  -0.0274389701
       -0.0002226650   0.0001432769   0.0000725176  -0.0005849956   0.0003050497
       -0.0000593748   0.0003227383   0.0003493777  -0.0001416571  -0.0000146841
       -0.0001470407  -0.0000141298   0.0000200510  -0.0000500549   0.0000714688
       -0.0037411549  -0.0035231082  -0.0015130634  -0.0555372567  -0.0090726653
       -0.1018729318   0.0110506393  -0.0304517343   0.5144979598   0.0440402015
       -0.0159772350  -0.0905595410   0.0353982098  -0.0160039257  -0.0434508115
       -0.0111792511   0.0043699941   0.0105889422  -0.0022332682   0.0019983339
       -0.0018232680   0.0000497846   0.0000814611  -0.0000437599   0.0010656213
        0.0005558419   0.0010910513   0.0001346279  -0.0002604467   0.0006363648
       -0.0001893727   0.0002434999   0.0000957012   0.0100435698   0.0012928603
        0.0058696375  -0.0267295854  -0.0041742257  -0.0194506853  -0.0000847297
        0.0946608476  -0.2326963935  -0.0010632878  -0.0240589567  -0.0415550312
       -0.0008324168   0.0003150462   0.0003216851  -0.0001507879   0.0001789712
       -0.0001826823  -0.0000562919  -0.0000665781   0.0000285750  -0.0000536971
       -0.0001285797  -0.0000729018   0.0000684459   0.0000205992   0.0000911527
        0.0002898227   0.0007707567   0.0008964042  -0.0310267999   0.0091028790
        0.0037742137  -0.1286015603   0.0198305246   0.0440402015   0.4436546196
       -0.0950985560  -0.0579167567  -0.0806853404   0.0064024940   0.0814967879
       -0.1577508961   0.0365692169  -0.0627664151  -0.0429008599   0.0191934454
       -0.0112416201   0.0016853256   0.0010583636  -0.0016473982  -0.0001254694
       -0.0002359913  -0.0002951210   0.0004779512   0.0003219908   0.0002233398
        0.0001013415  -0.0010867832  -0.0000726934  -0.0033859479  -0.0012579912
       -0.0018462325  -0.0005184720   0.0001581426   0.0004237917   0.0007256134
        0.0019276099   0.0038705922   0.0016960428   0.0028775318   0.0008924344
       -0.0041245413   0.0010812355   0.0011655890   0.0008085320  -0.0007877377
       -0.0014770876   0.0006069644  -0.0004137444  -0.0000975738  -0.0002810978
       -0.0003095251   0.0005803428  -0.0006452283  -0.0001038619  -0.0000027988
       -0.0011661787   0.0004177156   0.0000653915  -0.0005188433   0.0016557630
        0.0060978317   0.0228691091  -0.0789013579  -0.0159772350  -0.0950985560
        0.2287632809   0.0256936043   0.0072668244  -0.0667967498  -0.0313166899
        0.0356700904  -0.0652430264   0.0220354914   0.0167550086  -0.0075689064
        0.0039559510  -0.0017772517   0.0005447803   0.0002327618  -0.0001197873
       -0.0000825390   0.0003186053  -0.0000709925  -0.0005074260  -0.0001001764
       -0.0002871926  -0.0004344532  -0.0005063926  -0.0015494199   0.0005638782
       -0.0008548653   0.0010783264   0.0003103410   0.0003856634  -0.0114781471
        0.0035998473   0.0071379920   0.0240770475  -0.0154807753  -0.0178584930
        0.0041893307  -0.0011760736  -0.0004012800   0.0010624988   0.0010497194
        0.0008109306  -0.0003463443  -0.0003514192   0.0002157391  -0.0003014914
       -0.0000840042   0.0005187058  -0.0002540312  -0.0002785948  -0.0004535357
       -0.0001572605   0.0006203607  -0.0012605939  -0.0035929725   0.0025825313
        0.0088268831   0.0501127348  -0.0164882351  -0.0905595410  -0.0579167567
        0.0256936043   0.8698696334   0.0617259728  -0.0257827807  -0.6282346134
       -0.0716209387   0.0257254033  -0.1490737077  -0.0073662165   0.0057434604
        0.0182696651   0.0026260539  -0.0014145651  -0.0022390372   0.0004368635
        0.0001928349  -0.0006537934  -0.0005057837  -0.0005823822  -0.0000395873
       -0.0005043662  -0.0014996424   0.0008637135  -0.0035276664  -0.0003091584
       -0.0016368917  -0.0019874657   0.0013622958  -0.0006125101   0.0199934124
       -0.0070918384  -0.0193056088   0.0053680353  -0.0053712312  -0.0018836975
        0.0026895036  -0.0020674185  -0.0024122298   0.0024090567  -0.0032679624
        0.0004720483   0.0013981046   0.0007706859  -0.0003455216   0.0009978970
        0.0012950877   0.0002310427  -0.0005782079  -0.0001110499  -0.0002756527
       -0.0002432848  -0.0001927384   0.0001799676   0.0009804069  -0.0001917985
        0.0013168881  -0.0030447967   0.0062470463   0.0353982098  -0.0806853404
        0.0072668244   0.0617259728   0.0895445003  -0.0236456743  -0.0507143587
       -0.0014422916   0.0098812605  -0.0492952509   0.0009169300  -0.0012532251
       -0.0037056581  -0.0007608152  -0.0004698883   0.0001619987   0.0000021120
        0.0000844414   0.0001986994  -0.0000243095   0.0000762588  -0.0000718276
       -0.0004930900   0.0002563357  -0.0000382607   0.0004523395   0.0000135568
        0.0002523825   0.0002865856  -0.0003428093   0.0004832644  -0.0043952000
        0.0021091397   0.0037708706  -0.0019469227   0.0005973145   0.0017502806
        0.0006902833  -0.0008375896  -0.0007559685  -0.0001115477  -0.0005673412
       -0.0004568555   0.0000964457   0.0002170457   0.0000406238  -0.0000131098
        0.0006004418  -0.0001220344   0.0001911051   0.0001513991  -0.0001189439
       -0.0002472050  -0.0001177312  -0.0001695817   0.0005535647  -0.0001535371
       -0.0007163198   0.0068498840   0.0138565900  -0.0160039257   0.0064024940
       -0.0667967498  -0.0257827807  -0.0236456743   0.0355068100   0.0210687742
        0.0118153831   0.0204502097   0.0189764158  -0.0013743899  -0.0033061280
        0.0017264209  -0.0007875013   0.0003234629   0.0006546151  -0.0000496888
        0.0000267124   0.0000504575   0.0000096194   0.0000097558  -0.0000089414
       -0.0002227567   0.0003361429   0.0000811143   0.0001274645  -0.0000253298
        0.0002534692  -0.0004869244  -0.0005208274  -0.0001675869   0.0033138162
       -0.0002826571  -0.0020308198  -0.0014569577   0.0009493869   0.0018214120
       -0.0003159619   0.0003521438   0.0001647002  -0.0004694808  -0.0006539665
        0.0002885011  -0.0002360057  -0.0001195036   0.0000001952   0.0001371683
        0.0000504510  -0.0002558439   0.0000831522   0.0001147649   0.0000497244
       -0.0000326523  -0.0001285067   0.0011587590  -0.0046920639   0.0019024972
       -0.0004313790   0.0132955826  -0.0070874312  -0.0434508115   0.0814967879
       -0.0313166899  -0.6282346134  -0.0507143587   0.0210687742   0.7733537256
       -0.0474448602   0.0187503619  -0.1028155587   0.0027609328  -0.0032176091
        0.0007526712  -0.0006836146   0.0006461314   0.0016058122  -0.0001819397
       -0.0002034612   0.0000181091   0.0001858820   0.0002777231   0.0000595452
        0.0003929843   0.0010613184  -0.0002549347  -0.0001225330  -0.0001316797
        0.0003773005   0.0005601517  -0.0006388583   0.0011894713   0.0056683295
       -0.0024331930  -0.0037721700   0.0004318174   0.0004425671  -0.0016676882
        0.0003986115   0.0000506772   0.0012921663  -0.0004828977   0.0016973770
        0.0006899872  -0.0005171994  -0.0002543661   0.0001026688  -0.0006997680
       -0.0007775251  -0.0000358593   0.0003808079   0.0002918930   0.0000627982
       -0.0000930952  -0.0001542794  -0.0000226785  -0.0042710658   0.0017414986
        0.0045726862  -0.0467539599   0.0217344415  -0.0111792511  -0.1577508961
        0.0356700904  -0.0716209387  -0.0014422916   0.0118153831  -0.0474448602
        0.4088547304  -0.1171901246   0.0397149916  -0.1227577022   0.0269803043
        0.0517457956  -0.0384898314   0.0015270586   0.0173487627   0.0000206819
        0.0000099229   0.0003569979   0.0000080693  -0.0000585151  -0.0001437009
        0.0002694581   0.0001596218  -0.0003026242  -0.0023004412   0.0000469596
       -0.0006421783   0.0011367600   0.0000748257  -0.0000213940  -0.0000239364
       -0.0011478167  -0.0008115679  -0.0022123214   0.0015922366   0.0002692051
       -0.0246978064   0.0129895554   0.0053819690  -0.0081386791   0.0079719554
        0.0124033852  -0.0051397948  -0.0058420175   0.0018879111   0.0017184600
        0.0006888902  -0.0006938928   0.0020636618   0.0013900093  -0.0007986179
       -0.0000411727   0.0002176371   0.0000645443   0.0010857714  -0.0004563493
       -0.0025145376   0.0211848048  -0.0018660777   0.0043699941   0.0365692169
       -0.0652430264   0.0257254033   0.0098812605   0.0204502097   0.0187503619
       -0.1171901246   0.1158793394  -0.0159025719   0.0285328851  -0.0638375531
       -0.0198602037  -0.0180113384   0.0099564872   0.0066841672   0.0001964104
        0.0000137206  -0.0002478462  -0.0000555363   0.0001375815   0.0000152598
        0.0000259641  -0.0001193131   0.0003631047   0.0009348019  -0.0000097636
        0.0003796514  -0.0004891502   0.0000189654  -0.0000923963   0.0009555495
       -0.0003299986  -0.0000610434  -0.0001569696   0.0001554227  -0.0002049744
        0.0195420306  -0.0072987325  -0.0065694474   0.0198833522  -0.0080141190
       -0.0122886361  -0.0038754404  -0.0026421167   0.0013812564   0.0002766490
        0.0014569501  -0.0005191000   0.0007510357   0.0015307363   0.0005270139
       -0.0000771674  -0.0002363852   0.0002503350   0.0021184940  -0.0013860223
        0.0006495497   0.0031533372   0.0014498538   0.0105889422  -0.0627664151
        0.0220354914  -0.1490737077  -0.0492952509   0.0189764158  -0.1028155587
        0.0397149916  -0.0159025719   0.3574464252   0.0405303019  -0.0180751423
       -0.1056414121   0.0137421164   0.0004285381  -0.0014311711  -0.0001511224
       -0.0000352166   0.0002749161   0.0001419705  -0.0000457763  -0.0001121930
        0.0000685766   0.0002580379  -0.0004526456   0.0002030935   0.0002219691
        0.0002568940   0.0007074823  -0.0001713600  -0.0001285112  -0.0001616004
       -0.0011198496   0.0005757110  -0.0002465555  -0.0002281797  -0.0005471163
       -0.0170069176   0.0066502535   0.0083579570   0.0294992545  -0.0136036859
       -0.0182849687   0.0011178411   0.0019509221   0.0000230970  -0.0005080381
       -0.0010458795  -0.0002198813  -0.0007843923  -0.0001214125   0.0002833383
        0.0004750057   0.0000682198   0.0001860415  -0.0009574199   0.0009666281
        0.0002856982   0.0009516054   0.0010255112  -0.0022332682  -0.0429008599
        0.0167550086  -0.0073662165   0.0009169300  -0.0013743899   0.0027609328
       -0.1227577022   0.0285328851   0.0405303019   0.4009727540   0.0033917080
        0.0630898290  -0.0985743006  -0.0617160341   0.0081876479  -0.0001534388
        0.0000110801  -0.0000522043   0.0000719609  -0.0000148437   0.0000756483
       -0.0001866380  -0.0000422867  -0.0001116416  -0.0002828295  -0.0001865541
       -0.0003379596  -0.0001377612  -0.0000283834   0.0001957162  -0.0001510174
        0.0001569597  -0.0005011613  -0.0011887443   0.0002034914   0.0002858993
       -0.0708834409   0.0519964472  -0.0698057799  -0.0481449578  -0.0219820473
       -0.0399624061  -0.0183976837  -0.0181525772   0.0060562814   0.0063671050
        0.0073133961  -0.0003662387  -0.0050385668  -0.0069242188  -0.0009171203
       -0.0000208746  -0.0001236062  -0.0000448852   0.0009491521  -0.0006377246
       -0.0005856028   0.0026210669   0.0056732972   0.0019983339   0.0191934454
       -0.0075689064   0.0057434604  -0.0012532251  -0.0033061280  -0.0032176091
        0.0269803043  -0.0638375531  -0.0180751423   0.0033917080   0.4747164834
       -0.0164870422  -0.0594653102  -0.1552782147   0.0195960294  -0.0000025106
       -0.0000200068   0.0000808762  -0.0000138004  -0.0000162532  -0.0000172892
       -0.0000571044  -0.0000352891  -0.0000833087   0.0003006810   0.0000788972
        0.0001962396   0.0000399699   0.0000591035  -0.0000706547  -0.0001119319
        0.0000414764  -0.0000832392  -0.0008435790   0.0004318052   0.0004678664
        0.0516921548  -0.1206712257   0.0986583624  -0.0232929806  -0.0981032503
       -0.0946749434   0.0048340405   0.0060701278  -0.0014882198  -0.0116245323
       -0.0195798858   0.0076886341  -0.0133166738  -0.0178931470   0.0003981341
       -0.0000726042  -0.0000044734  -0.0001275733  -0.0005919645   0.0001465545
        0.0004845935  -0.0036037216   0.0013555136  -0.0018232680  -0.0112416201
        0.0039559510   0.0182696651  -0.0037056581   0.0017264209   0.0007526712
        0.0517457956  -0.0198602037  -0.1056414121   0.0630898290  -0.0164870422
        0.5264116168   0.0074533810   0.0190132555  -0.0708186294   0.0000548135
       -0.0000277084   0.0000586295  -0.0000149390   0.0000018169  -0.0000061093
       -0.0000151388  -0.0000253982   0.0000377282  -0.0002621055   0.0000165046
       -0.0000350090   0.0001234005   0.0000690948  -0.0000104425   0.0002505789
       -0.0001589293   0.0001691951   0.0000736849   0.0001995375   0.0002029373
       -0.0652710571   0.0965930442  -0.1639507098  -0.0426793139  -0.0919452919
       -0.2002915342   0.0065993198   0.0065695335  -0.0021184793   0.0128522624
        0.0198472607  -0.0056557954  -0.0147849429  -0.0209854408   0.0040919255
        0.0000183040   0.0000207953  -0.0000518797   0.0001691211  -0.0000055782
        0.0000447751  -0.0002377057   0.0013717606   0.0000497846   0.0016853256
       -0.0017772517   0.0026260539  -0.0007608152  -0.0007875013  -0.0006836146
       -0.0384898314  -0.0180113384   0.0137421164  -0.0985743006  -0.0594653102
        0.0074533810   0.5053260503  -0.0366586732   0.0054078481   0.0000169994
        0.0000085834   0.0000061124  -0.0000701356  -0.0000254493  -0.0000197930
        0.0000120823   0.0000384711   0.0000333766  -0.0000907453  -0.0000010519
       -0.0000088124  -0.0000021501  -0.0000181641  -0.0000078471   0.0000070296
        0.0000555523  -0.0001943854  -0.0002334730   0.0000313787   0.0000681253
        0.0054862251   0.0058226674  -0.0007838790  -0.0048766062  -0.0090364723
       -0.0004336964  -0.2354727081   0.0758339966   0.0711178888  -0.0868569402
        0.0579960689  -0.0721931411  -0.0470557260  -0.0153924837  -0.0261724134
        0.0001039842  -0.0000792023   0.0000164373  -0.0000721301  -0.0000798054
       -0.0000285289  -0.0001318201  -0.0004459203   0.0000814611   0.0010583636
        0.0005447803  -0.0014145651  -0.0004698883   0.0003234629   0.0006461314
        0.0015270586   0.0099564872   0.0004285381  -0.0617160341  -0.1552782147
        0.0190132555  -0.0366586732   0.4827123171   0.0145694928   0.0000019474
        0.0000290689  -0.0000276956  -0.0000236307   0.0000342109   0.0000044077
       -0.0000154119   0.0000411613   0.0000332497  -0.0000127743   0.0000391165
       -0.0000020789  -0.0000162665   0.0000199215  -0.0000210331   0.0000235913
       -0.0000089944  -0.0000330428   0.0000571364   0.0000015167  -0.0000036075
       -0.0107349684  -0.0177326648   0.0063083237  -0.0122151630  -0.0163213501
        0.0008167694   0.0746555223  -0.0702134027  -0.0275649678   0.0593581443
       -0.1210603776   0.0964695940  -0.0147189874  -0.1124821111  -0.1092921408
        0.0000268744   0.0000116561  -0.0000353859  -0.0000367706   0.0000138319
       -0.0000634786   0.0000752103  -0.0005948503  -0.0000437599  -0.0016473982
        0.0002327618  -0.0022390372   0.0001619987   0.0006546151   0.0016058122
        0.0173487627   0.0066841672  -0.0014311711   0.0081876479   0.0195960294
       -0.0708186294   0.0054078481   0.0145694928   0.5243896530  -0.0000164880
       -0.0000125728   0.0000107742   0.0000106788   0.0000116157   0.0000177597
        0.0000078991  -0.0000152911   0.0000022889   0.0000206506   0.0000086610
        0.0000128202  -0.0000027972  -0.0000162588   0.0000223639  -0.0000319745
        0.0000195563   0.0001165551   0.0000725640  -0.0000002489   0.0000287075
        0.0110179275   0.0190598337  -0.0048831946  -0.0134880264  -0.0196225140
        0.0033874064   0.0710066193  -0.0280255185  -0.0688873408  -0.0723554078
        0.0954398810  -0.1659851511  -0.0257658185  -0.1080148476  -0.2152069925
       -0.0460172103  -0.0059615017   0.0174126207  -0.0005535198  -0.0034112035
        0.0053740595   0.0004600777  -0.0003889195   0.0010656213  -0.0001254694
       -0.0001197873   0.0004368635   0.0000021120  -0.0000496888  -0.0001819397
        0.0000206819   0.0001964104  -0.0001511224  -0.0001534388  -0.0000025106
        0.0000548135   0.0000169994   0.0000019474  -0.0000164880   0.0494692300
        0.0084717986  -0.0202126753   0.0000323804   0.0091838392  -0.0283182106
       -0.0035906816  -0.0067982191   0.0253974209   0.0001341945   0.0005499400
       -0.0004102582   0.0004275719  -0.0014796798   0.0000720093  -0.0001670644
       -0.0003044067  -0.0004161862  -0.0000095724   0.0001188689  -0.0000779588
       -0.0000025718  -0.0000123382  -0.0000190792   0.0000347809  -0.0000172779
       -0.0000007856   0.0000201713   0.0000085350  -0.0000066485   0.0000035279
        0.0000129037  -0.0000030078  -0.0000021994   0.0000012899   0.0000009513
       -0.0058087161  -0.0719726158   0.0783000206  -0.0040388882  -0.0162936500
        0.0291486231   0.0007704924   0.0009147338   0.0005558419  -0.0002359913
       -0.0000825390   0.0001928349   0.0000844414   0.0000267124  -0.0002034612
        0.0000099229   0.0000137206  -0.0000352166   0.0000110801  -0.0000200068
       -0.0000277084   0.0000085834   0.0000290689  -0.0000125728   0.0084717986
        0.0864908850  -0.0925327022   0.0007413762   0.0019912093  -0.0026037892
        0.0016257289   0.0052065538  -0.0135097118   0.0000213653   0.0006762471
        0.0005813307  -0.0014423685  -0.0071785333   0.0005984033  -0.0005010981
        0.0000132552  -0.0004848808   0.0002424116   0.0002244292   0.0000342295
        0.0000217195  -0.0000004639  -0.0000064457   0.0000074429  -0.0000144833
       -0.0000014916   0.0000077953   0.0000024209  -0.0000002062   0.0000058384
       -0.0000199080   0.0000109701  -0.0000029347  -0.0000070360  -0.0000040676
        0.0174140848   0.0786324955  -0.2518355336   0.0006496473   0.0039506347
       -0.0015035585  -0.0000273741  -0.0010924929   0.0010910513  -0.0002951210
        0.0003186053  -0.0006537934   0.0001986994   0.0000504575   0.0000181091
        0.0003569979  -0.0002478462   0.0002749161  -0.0000522043   0.0000808762
        0.0000586295   0.0000061124  -0.0000276956   0.0000107742  -0.0202126753
       -0.0925327022   0.2905786576  -0.0014827711   0.0058257996  -0.0198763660
        0.0038865833   0.0045270124  -0.0197647419  -0.0002538320  -0.0002291734
        0.0004583984  -0.0002698793   0.0008040595   0.0009566285   0.0002289751
        0.0001088516   0.0002555831  -0.0001005185  -0.0001810607  -0.0000515714
        0.0000017995   0.0000003371   0.0000220272  -0.0000277415   0.0000116833
       -0.0000331786   0.0000000115  -0.0000040018  -0.0000073175  -0.0000133699
       -0.0000000568  -0.0000117310  -0.0000074243   0.0000042165   0.0000130169
       -0.2230243272  -0.0312119993  -0.1012755161  -0.0072356999  -0.0034923594
       -0.0040906423   0.0002085972  -0.0024388499   0.0001346279   0.0004779512
       -0.0000709925  -0.0005057837  -0.0000243095   0.0000096194   0.0001858820
        0.0000080693  -0.0000555363   0.0001419705   0.0000719609  -0.0000138004
       -0.0000149390  -0.0000701356  -0.0000236307   0.0000106788   0.0000323804
        0.0007413762  -0.0014827711   0.2568528240   0.0374924602   0.1183320422
       -0.0274053617  -0.0011515029  -0.0116872530   0.0005808591   0.0003492353
       -0.0000143887  -0.0001164300   0.0000740463   0.0002152571   0.0001361552
        0.0000157209   0.0003291562  -0.0005631795  -0.0002372971  -0.0002644669
        0.0000107477  -0.0000003163   0.0000053502   0.0000338302   0.0000072591
       -0.0000110921  -0.0000099946   0.0000042508   0.0000037704   0.0000158325
        0.0000015198  -0.0000133788   0.0000202304   0.0000007970   0.0000014965
       -0.0306199417  -0.0470360003  -0.0174939035  -0.0261788908  -0.0080857610
       -0.0144258165  -0.0021352974  -0.0059902161  -0.0002604467   0.0003219908
       -0.0005074260  -0.0005823822   0.0000762588   0.0000097558   0.0002777231
       -0.0000585151   0.0001375815  -0.0000457763  -0.0000148437  -0.0000162532
        0.0000018169  -0.0000254493   0.0000342109   0.0000116157   0.0091838392
        0.0019912093   0.0058257996   0.0374924602   0.0567256191   0.0210132460
        0.0138710812   0.0022883518   0.0067271510  -0.0003487008   0.0005898768
       -0.0002575872  -0.0002725725   0.0005527901  -0.0001903586   0.0001764665
       -0.0001270167   0.0001395324  -0.0014808978  -0.0005539986  -0.0007476699
       -0.0000032588   0.0000016055  -0.0000072702  -0.0000112179  -0.0000094868
        0.0000213655   0.0000013303   0.0000080504   0.0000012856   0.0000120484
       -0.0000099795  -0.0000103393   0.0000141103  -0.0000029130   0.0000020147
       -0.1012635835  -0.0178859391  -0.1020386048  -0.0019327445  -0.0011720790
       -0.0006965846  -0.0002407024  -0.0009164468   0.0006363648   0.0002233398
       -0.0001001764  -0.0000395873  -0.0000718276  -0.0000089414   0.0000595452
       -0.0001437009   0.0000152598  -0.0001121930   0.0000756483  -0.0000172892
       -0.0000061093  -0.0000197930   0.0000044077   0.0000177597  -0.0283182106
       -0.0026037892  -0.0198763660   0.1183320422   0.0210132460   0.1144697658
        0.0131592145   0.0015735489   0.0071062196  -0.0001260731  -0.0001613465
       -0.0001984456   0.0003441306   0.0003027955   0.0003742261   0.0001809240
        0.0000545642   0.0002102805  -0.0001980467  -0.0000994590   0.0000829263
        0.0000020439   0.0000081482   0.0000015929  -0.0000125462  -0.0000000676
        0.0000145784  -0.0000078342   0.0000020731   0.0000037948   0.0000060555
       -0.0000070879  -0.0000019494   0.0000116640  -0.0000014212  -0.0000072141
       -0.1734297029   0.0837677988   0.0837972922   0.0037029707  -0.0003986601
       -0.0019477085   0.0007584033  -0.0004976496  -0.0001893727   0.0001013415
       -0.0002871926  -0.0005043662  -0.0004930900  -0.0002227567   0.0003929843
        0.0002694581   0.0000259641   0.0000685766  -0.0001866380  -0.0000571044
       -0.0000151388   0.0000120823  -0.0000154119   0.0000078991  -0.0035906816
        0.0016257289   0.0038865833  -0.0274053617   0.0138710812   0.0131592145
        0.1994595197  -0.0972199266  -0.0981682284   0.0008749230  -0.0008237045
       -0.0003338133   0.0001214512   0.0001434259  -0.0002951103  -0.0000634455
        0.0000562795   0.0000409744  -0.0001078315  -0.0000546030   0.0000372882
        0.0000200569   0.0000128959   0.0000074954  -0.0000677645   0.0000284794
        0.0000448205   0.0000158025   0.0000127785  -0.0000024088  -0.0000037636
        0.0000017314   0.0000066414   0.0000122701   0.0000308458   0.0000063771
        0.0831344858  -0.0955587455  -0.0536215835   0.0223540979  -0.0213780104
       -0.0155947843   0.0003672756   0.0013655033   0.0002434999  -0.0010867832
       -0.0004344532  -0.0014996424   0.0002563357   0.0003361429   0.0010613184
        0.0001596218  -0.0001193131   0.0002580379  -0.0000422867  -0.0000352891
       -0.0000253982   0.0000384711   0.0000411613  -0.0000152911  -0.0067982191
        0.0052065538   0.0045270124  -0.0011515029   0.0022883518   0.0015735489
       -0.0972199266   0.1149638257   0.0638085085  -0.0007447591  -0.0076060238
       -0.0005851147   0.0005245707   0.0007914904  -0.0002767930   0.0000443853
       -0.0001000526  -0.0000665141   0.0001368474   0.0002946011   0.0001821007
        0.0000542965  -0.0000126113   0.0000135294  -0.0000213585   0.0000231358
       -0.0000003016   0.0000203785   0.0000017323  -0.0000003864  -0.0000208209
       -0.0000485170   0.0000217192  -0.0000051095  -0.0000194823  -0.0000034661
        0.0840086964  -0.0541602372  -0.1005977165   0.0009580367  -0.0029502856
       -0.0004386700   0.0003278864  -0.0000049554   0.0000957012  -0.0000726934
       -0.0005063926   0.0008637135  -0.0000382607   0.0000811143  -0.0002549347
       -0.0003026242   0.0003631047  -0.0004526456  -0.0001116416  -0.0000833087
        0.0000377282   0.0000333766   0.0000332497   0.0000022889   0.0253974209
       -0.0135097118  -0.0197647419  -0.0116872530   0.0067271510   0.0071062196
       -0.0981682284   0.0638085085   0.1122944793  -0.0001242210  -0.0005025751
        0.0009705449  -0.0004703810   0.0006315543   0.0005139833   0.0001961018
       -0.0000715933  -0.0003262172   0.0000282594   0.0001678044  -0.0000494246
       -0.0000099009  -0.0000108136  -0.0000386700   0.0000180084  -0.0000243777
        0.0000503781   0.0000157273   0.0000103537  -0.0000037818   0.0000029313
        0.0000073183   0.0000048095  -0.0000012409  -0.0000059079  -0.0000130441
        0.0033474753  -0.0009483934  -0.0013314015  -0.1729842191   0.0843391422
        0.0815391738  -0.0262705106   0.0099013440   0.0100435698  -0.0033859479
       -0.0015494199  -0.0035276664   0.0004523395   0.0001274645  -0.0001225330
       -0.0023004412   0.0009348019   0.0002030935  -0.0002828295   0.0003006810
       -0.0002621055  -0.0000907453  -0.0000127743   0.0000206506   0.0001341945
        0.0000213653  -0.0002538320   0.0005808591  -0.0003487008  -0.0001260731
        0.0008749230  -0.0007447591  -0.0001242210   0.2032301795  -0.0949006946
       -0.0920226522  -0.0038382951   0.0023610839   0.0051260655   0.0002748474
        0.0002795371   0.0002585568   0.0002700982   0.0001767024   0.0005637000
       -0.0001243393   0.0000591071   0.0000405573   0.0000500372  -0.0000237897
       -0.0000109371  -0.0000053678   0.0000061326   0.0000073404   0.0000390188
        0.0000174049  -0.0000222142   0.0000287233   0.0000037649   0.0000009281
        0.0213276917  -0.0209191569  -0.0148631534   0.0844527890  -0.0942392113
       -0.0500479623  -0.0025925994   0.0018815019   0.0012928603  -0.0012579912
        0.0005638782  -0.0003091584   0.0000135568  -0.0000253298  -0.0001316797
        0.0000469596  -0.0000097636   0.0002219691  -0.0001865541   0.0000788972
        0.0000165046  -0.0000010519   0.0000391165   0.0000086610   0.0005499400
        0.0006762471  -0.0002291734   0.0003492353   0.0005898768  -0.0001613465
       -0.0008237045  -0.0076060238  -0.0005025751  -0.0949006946   0.1136235399
        0.0602522315  -0.0062553270   0.0049355918   0.0042909982   0.0002319583
       -0.0001185553   0.0000584878  -0.0008919678   0.0005654774   0.0001079845
       -0.0000275279  -0.0000061652  -0.0000046037  -0.0000265185  -0.0000278665
        0.0000035226  -0.0000081051  -0.0000072234  -0.0000026811   0.0000026885
       -0.0000010657  -0.0000098536  -0.0000027771   0.0000062346   0.0000089675
        0.0009888184  -0.0022548860  -0.0000917057   0.0824850818  -0.0501509343
       -0.0937373699  -0.0126558637   0.0053325685   0.0058696375  -0.0018462325
       -0.0008548653  -0.0016368917   0.0002523825   0.0002534692   0.0003773005
       -0.0006421783   0.0003796514   0.0002568940  -0.0003379596   0.0001962396
       -0.0000350090  -0.0000088124  -0.0000020789   0.0000128202  -0.0004102582
        0.0005813307   0.0004583984  -0.0000143887  -0.0002575872  -0.0001984456
       -0.0003338133  -0.0005851147   0.0009705449  -0.0920226522   0.0602522315
        0.1057883347   0.0247114014  -0.0133340972  -0.0187525054  -0.0002832959
        0.0001137272   0.0002504648   0.0001640049   0.0003014964   0.0004469692
       -0.0000425844   0.0000204919   0.0000325675  -0.0000130413   0.0000025595
       -0.0000066167   0.0000031844   0.0000034132  -0.0000022857  -0.0000063068
       -0.0000060951  -0.0000183166   0.0000125139   0.0000084796   0.0000152144
       -0.0000010531  -0.0037440844   0.0051695721  -0.0455360044  -0.0064068735
        0.0232266962  -0.0011893228   0.0079056636  -0.0267295854  -0.0005184720
        0.0010783264  -0.0019874657   0.0002865856  -0.0004869244   0.0005601517
        0.0011367600  -0.0004891502   0.0007074823  -0.0001377612   0.0000399699
        0.0001234005  -0.0000021501  -0.0000162665  -0.0000027972   0.0004275719
       -0.0014423685  -0.0002698793  -0.0001164300  -0.0002725725   0.0003441306
        0.0001214512   0.0005245707  -0.0004703810  -0.0038382951  -0.0062553270
        0.0247114014   0.0536105048   0.0099953511  -0.0219340298  -0.0046323390
       -0.0005540009  -0.0035075209   0.0003617899   0.0001426066   0.0000436416
        0.0000572381  -0.0000329435   0.0000139518  -0.0000300055   0.0000244302
       -0.0000111932   0.0000281127  -0.0000014564  -0.0000000703  -0.0000406957
       -0.0000173228  -0.0000009976   0.0000125147   0.0000083721   0.0000134921
       -0.0045225525  -0.0162741443   0.0281657918  -0.0059229006  -0.0682705655
        0.0722630371   0.0004720689   0.0019712092  -0.0041742257   0.0001581426
        0.0003103410   0.0013622958  -0.0003428093  -0.0005208274  -0.0006388583
        0.0000748257   0.0000189654  -0.0001713600  -0.0000283834   0.0000591035
        0.0000690948  -0.0000181641   0.0000199215  -0.0000162588  -0.0014796798
       -0.0071785333   0.0008040595   0.0000740463   0.0005527901   0.0003027955
        0.0001434259   0.0007914904   0.0006315543   0.0023610839   0.0049355918
       -0.0133340972   0.0099953511   0.0830477740  -0.0845545454  -0.0008587424
        0.0004092553  -0.0002600403  -0.0000918138   0.0001645833  -0.0004446510
       -0.0000124857  -0.0000162606  -0.0000138102   0.0000069674  -0.0000225174
        0.0000057416  -0.0000038740  -0.0000102638   0.0000058051   0.0000030007
        0.0000167421   0.0000004448  -0.0000075068  -0.0000046554  -0.0000027733
        0.0007442647   0.0028934015  -0.0011008841   0.0223495022   0.0731619723
       -0.2475567607  -0.0043783191   0.0050721990  -0.0194506853   0.0004237917
        0.0003856634  -0.0006125101   0.0004832644  -0.0001675869   0.0011894713
       -0.0000213940  -0.0000923963  -0.0001285112   0.0001957162  -0.0000706547
       -0.0000104425  -0.0000078471  -0.0000210331   0.0000223639   0.0000720093
        0.0005984033   0.0009566285   0.0002152571  -0.0001903586   0.0003742261
       -0.0002951103  -0.0002767930   0.0005139833   0.0051260655   0.0042909982
       -0.0187525054  -0.0219340298  -0.0845545454   0.2863891905  -0.0031709424
       -0.0009620687  -0.0017484118   0.0001447476  -0.0000621149  -0.0001118022
        0.0000448792  -0.0000053539   0.0000017530   0.0000030519   0.0000218200
        0.0000298310   0.0000111716   0.0000020000   0.0000003106  -0.0000205094
       -0.0000162690   0.0000186705   0.0000144309  -0.0000072832  -0.0000239153
        0.0008164333   0.0009011052  -0.0001354971  -0.0017735609   0.0091386921
       -0.0235392251  -0.0423630848  -0.0005872172  -0.0000847297   0.0007256134
       -0.0114781471   0.0199934124  -0.0043952000   0.0033138162   0.0056683295
       -0.0000239364   0.0009555495  -0.0001616004  -0.0001510174  -0.0001119319
        0.0002505789   0.0000070296   0.0000235913  -0.0000319745  -0.0001670644
       -0.0005010981   0.0002289751   0.0001361552   0.0001764665   0.0001809240
       -0.0000634455   0.0000443853   0.0001961018   0.0002748474   0.0002319583
       -0.0002832959  -0.0046323390  -0.0008587424  -0.0031709424   0.0496851229
        0.0004197799  -0.0011778699   0.0016510358  -0.0016046272   0.0022927150
        0.0000443989  -0.0000046462  -0.0000432958   0.0001452223  -0.0001014019
       -0.0001276494   0.0000427606   0.0000318826  -0.0000323285   0.0000661494
        0.0000372337  -0.0000218781  -0.0000251202  -0.0000266487  -0.0000007499
       -0.0001788407   0.0009262369  -0.0012496246   0.0006744102   0.0020120968
       -0.0031069288  -0.0020593121  -0.0855557538   0.0946608476   0.0019276099
        0.0035998473  -0.0070918384   0.0021091397  -0.0002826571  -0.0024331930
       -0.0011478167  -0.0003299986  -0.0011198496   0.0001569597   0.0000414764
       -0.0001589293   0.0000555523  -0.0000089944   0.0000195563  -0.0003044067
        0.0000132552   0.0001088516   0.0000157209  -0.0001270167   0.0000545642
        0.0000562795  -0.0001000526  -0.0000715933   0.0002795371  -0.0001185553
        0.0001137272  -0.0005540009   0.0004092553  -0.0009620687   0.0004197799
        0.0979160005  -0.1073136524  -0.0014981998  -0.0183458208   0.0286181591
        0.0000307745   0.0000259436   0.0000000990   0.0000381427  -0.0000218147
       -0.0000463153   0.0000081436  -0.0000026900  -0.0000138652   0.0000104880
       -0.0000235973   0.0000026992  -0.0000399610  -0.0000271606  -0.0000106457
        0.0008978253   0.0003838709   0.0008868712  -0.0035316432   0.0059408254
       -0.0163819537   0.0012382185   0.0945404607  -0.2326963935   0.0038705922
        0.0071379920  -0.0193056088   0.0037708706  -0.0020308198  -0.0037721700
       -0.0008115679  -0.0000610434   0.0005757110  -0.0005011613  -0.0000832392
        0.0001691951  -0.0001943854  -0.0000330428   0.0001165551  -0.0004161862
       -0.0004848808   0.0002555831   0.0003291562   0.0001395324   0.0002102805
        0.0000409744  -0.0000665141  -0.0003262172   0.0002585568   0.0000584878
        0.0002504648  -0.0035075209  -0.0002600403  -0.0017484118  -0.0011778699
       -0.1073136524   0.2706875873   0.0000454310   0.0020336964   0.0009364369
       -0.0000899799   0.0000469186   0.0000762071  -0.0001044518   0.0000783259
        0.0000453248  -0.0000774651  -0.0000449958   0.0000266722  -0.0000491279
        0.0000001291  -0.0000312008   0.0000097345   0.0000179893   0.0000250669
       -0.0042277901  -0.0011071119  -0.0030496815  -0.0061632100  -0.0247551639
       -0.0051253308  -0.0364035383  -0.0180850612  -0.0010632878   0.0016960428
        0.0240770475   0.0053680353  -0.0019469227  -0.0014569577   0.0004318174
       -0.0022123214  -0.0001569696  -0.0002465555  -0.0011887443  -0.0008435790
        0.0000736849  -0.0002334730   0.0000571364   0.0000725640  -0.0000095724
        0.0002424116  -0.0001005185  -0.0005631795  -0.0014808978  -0.0001980467
       -0.0001078315   0.0001368474   0.0000282594   0.0002700982  -0.0008919678
        0.0001640049   0.0003617899  -0.0000918138   0.0001447476   0.0016510358
       -0.0014981998   0.0000454310   0.0489053979   0.0260593679   0.0034955443
        0.0001269674  -0.0000623164  -0.0000081718   0.0001695081  -0.0000906341
       -0.0000799475  -0.0000086491  -0.0001120252   0.0000153700  -0.0000261200
        0.0000454009   0.0000972726  -0.0000894878   0.0000144866  -0.0000651912
       -0.0021206343   0.0003553386  -0.0013132911  -0.0035772170  -0.0079723915
       -0.0022321282  -0.0239924443  -0.2688224143  -0.0240589567   0.0028775318
       -0.0154807753  -0.0053712312   0.0005973145   0.0009493869   0.0004425671
        0.0015922366   0.0001554227  -0.0002281797   0.0002034914   0.0004318052
        0.0001995375   0.0000313787   0.0000015167  -0.0000002489   0.0001188689
        0.0002244292  -0.0001810607  -0.0002372971  -0.0005539986  -0.0000994590
       -0.0000546030   0.0002946011   0.0001678044   0.0001767024   0.0005654774
        0.0003014964   0.0001426066   0.0001645833  -0.0000621149  -0.0016046272
       -0.0183458208   0.0020336964   0.0260593679   0.3078822377   0.0303171606
       -0.0001136332   0.0000228888  -0.0000079987  -0.0001678963   0.0000437827
        0.0001106888  -0.0000308382   0.0000526255   0.0000024473   0.0000451884
        0.0000041693  -0.0000691687   0.0000545034   0.0000271354   0.0000484392
       -0.0024406731  -0.0005138673  -0.0008460569  -0.0042903216  -0.0143706070
       -0.0020270602  -0.0025111810  -0.0274389701  -0.0415550312   0.0008924344
       -0.0178584930  -0.0018836975   0.0017502806   0.0018214120  -0.0016676882
        0.0002692051  -0.0002049744  -0.0005471163   0.0002858993   0.0004678664
        0.0002029373   0.0000681253  -0.0000036075   0.0000287075  -0.0000779588
        0.0000342295  -0.0000515714  -0.0002644669  -0.0007476699   0.0000829263
        0.0000372882   0.0001821007  -0.0000494246   0.0005637000   0.0001079845
        0.0004469692   0.0000436416  -0.0004446510  -0.0001118022   0.0022927150
        0.0286181591   0.0009364369   0.0034955443   0.0303171606   0.0470991807
       -0.0000250710   0.0000333749  -0.0000055093  -0.0000981541   0.0000201545
       -0.0000084335  -0.0000062298   0.0000295273  -0.0000265503   0.0000381342
       -0.0000394695  -0.0000433755  -0.0000229119  -0.0000096598   0.0000261590
       -0.0000330171  -0.0000260825  -0.0000015705  -0.0003090917   0.0001260121
        0.0002529817  -0.0014584242  -0.0002226650  -0.0008324168  -0.0041245413
        0.0041893307   0.0026895036   0.0006902833  -0.0003159619   0.0003986115
       -0.0246978064   0.0195420306  -0.0170069176  -0.0708834409   0.0516921548
       -0.0652710571   0.0054862251  -0.0107349684   0.0110179275  -0.0000025718
        0.0000217195   0.0000017995   0.0000107477  -0.0000032588   0.0000020439
        0.0000200569   0.0000542965  -0.0000099009  -0.0001243393  -0.0000275279
       -0.0000425844   0.0000572381  -0.0000124857   0.0000448792   0.0000443989
        0.0000307745  -0.0000899799   0.0001269674  -0.0001136332  -0.0000250710
        0.0973904187  -0.0639585237   0.0744235296  -0.0015366560   0.0034536298
       -0.0070777827   0.0003386560  -0.0003632440   0.0002499075  -0.0014584648
       -0.0035465398   0.0009466291   0.0004633614   0.0002149423   0.0003294679
       -0.0000132190   0.0000190038  -0.0000060610   0.0001026100  -0.0000356248
       -0.0001489087   0.0006166850   0.0001432769   0.0003150462   0.0010812355
       -0.0011760736  -0.0020674185  -0.0008375896   0.0003521438   0.0000506772
        0.0129895554  -0.0072987325   0.0066502535   0.0519964472  -0.1206712257
        0.0965930442   0.0058226674  -0.0177326648   0.0190598337  -0.0000123382
       -0.0000004639   0.0000003371  -0.0000003163   0.0000016055   0.0000081482
        0.0000128959  -0.0000126113  -0.0000108136   0.0000591071  -0.0000061652
        0.0000204919  -0.0000329435  -0.0000162606  -0.0000053539  -0.0000046462
        0.0000259436   0.0000469186  -0.0000623164   0.0000228888   0.0000333749
       -0.0639585237   0.1417283973  -0.1127475462  -0.0053737331   0.0081514137
       -0.0094063717   0.0004188484   0.0005464658  -0.0000947215  -0.0034552844
       -0.0043370114   0.0014116815   0.0006508584   0.0002956946   0.0002973881
        0.0000063723  -0.0000010989   0.0000166236   0.0001562348  -0.0000272721
       -0.0000813148   0.0006809693   0.0000725176   0.0003216851   0.0011655890
       -0.0004012800  -0.0024122298  -0.0007559685   0.0001647002   0.0012921663
        0.0053819690  -0.0065694474   0.0083579570  -0.0698057799   0.0986583624
       -0.1639507098  -0.0007838790   0.0063083237  -0.0048831946  -0.0000190792
       -0.0000064457   0.0000220272   0.0000053502  -0.0000072702   0.0000015929
        0.0000074954   0.0000135294  -0.0000386700   0.0000405573  -0.0000046037
        0.0000325675   0.0000139518  -0.0000138102   0.0000017530  -0.0000432958
        0.0000000990   0.0000762071  -0.0000081718  -0.0000079987  -0.0000055093
        0.0744235296  -0.1127475462   0.1816440198  -0.0115834255   0.0140282285
       -0.0216812795   0.0000734733  -0.0000055549  -0.0000555931   0.0012373981
        0.0013888109   0.0006995766  -0.0001932903  -0.0008422435   0.0006423248
       -0.0000459928   0.0000116239   0.0000165946  -0.0000539477  -0.0000053473
       -0.0000831329  -0.0002317015  -0.0005849956  -0.0001507879   0.0008085320
        0.0010624988   0.0024090567  -0.0001115477  -0.0004694808  -0.0004828977
       -0.0081386791   0.0198833522   0.0294992545  -0.0481449578  -0.0232929806
       -0.0426793139  -0.0048766062  -0.0122151630  -0.0134880264   0.0000347809
        0.0000074429  -0.0000277415   0.0000338302  -0.0000112179  -0.0000125462
       -0.0000677645  -0.0000213585   0.0000180084   0.0000500372  -0.0000265185
       -0.0000130413  -0.0000300055   0.0000069674   0.0000030519   0.0001452223
        0.0000381427  -0.0001044518   0.0001695081  -0.0001678963  -0.0000981541
       -0.0015366560  -0.0053737331  -0.0115834255   0.0633874025   0.0242510381
        0.0363269556  -0.0000308604  -0.0002039956  -0.0002791513   0.0005293419
        0.0007569952  -0.0001753194  -0.0018899358  -0.0036453744   0.0009050683
       -0.0000438846   0.0000386837   0.0000307698  -0.0000057392   0.0000564102
        0.0000082451  -0.0000114910   0.0003050497   0.0001789712  -0.0007877377
        0.0010497194  -0.0032679624  -0.0005673412  -0.0006539665   0.0016973770
        0.0079719554  -0.0080141190  -0.0136036859  -0.0219820473  -0.0981032503
       -0.0919452919  -0.0090364723  -0.0163213501  -0.0196225140  -0.0000172779
       -0.0000144833   0.0000116833   0.0000072591  -0.0000094868  -0.0000000676
        0.0000284794   0.0000231358  -0.0000243777  -0.0000237897  -0.0000278665
        0.0000025595   0.0000244302  -0.0000225174   0.0000218200  -0.0001014019
       -0.0000218147   0.0000783259  -0.0000906341   0.0000437827   0.0000201545
        0.0034536298   0.0081514137   0.0140282285   0.0242510381   0.1170581607
        0.1126199683   0.0002908200   0.0004212786  -0.0001579076   0.0003980501
        0.0003746510  -0.0007256079  -0.0037578450  -0.0043334309   0.0006493119
        0.0000115640   0.0000038230  -0.0000015969  -0.0000966967   0.0000205827
        0.0000296778   0.0000885120  -0.0000593748  -0.0001826823  -0.0014770876
        0.0008109306   0.0004720483  -0.0004568555   0.0002885011   0.0006899872
        0.0124033852  -0.0122886361  -0.0182849687  -0.0399624061  -0.0946749434
       -0.2002915342  -0.0004336964   0.0008167694   0.0033874064  -0.0000007856
       -0.0000014916  -0.0000331786  -0.0000110921   0.0000213655   0.0000145784
        0.0000448205  -0.0000003016   0.0000503781  -0.0000109371   0.0000035226
       -0.0000066167  -0.0000111932   0.0000057416   0.0000298310  -0.0001276494
       -0.0000463153   0.0000453248  -0.0000799475   0.0001106888  -0.0000084335
       -0.0070777827  -0.0094063717  -0.0216812795   0.0363269556   0.1126199683
        0.2339198860  -0.0001527426   0.0002240225   0.0001829185   0.0004294356
        0.0005304386   0.0007090643   0.0005941996   0.0010210797   0.0009591896
       -0.0000485702  -0.0000077099  -0.0000139673   0.0000097688  -0.0000104276
        0.0000258862  -0.0001463371   0.0003227383  -0.0000562919   0.0006069644
       -0.0003463443   0.0013981046   0.0000964457  -0.0002360057  -0.0005171994
       -0.0051397948  -0.0038754404   0.0011178411  -0.0183976837   0.0048340405
        0.0065993198  -0.2354727081   0.0746555223   0.0710066193   0.0000201713
        0.0000077953   0.0000000115  -0.0000099946   0.0000013303  -0.0000078342
        0.0000158025   0.0000203785   0.0000157273  -0.0000053678  -0.0000081051
        0.0000031844   0.0000281127  -0.0000038740   0.0000111716   0.0000427606
        0.0000081436  -0.0000774651  -0.0000086491  -0.0000308382  -0.0000062298
        0.0003386560   0.0004188484   0.0000734733  -0.0000308604   0.0002908200
       -0.0001527426   0.2717530825  -0.0849434423  -0.0831653658  -0.0155992071
        0.0081798722   0.0031440267   0.0019474082   0.0007226982   0.0006017304
       -0.0000259394   0.0000156698  -0.0000089464   0.0000015373   0.0000130363
       -0.0000144094  -0.0001226832   0.0003493777  -0.0000665781  -0.0004137444
       -0.0003514192   0.0007706859   0.0002170457  -0.0001195036  -0.0002543661
       -0.0058420175  -0.0026421167   0.0019509221  -0.0181525772   0.0060701278
        0.0065695335   0.0758339966  -0.0702134027  -0.0280255185   0.0000085350
        0.0000024209  -0.0000040018   0.0000042508   0.0000080504   0.0000020731
        0.0000127785   0.0000017323   0.0000103537   0.0000061326  -0.0000072234
        0.0000034132  -0.0000014564  -0.0000102638   0.0000020000   0.0000318826
       -0.0000026900  -0.0000449958  -0.0001120252   0.0000526255   0.0000295273
       -0.0003632440   0.0005464658  -0.0000055549  -0.0002039956   0.0004212786
        0.0002240225  -0.0849434423   0.0799261260   0.0311564626   0.0182558834
       -0.0073194266  -0.0047584745   0.0158090827  -0.0067408650  -0.0075361483
        0.0000073657  -0.0000037928   0.0000181633  -0.0000138366   0.0000064873
        0.0000013827   0.0000671737  -0.0001416571   0.0000285750  -0.0000975738
        0.0002157391  -0.0003455216   0.0000406238   0.0000001952   0.0001026688
        0.0018879111   0.0013812564   0.0000230970   0.0060562814  -0.0014882198
       -0.0021184793   0.0711178888  -0.0275649678  -0.0688873408  -0.0000066485
       -0.0000002062  -0.0000073175   0.0000037704   0.0000012856   0.0000037948
       -0.0000024088  -0.0000003864  -0.0000037818   0.0000073404  -0.0000026811
       -0.0000022857  -0.0000000703   0.0000058051   0.0000003106  -0.0000323285
       -0.0000138652   0.0000266722   0.0000153700   0.0000024473  -0.0000265503
        0.0002499075  -0.0000947215  -0.0000555931  -0.0002791513  -0.0001579076
        0.0001829185  -0.0831653658   0.0311564626   0.0760452515  -0.0203212512
        0.0085433872   0.0064652939   0.0244650020  -0.0118446602  -0.0114512582
        0.0000058216   0.0000045649   0.0000043744  -0.0000227659  -0.0000104850
       -0.0000409737   0.0000528143  -0.0000146841  -0.0000536971  -0.0002810978
       -0.0003014914   0.0009978970  -0.0000131098   0.0001371683  -0.0006997680
        0.0017184600   0.0002766490  -0.0005080381   0.0063671050  -0.0116245323
        0.0128522624  -0.0868569402   0.0593581443  -0.0723554078   0.0000035279
        0.0000058384  -0.0000133699   0.0000158325   0.0000120484   0.0000060555
       -0.0000037636  -0.0000208209   0.0000029313   0.0000390188   0.0000026885
       -0.0000063068  -0.0000406957   0.0000030007  -0.0000205094   0.0000661494
        0.0000104880  -0.0000491279  -0.0000261200   0.0000451884   0.0000381342
       -0.0014584648  -0.0034552844   0.0012373981   0.0005293419   0.0003980501
        0.0004294356  -0.0155992071   0.0182558834  -0.0203212512   0.0972949371
       -0.0655053904   0.0829688398  -0.0017908436   0.0024229759  -0.0044688783
       -0.0000187624   0.0000369940  -0.0000091676   0.0000354720   0.0000271236
        0.0000069767   0.0000762130  -0.0001470407  -0.0001285797  -0.0003095251
       -0.0000840042   0.0012950877   0.0006004418   0.0000504510  -0.0007775251
        0.0006888902   0.0014569501  -0.0010458795   0.0073133961  -0.0195798858
        0.0198472607   0.0579960689  -0.1210603776   0.0954398810   0.0000129037
       -0.0000199080  -0.0000000568   0.0000015198  -0.0000099795  -0.0000070879
        0.0000017314  -0.0000485170   0.0000073183   0.0000174049  -0.0000010657
       -0.0000060951  -0.0000173228   0.0000167421  -0.0000162690   0.0000372337
       -0.0000235973   0.0000001291   0.0000454009   0.0000041693  -0.0000394695
       -0.0035465398  -0.0043370114   0.0013888109   0.0007569952   0.0003746510
        0.0005304386   0.0081798722  -0.0073194266   0.0085433872  -0.0655053904
        0.1417366581  -0.1138860968  -0.0063660031   0.0089270745  -0.0111430632
       -0.0000234983  -0.0000240754   0.0000038099  -0.0000512446  -0.0000106707
        0.0000224193  -0.0000140415  -0.0000141298  -0.0000729018   0.0005803428
        0.0005187058   0.0002310427  -0.0001220344  -0.0002558439  -0.0000358593
       -0.0006938928  -0.0005191000  -0.0002198813  -0.0003662387   0.0076886341
       -0.0056557954  -0.0721931411   0.0964695940  -0.1659851511  -0.0000030078
        0.0000109701  -0.0000117310  -0.0000133788  -0.0000103393  -0.0000019494
        0.0000066414   0.0000217192   0.0000048095  -0.0000222142  -0.0000098536
       -0.0000183166  -0.0000009976   0.0000004448   0.0000186705  -0.0000218781
        0.0000026992  -0.0000312008   0.0000972726  -0.0000691687  -0.0000433755
        0.0009466291   0.0014116815   0.0006995766  -0.0001753194  -0.0007256079
        0.0007090643   0.0031440267  -0.0047584745   0.0064652939   0.0829688398
       -0.1138860968   0.1881657097  -0.0140428651   0.0141589120  -0.0242442342
        0.0000017003   0.0000152712   0.0000188248   0.0000074275   0.0000156184
       -0.0000093063   0.0000627649   0.0000200510   0.0000684459  -0.0006452283
       -0.0002540312  -0.0005782079   0.0001911051   0.0000831522   0.0003808079
        0.0020636618   0.0007510357  -0.0007843923  -0.0050385668  -0.0133166738
       -0.0147849429  -0.0470557260  -0.0147189874  -0.0257658185  -0.0000021994
       -0.0000029347  -0.0000074243   0.0000202304   0.0000141103   0.0000116640
        0.0000122701  -0.0000051095  -0.0000012409   0.0000287233  -0.0000027771
        0.0000125139   0.0000125147  -0.0000075068   0.0000144309  -0.0000251202
       -0.0000399610   0.0000097345  -0.0000894878   0.0000545034  -0.0000229119
        0.0004633614   0.0006508584  -0.0001932903  -0.0018899358  -0.0037578450
        0.0005941996   0.0019474082   0.0158090827   0.0244650020  -0.0017908436
       -0.0063660031  -0.0140428651   0.0517259402   0.0210581466   0.0306147768
       -0.0000278134   0.0000224412   0.0000010999   0.0000513219   0.0000070167
        0.0000361341   0.0000493514  -0.0000500549   0.0000205992  -0.0001038619
       -0.0002785948  -0.0001110499   0.0001513991   0.0001147649   0.0002918930
        0.0013900093   0.0015307363  -0.0001214125  -0.0069242188  -0.0178931470
       -0.0209854408  -0.0153924837  -0.1124821111  -0.1080148476   0.0000012899
       -0.0000070360   0.0000042165   0.0000007970  -0.0000029130  -0.0000014212
        0.0000308458  -0.0000194823  -0.0000059079   0.0000037649   0.0000062346
        0.0000084796   0.0000083721  -0.0000046554  -0.0000072832  -0.0000266487
       -0.0000271606   0.0000179893   0.0000144866   0.0000271354  -0.0000096598
        0.0002149423   0.0002956946  -0.0008422435  -0.0036453744  -0.0043334309
        0.0010210797   0.0007226982  -0.0067408650  -0.0118446602   0.0024229759
        0.0089270745   0.0141589120   0.0210581466   0.1309083528   0.1263835231
        0.0000102934   0.0000088052   0.0000084423   0.0000579366   0.0000010497
        0.0000220924   0.0000021952   0.0000714688   0.0000911527  -0.0000027988
       -0.0004535357  -0.0002756527  -0.0001189439   0.0000497244   0.0000627982
       -0.0007986179   0.0005270139   0.0002833383  -0.0009171203   0.0003981341
        0.0040919255  -0.0261724134  -0.1092921408  -0.2152069925   0.0000009513
       -0.0000040676   0.0000130169   0.0000014965   0.0000020147  -0.0000072141
        0.0000063771  -0.0000034661  -0.0000130441   0.0000009281   0.0000089675
        0.0000152144   0.0000134921  -0.0000027733  -0.0000239153  -0.0000007499
       -0.0000106457   0.0000250669  -0.0000651912   0.0000484392   0.0000261590
        0.0003294679   0.0002973881   0.0006423248   0.0009050683   0.0006493119
        0.0009591896   0.0006017304  -0.0075361483  -0.0114512582  -0.0044688783
       -0.0111430632  -0.0242442342   0.0306147768   0.1263835231   0.2449815902
