           1           2   1.02078542283609     
           2           3   1.00029688340726     
           3           4  0.979840404507929     
           4           5   1.69903699179303     
           4           6   1.15918286326447     
           5           6  0.168527487775569     
           6           7  0.920259070898151     
           7           8   1.01370229186737     
           1           9  0.986687533188465     
           1          10  0.986246353558945     
           1          11  0.987942250078592     
           2          12  0.976421757618905     
           2          13  0.976317749859079     
           3          14  0.964790775176163     
           3          15  0.938499394885545     
           7          16  0.969344846805047     
           7          17  0.970245800597624     
           8          18  0.980315554379307     
           8          19  0.985801608279205     
           8          20  0.984569542458052     
