$hessian                                                                        
        0.5176173677  -0.0147887373  -0.0118802355  -0.0773361910  -0.0278893938
       -0.0227277805  -0.0055921722  -0.0137150675  -0.0058088434  -0.0011594405
       -0.0014931649   0.0007012305  -0.0004238183  -0.0004408954  -0.0001254206
       -0.1978264575   0.0845576948   0.0780818004  -0.1005241403  -0.0762728292
        0.0664008463  -0.1342385479   0.0479985482  -0.1045360360  -0.0061601165
       -0.0145700459  -0.0140554425   0.0058013551   0.0181363553   0.0146824809
        0.0010056254  -0.0003617267  -0.0010783896  -0.0005538063  -0.0011961395
        0.0001649642  -0.0000357121   0.0000079208   0.0001338954  -0.0005739456
        0.0000274810   0.0000469303
       -0.0147887373   0.4857467476  -0.0277459979  -0.0267799717  -0.1441388379
       -0.0621928715  -0.0105273241  -0.0222057642  -0.0064099755   0.0003041784
       -0.0019969024   0.0005390723   0.0000306368   0.0004769352  -0.0000474364
        0.0849303540  -0.0895586824  -0.0418052816  -0.0764537683  -0.1494434622
        0.0924490066   0.0476463742  -0.0679905368   0.0560798209   0.0002557366
        0.0052643729   0.0025672682  -0.0022995921  -0.0147726770  -0.0125369289
        0.0000447713   0.0008331546  -0.0018749094  -0.0016397030  -0.0022707146
        0.0009787158  -0.0001019034  -0.0000652466   0.0000325567  -0.0006210515
        0.0001216138  -0.0000330393
       -0.0118802355  -0.0277459979   0.5045420112  -0.0226170046  -0.0620598061
       -0.1130432853   0.0034447163   0.0094321771   0.0068965988   0.0001988230
        0.0012930921  -0.0004454832  -0.0000044934  -0.0001672481  -0.0000837131
        0.0787234321  -0.0416748238  -0.0839409221   0.0660650976   0.0917065530
       -0.1213421490  -0.1046848789   0.0568646033  -0.1675688126  -0.0095287537
       -0.0181867092  -0.0167203129  -0.0021463200  -0.0132869393  -0.0093072264
        0.0009091591   0.0015646468   0.0013268100   0.0007946145   0.0021809782
       -0.0006022569   0.0002754763   0.0000735798   0.0000732337   0.0004503672
        0.0000058940   0.0002155079
       -0.0773361910  -0.0267799717  -0.0226170046   0.5151451945  -0.0368463088
        0.0077840815  -0.0918946786  -0.0382736592   0.0318927026  -0.0198758740
       -0.0185891415   0.0131614025   0.0001815097  -0.0011515620   0.0004994968
        0.0064263103   0.0180999354   0.0139069600  -0.0050826743  -0.0132903917
       -0.0077646570  -0.0070502359  -0.0149027745  -0.0136544423  -0.1219136205
        0.0483965176  -0.0970786594  -0.1981208823   0.0812344158   0.0749826617
       -0.0001998875  -0.0013969693   0.0029548315   0.0036688814   0.0053180311
       -0.0035152603   0.0008685507   0.0002178215   0.0008931637  -0.0048164026
       -0.0020359427  -0.0014452767
       -0.0278893938  -0.1441388379  -0.0620598061  -0.0368463088   0.4635214909
       -0.0015214635  -0.0362908804  -0.1193842580   0.0442895388  -0.0067845673
       -0.0041584006   0.0020700484   0.0008287178   0.0003497043  -0.0005448680
       -0.0017657707  -0.0146494815  -0.0113137744  -0.0080126439  -0.0192206093
       -0.0112126036   0.0004998708   0.0054072099   0.0023483257   0.0484560911
       -0.0689454274   0.0593453984   0.0801369711  -0.0806905728  -0.0376819537
        0.0000710716   0.0020975749   0.0006455384  -0.0123315123  -0.0213477777
        0.0151887587   0.0005862959   0.0004614463   0.0002964599  -0.0006579410
        0.0006979387   0.0001504012
       -0.0227277805  -0.0621928715  -0.1130432853   0.0077840815  -0.0015214635
        0.4950971929   0.0308943425   0.0457818586  -0.1028195403   0.0020846208
       -0.0042758007   0.0031499375  -0.0012196393   0.0012560121   0.0004236562
       -0.0018874655  -0.0130467906  -0.0097177640   0.0045030974   0.0117198093
        0.0080654848  -0.0093556698  -0.0179413503  -0.0169933293  -0.0977447575
        0.0598818958  -0.1660672479   0.0756513815  -0.0384157883  -0.0808384223
        0.0135370896   0.0187795475  -0.0190576945   0.0010969191   0.0009058472
        0.0007097800  -0.0007685579  -0.0009586101   0.0008112907  -0.0018476619
        0.0000277045   0.0002799417
       -0.0055921722  -0.0105273241   0.0034447163  -0.0918946786  -0.0362908804
        0.0308943425   0.4477670597  -0.0143715682   0.0023366578  -0.1797238239
       -0.0248375376  -0.0423007298  -0.0164678238   0.0108705512  -0.0006930642
        0.0003029616   0.0008236233  -0.0000514323  -0.0000001575  -0.0019622584
       -0.0009199898   0.0004292007  -0.0000625030   0.0008360817   0.0063917072
        0.0076193353  -0.0071848304  -0.0137357410  -0.0164560071   0.0154484660
       -0.0412764843  -0.0008596968  -0.0050083081  -0.0834744282   0.0903078037
        0.0113916844  -0.0057040347  -0.0006666641  -0.0049891276  -0.0170215849
       -0.0035868739  -0.0032044665
       -0.0137150675  -0.0222057642   0.0094321771  -0.0382736592  -0.1193842580
        0.0457818586  -0.0143715682   0.4984978625   0.0282203238  -0.0159903532
       -0.0590441302  -0.0039748824   0.0189419569  -0.0063401528   0.0032077102
       -0.0005119035   0.0006965172   0.0008109513  -0.0020843757  -0.0038445852
       -0.0025169916   0.0006923060   0.0007434917   0.0007308440  -0.0050391539
       -0.0098654503   0.0096980895   0.0033029430   0.0037471213  -0.0032075906
        0.0005798194  -0.0572274688  -0.0551310923   0.0924584905  -0.2221816566
       -0.0256232572  -0.0059163030  -0.0000892719  -0.0020652712  -0.0200731317
       -0.0035022547  -0.0053628691
       -0.0058088434  -0.0064099755   0.0068965988   0.0318927026   0.0442895388
       -0.1028195403   0.0023366578   0.0282203238   0.5108342517  -0.0395809535
       -0.0057772719  -0.0795445726   0.0025069351   0.0003001055   0.0015453454
       -0.0001080002  -0.0002862782   0.0007291128  -0.0012843127  -0.0029725574
       -0.0008395626  -0.0006138629  -0.0008056725   0.0007033010   0.0096245791
        0.0170513971  -0.0149991688   0.0083153142   0.0096859315  -0.0075446632
       -0.0035008722  -0.0561789349  -0.2613729105   0.0112035383  -0.0260243524
       -0.0461576690  -0.0283066812  -0.0042258574  -0.0116545337   0.0133237991
        0.0031336036   0.0042240110
       -0.0011594405   0.0003041784   0.0001988230  -0.0198758740  -0.0067845673
        0.0020846208  -0.1797238239  -0.0159903532  -0.0395809535   0.3811550396
        0.0948562991   0.0004990789  -0.0281081472   0.0218540682   0.0053986722
        0.0001345981  -0.0001072326   0.0000697079   0.0003395862  -0.0002619814
       -0.0003027125   0.0000511093  -0.0001406115   0.0001220773   0.0003327691
        0.0010257367  -0.0011835981  -0.0014068118  -0.0020322606   0.0006860866
       -0.0065796928  -0.0001349370  -0.0050060457  -0.0207476370   0.0039013021
       -0.0056501856  -0.0385594383  -0.0088042659  -0.0145392825  -0.0858522368
       -0.0876853752   0.0572037111
       -0.0014931649  -0.0019969024   0.0012930921  -0.0185891415  -0.0041584006
       -0.0042758007  -0.0248375376  -0.0590441302  -0.0057772719   0.0948562991
        0.3426197408  -0.0372740122   0.0245974444  -0.0613637261  -0.0090566718
        0.0002222583  -0.0002333336  -0.0002349056  -0.0002458102  -0.0008295619
       -0.0002534512  -0.0000357178   0.0000099092  -0.0000223528  -0.0009317488
        0.0007314927  -0.0002262460  -0.0017420823  -0.0009369741   0.0010806354
       -0.0075899871  -0.0006510063  -0.0038164434   0.0230382722  -0.0011996433
        0.0067842515  -0.0057788961  -0.0452255659  -0.0427583517  -0.0814701879
       -0.1677218985   0.0945375285
        0.0007012305   0.0005390723  -0.0004454832   0.0131614025   0.0020700484
        0.0031499375  -0.0423007298  -0.0039748824  -0.0795445726   0.0004990789
       -0.0372740122   0.5017699053   0.0071107223  -0.0107185315  -0.0204259643
       -0.0000981379  -0.0003274625  -0.0000600823   0.0002458856   0.0003054582
        0.0002231292   0.0001170982   0.0000998126   0.0000918693   0.0019979425
        0.0008487249   0.0010712349   0.0019032315   0.0014977937  -0.0014131808
       -0.0305950017  -0.0028980648  -0.0128715193   0.0012718370   0.0002482301
        0.0015317633  -0.0111327420  -0.0479120299  -0.2813695547   0.0571181825
        0.0974958433  -0.1117074825
       -0.0004238183   0.0000306368  -0.0000044934   0.0001815097   0.0008287178
       -0.0012196393  -0.0164678238   0.0189419569   0.0025069351  -0.0281081472
        0.0245974444   0.0071107223   0.0554420211  -0.0556343206  -0.0102905776
       -0.0009835426  -0.0006594503  -0.0002727101  -0.0000522102   0.0000518032
        0.0000967027  -0.0001887305   0.0001926173  -0.0000403709  -0.0004915262
       -0.0002072019   0.0010351922   0.0000507909   0.0002395208   0.0003393926
        0.0004581652   0.0000526732  -0.0000685556  -0.0059312195   0.0004914379
       -0.0014188219  -0.0037734410   0.0082311073   0.0022617110   0.0002879724
        0.0028430570  -0.0000354871
       -0.0004408954   0.0004769352  -0.0001672481  -0.0011515620   0.0003497043
        0.0012560121   0.0108705512  -0.0063401528   0.0003001055   0.0218540682
       -0.0613637261  -0.0107185315  -0.0556343206   0.1016100528   0.0168911996
       -0.0007762614   0.0004114051   0.0001907265   0.0000377727  -0.0000062693
       -0.0000202164   0.0001260237  -0.0001682669   0.0000166422  -0.0003679571
        0.0005445510  -0.0008406132  -0.0001808386  -0.0003103843  -0.0003246276
       -0.0002724862   0.0006525734   0.0006808616   0.0027766915   0.0004454892
        0.0009313067   0.0090686257  -0.0144392963  -0.0031482568   0.0140905884
       -0.0218626153  -0.0050473606
       -0.0001254206  -0.0000474364  -0.0000837131   0.0004994968  -0.0005448680
        0.0004236562  -0.0006930642   0.0032077102   0.0015453454   0.0053986722
       -0.0090566718  -0.0204259643  -0.0102905776   0.0168911996   0.0171511960
       -0.0003884447   0.0000499960   0.0000185504  -0.0000420750  -0.0000122571
       -0.0000157135   0.0000113447  -0.0000309017   0.0000014442   0.0005375282
        0.0000045507  -0.0003126422  -0.0000295968  -0.0000459352  -0.0001155507
       -0.0004885232   0.0007765917   0.0004456271  -0.0008590430   0.0002210465
        0.0003388260   0.0100799506  -0.0165083764  -0.0013715781  -0.0036102474
        0.0050953519   0.0024005165
       -0.1978264575   0.0849303540   0.0787234321   0.0064263103  -0.0017657707
       -0.0018874655   0.0003029616  -0.0005119035  -0.0001080002   0.0001345981
        0.0002222583  -0.0000981379  -0.0009835426  -0.0007762614  -0.0003884447
        0.2280512798  -0.0972883218  -0.0910594221  -0.0166454917   0.0058363452
        0.0093834594  -0.0208302321   0.0107003818   0.0065724391   0.0004556052
       -0.0002544593   0.0000043101   0.0008640520  -0.0015146783  -0.0009722219
        0.0001724073   0.0003613912  -0.0001547375  -0.0000348366  -0.0000761012
       -0.0000523973  -0.0000482366   0.0000581870  -0.0000281342  -0.0000384172
        0.0000785787   0.0000653205
        0.0845576948  -0.0895586824  -0.0416748238   0.0180999354  -0.0146494815
       -0.0130467906   0.0008236233   0.0006965172  -0.0002862782  -0.0001072326
       -0.0002333336  -0.0003274625  -0.0006594503   0.0004114051   0.0000499960
       -0.0972883218   0.1042948552   0.0519071201  -0.0171868466   0.0084420375
        0.0092595842   0.0123691437  -0.0054405762  -0.0032825466   0.0001986640
        0.0008142197   0.0006604833  -0.0010988213  -0.0043226989  -0.0040689162
       -0.0000236429  -0.0006558755   0.0005769853   0.0000271161   0.0003458885
        0.0002111847   0.0001529586  -0.0000835898   0.0000301812   0.0001351797
       -0.0000606853  -0.0000087168
        0.0780818004  -0.0418052816  -0.0839409221   0.0139069600  -0.0113137744
       -0.0097177640  -0.0000514323   0.0008109513   0.0007291128   0.0000697079
       -0.0002349056  -0.0000600823  -0.0002727101   0.0001907265   0.0000185504
       -0.0910594221   0.0519071201   0.0963212103   0.0188870757  -0.0065346185
       -0.0095299528  -0.0193875819   0.0102837196   0.0082621704   0.0006707568
        0.0000776988   0.0001443641  -0.0008773278  -0.0039003499  -0.0023524776
       -0.0000065511   0.0003611922   0.0002457699  -0.0000278789   0.0001725993
       -0.0000578809   0.0000222871  -0.0000542555  -0.0000421708   0.0000443162
        0.0000391777  -0.0000199274
       -0.1005241403  -0.0764537683   0.0660650976  -0.0050826743  -0.0080126439
        0.0045030974  -0.0000001575  -0.0020843757  -0.0012843127   0.0003395862
       -0.0002458102   0.0002458856  -0.0000522102   0.0000377727  -0.0000420750
       -0.0166454917  -0.0171868466   0.0188870757   0.1134502211   0.0912075302
       -0.0765748131   0.0087645844   0.0128512534  -0.0117528686  -0.0002569492
       -0.0001744672   0.0001854004   0.0004543390   0.0004051785   0.0000274137
       -0.0000528717   0.0000515609  -0.0003498885  -0.0002845059  -0.0005286582
        0.0000677758  -0.0000120629   0.0000225437   0.0000223956  -0.0000976670
        0.0001107308  -0.0000001840
       -0.0762728292  -0.1494434622   0.0917065530  -0.0132903917  -0.0192206093
        0.0117198093  -0.0019622584  -0.0038445852  -0.0029725574  -0.0002619814
       -0.0008295619   0.0003054582   0.0000518032  -0.0000062693  -0.0000122571
        0.0058363452   0.0084420375  -0.0065346185   0.0912075302   0.1743170323
       -0.1052187375  -0.0049034441  -0.0091675258   0.0104982963  -0.0000644117
        0.0005990751   0.0003331169   0.0001692900  -0.0000723299   0.0004851589
        0.0001120668  -0.0000544291  -0.0006099333  -0.0003729889  -0.0007607353
        0.0003295660  -0.0000127257  -0.0000071311   0.0000432316  -0.0002360044
        0.0000484943  -0.0000730864
        0.0664008463   0.0924490066  -0.1213421490  -0.0077646570  -0.0112126036
        0.0080654848  -0.0009199898  -0.0025169916  -0.0008395626  -0.0003027125
       -0.0002534512   0.0002231292   0.0000967027  -0.0000202164  -0.0000157135
        0.0093834594   0.0092595842  -0.0095299528  -0.0765748131  -0.1052187375
        0.1393523331   0.0103694210   0.0182701488  -0.0174241552  -0.0000704010
       -0.0003025484   0.0005931873  -0.0002715511   0.0000858798   0.0004221730
       -0.0000960283  -0.0000627797   0.0001412309  -0.0001893160  -0.0004381967
        0.0002908938   0.0000874628  -0.0000125389   0.0000765121  -0.0001484234
       -0.0000265554  -0.0000134111
       -0.1342385479   0.0476463742  -0.1046848789  -0.0070502359   0.0004998708
       -0.0093556698   0.0004292007   0.0006923060  -0.0006138629   0.0000511093
       -0.0000357178   0.0001170982  -0.0001887305   0.0001260237   0.0000113447
       -0.0208302321   0.0123691437  -0.0193875819   0.0087645844  -0.0049034441
        0.0103694210   0.1529659240  -0.0538880043   0.1240013249   0.0000210852
       -0.0020548368  -0.0017527801   0.0007365585   0.0002155078   0.0007048452
       -0.0008029103  -0.0006649228   0.0004297644   0.0000255812   0.0000215976
        0.0000069579   0.0001239421   0.0000248990   0.0001093262  -0.0000073288
       -0.0000487970   0.0000446912
        0.0479985482  -0.0679905368   0.0568646033  -0.0149027745   0.0054072099
       -0.0179413503  -0.0000625030   0.0007434917  -0.0008056725  -0.0001406115
        0.0000099092   0.0000998126   0.0001926173  -0.0001682669  -0.0000309017
        0.0107003818  -0.0054405762   0.0102837196   0.0128512534  -0.0091675258
        0.0182701488  -0.0538880043   0.0787758334  -0.0632381190  -0.0021930396
       -0.0031348746  -0.0037364308  -0.0003202446   0.0008170152   0.0000993693
       -0.0003588612   0.0000537466   0.0002338940   0.0000836005   0.0000652814
       -0.0002318456   0.0000335824   0.0000078525   0.0000878308   0.0000060552
        0.0000214404   0.0000449416
       -0.1045360360   0.0560798209  -0.1675688126  -0.0136544423   0.0023483257
       -0.0169933293   0.0008360817   0.0007308440   0.0007033010   0.0001220773
       -0.0000223528   0.0000918693  -0.0000403709   0.0000166422   0.0000014442
        0.0065724391  -0.0032825466   0.0082621704  -0.0117528686   0.0104982963
       -0.0174241552   0.1240013249  -0.0632381190   0.1951350385  -0.0015675467
       -0.0038731163  -0.0027012886   0.0000117154   0.0005455309   0.0000812093
       -0.0000879902   0.0000964140   0.0004834824   0.0000072964   0.0000318357
       -0.0001281798   0.0000835095   0.0000821145   0.0000066396   0.0000048105
       -0.0000136893   0.0000506109
       -0.0061601165   0.0002557366  -0.0095287537  -0.1219136205   0.0484560911
       -0.0977447575   0.0063917072  -0.0050391539   0.0096245791   0.0003327691
       -0.0009317488   0.0019979425  -0.0004915262  -0.0003679571   0.0005375282
        0.0004556052   0.0001986640   0.0006707568  -0.0002569492  -0.0000644117
       -0.0000704010   0.0000210852  -0.0021930396  -0.0015675467   0.1443220778
       -0.0501865097   0.1133479909  -0.0213105952   0.0127122827  -0.0194542130
       -0.0011195723  -0.0012436127   0.0016931934  -0.0003002477  -0.0009500925
        0.0004405935   0.0000856726  -0.0004992843  -0.0000778027  -0.0000562896
       -0.0001469641   0.0001308903
       -0.0145700459   0.0052643729  -0.0181867092   0.0483965176  -0.0689454274
        0.0598818958   0.0076193353  -0.0098654503   0.0170513971   0.0010257367
        0.0007314927   0.0008487249  -0.0002072019   0.0005445510   0.0000045507
       -0.0002544593   0.0008142197   0.0000776988  -0.0001744672   0.0005990751
       -0.0003025484  -0.0020548368  -0.0031348746  -0.0038731163  -0.0501865097
        0.0839925090  -0.0679475258   0.0122567676  -0.0053019826   0.0103423845
       -0.0006165245  -0.0020836613   0.0010791592  -0.0009747907  -0.0019554747
        0.0015631629  -0.0006376381  -0.0007034131  -0.0003327311   0.0003781169
        0.0000440636  -0.0002063433
       -0.0140554425   0.0025672682  -0.0167203129  -0.0970786594   0.0593453984
       -0.1660672479  -0.0071848304   0.0096980895  -0.0149991688  -0.0011835981
       -0.0002262460   0.0010712349   0.0010351922  -0.0008406132  -0.0003126422
        0.0000043101   0.0006604833   0.0001443641   0.0001854004   0.0003331169
        0.0005931873  -0.0017527801  -0.0037364308  -0.0027012886   0.1133479909
       -0.0679475258   0.1937286683   0.0056646774  -0.0032556752   0.0079798421
        0.0008109281   0.0023344672  -0.0019778283   0.0004712107   0.0008873660
       -0.0014215075   0.0002250113   0.0003794991   0.0005014735  -0.0004894108
       -0.0001991975   0.0001812261
        0.0058013551  -0.0022995921  -0.0021463200  -0.1981208823   0.0801369711
        0.0756513815  -0.0137357410   0.0033029430   0.0083153142  -0.0014068118
       -0.0017420823   0.0019032315   0.0000507909  -0.0001808386  -0.0000295968
        0.0008640520  -0.0010988213  -0.0008773278   0.0004543390   0.0001692900
       -0.0002715511   0.0007365585  -0.0003202446   0.0000117154  -0.0213105952
        0.0122567676   0.0056646774   0.2277138796  -0.0892620459  -0.0883404179
       -0.0011133577  -0.0008369529   0.0005575280   0.0007882373   0.0001221833
       -0.0002770967  -0.0000733390   0.0001171536   0.0000909401  -0.0006484854
       -0.0003647310  -0.0002524777
        0.0181363553  -0.0147726770  -0.0132869393   0.0812344158  -0.0806905728
       -0.0384157883  -0.0164560071   0.0037471213   0.0096859315  -0.0020322606
       -0.0009369741   0.0014977937   0.0002395208  -0.0003103843  -0.0000459352
       -0.0015146783  -0.0043226989  -0.0039003499   0.0004051785  -0.0000723299
        0.0000858798   0.0002155078   0.0008170152   0.0005455309   0.0127122827
       -0.0053019826  -0.0032556752  -0.0892620459   0.1022915798   0.0446354984
       -0.0010581944  -0.0009476195   0.0012916724  -0.0022294007   0.0007883861
        0.0013454326   0.0001482173   0.0000206030   0.0000461109  -0.0005388910
       -0.0003094663  -0.0002291623
        0.0146824809  -0.0125369289  -0.0093072264   0.0749826617  -0.0376819537
       -0.0808384223   0.0154484660  -0.0032075906  -0.0075446632   0.0006860866
        0.0010806354  -0.0014131808   0.0003393926  -0.0003246276  -0.0001155507
       -0.0009722219  -0.0040689162  -0.0023524776   0.0000274137   0.0004851589
        0.0004221730   0.0007048452   0.0000993693   0.0000812093  -0.0194542130
        0.0103423845   0.0079798421  -0.0883404179   0.0446354984   0.0936270291
        0.0011570062   0.0013092655  -0.0016966713   0.0005378399  -0.0003430462
        0.0009274564  -0.0002250679   0.0000302047  -0.0000068947   0.0004257277
        0.0001805465   0.0002373772
        0.0010056254   0.0000447713   0.0009091591  -0.0001998875   0.0000710716
        0.0135370896  -0.0412764843   0.0005798194  -0.0035008722  -0.0065796928
       -0.0075899871  -0.0305950017   0.0004581652  -0.0002724862  -0.0004885232
        0.0001724073  -0.0000236429  -0.0000065511  -0.0000528717   0.0001120668
       -0.0000960283  -0.0008029103  -0.0003588612  -0.0000879902  -0.0011195723
       -0.0006165245   0.0008109281  -0.0011133577  -0.0010581944   0.0011570062
        0.0533966025   0.0044620499   0.0070936041   0.0011211903   0.0059932265
        0.0144835471  -0.0055479243  -0.0014792940  -0.0028518972   0.0005387101
        0.0001359848  -0.0003644703
       -0.0003617267   0.0008331546   0.0015646468  -0.0013969693   0.0020975749
        0.0187795475  -0.0008596968  -0.0572274688  -0.0561789349  -0.0001349370
       -0.0006510063  -0.0028980648   0.0000526732   0.0006525734   0.0007765917
        0.0003613912  -0.0006558755   0.0003611922   0.0000515609  -0.0000544291
       -0.0000627797  -0.0006649228   0.0000537466   0.0000964140  -0.0012436127
       -0.0020836613   0.0023344672  -0.0008369529  -0.0009476195   0.0013092655
        0.0044620499   0.0679510107   0.0630275716   0.0013829036  -0.0108121414
       -0.0290514412  -0.0007466502   0.0010022374   0.0003170909  -0.0000651105
       -0.0001580957  -0.0003755669
       -0.0010783896  -0.0018749094   0.0013268100   0.0029548315   0.0006455384
       -0.0190576945  -0.0050083081  -0.0551310923  -0.2613729105  -0.0050060457
       -0.0038164434  -0.0128715193  -0.0000685556   0.0006808616   0.0004456271
       -0.0001547375   0.0005769853   0.0002457699  -0.0003498885  -0.0006099333
        0.0001412309   0.0004297644   0.0002338940   0.0004834824   0.0016931934
        0.0010791592  -0.0019778283   0.0005575280   0.0012916724  -0.0016966713
        0.0070936041   0.0630275716   0.3018837186   0.0011882880  -0.0051115141
       -0.0076210469  -0.0025649743  -0.0007672840  -0.0003287224   0.0003136901
       -0.0002245058   0.0003997543
       -0.0005538063  -0.0016397030   0.0007946145   0.0036688814  -0.0123315123
        0.0010969191  -0.0834744282   0.0924584905   0.0112035383  -0.0207476370
        0.0230382722   0.0012718370  -0.0059312195   0.0027766915  -0.0008590430
       -0.0000348366   0.0000271161  -0.0000278789  -0.0002845059  -0.0003729889
       -0.0001893160   0.0000255812   0.0000836005   0.0000072964  -0.0003002477
       -0.0009747907   0.0004712107   0.0007882373  -0.0022294007   0.0005378399
        0.0011211903   0.0013829036   0.0011882880   0.1051564025  -0.1029180597
       -0.0159140171   0.0005341681   0.0002474267   0.0001619710   0.0000322204
        0.0004519543   0.0002567401
       -0.0011961395  -0.0022707146   0.0021809782   0.0053180311  -0.0213477777
        0.0009058472   0.0903078037  -0.2221816566  -0.0260243524   0.0039013021
       -0.0011996433   0.0002482301   0.0004914379   0.0004454892   0.0002210465
       -0.0000761012   0.0003458885   0.0001725993  -0.0005286582  -0.0007607353
       -0.0004381967   0.0000215976   0.0000652814   0.0000318357  -0.0009500925
       -0.0019554747   0.0008873660   0.0001221833   0.0007883861  -0.0003430462
        0.0059932265  -0.0108121414  -0.0051115141  -0.1029180597   0.2579479322
        0.0272029684  -0.0001831129   0.0002483878   0.0002174563  -0.0003034182
        0.0006867785  -0.0001512183
        0.0001649642   0.0009787158  -0.0006022569  -0.0035152603   0.0151887587
        0.0007097800   0.0113916844  -0.0256232572  -0.0461576690  -0.0056501856
        0.0067842515   0.0015317633  -0.0014188219   0.0009313067   0.0003388260
       -0.0000523973   0.0002111847  -0.0000578809   0.0000677758   0.0003295660
        0.0002908938   0.0000069579  -0.0002318456  -0.0001281798   0.0004405935
        0.0015631629  -0.0014215075  -0.0002770967   0.0013454326   0.0009274564
        0.0144835471  -0.0290514412  -0.0076210469  -0.0159140171   0.0272029684
        0.0520058335  -0.0001320773   0.0002847999   0.0000358663   0.0004043332
        0.0000863967   0.0001481217
       -0.0000357121  -0.0001019034   0.0002754763   0.0008685507   0.0005862959
       -0.0007685579  -0.0057040347  -0.0059163030  -0.0283066812  -0.0385594383
       -0.0057788961  -0.0111327420  -0.0037734410   0.0090686257   0.0100799506
       -0.0000482366   0.0001529586   0.0000222871  -0.0000120629  -0.0000127257
        0.0000874628   0.0001239421   0.0000335824   0.0000835095   0.0000856726
       -0.0006376381   0.0002250113  -0.0000733390   0.0001482173  -0.0002250679
       -0.0055479243  -0.0007466502  -0.0025649743   0.0005341681  -0.0001831129
       -0.0001320773   0.0511083015   0.0025551329   0.0184228528   0.0010335538
        0.0008324168   0.0139335502
        0.0000079208  -0.0000652466   0.0000735798   0.0002178215   0.0004614463
       -0.0009586101  -0.0006666641  -0.0000892719  -0.0042258574  -0.0088042659
       -0.0452255659  -0.0479120299   0.0082311073  -0.0144392963  -0.0165083764
        0.0000581870  -0.0000835898  -0.0000542555   0.0000225437  -0.0000071311
       -0.0000125389   0.0000248990   0.0000078525   0.0000821145  -0.0004992843
       -0.0007034131   0.0003794991   0.0001171536   0.0000206030   0.0000302047
       -0.0014792940   0.0010022374  -0.0007672840   0.0002474267   0.0002483878
        0.0002847999   0.0025551329   0.0546262305   0.0473962938  -0.0000326842
        0.0042467573   0.0221924605
        0.0001338954   0.0000325567   0.0000732337   0.0008931637   0.0002964599
        0.0008112907  -0.0049891276  -0.0020652712  -0.0116545337  -0.0145392825
       -0.0427583517  -0.2813695547   0.0022617110  -0.0031482568  -0.0013715781
       -0.0000281342   0.0000301812  -0.0000421708   0.0000223956   0.0000432316
        0.0000765121   0.0001093262   0.0000878308   0.0000066396  -0.0000778027
       -0.0003327311   0.0005014735   0.0000909401   0.0000461109  -0.0000068947
       -0.0028518972   0.0003170909  -0.0003287224   0.0001619710   0.0002174563
        0.0000358663   0.0184228528   0.0473962938   0.3137250471   0.0003899883
       -0.0001626012  -0.0204566085
       -0.0005739456  -0.0006210515   0.0004503672  -0.0048164026  -0.0006579410
       -0.0018476619  -0.0170215849  -0.0200731317   0.0133237991  -0.0858522368
       -0.0814701879   0.0571181825   0.0002879724   0.0140905884  -0.0036102474
       -0.0000384172   0.0001351797   0.0000443162  -0.0000976670  -0.0002360044
       -0.0001484234  -0.0000073288   0.0000060552   0.0000048105  -0.0000562896
        0.0003781169  -0.0004894108  -0.0006484854  -0.0005388910   0.0004257277
        0.0005387101  -0.0000651105   0.0003136901   0.0000322204  -0.0003034182
        0.0004043332   0.0010335538  -0.0000326842   0.0003899883   0.1072199011
        0.0893884804  -0.0663794714
        0.0000274810   0.0001216138   0.0000058940  -0.0020359427   0.0006979387
        0.0000277045  -0.0035868739  -0.0035022547   0.0031336036  -0.0876853752
       -0.1677218985   0.0974958433   0.0028430570  -0.0218626153   0.0050953519
        0.0000785787  -0.0000606853   0.0000391777   0.0001107308   0.0000484943
       -0.0000265554  -0.0000487970   0.0000214404  -0.0000136893  -0.0001469641
        0.0000440636  -0.0001991975  -0.0003647310  -0.0003094663   0.0001805465
        0.0001359848  -0.0001580957  -0.0002245058   0.0004519543   0.0006867785
        0.0000863967   0.0008324168   0.0042467573  -0.0001626012   0.0893884804
        0.1877479292  -0.1054379689
        0.0000469303  -0.0000330393   0.0002155079  -0.0014452767   0.0001504012
        0.0002799417  -0.0032044665  -0.0053628691   0.0042240110   0.0572037111
        0.0945375285  -0.1117074825  -0.0000354871  -0.0050473606   0.0024005165
        0.0000653205  -0.0000087168  -0.0000199274  -0.0000001840  -0.0000730864
       -0.0000134111   0.0000446912   0.0000449416   0.0000506109   0.0001308903
       -0.0002063433   0.0001812261  -0.0002524777  -0.0002291623   0.0002373772
       -0.0003644703  -0.0003755669   0.0003997543   0.0002567401  -0.0001512183
        0.0001481217   0.0139335502   0.0221924605  -0.0204566085  -0.0663794714
       -0.1054379689   0.1240603622
