           1           2   1.01905139942747     
           2           3   1.00691584250662     
           3           4  0.998252311372992     
           4           5   1.01681332314273     
           5           6  0.918906769315052     
           1           7  0.986842015510056     
           1           8  0.987543455982601     
           1           9  0.987555932429600     
           2          10  0.978191979076460     
           2          11  0.978180838262258     
           3          12  0.976673424721899     
           3          13  0.976651911391433     
           4          14  0.975022317523452     
           4          15  0.975034558698988     
           5          16  0.976994552989140     
           5          17  0.976994138687517     
