           1           2  0.988780381778740     
           2           3  0.961096065706977     
           2           4  0.972280901254312     
           4           5   1.39890671728892     
           5           6   1.46111876195864     
           4           7  0.100409891735868     
           6           7   1.37803912538569     
           7           8   1.35725935172961     
           4           9   1.40689395564319     
           6           9  0.104859491838805     
           8           9   1.41348262915105     
           8          10  0.919958550951361     
           7          11   1.04345700071757     
          11          12   1.39323339499417     
          12          13   1.44793736214736     
          11          14  0.105604069154377     
          13          14   1.43745426138589     
          12          15  0.108962302418391     
          14          15   1.43328825432871     
          11          16   1.38721204058541     
          13          16  0.109322188440301     
          15          16   1.45273350262049     
           2          17  0.951099787708911     
          17          18   1.69554575811455     
          17          19   1.19817915823085     
          18          19  0.174890756648047     
           1          20  0.984499239572846     
           1          21  0.981148529449858     
           1          22  0.983960566836635     
           5          23  0.961663381339254     
           6          24  0.964984972930137     
           9          25  0.962947997068814     
          12          26  0.970279676588448     
          13          27  0.970273173433451     
          14          28  0.970713258809040     
          15          29  0.969715895364531     
          16          30  0.967931936612405     
          19          31  0.798944964403653     
