           1           2   1.01939102660404     
           2           3   1.00365540655670     
           3           4  0.937346291445217     
           4           5   1.47561901520691     
           4           6   1.45749178047188     
           5           6  0.343368882275727     
           1           7  0.986154080846349     
           1           8  0.984764889026281     
           1           9  0.987721915422264     
           2          10  0.969491237855850     
           2          11  0.970982085775828     
           3          12  0.917956685493968     
           3          13  0.950763397159783     
