           1           2   1.01951501267720     
           2           3   1.00714728196321     
           3           4   1.00774670234371     
           4           5  0.983326030669078     
           5           6   1.67448198501037     
           5           7   1.17677102137661     
           6           7  0.171691452556070     
           7           8  0.936291170485457     
           1           9  0.986809077731632     
           1          10  0.987488710405072     
           1          11  0.987488555916155     
           2          12  0.977961557727541     
           2          13  0.977953512445284     
           3          14  0.975617510904421     
           3          15  0.975738707140911     
           4          16  0.946209632203407     
           4          17  0.944446401461702     
           8          18  0.972973740385145     
           8          19  0.973488456691725     
           8          20  0.976220498948313     
