$hessian                                                                        
        0.5160993565   0.0009579124   0.0125780442  -0.0749933481  -0.0005354982
        0.0292896507  -0.0039048223  -0.0043676500   0.0130022258  -0.0003592682
       -0.0004123163   0.0009255759   0.0001557341   0.0001728751   0.0003307505
       -0.0000209503  -0.0000700840  -0.0000677715   0.0002780459  -0.0001347621
        0.0000113728   0.0000989323  -0.0000305906  -0.0000747486  -0.2045466938
       -0.0213248799  -0.1082354946  -0.1500342616   0.1117046731   0.0391511556
       -0.0814618277  -0.0859092997   0.0150732094   0.0044194959   0.0014141798
       -0.0237415046  -0.0055337341   0.0002439070   0.0213371084   0.0005252183
        0.0005476528  -0.0006342625  -0.0005014244  -0.0023007005   0.0009758199
       -0.0000701729   0.0000093332  -0.0000196022  -0.0000938178   0.0000065827
        0.0000485825  -0.0000092330   0.0000217901   0.0000000637  -0.0000353346
        0.0000183482   0.0000167298  -0.0000118939  -0.0000114730   0.0000330947
        0.0009579124   0.5268160046   0.0054944206  -0.0002535102  -0.0654597442
        0.0084306120  -0.0085690519  -0.0072131039   0.0253454467   0.0014886715
       -0.0008808339   0.0002118174  -0.0002288269   0.0002104814   0.0007676810
       -0.0007510955   0.0008981509   0.0002591351   0.0001926321  -0.0001138860
        0.0000765057  -0.0000511140  -0.0000784277  -0.0000316032  -0.0212539478
       -0.0481880760  -0.0149810791   0.1114503995  -0.1629730221  -0.0427752776
       -0.0856110585  -0.2419160780   0.0360921193   0.0005767809   0.0010600998
       -0.0020067896   0.0054844407   0.0010935898  -0.0200968841  -0.0005838603
        0.0011706584   0.0009075136  -0.0028171596  -0.0045516197   0.0022842378
       -0.0000093632   0.0000292494   0.0000006695   0.0000136075  -0.0000131390
       -0.0000019712  -0.0000084813   0.0000116331   0.0000163081  -0.0000104696
        0.0000377369   0.0000112030  -0.0000165058   0.0000603263  -0.0000040651
        0.0125780442   0.0054944206   0.4631229933   0.0291017486   0.0082926129
       -0.1969301833   0.0055756699   0.0071275205  -0.0104215324  -0.0004423612
       -0.0008206017   0.0004944466   0.0000748685   0.0003929995   0.0001644227
        0.0000192223   0.0001135528   0.0001543839  -0.0002002240  -0.0000291790
       -0.0001763362  -0.0000243929  -0.0000180809  -0.0000909571  -0.1084882973
       -0.0151136915  -0.1154350354   0.0395680499  -0.0429223294  -0.0578056605
        0.0151518041   0.0366331641  -0.0483722076   0.0015899342   0.0012550484
       -0.0230863760   0.0053645745  -0.0009094182  -0.0128486340  -0.0004341219
       -0.0007130488   0.0007684105   0.0006071673   0.0011927983   0.0003339813
        0.0000103188  -0.0000108004   0.0000062665  -0.0000511975   0.0000081111
        0.0000607580  -0.0000214262   0.0000222580   0.0000309230   0.0000118149
       -0.0000057795   0.0000083222   0.0000088038   0.0000104433   0.0000220144
       -0.0749933481  -0.0002535102   0.0291017486   0.5289075335  -0.0328218041
        0.0203163451  -0.0823136297  -0.0428934721   0.0131430415  -0.0157737640
       -0.0233270941   0.0034242490  -0.0031063868  -0.0007330633  -0.0042066297
       -0.0010873886  -0.0007603414  -0.0012212342   0.0007207525   0.0001779434
       -0.0004970141   0.0002204694   0.0000364869   0.0000724390   0.0051302370
        0.0017777374  -0.0248497189  -0.0063194020   0.0000338167   0.0219725096
       -0.0033078017  -0.0024176418   0.0123041031  -0.2061266653  -0.0167482729
       -0.1064302465  -0.1466640365   0.1100180159   0.0367388351   0.0068062204
        0.0147487152  -0.0028490771  -0.0018916813  -0.0068206927   0.0030771805
        0.0000566897  -0.0000136520  -0.0000450776  -0.0001726034   0.0000005391
       -0.0000290391  -0.0000288755  -0.0000264487   0.0000018568   0.0000182376
        0.0000026381   0.0000213501  -0.0000745575   0.0000201007  -0.0000456214
       -0.0005354982  -0.0654597442   0.0082926129  -0.0328218041   0.4739950241
        0.0203158316  -0.0349197763  -0.1633152768   0.0241746769  -0.0173800181
       -0.0063742780  -0.0081049097   0.0000006117   0.0021269465   0.0023023075
        0.0028593079  -0.0028586381  -0.0001424974  -0.0002010606   0.0000166412
       -0.0004721493   0.0000038740  -0.0001357088   0.0000031896   0.0005298733
        0.0005667148  -0.0026034608   0.0059606729   0.0006405970  -0.0210090948
       -0.0074643651  -0.0045025548   0.0265412725  -0.0174321105  -0.0446015673
       -0.0139305907   0.1113861947  -0.1589578214  -0.0422684701  -0.0069672106
       -0.0253265622   0.0031339512  -0.0031960165  -0.0060373243   0.0036234972
        0.0001459503   0.0000972043   0.0000697235  -0.0000519459   0.0000611907
        0.0000599611   0.0000089794   0.0000425735  -0.0000353646   0.0000132339
       -0.0000029961  -0.0000067044   0.0000611079   0.0000255799   0.0000562179
        0.0292896507   0.0084306120  -0.1969301833   0.0203163451   0.0203158316
        0.4773613791   0.0074078131   0.0176071530  -0.0614730971  -0.0057864549
       -0.0116395775   0.0041398976  -0.0020487970   0.0001414120  -0.0038534726
        0.0007855072  -0.0005996146   0.0004729801  -0.0001689939   0.0002415320
       -0.0005795986   0.0000043341   0.0000158801  -0.0000826190   0.0012054965
        0.0016743326  -0.0238106552   0.0057436743  -0.0019201908  -0.0126857318
        0.0030288837   0.0026501625  -0.0082387390  -0.1067491659  -0.0139407324
       -0.1107563305   0.0370096910  -0.0425112762  -0.0571777792  -0.0024186783
       -0.0064704930   0.0018667167   0.0123818500   0.0260847447  -0.0083384630
        0.0000683663  -0.0000501581   0.0000159959  -0.0001025266   0.0000084703
        0.0000160900  -0.0000010974   0.0000081663   0.0000137384  -0.0000023915
       -0.0000358479   0.0000016111   0.0000364934  -0.0000104067   0.0000382602
       -0.0039048223  -0.0085690519   0.0055756699  -0.0823136297  -0.0349197763
        0.0074078131   0.4723244637  -0.0502239366  -0.0246637445  -0.1478470213
       -0.0173906194  -0.0469715210  -0.0078369833  -0.0063665217  -0.0169401494
       -0.0446926115   0.0140985675  -0.0113779890   0.0013230656   0.0034340209
        0.0007345042  -0.0013304037   0.0000567561  -0.0005499413   0.0007068972
        0.0005468254  -0.0003758499   0.0001228628  -0.0007045713  -0.0002495236
        0.0001289737  -0.0004310138   0.0022810057  -0.0135285324  -0.0261377938
        0.0029176927   0.0065798313   0.0154471159  -0.0031201678  -0.1331767288
        0.1083735483   0.0442406029  -0.0458784065   0.0026209262   0.0412853289
        0.0001141360  -0.0000117895  -0.0000596390  -0.0005805455  -0.0000303823
       -0.0001699705   0.0000733160  -0.0000623950  -0.0000790146  -0.0002958899
        0.0003274116   0.0001162772   0.0000120284  -0.0000573202  -0.0000013842
       -0.0043676500  -0.0072131039   0.0071275205  -0.0428934721  -0.1633152768
        0.0176071530  -0.0502239366   0.4790242700   0.0292291494   0.0017447781
       -0.0639958527   0.0055991114  -0.0273886194  -0.0085311306  -0.0331567339
        0.0225223795   0.0034059455   0.0089836761   0.0039199545  -0.0010145555
       -0.0030011897   0.0010325848  -0.0000379190   0.0003812936   0.0002940691
        0.0004794769  -0.0005507674   0.0003621154   0.0012522592  -0.0008395593
       -0.0000588759   0.0006842153   0.0012541082  -0.0054581905  -0.0084238582
        0.0005288651  -0.0077973709  -0.0273698393   0.0038747578   0.1053804176
       -0.1673543601  -0.0518937746   0.0026948439  -0.0371893243   0.0150151028
        0.0004680154  -0.0002266217   0.0001267015  -0.0004919921   0.0000239802
       -0.0002677793   0.0000249241   0.0000164341   0.0000603787   0.0002368688
       -0.0003125752  -0.0000809863  -0.0000008437   0.0000978362   0.0000029722
        0.0130022258   0.0253454467  -0.0104215324   0.0131430415   0.0241746769
       -0.0614730971  -0.0246637445   0.0292291494   0.5010857378  -0.0399105609
       -0.0032839171  -0.0915264997  -0.0318492040  -0.0238542662  -0.0121652331
       -0.0032081973   0.0045596782   0.0066229187   0.0003831661  -0.0034931426
        0.0032279283   0.0003239417  -0.0000162957   0.0001665842   0.0003550428
        0.0004305254   0.0013490523  -0.0004034844   0.0008874114   0.0007632478
        0.0019897315   0.0017677331  -0.0056848464  -0.0058994657  -0.0118313892
        0.0023128442  -0.0022859400  -0.0056409847   0.0014811257   0.0419327343
       -0.0512083210  -0.0655475504   0.0372964721   0.0131305883  -0.2699605659
       -0.0008452018   0.0000801933  -0.0003340969   0.0005527223  -0.0002173225
        0.0001142658  -0.0000401020   0.0000339013   0.0000389000   0.0001086203
       -0.0000896384  -0.0000559199   0.0000182022  -0.0000040264   0.0000067371
       -0.0003592682   0.0014886715  -0.0004423612  -0.0157737640  -0.0173800181
       -0.0057864549  -0.1478470213   0.0017447781  -0.0399105609   0.4813993588
        0.0173147261   0.1349799831  -0.1065188533  -0.1052392328  -0.0959812174
       -0.1487734023   0.0760138916   0.0165577677  -0.0421552317   0.0229184441
       -0.0008400632  -0.0043599690  -0.0003877270  -0.0021985343   0.0005633420
       -0.0005450178   0.0004125738  -0.0005560485  -0.0000644280   0.0004060593
        0.0003293508   0.0005936883  -0.0006046751   0.0001295186  -0.0006190379
        0.0005205219   0.0009624847   0.0017091520   0.0005891241  -0.0209194876
        0.0016701698  -0.0085215754   0.0040744962  -0.0026793679  -0.0009130058
        0.0001947944   0.0017053145   0.0001052991   0.0007604419   0.0007137692
        0.0013630481  -0.0002654716  -0.0000131304  -0.0003108351  -0.0005890824
        0.0014370809   0.0006515084  -0.0002961874  -0.0003817262  -0.0000766021
       -0.0004123163  -0.0008808339  -0.0008206017  -0.0233270941  -0.0063742780
       -0.0116395775  -0.0173906194  -0.0639958527  -0.0032839171   0.0173147261
        0.5913106508   0.3024349277  -0.0906346423  -0.3628940709  -0.2621146978
        0.0805704627  -0.1565401784  -0.0404726147   0.0209523627   0.0005980161
        0.0093981586  -0.0024860522  -0.0004878328  -0.0017225170  -0.0002413274
        0.0011009175   0.0010655123   0.0008377169  -0.0001221171   0.0001447625
       -0.0001071889  -0.0001752010   0.0000811312  -0.0025816317  -0.0047662589
        0.0008200253  -0.0004331190  -0.0008182873  -0.0010166755   0.0205467106
        0.0004751078   0.0091735117   0.0023604054   0.0015153737  -0.0003868533
       -0.0044261019   0.0000336084   0.0008975337  -0.0012368784   0.0025099320
       -0.0026894068   0.0008124989  -0.0002175014   0.0002844407  -0.0010892428
        0.0002198940  -0.0003628791   0.0009713310  -0.0004910879   0.0002097366
        0.0009255759   0.0002118174   0.0004944466   0.0034242490  -0.0081049097
        0.0041398976  -0.0469715210   0.0055991114  -0.0915264997   0.1349799831
        0.3024349277   0.4768618706  -0.0853399179  -0.2666250334  -0.2996363073
        0.0223224507  -0.0448668106  -0.0792798020  -0.0027607173   0.0100237608
        0.0071795061  -0.0041160554  -0.0006875689  -0.0020421856  -0.0006034488
        0.0009086507  -0.0006027648   0.0003937267  -0.0001625291  -0.0000549616
        0.0000524642   0.0001135069  -0.0007122893   0.0015261839   0.0029525808
        0.0003866314  -0.0001784423  -0.0009786691   0.0003615367   0.0070210921
        0.0005758347   0.0039802271  -0.0263225870  -0.0035754539  -0.0205325901
       -0.0017519005  -0.0003050609   0.0017880934  -0.0026108666   0.0021590551
       -0.0008700758   0.0007191448  -0.0003855338  -0.0002057647  -0.0011750596
        0.0007630392   0.0001544898   0.0004656458  -0.0000507152   0.0001165416
        0.0001557341  -0.0002288269   0.0000748685  -0.0031063868   0.0000006117
       -0.0020487970  -0.0078369833  -0.0273886194  -0.0318492040  -0.1065188533
       -0.0906346423  -0.0853399179   0.1087390561   0.0859138331   0.0994118074
        0.0069658977   0.0335524851   0.0168721578   0.0017028912   0.0030367346
        0.0045370896   0.0008875180   0.0006236728   0.0008176782  -0.0003197538
       -0.0000509289   0.0000766010   0.0002377373   0.0000998114  -0.0001429817
       -0.0000445285  -0.0001334617   0.0000039293  -0.0008186262  -0.0012570349
        0.0002496751  -0.0000287366   0.0000182307  -0.0001508015   0.0029531105
       -0.0007653728   0.0010460135  -0.0046552815  -0.0011378496  -0.0034385352
        0.0012376182  -0.0004315693  -0.0008044886   0.0004808931  -0.0010862403
        0.0007927804  -0.0001411935   0.0000781613  -0.0000530062   0.0002477736
       -0.0002647576  -0.0000580636  -0.0001378863   0.0000557631   0.0000031950
        0.0001728751   0.0002104814   0.0003929995  -0.0007330633   0.0021269465
        0.0001414120  -0.0063665217  -0.0085311306  -0.0238542662  -0.1052392328
       -0.3628940709  -0.2666250334   0.0859138331   0.4471803918   0.3514457765
        0.0332454139  -0.0773426769  -0.0634356291  -0.0049608280  -0.0001070148
        0.0006341786   0.0007847127   0.0004792561   0.0005029464  -0.0000294976
       -0.0006943199   0.0001384337  -0.0003721307   0.0001166266  -0.0000836971
        0.0001827275   0.0000264221   0.0001126665  -0.0007231367  -0.0007058264
       -0.0000447794   0.0003627877   0.0003048244  -0.0001174958   0.0003215923
        0.0003278386   0.0012393991  -0.0032084258  -0.0005520334  -0.0015836485
        0.0008813119   0.0001674606  -0.0003935601   0.0001648444  -0.0006167249
        0.0013326992  -0.0004748888   0.0000490550   0.0001441049   0.0003833085
        0.0000907485   0.0002629579  -0.0003056814   0.0003637462  -0.0002094649
        0.0003307505   0.0007676810   0.0001644227  -0.0042066297   0.0023023075
       -0.0038534726  -0.0169401494  -0.0331567339  -0.0121652331  -0.0959812174
       -0.2621146978  -0.2996363073   0.0994118074   0.3514457765   0.3298002656
        0.0164165614  -0.0628502454  -0.0139988460  -0.0012287413   0.0043559298
       -0.0016200120   0.0008348227   0.0004476899   0.0009599273   0.0004480399
       -0.0006811976   0.0002076569  -0.0004368663   0.0000993121  -0.0000791453
        0.0001535345   0.0000943572   0.0002114965  -0.0012684943  -0.0023715066
        0.0002429162   0.0002418918   0.0004022425  -0.0001576263   0.0018184520
        0.0006348321   0.0005549728  -0.0012586514   0.0005226402  -0.0006373533
        0.0013341469   0.0007373514  -0.0006700356   0.0006355908  -0.0009655933
        0.0005800526  -0.0004084383   0.0001271833   0.0001781011   0.0004176926
       -0.0000029008   0.0001098782  -0.0003141024   0.0002055718  -0.0001916585
       -0.0000209503  -0.0007510955   0.0000192223  -0.0010873886   0.0028593079
        0.0007855072  -0.0446926115   0.0225223795  -0.0032081973  -0.1487734023
        0.0805704627   0.0223224507   0.0069658977   0.0332454139   0.0164165614
        0.4050495874  -0.1093150587   0.0589585022  -0.1329645695  -0.0278380042
       -0.0539976558  -0.0306087299   0.0075778443  -0.0091322474  -0.0001304361
        0.0001810566   0.0003025931   0.0000540875   0.0003053972  -0.0001635157
        0.0000482531  -0.0001999581   0.0000785956  -0.0004014908  -0.0003354100
       -0.0002152263  -0.0004898213  -0.0008159358  -0.0002007186  -0.0074030090
        0.0005258765  -0.0037827101  -0.0007797616   0.0015564363  -0.0002436980
       -0.0340627792  -0.0111438540  -0.0127149036  -0.0114208425  -0.0010129469
       -0.0165364063   0.0017966034  -0.0015961124   0.0000419360  -0.0029795726
        0.0044146965   0.0015128831   0.0019009361  -0.0007504958  -0.0002429726
       -0.0000700840   0.0008981509   0.0001135528  -0.0007603414  -0.0028586381
       -0.0005996146   0.0140985675   0.0034059455   0.0045596782   0.0760138916
       -0.1565401784  -0.0448668106   0.0335524851  -0.0773426769  -0.0628502454
       -0.1093150587   0.3014531026   0.1244454492  -0.0200257687  -0.0671713914
       -0.0170921036   0.0284955442  -0.0000769514   0.0104922433   0.0001374103
       -0.0004152053  -0.0006204471  -0.0002721454  -0.0000385552   0.0000475073
        0.0000044809   0.0001581289  -0.0002859792  -0.0000791039   0.0005789808
        0.0000430190  -0.0006734517   0.0009736990   0.0004401768   0.0001478936
        0.0004120915  -0.0000438551  -0.0001852953  -0.0007773188  -0.0000500827
       -0.0255074326  -0.0013615547  -0.0132264749   0.0017125330   0.0004550621
        0.0002616349  -0.0009593936   0.0007812269   0.0001469745   0.0046891883
       -0.0041144355  -0.0012502138  -0.0010039191   0.0015805173   0.0003355911
       -0.0000677715   0.0002591351   0.0001543839  -0.0012212342  -0.0001424974
        0.0004729801  -0.0113779890   0.0089836761   0.0066229187   0.0165577677
       -0.0404726147  -0.0792798020   0.0168721578  -0.0634356291  -0.0139988460
        0.0589585022   0.1244454492   0.1912520571  -0.0473963387  -0.0206402486
       -0.0926660808   0.0057201457   0.0013530095   0.0060498432   0.0003313302
        0.0000376359   0.0001404741   0.0000188024  -0.0000323590  -0.0000610447
       -0.0000723621  -0.0000498926  -0.0000643092   0.0000916849  -0.0002556810
       -0.0000926905  -0.0000071870   0.0000178670  -0.0004116693  -0.0034959790
       -0.0003252761  -0.0006074335   0.0007663182  -0.0006032580   0.0009031817
       -0.0002157083  -0.0040168897   0.0027368952  -0.0373354076  -0.0040144391
       -0.0221041232  -0.0000905994   0.0005367147   0.0007238419   0.0018068898
       -0.0013996900   0.0003649379   0.0001569779  -0.0002450121  -0.0001355146
        0.0002780459   0.0001926321  -0.0002002240   0.0007207525  -0.0002010606
       -0.0001689939   0.0013230656   0.0039199545   0.0003831661  -0.0421552317
        0.0209523627  -0.0027607173   0.0017028912  -0.0049608280  -0.0012287413
       -0.1329645695  -0.0200257687  -0.0473963387   0.3991034358   0.0087270419
       -0.0448805164  -0.0942292367   0.0560597653   0.0276096791  -0.0002043536
       -0.0000347572   0.0002800190   0.0000769802  -0.0001604018   0.0000452385
       -0.0000703571   0.0000512688   0.0000791956   0.0002493868  -0.0000144309
        0.0001847899  -0.0004591003  -0.0002182466  -0.0001122934  -0.0007633361
       -0.0003923427  -0.0008968089  -0.0006075032  -0.0000837008   0.0000622975
       -0.0746682960  -0.0789858037   0.0298616853  -0.0432518012  -0.0010672855
        0.0329819186  -0.0031244289   0.0040298854   0.0039394201  -0.0175571647
        0.0204297374   0.0066094875   0.0066008210  -0.0082180217  -0.0043922631
       -0.0001347621  -0.0001138860  -0.0000291790   0.0001779434   0.0000166412
        0.0002415320   0.0034340209  -0.0010145555  -0.0034931426   0.0229184441
        0.0005980161   0.0100237608   0.0030367346  -0.0001070148   0.0043559298
       -0.0278380042  -0.0671713914  -0.0206402486   0.0087270419   0.5052934530
       -0.0018929457   0.0531429301  -0.1571450416  -0.0381464395   0.0000369192
        0.0001020027   0.0001062236   0.0000276160  -0.0000219018   0.0000341784
       -0.0000392683  -0.0000067943   0.0000342835   0.0000754400   0.0001924352
        0.0000357414  -0.0001484026   0.0000373292  -0.0000801149   0.0012525882
        0.0000761767   0.0004030741  -0.0004478229  -0.0000624243  -0.0001834276
       -0.0784296443  -0.2069775291   0.0560012062  -0.0034727274  -0.0434899146
        0.0050898299   0.0023832125  -0.0017758255  -0.0039379786   0.0011017978
       -0.0002737554   0.0002453021   0.0141959429  -0.0281560197  -0.0081675854
        0.0000113728   0.0000765057  -0.0001763362  -0.0004970141  -0.0004721493
       -0.0005795986   0.0007345042  -0.0030011897   0.0032279283  -0.0008400632
        0.0093981586   0.0071795061   0.0045370896   0.0006341786  -0.0016200120
       -0.0539976558  -0.0170921036  -0.0926660808  -0.0448805164  -0.0018929457
        0.4947319089   0.0256908579  -0.0370076881  -0.0831832019   0.0001611782
        0.0000464137  -0.0000468176   0.0000292869  -0.0000924385   0.0000259187
       -0.0000186993   0.0000541580  -0.0000011631  -0.0000727673  -0.0001016264
        0.0001078493  -0.0002517611   0.0001795028   0.0001491997   0.0003175721
       -0.0003431548   0.0002978835   0.0002753256   0.0000761630   0.0004600838
        0.0267808941   0.0559657895  -0.0625721144   0.0349700980   0.0060309554
       -0.2576092409   0.0177127022  -0.0260701157  -0.0137007193  -0.0066522190
        0.0083581725   0.0029764810  -0.0040101854   0.0052534138   0.0029985255
        0.0000989323  -0.0000511140  -0.0000243929   0.0002204694   0.0000038740
        0.0000043341  -0.0013304037   0.0010325848   0.0003239417  -0.0043599690
       -0.0024860522  -0.0041160554   0.0008875180   0.0007847127   0.0008348227
       -0.0306087299   0.0284955442   0.0057201457  -0.0942292367   0.0531429301
        0.0256908579   0.5157324599   0.0291167246   0.0149950168  -0.0000314936
        0.0000455848  -0.0000657470  -0.0000329836   0.0000317970   0.0000307109
       -0.0000385137  -0.0000236083   0.0000077183  -0.0000701157  -0.0000017443
       -0.0000063018  -0.0000215726   0.0001641648   0.0000358703  -0.0005201536
        0.0000293688  -0.0002225904   0.0000342395  -0.0000060538   0.0001073973
        0.0057975423  -0.0067230353  -0.0031367509  -0.0029002335   0.0053296334
        0.0041280653  -0.0442002364  -0.0016906112   0.0176984131  -0.2488280671
       -0.0113173959  -0.0940126781  -0.0955994521  -0.0958773041   0.0320072222
       -0.0000305906  -0.0000784277  -0.0000180809   0.0000364869  -0.0001357088
        0.0000158801   0.0000567561  -0.0000379190  -0.0000162957  -0.0003877270
       -0.0004878328  -0.0006875689   0.0006236728   0.0004792561   0.0004476899
        0.0075778443  -0.0000769514   0.0013530095   0.0560597653  -0.1571450416
       -0.0370076881   0.0291167246   0.4873688999  -0.0161438634   0.0000149743
        0.0000281026   0.0000484512  -0.0000060088   0.0000130956   0.0000222932
        0.0000290444   0.0000372634  -0.0000148178   0.0000432106   0.0000456888
        0.0000025468  -0.0000831556   0.0000661274  -0.0000316428   0.0000490539
        0.0000496346   0.0000358575   0.0000330086   0.0000015031  -0.0000285975
        0.0135348846  -0.0252945711  -0.0079632281   0.0022102711  -0.0015709556
       -0.0025536793  -0.0018482582  -0.0440686847   0.0076595353  -0.0098455749
       -0.0420757164  -0.0037697865  -0.0971843822  -0.2171177625   0.0586499856
       -0.0000747486  -0.0000316032  -0.0000909571   0.0000724390   0.0000031896
       -0.0000826190  -0.0005499413   0.0003812936   0.0001665842  -0.0021985343
       -0.0017225170  -0.0020421856   0.0008176782   0.0005029464   0.0009599273
       -0.0091322474   0.0104922433   0.0060498432   0.0276096791  -0.0381464395
       -0.0831832019   0.0149950168  -0.0161438634   0.5235252349   0.0000052594
       -0.0000185547   0.0000173330  -0.0000033221   0.0000210423   0.0000283294
        0.0000251913   0.0000040185   0.0000228112  -0.0000049425   0.0000103750
        0.0000377215   0.0000317977   0.0000230633   0.0000531668  -0.0001884538
        0.0000426425  -0.0000705112   0.0000490208  -0.0000069079   0.0000706809
       -0.0032558802   0.0057132460   0.0031875302   0.0161980528  -0.0235995526
       -0.0116560437   0.0169725359   0.0091394236  -0.2885495751  -0.0930201766
       -0.0044055713  -0.0843956159   0.0316515757   0.0577415256  -0.0640484530
       -0.2045466938  -0.0212539478  -0.1084882973   0.0051302370   0.0005298733
        0.0012054965   0.0007068972   0.0002940691   0.0003550428   0.0005633420
       -0.0002413274  -0.0006034488  -0.0003197538  -0.0000294976   0.0004480399
       -0.0001304361   0.0001374103   0.0003313302  -0.0002043536   0.0000369192
        0.0001611782  -0.0000314936   0.0000149743   0.0000052594   0.2360346746
        0.0253811804   0.1262337578  -0.0239856683  -0.0000404434  -0.0125901917
       -0.0144166058  -0.0044430881  -0.0081639016   0.0010410715  -0.0001993089
        0.0010907195   0.0005861380  -0.0002059540   0.0002595904  -0.0002531130
        0.0000661175  -0.0001088408  -0.0001327685  -0.0000071613   0.0001086116
        0.0000346874   0.0000095788  -0.0000674415  -0.0000977392  -0.0000511674
       -0.0001350648   0.0000284863  -0.0000274569  -0.0000334949   0.0000050923
       -0.0000118401  -0.0000179402  -0.0000120004   0.0000410704   0.0000095955
       -0.0213248799  -0.0481880760  -0.0151136915   0.0017777374   0.0005667148
        0.0016743326   0.0005468254   0.0004794769   0.0004305254  -0.0005450178
        0.0011009175   0.0009086507  -0.0000509289  -0.0006943199  -0.0006811976
        0.0001810566  -0.0004152053   0.0000376359  -0.0000347572   0.0001020027
        0.0000464137   0.0000455848   0.0000281026  -0.0000185547   0.0253811804
        0.0513632279   0.0168861049   0.0215412523   0.0013634539   0.0119601611
       -0.0273515439  -0.0061960403  -0.0161001660  -0.0000012384   0.0008073153
        0.0005614898  -0.0003513629  -0.0000734358  -0.0005021214   0.0001956380
       -0.0001095199   0.0000267372  -0.0000218408  -0.0000647131  -0.0000941762
       -0.0000074749  -0.0000436594   0.0000254125  -0.0000368479   0.0000905046
       -0.0000064223   0.0000005297  -0.0000303342  -0.0000001409   0.0000033902
       -0.0000293722  -0.0000059603   0.0000526978  -0.0000570400  -0.0000350328
       -0.1082354946  -0.0149810791  -0.1154350354  -0.0248497189  -0.0026034608
       -0.0238106552  -0.0003758499  -0.0005507674   0.0013490523   0.0004125738
        0.0010655123  -0.0006027648   0.0000766010   0.0001384337   0.0002076569
        0.0003025931  -0.0006204471   0.0001404741   0.0002800190   0.0001062236
       -0.0000468176  -0.0000657470   0.0000484512   0.0000173330   0.1262337578
        0.0168861049   0.1379321760   0.0040931351   0.0009330493   0.0041351689
        0.0018620389  -0.0004798432   0.0025936931   0.0010438651   0.0004053445
       -0.0074764966  -0.0005572372  -0.0000330453   0.0007819383  -0.0000879036
        0.0000110766  -0.0000988997  -0.0000914595  -0.0002324481   0.0003186129
       -0.0000643652  -0.0000277488  -0.0000179733   0.0000158563   0.0000128234
        0.0000466122   0.0000075845  -0.0000162410  -0.0000275256  -0.0000463577
        0.0000064917   0.0000021565   0.0000461089  -0.0000684304  -0.0000087060
       -0.1500342616   0.1114503995   0.0395680499  -0.0063194020   0.0059606729
        0.0057436743   0.0001228628   0.0003621154  -0.0004034844  -0.0005560485
        0.0008377169   0.0003937267   0.0002377373  -0.0003721307  -0.0004368663
        0.0000540875  -0.0002721454   0.0000188024   0.0000769802   0.0000276160
        0.0000292869  -0.0000329836  -0.0000060088  -0.0000033221  -0.0239856683
        0.0215412523   0.0040931351   0.1715641081  -0.1309091543  -0.0480963373
        0.0075307805  -0.0076451665  -0.0027122117   0.0006638895  -0.0003344728
       -0.0006116572   0.0003734325  -0.0000688939   0.0022882196   0.0000558324
       -0.0005443872   0.0003202894   0.0001335132  -0.0000082717  -0.0002188650
        0.0000000394  -0.0000183140   0.0000369108   0.0000484003   0.0000558089
        0.0000041776   0.0000210418  -0.0000051479  -0.0000072892   0.0000052514
       -0.0000146568  -0.0000070876   0.0000404071  -0.0000368319   0.0000008481
        0.1117046731  -0.1629730221  -0.0429223294   0.0000338167   0.0006405970
       -0.0019201908  -0.0007045713   0.0012522592   0.0008874114  -0.0000644280
       -0.0001221171  -0.0001625291   0.0000998114   0.0001166266   0.0000993121
        0.0003053972  -0.0000385552  -0.0000323590  -0.0001604018  -0.0000219018
       -0.0000924385   0.0000317970   0.0000130956   0.0000210423  -0.0000404434
        0.0013634539   0.0009330493  -0.1309091543   0.1861847253   0.0499694786
        0.0201498715  -0.0270673177  -0.0067213537  -0.0001518578   0.0000174146
       -0.0001359770  -0.0003367460   0.0007158906  -0.0001263924   0.0001057034
        0.0000581205   0.0001352906  -0.0000324456  -0.0001439322   0.0000763888
        0.0000043143   0.0000216181  -0.0000099224   0.0000003681  -0.0000186060
        0.0000069655  -0.0000160848  -0.0000007427  -0.0000055722   0.0000125732
        0.0000007423   0.0000062803  -0.0000321927   0.0000016511  -0.0000061546
        0.0391511556  -0.0427752776  -0.0578056605   0.0219725096  -0.0210090948
       -0.0126857318  -0.0002495236  -0.0008395593   0.0007632478   0.0004060593
        0.0001447625  -0.0000549616  -0.0001429817  -0.0000836971  -0.0000791453
       -0.0001635157   0.0000475073  -0.0000610447   0.0000452385   0.0000341784
        0.0000259187   0.0000307109   0.0000222932   0.0000283294  -0.0125901917
        0.0119601611   0.0041351689  -0.0480963373   0.0499694786   0.0697161912
       -0.0028253957   0.0025273489   0.0018616528   0.0003786002  -0.0005024652
        0.0007374420   0.0022608554   0.0000070111  -0.0067439915   0.0000683756
        0.0005975452  -0.0000156058  -0.0002189994  -0.0000950307   0.0001890966
       -0.0000113645  -0.0000006951  -0.0000000099   0.0000248528   0.0000051461
        0.0000086985  -0.0000231462  -0.0000132533   0.0000053879  -0.0000059563
        0.0000091107   0.0000089937  -0.0000109460  -0.0000054700  -0.0000339764
       -0.0814618277  -0.0856110585   0.0151518041  -0.0033078017  -0.0074643651
        0.0030288837   0.0001289737  -0.0000588759   0.0019897315   0.0003293508
       -0.0001071889   0.0000524642  -0.0000445285   0.0001827275   0.0001535345
        0.0000482531   0.0000044809  -0.0000723621  -0.0000703571  -0.0000392683
       -0.0000186993  -0.0000385137   0.0000290444   0.0000251913  -0.0144166058
       -0.0273515439   0.0018620389   0.0075307805   0.0201498715  -0.0028253957
        0.0913304786   0.1006616633  -0.0192046697   0.0003377608   0.0003251161
       -0.0004005484  -0.0001812241  -0.0002626596   0.0000490002  -0.0000766953
        0.0000955422   0.0000141993  -0.0001693032  -0.0005501277   0.0001996246
        0.0000111829   0.0000198825  -0.0000081927   0.0000537092  -0.0000288722
        0.0000035523   0.0000087137   0.0000028415  -0.0000069750   0.0000120923
        0.0000074704   0.0000003983  -0.0000244387  -0.0000046801   0.0000064200
       -0.0859092997  -0.2419160780   0.0366331641  -0.0024176418  -0.0045025548
        0.0026501625  -0.0004310138   0.0006842153   0.0017677331   0.0005936883
       -0.0001752010   0.0001135069  -0.0001334617   0.0000264221   0.0000943572
       -0.0001999581   0.0001581289  -0.0000498926   0.0000512688  -0.0000067943
        0.0000541580  -0.0000236083   0.0000372634   0.0000040185  -0.0044430881
       -0.0061960403  -0.0004798432  -0.0076451665  -0.0270673177   0.0025273489
        0.1006616633   0.2784115134  -0.0430220713   0.0002954590   0.0000063678
       -0.0000204369  -0.0000495982   0.0004975132  -0.0003209396  -0.0000535724
        0.0003952762  -0.0001024084  -0.0003211953  -0.0003174263   0.0001678696
        0.0000082205  -0.0000150818  -0.0000156018   0.0000191616  -0.0000262394
       -0.0000108469   0.0000092479  -0.0000043513   0.0000105239  -0.0000031434
        0.0000002733  -0.0000037306  -0.0000079621   0.0000101110   0.0000029286
        0.0150732094   0.0360921193  -0.0483722076   0.0123041031   0.0265412725
       -0.0082387390   0.0022810057   0.0012541082  -0.0056848464  -0.0006046751
        0.0000811312  -0.0007122893   0.0000039293   0.0001126665   0.0002114965
        0.0000785956  -0.0002859792  -0.0000643092   0.0000791956   0.0000342835
       -0.0000011631   0.0000077183  -0.0000148178   0.0000228112  -0.0081639016
       -0.0161001660   0.0025936931  -0.0027122117  -0.0067213537   0.0018616528
       -0.0192046697  -0.0430220713   0.0579401069   0.0000607756   0.0004410449
        0.0004661037   0.0000535720   0.0003417138   0.0006061454  -0.0000438364
       -0.0002278549  -0.0001029862   0.0007740124   0.0014575192  -0.0005358632
       -0.0000000801   0.0000084233   0.0000038122   0.0000246776  -0.0000056358
        0.0000081678  -0.0000062296   0.0000099307  -0.0000063037  -0.0000106221
        0.0000055516   0.0000023038   0.0000054316  -0.0000018861   0.0000024143
        0.0044194959   0.0005767809   0.0015899342  -0.2061266653  -0.0174321105
       -0.1067491659  -0.0135285324  -0.0054581905  -0.0058994657   0.0001295186
       -0.0025816317   0.0015261839  -0.0008186262  -0.0007231367  -0.0012684943
       -0.0004014908  -0.0000791039   0.0000916849   0.0002493868   0.0000754400
       -0.0000727673  -0.0000701157   0.0000432106  -0.0000049425   0.0010410715
       -0.0000012384   0.0010438651   0.0006638895  -0.0001518578   0.0003786002
        0.0003377608   0.0002954590   0.0000607756   0.2364372999   0.0237197867
        0.1217064105  -0.0227752731   0.0012826651  -0.0123177456   0.0004905423
        0.0003591399  -0.0001098209  -0.0001127028   0.0001753584   0.0000151543
       -0.0000080469  -0.0000408847   0.0000028273  -0.0000010906   0.0000098458
        0.0000138059   0.0000248396  -0.0000078089  -0.0000178340  -0.0000023791
       -0.0000147524  -0.0000023696   0.0000511180  -0.0000469707   0.0000133640
        0.0014141798   0.0010600998   0.0012550484  -0.0167482729  -0.0446015673
       -0.0139407324  -0.0261377938  -0.0084238582  -0.0118313892  -0.0006190379
       -0.0047662589   0.0029525808  -0.0012570349  -0.0007058264  -0.0023715066
       -0.0003354100   0.0005789808  -0.0002556810  -0.0000144309   0.0001924352
       -0.0001016264  -0.0000017443   0.0000456888   0.0000103750  -0.0001993089
        0.0008073153   0.0004053445  -0.0003344728   0.0000174146  -0.0005024652
        0.0003251161   0.0000063678   0.0004410449   0.0237197867   0.0534557268
        0.0134868398   0.0204288286   0.0012680040   0.0111831372  -0.0003426039
        0.0004087212  -0.0004069803   0.0000455221   0.0006900690  -0.0003046929
        0.0000903164  -0.0000197722  -0.0000017004  -0.0000126386  -0.0000278479
       -0.0000148574   0.0000005576  -0.0000143755   0.0000166160   0.0000088996
        0.0000032572  -0.0000021538  -0.0000304580   0.0000254258  -0.0000172009
       -0.0237415046  -0.0020067896  -0.0230863760  -0.1064302465  -0.0139305907
       -0.1107563305   0.0029176927   0.0005288651   0.0023128442   0.0005205219
        0.0008200253   0.0003866314   0.0002496751  -0.0000447794   0.0002429162
       -0.0002152263   0.0000430190  -0.0000926905   0.0001847899   0.0000357414
        0.0001078493  -0.0000063018   0.0000025468   0.0000377215   0.0010907195
        0.0005614898  -0.0074764966  -0.0006116572  -0.0001359770   0.0007374420
       -0.0004005484  -0.0000204369   0.0004661037   0.1217064105   0.0134868398
        0.1327001303   0.0041631374   0.0005211487   0.0040200491  -0.0001077019
       -0.0001923925  -0.0001003358   0.0005903850   0.0003375992   0.0005182320
        0.0000223945  -0.0000106805   0.0000176230   0.0000486923   0.0000045250
       -0.0000175022   0.0000049147  -0.0000043898   0.0000124789   0.0000089373
        0.0000024617  -0.0000074448   0.0000049160   0.0000017746  -0.0000228452
       -0.0055337341   0.0054844407   0.0053645745  -0.1466640365   0.1113861947
        0.0370096910   0.0065798313  -0.0077973709  -0.0022859400   0.0009624847
       -0.0004331190  -0.0001784423  -0.0000287366   0.0003627877   0.0002418918
       -0.0004898213  -0.0006734517  -0.0000071870  -0.0004591003  -0.0001484026
       -0.0002517611  -0.0000215726  -0.0000831556   0.0000317977   0.0005861380
       -0.0003513629  -0.0005572372   0.0003734325  -0.0003367460   0.0022608554
       -0.0001812241  -0.0000495982   0.0000535720  -0.0227752731   0.0204288286
        0.0041631374   0.1673699270  -0.1256243639  -0.0457416799  -0.0000803482
       -0.0025174702   0.0000573240   0.0002904814   0.0001375783  -0.0002219040
        0.0000828777   0.0000510524   0.0000383438   0.0000504308   0.0000087455
        0.0000379953  -0.0000456257   0.0000040229   0.0000516504   0.0000588697
        0.0000319535   0.0000087403  -0.0000750006   0.0001194367  -0.0000754224
        0.0002439070   0.0010935898  -0.0009094182   0.1100180159  -0.1589578214
       -0.0425112762   0.0154471159  -0.0273698393  -0.0056409847   0.0017091520
       -0.0008182873  -0.0009786691   0.0000182307   0.0003048244   0.0004022425
       -0.0008159358   0.0009736990   0.0000178670  -0.0002182466   0.0000373292
        0.0001795028   0.0001641648   0.0000661274   0.0000230633  -0.0002059540
       -0.0000734358  -0.0000330453  -0.0000688939   0.0007158906   0.0000070111
       -0.0002626596   0.0004975132   0.0003417138   0.0012826651   0.0012680040
        0.0005211487  -0.1256243639   0.1878334255   0.0473922767  -0.0023425607
       -0.0059291137   0.0011422973   0.0003813201   0.0003571072  -0.0000932233
        0.0001492997   0.0000137566   0.0000032559   0.0001385526  -0.0000311585
        0.0000842825  -0.0000599581  -0.0000000608   0.0000443308   0.0000533931
       -0.0000446496   0.0000201291  -0.0000072442   0.0000630995  -0.0000125046
        0.0213371084  -0.0200968841  -0.0128486340   0.0367388351  -0.0422684701
       -0.0571777792  -0.0031201678   0.0038747578   0.0014811257   0.0005891241
       -0.0010166755   0.0003615367  -0.0001508015  -0.0001174958  -0.0001576263
       -0.0002007186   0.0004401768  -0.0004116693  -0.0001122934  -0.0000801149
        0.0001491997   0.0000358703  -0.0000316428   0.0000531668   0.0002595904
       -0.0005021214   0.0007819383   0.0022882196  -0.0001263924  -0.0067439915
        0.0000490002  -0.0003209396   0.0006061454  -0.0123177456   0.0111831372
        0.0040200491  -0.0457416799   0.0473922767   0.0693945868   0.0006478506
        0.0010053876   0.0004290204  -0.0003041921   0.0005885330   0.0001963330
        0.0000370883   0.0000439282  -0.0000377842  -0.0000122677  -0.0000520582
       -0.0000788517   0.0000583669   0.0000164645  -0.0000279756   0.0000237683
        0.0000069724  -0.0000232891  -0.0001049557   0.0000611608   0.0000344988
        0.0005252183  -0.0005838603  -0.0004341219   0.0068062204  -0.0069672106
       -0.0024186783  -0.1331767288   0.1053804176   0.0419327343  -0.0209194876
        0.0205467106   0.0070210921   0.0029531105   0.0003215923   0.0018184520
       -0.0074030090   0.0001478936  -0.0034959790  -0.0007633361   0.0012525882
        0.0003175721  -0.0005201536   0.0000490539  -0.0001884538  -0.0002531130
        0.0001956380  -0.0000879036   0.0000558324   0.0001057034   0.0000683756
       -0.0000766953  -0.0000535724  -0.0000438364   0.0004905423  -0.0003426039
       -0.0001077019  -0.0000803482  -0.0023425607   0.0006478506   0.1560676087
       -0.1230225145  -0.0490531222  -0.0037787658   0.0052918129   0.0039798317
        0.0000606296   0.0000257489   0.0000352623   0.0000164186   0.0000142714
        0.0000245885   0.0000658042  -0.0000384251  -0.0000524251  -0.0000935618
        0.0000984960   0.0000256889   0.0000238143  -0.0000791796   0.0000107739
        0.0005476528   0.0011706584  -0.0007130488   0.0147487152  -0.0253265622
       -0.0064704930   0.1083735483  -0.1673543601  -0.0512083210   0.0016701698
        0.0004751078   0.0005758347  -0.0007653728   0.0003278386   0.0006348321
        0.0005258765   0.0004120915  -0.0003252761  -0.0003923427   0.0000761767
       -0.0003431548   0.0000293688   0.0000496346   0.0000426425   0.0000661175
       -0.0001095199   0.0000110766  -0.0005443872   0.0000581205   0.0005975452
        0.0000955422   0.0003952762  -0.0002278549   0.0003591399   0.0004087212
       -0.0001923925  -0.0025174702  -0.0059291137   0.0010053876  -0.1230225145
        0.1948902942   0.0582182348   0.0009229026   0.0004637480  -0.0015776395
        0.0000135017   0.0000134948  -0.0000195165  -0.0000343998  -0.0000304942
        0.0000070972  -0.0000337124  -0.0000053802   0.0000049059   0.0000025821
        0.0000102688   0.0000064419  -0.0000449178   0.0000039990  -0.0000263012
       -0.0006342625   0.0009075136   0.0007684105  -0.0028490771   0.0031339512
        0.0018667167   0.0442406029  -0.0518937746  -0.0655475504  -0.0085215754
        0.0091735117   0.0039802271   0.0010460135   0.0012393991   0.0005549728
       -0.0037827101  -0.0000438551  -0.0006074335  -0.0008968089   0.0004030741
        0.0002978835  -0.0002225904   0.0000358575  -0.0000705112  -0.0001088408
        0.0000267372  -0.0000988997   0.0003202894   0.0001352906  -0.0000156058
        0.0000141993  -0.0001024084  -0.0001029862  -0.0001098209  -0.0004069803
       -0.0001003358   0.0000573240   0.0011422973   0.0004290204  -0.0490531222
        0.0582182348   0.0708467775   0.0204227921  -0.0220252552  -0.0122693377
        0.0000266864   0.0000231657  -0.0000124768   0.0000911721   0.0000049043
        0.0000817744  -0.0000172160  -0.0000086709  -0.0000146273  -0.0000288363
        0.0000466416   0.0000220674   0.0000057810  -0.0000096345  -0.0000080857
       -0.0005014244  -0.0028171596   0.0006071673  -0.0018916813  -0.0031960165
        0.0123818500  -0.0458784065   0.0026948439   0.0372964721   0.0040744962
        0.0023604054  -0.0263225870  -0.0046552815  -0.0032084258  -0.0012586514
       -0.0007797616  -0.0001852953   0.0007663182  -0.0006075032  -0.0004478229
        0.0002753256   0.0000342395   0.0000330086   0.0000490208  -0.0001327685
       -0.0000218408  -0.0000914595   0.0001335132  -0.0000324456  -0.0002189994
       -0.0001693032  -0.0003211953   0.0007740124  -0.0001127028   0.0000455221
        0.0005903850   0.0002904814   0.0003813201  -0.0003041921  -0.0037787658
        0.0009229026   0.0204227921   0.0539657961   0.0038672444  -0.0450295732
       -0.0001256658   0.0000135173  -0.0000600116   0.0001199441  -0.0000519609
        0.0000967341  -0.0000431541   0.0000305024   0.0000113045   0.0000423014
       -0.0000276389   0.0000079627   0.0000156470  -0.0000394653   0.0000061294
       -0.0023007005  -0.0045516197   0.0011927983  -0.0068206927  -0.0060373243
        0.0260847447   0.0026209262  -0.0371893243   0.0131305883  -0.0026793679
        0.0015153737  -0.0035754539  -0.0011378496  -0.0005520334   0.0005226402
        0.0015564363  -0.0007773188  -0.0006032580  -0.0000837008  -0.0000624243
        0.0000761630  -0.0000060538   0.0000015031  -0.0000069079  -0.0000071613
       -0.0000647131  -0.0002324481  -0.0000082717  -0.0001439322  -0.0000950307
       -0.0005501277  -0.0003174263   0.0014575192   0.0001753584   0.0006900690
        0.0003375992   0.0001375783   0.0003571072   0.0005885330   0.0052918129
        0.0004637480  -0.0220252552   0.0038672444   0.0467144929  -0.0168360119
       -0.0000817006  -0.0000024921  -0.0000401613   0.0000170787  -0.0000352646
        0.0000166164   0.0000331644   0.0000230852  -0.0000054097  -0.0000221269
       -0.0000048234  -0.0000170829  -0.0000018462  -0.0000266826   0.0000298175
        0.0009758199   0.0022842378   0.0003339813   0.0030771805   0.0036234972
       -0.0083384630   0.0412853289   0.0150151028  -0.2699605659  -0.0009130058
       -0.0003868533  -0.0205325901  -0.0034385352  -0.0015836485  -0.0006373533
       -0.0002436980  -0.0000500827   0.0009031817   0.0000622975  -0.0001834276
        0.0004600838   0.0001073973  -0.0000285975   0.0000706809   0.0001086116
       -0.0000941762   0.0003186129  -0.0002188650   0.0000763888   0.0001890966
        0.0001996246   0.0001678696  -0.0005358632   0.0000151543  -0.0003046929
        0.0005182320  -0.0002219040  -0.0000932233   0.0001963330   0.0039798317
       -0.0015776395  -0.0122693377  -0.0450295732  -0.0168360119   0.3091363953
       -0.0000006145   0.0000255283  -0.0000084594   0.0002179224  -0.0000535478
        0.0001294025  -0.0000347726   0.0000109983   0.0000603519   0.0000541458
       -0.0000295349  -0.0000008277   0.0000176536   0.0000178132  -0.0000328916
       -0.0000701729  -0.0000093632   0.0000103188   0.0000566897   0.0001459503
        0.0000683663   0.0001141360   0.0004680154  -0.0008452018   0.0001947944
       -0.0044261019  -0.0017519005   0.0012376182   0.0008813119   0.0013341469
       -0.0340627792  -0.0255074326  -0.0002157083  -0.0746682960  -0.0784296443
        0.0267808941   0.0057975423   0.0135348846  -0.0032558802   0.0000346874
       -0.0000074749  -0.0000643652   0.0000000394   0.0000043143  -0.0000113645
        0.0000111829   0.0000082205  -0.0000000801  -0.0000080469   0.0000903164
        0.0000223945   0.0000828777   0.0001492997   0.0000370883   0.0000606296
        0.0000135017   0.0000266864  -0.0001256658  -0.0000817006  -0.0000006145
        0.1026570559   0.0956613386  -0.0275306313  -0.0009314350  -0.0060831208
        0.0045621442   0.0003733652  -0.0000560162  -0.0004221841   0.0003310506
        0.0004127025   0.0000326723  -0.0010852737   0.0032309987   0.0012232189
        0.0000093332   0.0000292494  -0.0000108004  -0.0000136520   0.0000972043
       -0.0000501581  -0.0000117895  -0.0002266217   0.0000801933   0.0017053145
        0.0000336084  -0.0003050609  -0.0004315693   0.0001674606   0.0007373514
       -0.0111438540  -0.0013615547  -0.0040168897  -0.0789858037  -0.2069775291
        0.0559657895  -0.0067230353  -0.0252945711   0.0057132460   0.0000095788
       -0.0000436594  -0.0000277488  -0.0000183140   0.0000216181  -0.0000006951
        0.0000198825  -0.0000150818   0.0000084233  -0.0000408847  -0.0000197722
       -0.0000106805   0.0000510524   0.0000137566   0.0000439282   0.0000257489
        0.0000134948   0.0000231657   0.0000135173  -0.0000024921   0.0000255283
        0.0956613386   0.2403700784  -0.0608121091  -0.0024379543  -0.0035598750
        0.0040428661  -0.0006382662   0.0007732398   0.0003856092  -0.0002369236
        0.0003199985   0.0002309379   0.0031862804  -0.0043385519  -0.0020228963
       -0.0000196022   0.0000006695   0.0000062665  -0.0000450776   0.0000697235
        0.0000159959  -0.0000596390   0.0001267015  -0.0003340969   0.0001052991
        0.0008975337   0.0017880934  -0.0008044886  -0.0003935601  -0.0006700356
       -0.0127149036  -0.0132264749   0.0027368952   0.0298616853   0.0560012062
       -0.0625721144  -0.0031367509  -0.0079632281   0.0031875302  -0.0000674415
        0.0000254125  -0.0000179733   0.0000369108  -0.0000099224  -0.0000000099
       -0.0000081927  -0.0000156018   0.0000038122   0.0000028273  -0.0000017004
        0.0000176230   0.0000383438   0.0000032559  -0.0000377842   0.0000352623
       -0.0000195165  -0.0000124768  -0.0000600116  -0.0000401613  -0.0000084594
       -0.0275306313  -0.0608121091   0.0691692483   0.0142094256   0.0277962726
       -0.0141127216  -0.0002737996  -0.0007755775   0.0003623163  -0.0002879765
        0.0003089582   0.0000908107   0.0007187611  -0.0019718812   0.0003870805
       -0.0000938178   0.0000136075  -0.0000511975  -0.0001726034  -0.0000519459
       -0.0001025266  -0.0005805455  -0.0004919921   0.0005527223   0.0007604419
       -0.0012368784  -0.0026108666   0.0004808931   0.0001648444   0.0006355908
       -0.0114208425   0.0017125330  -0.0373354076  -0.0432518012  -0.0034727274
        0.0349700980  -0.0029002335   0.0022102711   0.0161980528  -0.0000977392
       -0.0000368479   0.0000158563   0.0000484003   0.0000003681   0.0000248528
        0.0000537092   0.0000191616   0.0000246776  -0.0000010906  -0.0000126386
        0.0000486923   0.0000504308   0.0001385526  -0.0000122677   0.0000164186
       -0.0000343998   0.0000911721   0.0001199441   0.0000170787   0.0002179224
       -0.0009314350  -0.0024379543   0.0142094256   0.0588720727   0.0007105000
       -0.0281630514  -0.0013971204   0.0034028509   0.0012808377   0.0000092438
        0.0000639591   0.0003671408   0.0004356744  -0.0006783427  -0.0003617243
        0.0000065827  -0.0000131390   0.0000081111   0.0000005391   0.0000611907
        0.0000084703  -0.0000303823   0.0000239802  -0.0002173225   0.0007137692
        0.0025099320   0.0021590551  -0.0010862403  -0.0006167249  -0.0009655933
       -0.0010129469   0.0004550621  -0.0040144391  -0.0010672855  -0.0434899146
        0.0060309554   0.0053296334  -0.0015709556  -0.0235995526  -0.0000511674
        0.0000905046   0.0000128234   0.0000558089  -0.0000186060   0.0000051461
       -0.0000288722  -0.0000262394  -0.0000056358   0.0000098458  -0.0000278479
        0.0000045250   0.0000087455  -0.0000311585  -0.0000520582   0.0000142714
       -0.0000304942   0.0000049043  -0.0000519609  -0.0000352646  -0.0000535478
       -0.0060831208  -0.0035598750   0.0277962726   0.0007105000   0.0488624622
       -0.0039013028   0.0029800923  -0.0036007041  -0.0024419153  -0.0003478354
        0.0003682220  -0.0000587769  -0.0000699767   0.0006495699  -0.0007201187
        0.0000485825  -0.0000019712   0.0000607580  -0.0000290391   0.0000599611
        0.0000160900  -0.0001699705  -0.0002677793   0.0001142658   0.0013630481
       -0.0026894068  -0.0008700758   0.0007927804   0.0013326992   0.0005800526
       -0.0165364063   0.0002616349  -0.0221041232   0.0329819186   0.0050898299
       -0.2576092409   0.0041280653  -0.0025536793  -0.0116560437  -0.0001350648
       -0.0000064223   0.0000466122   0.0000041776   0.0000069655   0.0000086985
        0.0000035523  -0.0000108469   0.0000081678   0.0000138059  -0.0000148574
       -0.0000175022   0.0000379953   0.0000842825  -0.0000788517   0.0000245885
        0.0000070972   0.0000817744   0.0000967341   0.0000166164   0.0001294025
        0.0045621442   0.0040428661  -0.0141127216  -0.0281630514  -0.0039013028
        0.3046199268   0.0014819723  -0.0022220469  -0.0000241040  -0.0000041159
        0.0003014585   0.0002837818  -0.0005017170   0.0004649017   0.0005231326
       -0.0000092330  -0.0000084813  -0.0000214262  -0.0000288755   0.0000089794
       -0.0000010974   0.0000733160   0.0000249241  -0.0000401020  -0.0002654716
        0.0008124989   0.0007191448  -0.0001411935  -0.0004748888  -0.0004084383
        0.0017966034  -0.0009593936  -0.0000905994  -0.0031244289   0.0023832125
        0.0177127022  -0.0442002364  -0.0018482582   0.0169725359   0.0000284863
        0.0000005297   0.0000075845   0.0000210418  -0.0000160848  -0.0000231462
        0.0000087137   0.0000092479  -0.0000062296   0.0000248396   0.0000005576
        0.0000049147  -0.0000456257  -0.0000599581   0.0000583669   0.0000658042
       -0.0000337124  -0.0000172160  -0.0000431541   0.0000331644  -0.0000347726
        0.0003733652  -0.0006382662  -0.0002737996  -0.0013971204   0.0029800923
        0.0014819723   0.0477583874  -0.0005308270  -0.0220658793   0.0003094629
        0.0009445611  -0.0302136616  -0.0012046814  -0.0026278973   0.0162391469
        0.0000217901   0.0000116331   0.0000222580  -0.0000264487   0.0000425735
        0.0000081663  -0.0000623950   0.0000164341   0.0000339013  -0.0000131304
       -0.0002175014  -0.0003855338   0.0000781613   0.0000490550   0.0001271833
       -0.0015961124   0.0007812269   0.0005367147   0.0040298854  -0.0017758255
       -0.0260701157  -0.0016906112  -0.0440686847   0.0091394236  -0.0000274569
       -0.0000303342  -0.0000162410  -0.0000051479  -0.0000007427  -0.0000132533
        0.0000028415  -0.0000043513   0.0000099307  -0.0000078089  -0.0000143755
       -0.0000043898   0.0000040229  -0.0000000608   0.0000164645  -0.0000384251
       -0.0000053802  -0.0000086709   0.0000305024   0.0000230852   0.0000109983
       -0.0000560162   0.0007732398  -0.0007755775   0.0034028509  -0.0036007041
       -0.0022220469  -0.0005308270   0.0500588110  -0.0067886939  -0.0004020447
        0.0008117820  -0.0015853006  -0.0031136301  -0.0028498802   0.0279647826
        0.0000000637   0.0000163081   0.0000309230   0.0000018568  -0.0000353646
        0.0000137384  -0.0000790146   0.0000603787   0.0000389000  -0.0003108351
        0.0002844407  -0.0002057647  -0.0000530062   0.0001441049   0.0001781011
        0.0000419360   0.0001469745   0.0007238419   0.0039394201  -0.0039379786
       -0.0137007193   0.0176984131   0.0076595353  -0.2885495751  -0.0000334949
       -0.0000001409  -0.0000275256  -0.0000072892  -0.0000055722   0.0000053879
       -0.0000069750   0.0000105239  -0.0000063037  -0.0000178340   0.0000166160
        0.0000124789   0.0000516504   0.0000443308  -0.0000279756  -0.0000524251
        0.0000049059  -0.0000146273   0.0000113045  -0.0000054097   0.0000603519
       -0.0004221841   0.0003856092   0.0003623163   0.0012808377  -0.0024419153
       -0.0000241040  -0.0220658793  -0.0067886939   0.3314696369  -0.0019208690
        0.0009668154  -0.0173075949   0.0019443242   0.0034745318  -0.0130314863
       -0.0000353346  -0.0000104696   0.0000118149   0.0000182376   0.0000132339
       -0.0000023915  -0.0002958899   0.0002368688   0.0001086203  -0.0005890824
       -0.0010892428  -0.0011750596   0.0002477736   0.0003833085   0.0004176926
       -0.0029795726   0.0046891883   0.0018068898  -0.0175571647   0.0011017978
       -0.0066522190  -0.2488280671  -0.0098455749  -0.0930201766   0.0000050923
        0.0000033902  -0.0000463577   0.0000052514   0.0000125732  -0.0000059563
        0.0000120923  -0.0000031434  -0.0000106221  -0.0000023791   0.0000088996
        0.0000089373   0.0000588697   0.0000533931   0.0000237683  -0.0000935618
        0.0000025821  -0.0000288363   0.0000423014  -0.0000221269   0.0000541458
        0.0003310506  -0.0002369236  -0.0002879765   0.0000092438  -0.0003478354
       -0.0000041159   0.0003094629  -0.0004020447  -0.0019208690   0.2865284198
        0.0095703819   0.1074476456  -0.0171867431  -0.0041182563  -0.0067249343
        0.0000183482   0.0000377369  -0.0000057795   0.0000026381  -0.0000029961
       -0.0000358479   0.0003274116  -0.0003125752  -0.0000896384   0.0014370809
        0.0002198940   0.0007630392  -0.0002647576   0.0000907485  -0.0000029008
        0.0044146965  -0.0041144355  -0.0013996900   0.0204297374  -0.0002737554
        0.0083581725  -0.0113173959  -0.0420757164  -0.0044055713  -0.0000118401
       -0.0000293722   0.0000064917  -0.0000146568   0.0000007423   0.0000091107
        0.0000074704   0.0000002733   0.0000055516  -0.0000147524   0.0000032572
        0.0000024617   0.0000319535  -0.0000446496   0.0000069724   0.0000984960
        0.0000102688   0.0000466416  -0.0000276389  -0.0000048234  -0.0000295349
        0.0004127025   0.0003199985   0.0003089582   0.0000639591   0.0003682220
        0.0003014585   0.0009445611   0.0008117820   0.0009668154   0.0095703819
        0.0478151612   0.0056295820  -0.0261083955  -0.0028197611  -0.0104362925
        0.0000167298   0.0000112030   0.0000083222   0.0000213501  -0.0000067044
        0.0000016111   0.0001162772  -0.0000809863  -0.0000559199   0.0006515084
       -0.0003628791   0.0001544898  -0.0000580636   0.0002629579   0.0001098782
        0.0015128831  -0.0012502138   0.0003649379   0.0066094875   0.0002453021
        0.0029764810  -0.0940126781  -0.0037697865  -0.0843956159  -0.0000179402
       -0.0000059603   0.0000021565  -0.0000070876   0.0000062803   0.0000089937
        0.0000003983  -0.0000037306   0.0000023038  -0.0000023696  -0.0000021538
       -0.0000074448   0.0000087403   0.0000201291  -0.0000232891   0.0000256889
        0.0000064419   0.0000220674   0.0000079627  -0.0000170829  -0.0000008277
        0.0000326723   0.0002309379   0.0000908107   0.0003671408  -0.0000587769
        0.0002837818  -0.0302136616  -0.0015853006  -0.0173075949   0.1074476456
        0.0056295820   0.0940282977   0.0074933156   0.0007307410   0.0037365605
       -0.0000118939  -0.0000165058   0.0000088038  -0.0000745575   0.0000611079
        0.0000364934   0.0000120284  -0.0000008437   0.0000182022  -0.0002961874
        0.0009713310   0.0004656458  -0.0001378863  -0.0003056814  -0.0003141024
        0.0019009361  -0.0010039191   0.0001569779   0.0066008210   0.0141959429
       -0.0040101854  -0.0955994521  -0.0971843822   0.0316515757  -0.0000120004
        0.0000526978   0.0000461089   0.0000404071  -0.0000321927  -0.0000109460
       -0.0000244387  -0.0000079621   0.0000054316   0.0000511180  -0.0000304580
        0.0000049160  -0.0000750006  -0.0000072442  -0.0001049557   0.0000238143
       -0.0000449178   0.0000057810   0.0000156470  -0.0000018462   0.0000176536
       -0.0010852737   0.0031862804   0.0007187611   0.0004356744  -0.0000699767
       -0.0005017170  -0.0012046814  -0.0031136301   0.0019443242  -0.0171867431
       -0.0261083955   0.0074933156   0.1066276686   0.1094605953  -0.0376320843
       -0.0000114730   0.0000603263   0.0000104433   0.0000201007   0.0000255799
       -0.0000104067  -0.0000573202   0.0000978362  -0.0000040264  -0.0003817262
       -0.0004910879  -0.0000507152   0.0000557631   0.0003637462   0.0002055718
       -0.0007504958   0.0015805173  -0.0002450121  -0.0082180217  -0.0281560197
        0.0052534138  -0.0958773041  -0.2171177625   0.0577415256   0.0000410704
       -0.0000570400  -0.0000684304  -0.0000368319   0.0000016511  -0.0000054700
       -0.0000046801   0.0000101110  -0.0000018861  -0.0000469707   0.0000254258
        0.0000017746   0.0001194367   0.0000630995   0.0000611608  -0.0000791796
        0.0000039990  -0.0000096345  -0.0000394653  -0.0000266826   0.0000178132
        0.0032309987  -0.0043385519  -0.0019718812  -0.0006783427   0.0006495699
        0.0004649017  -0.0026278973  -0.0028498802   0.0034745318  -0.0041182563
       -0.0028197611   0.0007307410   0.1094605953   0.2529749236  -0.0655944150
        0.0000330947  -0.0000040651   0.0000220144  -0.0000456214   0.0000562179
        0.0000382602  -0.0000013842   0.0000029722   0.0000067371  -0.0000766021
        0.0002097366   0.0001165416   0.0000031950  -0.0002094649  -0.0001916585
       -0.0002429726   0.0003355911  -0.0001355146  -0.0043922631  -0.0081675854
        0.0029985255   0.0320072222   0.0586499856  -0.0640484530   0.0000095955
       -0.0000350328  -0.0000087060   0.0000008481  -0.0000061546  -0.0000339764
        0.0000064200   0.0000029286   0.0000024143   0.0000133640  -0.0000172009
       -0.0000228452  -0.0000754224  -0.0000125046   0.0000344988   0.0000107739
       -0.0000263012  -0.0000080857   0.0000061294   0.0000298175  -0.0000328916
        0.0012232189  -0.0020228963   0.0003870805  -0.0003617243  -0.0007201187
        0.0005231326   0.0162391469   0.0279647826  -0.0130314863  -0.0067249343
       -0.0104362925   0.0037365605  -0.0376320843  -0.0655944150   0.0696478518
