           1           2   1.02142655971559     
           2           3  0.986761642210411     
           3           4  0.978579207698039     
           4           5   1.68932679151449     
           4           6   1.17166485547469     
           5           6  0.169959665259040     
           6           7  0.920165329833712     
           7           8   1.01960980712176     
           1           9  0.987317337900445     
           1          10  0.986735543645271     
           1          11  0.985702272927580     
           2          12  0.975430644773171     
           2          13  0.976308413504590     
           3          14  0.972768056887171     
           3          15  0.949155928781986     
           7          16  0.968794430895275     
           7          17  0.969165481376136     
           8          18  0.983430519560945     
           8          19  0.980190580095294     
           8          20  0.983695870026209     
