           1           2   1.02028895879407     
           2           3   1.00794579552665     
           3           4   1.00500265584330     
           4           5   1.02235924541442     
           1           6  0.987106895927498     
           1           7  0.985096758364607     
           1           8  0.987390116107794     
           2           9  0.974902500985922     
           2          10  0.978192543194343     
           3          11  0.976158609802534     
           3          12  0.976240977472833     
           4          13  0.967030693884239     
           4          14  0.976447310167359     
           5          15  0.959745938837687     
           5          16  0.961447240543212     
