           1           2   1.01957427151999     
           2           3   1.00879544750732     
           3           4   1.00477618722559     
           4           5   1.02386867538293     
           1           6  0.987170159036411     
           1           7  0.987745506301648     
           1           8  0.987775544583313     
           2           9  0.978404071946567     
           2          10  0.976448476762706     
           3          11  0.975896869399949     
           3          12  0.976886252170741     
           4          13  0.975485218447534     
           4          14  0.969564108438691     
           5          15  0.961176782189937     
           5          16  0.961595537440190     
