           1           2   1.01870834761421     
           2           3   1.00906431313426     
           3           4   1.00758122242720     
           4           5   1.01796632759875     
           5           6  0.918100843969847     
           1           7  0.987500498672181     
           1           8  0.987605942845754     
           1           9  0.987792660760275     
           2          10  0.977182347638248     
           2          11  0.978279488284903     
           3          12  0.976333171244430     
           3          13  0.975297706199776     
           4          14  0.965121001963888     
           4          15  0.972387036902292     
           5          16  0.977966953318937     
           5          17  0.975725998676634     
