           1           2   1.02065088552149     
           2           3   1.00958733247086     
           3           4  0.992361924067571     
           4           5  0.983151970130254     
           5           6   1.68382574086080     
           5           7   1.16325278090044     
           6           7  0.166259738306696     
           7           8  0.941844743329001     
           1           9  0.982797384027946     
           1          10  0.986127305435118     
           1          11  0.987254875011935     
           2          12  0.975795206208466     
           2          13  0.977113286349862     
           3          14  0.975313693284323     
           3          15  0.973859173594708     
           4          16  0.970206508990283     
           4          17  0.940621853221815     
           8          18  0.975940698673402     
           8          19  0.976898002264586     
           8          20  0.976819169552403     
