$hessian                                                                        
        0.5233502365  -0.0031678572   0.0031223668  -0.0661466039  -0.0077054897
        0.0018713550  -0.0063830333  -0.0254967580  -0.0029918693   0.0003492203
       -0.0012426924  -0.0007624430  -0.0002000882  -0.0002719491   0.0003347277
       -0.0000003071  -0.0001742811   0.0000877233   0.0005806208  -0.0000673955
       -0.0001109623   0.0000222940   0.0001352211   0.0000498923  -0.2207959573
       -0.0518234975  -0.0937264111  -0.1841817790   0.0708186142   0.0918331147
       -0.0446788763   0.0004589274   0.0002901350   0.0007122172   0.0232099579
        0.0011176301   0.0008183863  -0.0015376168   0.0003528017   0.0007450082
       -0.0002632506   0.0008400039  -0.0040228697  -0.0026759304  -0.0022862824
       -0.0000264618  -0.0000339731  -0.0000087685  -0.0000771159  -0.0000702003
        0.0000030020  -0.0000626055  -0.0000344320  -0.0000003047   0.0000038555
       -0.0000261444  -0.0000213829  -0.0000061407  -0.0000312525   0.0000056720
       -0.0031678572   0.4590132872  -0.0017481066  -0.0076867725  -0.2035497536
       -0.0003099604  -0.0079550607  -0.0144246768  -0.0034668914   0.0007965816
        0.0002275476   0.0006518456  -0.0000879909   0.0000389130  -0.0002507396
       -0.0003047578   0.0002330820  -0.0002812413   0.0001270445  -0.0001963159
       -0.0000465752  -0.0000112980  -0.0000763957   0.0000054372  -0.0523378295
       -0.0569746675  -0.0279223500   0.0711613214  -0.0781169191  -0.0466174449
        0.0003256407  -0.0721557918   0.0793686999   0.0015236050  -0.0181915521
       -0.0020689751  -0.0016112374  -0.0168628867   0.0030117080   0.0008845332
        0.0009877832   0.0004456637  -0.0016726578  -0.0000836853  -0.0007692239
       -0.0000345981   0.0000296169   0.0000070325   0.0000368700   0.0000383250
       -0.0000022367  -0.0000109032   0.0000084876  -0.0000003321   0.0000133441
        0.0000457558  -0.0000171173   0.0000120224   0.0000098462   0.0000108077
        0.0031223668  -0.0017481066   0.5241895100   0.0022473919  -0.0004550753
       -0.0677639794  -0.0040641018  -0.0133587349  -0.0011213622   0.0008988244
        0.0005150555  -0.0012464443   0.0001335538  -0.0002383132   0.0010850185
       -0.0001185747  -0.0001271873   0.0002607460   0.0002316251  -0.0000917928
       -0.0001822180  -0.0000561608   0.0000043066  -0.0000339081  -0.0936568059
       -0.0275756245  -0.0943791210   0.0915949366  -0.0462542208  -0.1061673880
        0.0001814294   0.0790417063  -0.2535910954   0.0003755966  -0.0156153053
       -0.0000829463   0.0018040022   0.0286405221  -0.0012630775   0.0000074292
       -0.0012294505   0.0008548456  -0.0027419965  -0.0015391040  -0.0006105296
        0.0000145985  -0.0000052385   0.0000309987   0.0000222931   0.0000522065
       -0.0000032360  -0.0000168209  -0.0000093631   0.0000123318   0.0000016394
       -0.0000118054   0.0000010789   0.0000187737   0.0000055254   0.0000107762
       -0.0661466039  -0.0076867725   0.0022473919   0.4883509092  -0.0241978609
       -0.0357627273  -0.1474601532  -0.0333121392  -0.0526723327  -0.0337989937
       -0.0039960553  -0.0012900274   0.0013068107   0.0018365126  -0.0046358805
       -0.0027010281   0.0003588453   0.0023588132  -0.0008552397   0.0014899369
       -0.0001069445   0.0002930680  -0.0000943467  -0.0001004965  -0.0040188512
       -0.0260923655  -0.0014640319   0.0008520503   0.0244016858   0.0011607675
        0.0001975738  -0.0010030880   0.0000813370  -0.1848350145   0.0720809033
        0.0908092416  -0.0436609915  -0.0004117850   0.0070353498  -0.0036182284
       -0.0001789144  -0.0047081168  -0.0035608771  -0.0034317094  -0.0030086267
       -0.0002941856   0.0001013900   0.0001606843  -0.0000768748   0.0000374540
       -0.0001084720   0.0000423711   0.0000308821  -0.0000230369  -0.0000129334
        0.0000426658  -0.0000444529  -0.0000028081   0.0000247609   0.0000715610
       -0.0077054897  -0.2035497536  -0.0004550753  -0.0241978609   0.4711382414
       -0.0114995524  -0.0271172895  -0.0677028954  -0.0139725463   0.0054478775
        0.0032401704   0.0032683110  -0.0003410558   0.0000064368   0.0007517909
        0.0011430600  -0.0009717902  -0.0011015055   0.0005922791  -0.0009262090
       -0.0001050680  -0.0000625799  -0.0000828020   0.0000227728  -0.0031348689
       -0.0115152177  -0.0011762088   0.0019722965  -0.0186594394  -0.0027228618
       -0.0013688370  -0.0167541532   0.0041415938   0.0722547626  -0.0764946035
       -0.0430016301  -0.0007439838  -0.0693737843   0.0749112521   0.0083360387
        0.0030762644   0.0048988665  -0.0252153041  -0.0114776172  -0.0139356781
        0.0001304079  -0.0000422005  -0.0000230479   0.0000343411   0.0000422263
       -0.0000053103  -0.0000181329  -0.0000073571   0.0000006816  -0.0000102183
        0.0000416666  -0.0000052207   0.0000045574   0.0000128172   0.0000084365
        0.0018713550  -0.0003099604  -0.0677639794  -0.0357627273  -0.0114995524
        0.5228597244  -0.0445311780  -0.0138552928  -0.0962590148   0.0037050485
        0.0080422887   0.0100625784   0.0013098325  -0.0007837684  -0.0018946607
        0.0038798964  -0.0029206591   0.0005632545   0.0000065640  -0.0007074838
        0.0002820656   0.0000536223  -0.0000462870  -0.0000653444  -0.0022941350
       -0.0137393300  -0.0004476757  -0.0002615592  -0.0166011491  -0.0003777664
        0.0019202564   0.0296723634  -0.0017606718   0.0900610913  -0.0430164004
       -0.0999246781   0.0080404694   0.0743094052  -0.2481984780  -0.0238449680
       -0.0059130243  -0.0156893659  -0.0042805409  -0.0025493529  -0.0013314831
        0.0002196734  -0.0001400575  -0.0001065216  -0.0000608154   0.0000217841
        0.0000158869   0.0000300367  -0.0000158279  -0.0000051253  -0.0000545556
        0.0000213677   0.0000140814  -0.0000073665   0.0000309366   0.0000271740
       -0.0063830333  -0.0079550607  -0.0040641018  -0.1474601532  -0.0271172895
       -0.0445311780   0.4327591153  -0.0119899598   0.0069675049  -0.1272160198
        0.0162460703   0.0488502901  -0.0042514151   0.0043541907   0.0175904168
       -0.0427555487   0.0240391437   0.0047846687   0.0019519671   0.0034256511
       -0.0025384953  -0.0001871106  -0.0001381393  -0.0000015951   0.0007156308
       -0.0015533968  -0.0001718285   0.0009259710   0.0004492654   0.0002256387
        0.0004321318   0.0007221759   0.0001446066  -0.0273484584  -0.0060140335
       -0.0122189880  -0.0036022078  -0.0002866100  -0.0053328481  -0.0427553279
        0.0054199558  -0.0122597984  -0.0332045712  -0.0001967939   0.0016470485
       -0.0014074642   0.0005938549   0.0007474971  -0.0002528481  -0.0000204039
        0.0001204218  -0.0001398304  -0.0000733027   0.0000339166   0.0000895864
        0.0000702201  -0.0000079294   0.0000895861   0.0000244623   0.0000147529
       -0.0254967580  -0.0144246768  -0.0133587349  -0.0333121392  -0.0677028954
       -0.0138552928  -0.0119899598   0.5022564388  -0.0389127934   0.0183565053
       -0.0754314543  -0.0180352157  -0.0010637018   0.0138565849   0.0053462006
        0.0271724527  -0.0052258549  -0.0017517267   0.0024221892   0.0046006505
        0.0031193570   0.0014678430  -0.0004845739  -0.0006719595  -0.0016805170
       -0.0063410354  -0.0008035500  -0.0005746133   0.0012934359   0.0000569107
       -0.0004860836   0.0009023475  -0.0010438484   0.0064320938   0.0023508869
        0.0034262346   0.0072771984   0.0028105963   0.0042838656   0.0069655346
       -0.0843166962   0.0898958277   0.0046349338  -0.2747651515  -0.0177396848
       -0.0000430479   0.0000984984   0.0000140453  -0.0004945406   0.0003208334
        0.0000697340   0.0003995314   0.0003899912  -0.0000324312  -0.0000022255
       -0.0001063945  -0.0000347923   0.0000153046  -0.0000815311   0.0000278543
       -0.0029918693  -0.0034668914  -0.0011213622  -0.0526723327  -0.0139725463
       -0.0962590148   0.0069675049  -0.0389127934   0.5179630931   0.0499600302
       -0.0176158262  -0.0962728926   0.0375589086  -0.0054577085  -0.0422729906
       -0.0092805482   0.0040685239   0.0092693497  -0.0013258666   0.0032463687
       -0.0007775917   0.0002305821   0.0000097716  -0.0001370881   0.0001682603
       -0.0001110538   0.0006367339  -0.0002430303   0.0002248634   0.0001571145
        0.0010091893   0.0006789108   0.0010126537   0.0105172890   0.0026732964
        0.0058041918  -0.0263525429  -0.0072971880  -0.0181639124  -0.0147231319
        0.0910178679  -0.2372636227   0.0022257098  -0.0156239718  -0.0428261035
       -0.0008127106   0.0003428414   0.0003993304  -0.0002550656   0.0003278586
       -0.0001533774  -0.0000237082  -0.0000011595   0.0000113433  -0.0000227141
       -0.0001065517  -0.0001095902   0.0000660463  -0.0000246121   0.0001037358
        0.0003492203   0.0007965816   0.0008988244  -0.0337989937   0.0054478775
        0.0037050485  -0.1272160198   0.0183565053   0.0499600302   0.4381376597
       -0.0931383466  -0.0992898994  -0.0880038196  -0.0147823067   0.1048180102
       -0.1465155183   0.0565602652  -0.0511922258  -0.0384230623   0.0237722892
       -0.0085047085   0.0014142108   0.0013459167  -0.0010588862   0.0003140598
        0.0005061734   0.0002028587   0.0004188671  -0.0008943297   0.0000032477
        0.0000203840  -0.0002500376  -0.0003136704  -0.0031776544  -0.0015030956
       -0.0015669337  -0.0004292704   0.0000752189   0.0003981055   0.0020741399
       -0.0002760272   0.0014193520  -0.0016436390   0.0041970006   0.0005072424
       -0.0036397949   0.0010268449   0.0012450919   0.0007716138  -0.0001915983
       -0.0014977705   0.0004173498  -0.0005540238  -0.0001533626  -0.0004298651
       -0.0004693958   0.0004835884  -0.0006398679  -0.0000255119  -0.0000639429
       -0.0012426924   0.0002275476   0.0005150555  -0.0039960553   0.0032401704
        0.0080422887   0.0162460703  -0.0754314543  -0.0176158262  -0.0931383466
        0.2659800564  -0.1125505111  -0.0097025510  -0.0802595110   0.0858184841
        0.0570244053  -0.0903910940   0.0456711701   0.0209481610  -0.0124994216
       -0.0011083570  -0.0024696767   0.0007707181   0.0009850604   0.0001227427
       -0.0005275421  -0.0001087083   0.0000939867  -0.0004151250  -0.0009704670
       -0.0001977943  -0.0002113862   0.0004563488  -0.0026199583   0.0000883799
       -0.0011546278   0.0014503979   0.0004146275   0.0006841451  -0.0101996321
        0.0027558644   0.0076683605   0.0246805616  -0.0130379230  -0.0175583665
        0.0037846812  -0.0012464018  -0.0000254201   0.0004955805   0.0015216548
        0.0012427573  -0.0007706688  -0.0004275142   0.0001458893  -0.0004659877
       -0.0004204111   0.0002692645  -0.0000432239  -0.0001312349  -0.0004065404
       -0.0007624430   0.0006518456  -0.0012464443  -0.0012900274   0.0032683110
        0.0100625784   0.0488502901  -0.0180352157  -0.0962728926  -0.0992898994
       -0.1125505111   0.8391804223   0.0867020573   0.0914928811  -0.6043351818
       -0.0585576828   0.0492870968  -0.1391606893  -0.0050372627   0.0008879374
        0.0189727133   0.0024078759  -0.0010240381  -0.0025033193  -0.0004808305
       -0.0007337892  -0.0001154962   0.0000990547  -0.0010679647   0.0009405461
        0.0005194105   0.0002575974  -0.0006491698  -0.0038278136  -0.0008527995
       -0.0014885911  -0.0022488600   0.0010014089  -0.0005605510   0.0197643703
       -0.0049698614  -0.0192853372   0.0058372924  -0.0038957613  -0.0008321170
        0.0033899120  -0.0020079168  -0.0028138037   0.0023215107  -0.0032351637
       -0.0000630824   0.0014380613   0.0005851646  -0.0000707425   0.0008136517
        0.0009533350   0.0006756942  -0.0006486673  -0.0000125562  -0.0004345360
       -0.0002000882  -0.0000879909   0.0001335538   0.0013068107  -0.0003410558
        0.0013098325  -0.0042514151  -0.0010637018   0.0375589086  -0.0880038196
       -0.0097025510   0.0867020573   0.0910523399  -0.0091499378  -0.0876476214
        0.0047890710   0.0194352983  -0.0388574434   0.0006864374  -0.0004252628
       -0.0038379841  -0.0007068856  -0.0003820253  -0.0000182529  -0.0000275777
        0.0000189953  -0.0000615930  -0.0002657553   0.0001229940  -0.0000385780
        0.0000166419   0.0000794244   0.0001737757   0.0002636392   0.0000624727
        0.0000654297   0.0007152679  -0.0001410759   0.0002990585  -0.0053066170
        0.0020930976   0.0047012893  -0.0009089398  -0.0002501413   0.0010959687
        0.0005879937  -0.0006507365  -0.0009934602  -0.0002367777  -0.0005295399
       -0.0006846466   0.0001247359   0.0001742915   0.0001040732   0.0001787226
        0.0006073102   0.0000656546   0.0001862158   0.0001301350  -0.0000700224
       -0.0002719491   0.0000389130  -0.0002383132   0.0018365126   0.0000064368
       -0.0007837684   0.0043541907   0.0138565849  -0.0054577085  -0.0147823067
       -0.0802595110   0.0914928811  -0.0091499378   0.0655041606  -0.1359951057
        0.0208101297   0.0021054842   0.0485355745  -0.0022283992  -0.0024716740
        0.0013766945  -0.0004947986   0.0001982120   0.0002863288   0.0000162419
       -0.0000359169  -0.0000431271  -0.0002171335   0.0000947776   0.0001073734
        0.0000195789   0.0000212977   0.0000779426   0.0002838586   0.0000143779
        0.0002605189  -0.0004024216  -0.0005537753  -0.0003630456   0.0021477452
        0.0008247152  -0.0010060428  -0.0012693607   0.0010144563   0.0018916400
       -0.0003960668   0.0004444063   0.0000205512  -0.0004335548  -0.0009656661
       -0.0000125333  -0.0001209591  -0.0000660793  -0.0000473720   0.0003132737
        0.0002006817  -0.0001494744  -0.0000146435   0.0000281185   0.0000469861
        0.0003347277  -0.0002507396   0.0010850185  -0.0046358805   0.0007517909
       -0.0018946607   0.0175904168   0.0053462006  -0.0422729906   0.1048180102
        0.0858184841  -0.6043351818  -0.0876476214  -0.1359951057   0.7382043240
       -0.0367140418   0.0483226789  -0.0907122225   0.0018566427  -0.0042094137
       -0.0001279099  -0.0009293964   0.0004323795   0.0018630433   0.0001414597
        0.0003716175   0.0001309226   0.0000287308   0.0009448498  -0.0003694000
       -0.0002459291  -0.0002177286   0.0000719489   0.0004043874   0.0000004159
        0.0005948535   0.0005556473  -0.0005379424   0.0010562526   0.0068402529
       -0.0021653187  -0.0047967385  -0.0013448624   0.0008668094  -0.0007547890
        0.0002201011  -0.0002038354   0.0012833599  -0.0004905409   0.0012849706
        0.0010638024  -0.0006023793  -0.0002259876   0.0000193132  -0.0006175375
       -0.0005837465  -0.0002900245   0.0004378127   0.0002496211   0.0001810786
       -0.0000003071  -0.0003047578  -0.0001185747  -0.0027010281   0.0011430600
        0.0038798964  -0.0427555487   0.0271724527  -0.0092805482  -0.1465155183
        0.0570244053  -0.0585576828   0.0047890710   0.0208101297  -0.0367140418
        0.3852786362  -0.1456135206   0.0100730250  -0.1219953832   0.0211011283
        0.0548326894  -0.0416026178   0.0025049122   0.0163495587   0.0000525590
       -0.0000387805  -0.0001297346  -0.0000199262  -0.0000347563  -0.0003166364
        0.0000185216   0.0000078344   0.0003376169  -0.0019369162  -0.0002308103
       -0.0004358167   0.0008082568   0.0003247030  -0.0000837806   0.0002404599
       -0.0006807863  -0.0006324890  -0.0031745164   0.0019417563   0.0017076827
       -0.0205864965   0.0128344074   0.0061657239  -0.0079487055   0.0055829141
        0.0134478841  -0.0062537138  -0.0057871160   0.0001077519   0.0019509146
        0.0008452141  -0.0003861343   0.0023522589   0.0013976103  -0.0002463900
       -0.0001742811   0.0002330820  -0.0001271873   0.0003588453  -0.0009717902
       -0.0029206591   0.0240391437  -0.0052258549   0.0040685239   0.0565602652
       -0.0903910940   0.0492870968   0.0194352983   0.0021054842   0.0483226789
       -0.1456135206   0.1615245592  -0.0728651882   0.0250011787  -0.0623547892
       -0.0135775954  -0.0157734472   0.0096516903   0.0064046226  -0.0001793289
        0.0001557919   0.0000425486  -0.0000197934  -0.0000004476   0.0006363521
        0.0002912234   0.0000868893  -0.0003835872   0.0011231188   0.0001439422
        0.0004342405  -0.0006235835  -0.0000956010  -0.0000305600  -0.0001548682
       -0.0004068238  -0.0002513998   0.0004314274  -0.0004074240  -0.0007305543
        0.0252946638  -0.0103302199  -0.0102902057   0.0126637728  -0.0042124770
       -0.0092478469  -0.0037504329  -0.0021881869   0.0003232299   0.0003100094
        0.0016112056   0.0000222564   0.0007803092   0.0010720636   0.0008832342
        0.0000877233  -0.0002812413   0.0002607460   0.0023588132  -0.0011015055
        0.0005632545   0.0047846687  -0.0017517267   0.0092693497  -0.0511922258
        0.0456711701  -0.1391606893  -0.0388574434   0.0485355745  -0.0907122225
        0.0100730250  -0.0728651882   0.3409888924   0.0443696171  -0.0107913783
       -0.1088762373   0.0071796772   0.0019268276   0.0021445439   0.0001807946
       -0.0000268510  -0.0001137494  -0.0001546306   0.0000694116  -0.0003890132
       -0.0001641241  -0.0000404997   0.0001926184   0.0002268152   0.0002507080
        0.0001748564   0.0004994130   0.0000474767  -0.0001161008   0.0002709373
       -0.0010322609   0.0006805738   0.0006543344  -0.0007452206  -0.0005126138
       -0.0122254526   0.0045992151   0.0072679657   0.0327781621  -0.0130479561
       -0.0222507254  -0.0000829665   0.0007881828   0.0006897126  -0.0003110406
       -0.0004676084  -0.0005079722  -0.0004760978   0.0002628705   0.0004068107
        0.0005806208   0.0001270445   0.0002316251  -0.0008552397   0.0005922791
        0.0000065640   0.0019519671   0.0024221892  -0.0013258666  -0.0384230623
        0.0209481610  -0.0050372627   0.0006864374  -0.0022283992   0.0018566427
       -0.1219953832   0.0250011787   0.0443696171   0.3952093603  -0.0010525912
        0.0542083335  -0.1122696020  -0.0669833923  -0.0098167368   0.0000904684
       -0.0000111114   0.0000809469  -0.0002611351  -0.0001259783  -0.0002129643
       -0.0001822654  -0.0000206505  -0.0000193090  -0.0001252322  -0.0001613104
       -0.0002742497  -0.0001343755  -0.0000318958   0.0001966025  -0.0001290615
        0.0002086001  -0.0005319509  -0.0015548735   0.0001840519   0.0003935453
       -0.0538249004   0.0508441772  -0.0407046120  -0.0471475596  -0.0101784431
       -0.0426460419  -0.0202848991  -0.0166247573   0.0004788813   0.0045969735
        0.0031619249   0.0019329409  -0.0059282379  -0.0060710770  -0.0031867055
       -0.0000673955  -0.0001963159  -0.0000917928   0.0014899369  -0.0009262090
       -0.0007074838   0.0034256511   0.0046006505   0.0032463687   0.0237722892
       -0.0124994216   0.0008879374  -0.0004252628  -0.0024716740  -0.0042094137
        0.0211011283  -0.0623547892  -0.0107913783  -0.0010525912   0.4873041240
       -0.0332173752  -0.0647322606  -0.1449652039  -0.0052174692  -0.0000183691
       -0.0000348245  -0.0000340623  -0.0001222114  -0.0000078697  -0.0000766275
       -0.0000020721  -0.0000030306   0.0000754380   0.0004360409   0.0001597808
        0.0002522925   0.0000068347   0.0000514855  -0.0001056746  -0.0000573965
        0.0001617981   0.0001546431  -0.0005757006   0.0002893350   0.0003573194
        0.0493603160  -0.1846691412   0.1042854119  -0.0106768099  -0.0564175383
       -0.0529535741   0.0057427515   0.0057842315   0.0002657992  -0.0180644692
       -0.0241698893   0.0016076187  -0.0095404099  -0.0096354984  -0.0037279777
       -0.0001109623  -0.0000465752  -0.0001822180  -0.0001069445  -0.0001050680
        0.0002820656  -0.0025384953   0.0031193570  -0.0007775917  -0.0085047085
       -0.0011083570   0.0189727133  -0.0038379841   0.0013766945  -0.0001279099
        0.0548326894  -0.0135775954  -0.1088762373   0.0542083335  -0.0332173752
        0.5199709977  -0.0100565364  -0.0059075542  -0.0674731685  -0.0000231675
       -0.0000139520  -0.0000159627  -0.0000621135  -0.0000609937   0.0000688885
        0.0000723551  -0.0000372326   0.0000628825  -0.0001463772   0.0000056782
        0.0000393141   0.0000997751   0.0001053531  -0.0000435882   0.0002342316
       -0.0000937281   0.0002057669  -0.0003599111   0.0003683332   0.0004252591
       -0.0367452134   0.1018632866  -0.1167238641  -0.0453781700  -0.0498571481
       -0.2432375781   0.0076942888   0.0066830019   0.0000070684   0.0112689060
        0.0136497203   0.0007052721  -0.0205399958  -0.0231458450  -0.0032821098
        0.0000222940  -0.0000112980  -0.0000561608   0.0002930680  -0.0000625799
        0.0000536223  -0.0001871106   0.0014678430   0.0002305821   0.0014142108
       -0.0024696767   0.0024078759  -0.0007068856  -0.0004947986  -0.0009293964
       -0.0416026178  -0.0157734472   0.0071796772  -0.1122696020  -0.0647322606
       -0.0100565364   0.4971360981  -0.0389446727  -0.0050557528  -0.0000742382
       -0.0000242151  -0.0000167854   0.0000033991   0.0000543230   0.0000490755
        0.0000218472   0.0000267843  -0.0000078733  -0.0000693867  -0.0000003009
        0.0000004974  -0.0000101601  -0.0000130718  -0.0000162352   0.0000398313
        0.0000602213  -0.0001818185  -0.0002815239   0.0000828588   0.0001082699
        0.0038650719   0.0021495610   0.0010078407  -0.0059814581  -0.0081692461
       -0.0031114552  -0.2274629045   0.0754052523   0.0788828763  -0.0676831210
        0.0590002382  -0.0421499974  -0.0464668119  -0.0075515142  -0.0283383059
        0.0001352211  -0.0000763957   0.0000043066  -0.0000943467  -0.0000828020
       -0.0000462870  -0.0001381393  -0.0004845739   0.0000097716   0.0013459167
        0.0007707181  -0.0010240381  -0.0003820253   0.0001982120   0.0004323795
        0.0025049122   0.0096516903   0.0019268276  -0.0669833923  -0.1449652039
       -0.0059075542  -0.0389446727   0.4869555556   0.0014103418  -0.0000281110
        0.0000404739   0.0000115860  -0.0000187263   0.0000407955   0.0000438728
       -0.0000007201   0.0000252994  -0.0000290263  -0.0000108163   0.0000401107
        0.0000011837  -0.0000091485   0.0000199353  -0.0000030807  -0.0000007421
       -0.0000206769  -0.0000270600   0.0000819784   0.0000019702  -0.0000298632
       -0.0163414913  -0.0219158638   0.0008336413  -0.0087042334  -0.0084749531
       -0.0028047103   0.0742884319  -0.0711421801  -0.0311637938   0.0602706988
       -0.1866822501   0.1032690325  -0.0069705937  -0.0638998617  -0.0669075298
        0.0000498923   0.0000054372  -0.0000339081  -0.0001004965   0.0000227728
       -0.0000653444  -0.0000015951  -0.0006719595  -0.0001370881  -0.0010588862
        0.0009850604  -0.0025033193  -0.0000182529   0.0002863288   0.0018630433
        0.0163495587   0.0064046226   0.0021445439  -0.0098167368  -0.0052174692
       -0.0674731685  -0.0050557528   0.0014103418   0.5285294024   0.0000028207
        0.0000162157   0.0000215011   0.0000145767   0.0000014863  -0.0000019584
       -0.0000210833  -0.0000076639   0.0000158377   0.0000013670   0.0000137524
        0.0000092110   0.0000068877  -0.0000174832   0.0000262253  -0.0000269510
        0.0000130843   0.0000966168   0.0000774723  -0.0000201431   0.0000052472
        0.0096617502   0.0134237510   0.0009055814  -0.0188060770  -0.0215926114
       -0.0032769516   0.0784203347  -0.0315093927  -0.0760379543  -0.0420767284
        0.1022000737  -0.1195384846  -0.0276021003  -0.0657462042  -0.2645490329
       -0.2207959573  -0.0523378295  -0.0936568059  -0.0040188512  -0.0031348689
       -0.0022941350   0.0007156308  -0.0016805170   0.0001682603   0.0003140598
        0.0001227427  -0.0004808305  -0.0000275777   0.0000162419   0.0001414597
        0.0000525590  -0.0001793289   0.0001807946   0.0000904684  -0.0000183691
       -0.0000231675  -0.0000742382  -0.0000281110   0.0000028207   0.2540196473
        0.0615890794   0.1094218687  -0.0283812872  -0.0046923019  -0.0109944895
       -0.0022199010   0.0001376727  -0.0028326897   0.0005731289   0.0003446723
       -0.0000107218  -0.0000618568   0.0000266802   0.0002529520   0.0001191971
        0.0000475481   0.0003067820  -0.0003842163  -0.0002259320  -0.0001753366
        0.0000198292  -0.0000061456   0.0000101496   0.0000343636   0.0000104320
       -0.0000167872  -0.0000096422   0.0000023515   0.0000041182   0.0000148175
        0.0000044974  -0.0000109801   0.0000198264   0.0000014856   0.0000067380
       -0.0518234975  -0.0569746675  -0.0275756245  -0.0260923655  -0.0115152177
       -0.0137393300  -0.0015533968  -0.0063410354  -0.0001110538   0.0005061734
       -0.0005275421  -0.0007337892   0.0000189953  -0.0000359169   0.0003716175
       -0.0000387805   0.0001557919  -0.0000268510  -0.0000111114  -0.0000348245
       -0.0000139520  -0.0000242151   0.0000404739   0.0000162157   0.0615890794
        0.0684758436   0.0326757680   0.0105431683   0.0033890251   0.0049402827
        0.0088528132   0.0031319526   0.0051356801  -0.0003596086   0.0005802098
       -0.0002513477  -0.0003528070   0.0005225449  -0.0001396692   0.0002149463
       -0.0001026097   0.0001738525  -0.0014900395  -0.0007426122  -0.0007272682
       -0.0000028419   0.0000032306  -0.0000124663  -0.0000062174  -0.0000179419
        0.0000217164  -0.0000013025   0.0000096035   0.0000045059   0.0000168221
       -0.0000110469  -0.0000074043   0.0000141856  -0.0000052614  -0.0000008825
       -0.0937264111  -0.0279223500  -0.0943791210  -0.0014640319  -0.0011762088
       -0.0004476757  -0.0001718285  -0.0008035500   0.0006367339   0.0002028587
       -0.0001087083  -0.0001154962  -0.0000615930  -0.0000431271   0.0001309226
       -0.0001297346   0.0000425486  -0.0001137494   0.0000809469  -0.0000340623
       -0.0000159627  -0.0000167854   0.0000115860   0.0000215011   0.1094218687
        0.0326757680   0.1054816258   0.0141639635   0.0033043976   0.0069729041
       -0.0284735181  -0.0060322192  -0.0186362969  -0.0001310135  -0.0002018737
       -0.0001847213   0.0003139307   0.0003237107   0.0003317827   0.0001700605
        0.0000705314   0.0001940239  -0.0001704636  -0.0001041520   0.0001056534
        0.0000018802   0.0000083722  -0.0000044129  -0.0000196524  -0.0000067298
        0.0000256613  -0.0000099584   0.0000032375   0.0000056394   0.0000068580
       -0.0000061662  -0.0000011193   0.0000126231  -0.0000010048  -0.0000078928
       -0.1841817790   0.0711613214   0.0915949366   0.0008520503   0.0019722965
       -0.0002615592   0.0009259710  -0.0005746133  -0.0002430303   0.0004188671
        0.0000939867   0.0000990547  -0.0002657553  -0.0002171335   0.0000287308
       -0.0000199262  -0.0000197934  -0.0001546306  -0.0002611351  -0.0001222114
       -0.0000621135   0.0000033991  -0.0000187263   0.0000145767  -0.0283812872
        0.0105431683   0.0141639635   0.2120111654  -0.0835036853  -0.1076066385
       -0.0018672294   0.0003486309   0.0027632855   0.0009700789   0.0001901648
       -0.0002392568   0.0000068716   0.0000582381  -0.0002654593  -0.0000734974
        0.0000655542   0.0000403625  -0.0001222384  -0.0000976212   0.0000103603
        0.0000037859   0.0000277561  -0.0000030529  -0.0000623660   0.0000214901
        0.0000963453   0.0000197604   0.0000165103   0.0000028937   0.0000016748
        0.0000162015   0.0000053175   0.0000215894   0.0000384655   0.0000159141
        0.0708186142  -0.0781169191  -0.0462542208   0.0244016858  -0.0186594394
       -0.0166011491   0.0004492654   0.0012934359   0.0002248634  -0.0008943297
       -0.0004151250  -0.0010679647   0.0001229940   0.0000947776   0.0009448498
       -0.0000347563  -0.0000004476   0.0000694116  -0.0001259783  -0.0000078697
       -0.0000609937   0.0000543230   0.0000407955   0.0000014863  -0.0046923019
        0.0033890251   0.0033043976  -0.0835036853   0.0945017004   0.0551203328
       -0.0074212724   0.0044778229   0.0050709585   0.0002312505  -0.0076226758
       -0.0005666120   0.0004100701   0.0008744025  -0.0003455614   0.0000444827
       -0.0000784965  -0.0000427154   0.0001155688   0.0002976602   0.0001743405
        0.0000716100  -0.0000228380   0.0000153345  -0.0000421621   0.0000182770
        0.0000070533   0.0000233119   0.0000037265  -0.0000004493  -0.0000237231
       -0.0000557438   0.0000138009  -0.0000049672  -0.0000120687  -0.0000071625
        0.0918331147  -0.0466174449  -0.1061673880   0.0011607675  -0.0027228618
       -0.0003777664   0.0002256387   0.0000569107   0.0001571145   0.0000032477
       -0.0009704670   0.0009405461  -0.0000385780   0.0001073734  -0.0003694000
       -0.0003166364   0.0006363521  -0.0003890132  -0.0002129643  -0.0000766275
        0.0000688885   0.0000490755   0.0000438728  -0.0000019584  -0.0109944895
        0.0049402827   0.0069729041  -0.1076066385   0.0551203328   0.1189155892
        0.0262731786  -0.0106693762  -0.0208764243  -0.0000645371  -0.0005029946
        0.0009886044  -0.0005335018   0.0005557703   0.0005469911   0.0001859116
       -0.0000496619  -0.0003210358   0.0000112509   0.0001802829  -0.0000469725
       -0.0000384965   0.0000003896  -0.0000535389   0.0000466497  -0.0000380377
        0.0000305309   0.0000210049   0.0000112473  -0.0000005314   0.0000064479
        0.0000091998   0.0000037412  -0.0000104456  -0.0000145428  -0.0000208811
       -0.0446788763   0.0003256407   0.0001814294   0.0001975738  -0.0013688370
        0.0019202564   0.0004321318  -0.0004860836   0.0010091893   0.0000203840
       -0.0001977943   0.0005194105   0.0000166419   0.0000195789  -0.0002459291
        0.0000185216   0.0002912234  -0.0001641241  -0.0001822654  -0.0000020721
        0.0000723551   0.0000218472  -0.0000007201  -0.0000210833  -0.0022199010
        0.0088528132  -0.0284735181  -0.0018672294  -0.0074212724   0.0262731786
        0.0475904337   0.0003045926  -0.0001347008   0.0000519876   0.0004694806
       -0.0004626583   0.0006513376  -0.0005476344   0.0000095956  -0.0000536265
       -0.0003364410  -0.0003414250  -0.0000543549   0.0000844898  -0.0000982677
       -0.0000167644  -0.0000003429  -0.0000156529   0.0000534604  -0.0000068493
       -0.0000206807   0.0000236740   0.0000074391  -0.0000042357   0.0000036928
        0.0000173885  -0.0000019054  -0.0000086685  -0.0000045996  -0.0000012337
        0.0004589274  -0.0721557918   0.0790417063  -0.0010030880  -0.0167541532
        0.0296723634   0.0007221759   0.0009023475   0.0006789108  -0.0002500376
       -0.0002113862   0.0002575974   0.0000794244   0.0000212977  -0.0002177286
        0.0000078344   0.0000868893  -0.0000404997  -0.0000206505  -0.0000030306
       -0.0000372326   0.0000267843   0.0000252994  -0.0000076639   0.0001376727
        0.0031319526  -0.0060322192   0.0003486309   0.0044778229  -0.0106693762
        0.0003045926   0.0869620626  -0.0932994030  -0.0000346302   0.0007332278
        0.0005348456  -0.0005155279  -0.0073457121   0.0006660944  -0.0005200339
       -0.0001024994  -0.0005130335   0.0002119755   0.0002711764  -0.0000207363
        0.0000297521  -0.0000013919  -0.0000109140   0.0000092979  -0.0000196074
       -0.0000046006   0.0000120976   0.0000048745  -0.0000009425   0.0000009813
       -0.0000218222   0.0000120456  -0.0000061787  -0.0000015561  -0.0000092133
        0.0002901350   0.0793686999  -0.2535910954   0.0000813370   0.0041415938
       -0.0017606718   0.0001446066  -0.0010438484   0.0010126537  -0.0003136704
        0.0004563488  -0.0006491698   0.0001737757   0.0000779426   0.0000719489
        0.0003376169  -0.0003835872   0.0001926184  -0.0000193090   0.0000754380
        0.0000628825  -0.0000078733  -0.0000290263   0.0000158377  -0.0028326897
        0.0051356801  -0.0186362969   0.0027632855   0.0050709585  -0.0208764243
       -0.0001347008  -0.0932994030   0.2925069715  -0.0002069253  -0.0002782188
        0.0004789262  -0.0003442365   0.0007910518   0.0009655512   0.0002219638
        0.0001122477   0.0002567098  -0.0000969895  -0.0002012527  -0.0000429669
        0.0000115953  -0.0000028610   0.0000243433  -0.0000440745   0.0000116682
       -0.0000242290  -0.0000049318  -0.0000047353  -0.0000086633  -0.0000129746
        0.0000004839  -0.0000131416  -0.0000059404   0.0000008194   0.0000142156
        0.0007122172   0.0015236050   0.0003755966  -0.1848350145   0.0722547626
        0.0900610913  -0.0273484584   0.0064320938   0.0105172890  -0.0031776544
       -0.0026199583  -0.0038278136   0.0002636392   0.0002838586   0.0004043874
       -0.0019369162   0.0011231188   0.0002268152  -0.0001252322   0.0004360409
       -0.0001463772  -0.0000693867  -0.0000108163   0.0000013670   0.0005731289
       -0.0003596086  -0.0001310135   0.0009700789   0.0002312505  -0.0000645371
        0.0000519876  -0.0000346302  -0.0002069253   0.2164257112  -0.0808876865
       -0.1021024893  -0.0022149760   0.0010769703   0.0040556092   0.0002889823
        0.0003182225   0.0002775478   0.0004236655   0.0001679598   0.0005163326
       -0.0001167458   0.0000613626   0.0000540338   0.0000422955  -0.0000207793
       -0.0000079662  -0.0000017276   0.0000126749   0.0000091461   0.0000440993
        0.0000136891  -0.0000148696   0.0000303059  -0.0000021303   0.0000027757
        0.0232099579  -0.0181915521  -0.0156153053   0.0720809033  -0.0764946035
       -0.0430164004  -0.0060140335   0.0023508869   0.0026732964  -0.0015030956
        0.0000883799  -0.0008527995   0.0000624727   0.0000143779   0.0000004159
       -0.0002308103   0.0001439422   0.0002507080  -0.0001613104   0.0001597808
        0.0000056782  -0.0000003009   0.0000401107   0.0000137524   0.0003446723
        0.0005802098  -0.0002018737   0.0001901648  -0.0076226758  -0.0005029946
        0.0004694806   0.0007332278  -0.0002782188  -0.0808876865   0.0934554138
        0.0521817962  -0.0069432926   0.0043706483   0.0050508876   0.0002847511
       -0.0000588251   0.0000808400  -0.0008210327   0.0004569992   0.0002093196
       -0.0000510892   0.0000036248  -0.0000032056  -0.0000300319  -0.0000333024
        0.0000059811  -0.0000111143  -0.0000028122  -0.0000013485   0.0000093404
        0.0000023850  -0.0000094403   0.0000020549   0.0000037838   0.0000089114
        0.0011176301  -0.0020689751  -0.0000829463   0.0908092416  -0.0430016301
       -0.0999246781  -0.0122189880   0.0034262346   0.0058041918  -0.0015669337
       -0.0011546278  -0.0014885911   0.0000654297   0.0002605189   0.0005948535
       -0.0004358167   0.0004342405   0.0001748564  -0.0002742497   0.0002522925
        0.0000393141   0.0000004974   0.0000011837   0.0000092110  -0.0000107218
       -0.0002513477  -0.0001847213  -0.0002392568  -0.0005666120   0.0009886044
       -0.0004626583   0.0005348456   0.0004789262  -0.1021024893   0.0521817962
        0.1126816237   0.0254777673  -0.0104813609  -0.0197989390  -0.0003159473
        0.0000926773   0.0003185241   0.0002038446   0.0003142308   0.0003635266
       -0.0000406778   0.0000154405   0.0000282586  -0.0000241686   0.0000022818
       -0.0000022314   0.0000064105   0.0000061633  -0.0000022464  -0.0000017961
       -0.0000006228  -0.0000164298   0.0000128828   0.0000032706   0.0000188932
        0.0008183863  -0.0016112374   0.0018040022  -0.0436609915  -0.0007439838
        0.0080404694  -0.0036022078   0.0072771984  -0.0263525429  -0.0004292704
        0.0014503979  -0.0022488600   0.0007152679  -0.0004024216   0.0005556473
        0.0008082568  -0.0006235835   0.0004994130  -0.0001343755   0.0000068347
        0.0000997751  -0.0000101601  -0.0000091485   0.0000068877  -0.0000618568
       -0.0003528070   0.0003139307   0.0000068716   0.0004100701  -0.0005335018
        0.0006513376  -0.0005155279  -0.0003442365  -0.0022149760  -0.0069432926
        0.0254777673   0.0511723235   0.0030318150  -0.0040788458  -0.0045543604
       -0.0011646811  -0.0033409174   0.0004648034   0.0002096416   0.0000905919
        0.0000525715  -0.0000387147   0.0000080495  -0.0000348855   0.0000280522
       -0.0000001417   0.0000240905   0.0000011119   0.0000000716  -0.0000303655
       -0.0000124698  -0.0000161121   0.0000195404   0.0000027458   0.0000185525
       -0.0015376168  -0.0168628867   0.0286405221  -0.0004117850  -0.0693737843
        0.0743094052  -0.0002866100   0.0028105963  -0.0072971880   0.0000752189
        0.0004146275   0.0010014089  -0.0001410759  -0.0005537753  -0.0005379424
        0.0003247030  -0.0000956010   0.0000474767  -0.0000318958   0.0000514855
        0.0001053531  -0.0000130718   0.0000199353  -0.0000174832   0.0000266802
        0.0005225449   0.0003237107   0.0000582381   0.0008744025   0.0005557703
       -0.0005476344  -0.0073457121   0.0007910518   0.0010769703   0.0043706483
       -0.0104813609   0.0030318150   0.0847843105  -0.0862607086  -0.0015305050
        0.0001932714  -0.0006332002  -0.0000803490   0.0002168021  -0.0005289142
       -0.0000102069  -0.0000158591  -0.0000143922   0.0000065638  -0.0000075446
       -0.0000049622  -0.0000034918  -0.0000073325   0.0000027814  -0.0000010680
        0.0000093942  -0.0000015476  -0.0000048789  -0.0000055231   0.0000002193
        0.0003528017   0.0030117080  -0.0012630775   0.0070353498   0.0749112521
       -0.2481984780  -0.0053328481   0.0042838656  -0.0181639124   0.0003981055
        0.0006841451  -0.0005605510   0.0002990585  -0.0003630456   0.0010562526
       -0.0000837806  -0.0000305600  -0.0001161008   0.0001966025  -0.0001056746
       -0.0000435882  -0.0000162352  -0.0000030807   0.0000262253   0.0002529520
       -0.0001396692   0.0003317827  -0.0002654593  -0.0003455614   0.0005469911
        0.0000095956   0.0006660944   0.0009655512   0.0040556092   0.0050508876
       -0.0197989390  -0.0040788458  -0.0862607086   0.2867235517  -0.0030353968
       -0.0012838518  -0.0014870675   0.0001586464  -0.0000467108  -0.0000579951
        0.0000367601  -0.0000112400  -0.0000011314   0.0000019755   0.0000042694
        0.0000448440   0.0000056140   0.0000034347   0.0000063711  -0.0000122004
       -0.0000192490   0.0000057999   0.0000216955  -0.0000063050  -0.0000165288
        0.0007450082   0.0008845332   0.0000074292  -0.0036182284   0.0083360387
       -0.0238449680  -0.0427553279   0.0069655346  -0.0147231319   0.0020741399
       -0.0101996321   0.0197643703  -0.0053066170   0.0021477452   0.0068402529
        0.0002404599  -0.0001548682   0.0002709373  -0.0001290615  -0.0000573965
        0.0002342316   0.0000398313  -0.0000007421  -0.0000269510   0.0001191971
        0.0002149463   0.0001700605  -0.0000734974   0.0000444827   0.0001859116
       -0.0000536265  -0.0005200339   0.0002219638   0.0002889823   0.0002847511
       -0.0003159473  -0.0045543604  -0.0015305050  -0.0030353968   0.0513296176
       -0.0067169798   0.0149378589   0.0013827519   0.0003745125  -0.0004660312
        0.0000707078  -0.0000038001  -0.0000403313   0.0001485372  -0.0000875955
       -0.0001377438   0.0000574015   0.0000199343  -0.0000290125   0.0000550758
        0.0000240684   0.0000121823  -0.0000609915  -0.0000249936  -0.0000256846
       -0.0002632506   0.0009877832  -0.0012294505  -0.0001789144   0.0030762644
       -0.0059130243   0.0054199558  -0.0843166962   0.0910178679  -0.0002760272
        0.0027558644  -0.0049698614   0.0020930976   0.0008247152  -0.0021653187
       -0.0006807863  -0.0004068238  -0.0010322609   0.0002086001   0.0001617981
       -0.0000937281   0.0000602213  -0.0000206769   0.0000130843   0.0000475481
       -0.0001026097   0.0000705314   0.0000655542  -0.0000784965  -0.0000496619
       -0.0003364410  -0.0001024994   0.0001122477   0.0003182225  -0.0000588251
        0.0000926773  -0.0011646811   0.0001932714  -0.0012838518  -0.0067169798
        0.0941020506  -0.1031794634   0.0014047511  -0.0169737835   0.0286722285
        0.0000355986   0.0000038946  -0.0000082882   0.0000002686  -0.0000118568
       -0.0000303493   0.0000132767  -0.0000037436  -0.0000185351  -0.0000001939
       -0.0000296319   0.0000195424  -0.0000498203   0.0000000014  -0.0000243859
        0.0008400039   0.0004456637   0.0008548456  -0.0047081168   0.0048988665
       -0.0156893659  -0.0122597984   0.0898958277  -0.2372636227   0.0014193520
        0.0076683605  -0.0192853372   0.0047012893  -0.0010060428  -0.0047967385
       -0.0006324890  -0.0002513998   0.0006805738  -0.0005319509   0.0001546431
        0.0002057669  -0.0001818185  -0.0000270600   0.0000966168   0.0003067820
        0.0001738525   0.0001940239   0.0000403625  -0.0000427154  -0.0003210358
       -0.0003414250  -0.0005130335   0.0002567098   0.0002775478   0.0000808400
        0.0003185241  -0.0033409174  -0.0006332002  -0.0014870675   0.0149378589
       -0.1031794634   0.2760424869  -0.0001557314   0.0022249227   0.0000237274
       -0.0001105700   0.0000418035   0.0000883410  -0.0001558637   0.0000896272
        0.0000768371  -0.0000842610  -0.0000331421   0.0000073646  -0.0000425639
        0.0000053429  -0.0000546394   0.0000223098   0.0000063069   0.0000519888
       -0.0040228697  -0.0016726578  -0.0027419965  -0.0035608771  -0.0252153041
       -0.0042805409  -0.0332045712   0.0046349338   0.0022257098  -0.0016436390
        0.0246805616   0.0058372924  -0.0009089398  -0.0012693607  -0.0013448624
       -0.0031745164   0.0004314274   0.0006543344  -0.0015548735  -0.0005757006
       -0.0003599111  -0.0002815239   0.0000819784   0.0000774723  -0.0003842163
       -0.0014900395  -0.0001704636  -0.0001222384   0.0001155688   0.0000112509
       -0.0000543549   0.0002119755  -0.0000969895   0.0004236655  -0.0008210327
        0.0002038446   0.0004648034  -0.0000803490   0.0001586464   0.0013827519
        0.0014047511  -0.0001557314   0.0465293750  -0.0002387793   0.0000443771
        0.0000574435  -0.0000603005   0.0000047650   0.0001769215  -0.0000851455
       -0.0001065639  -0.0000347907  -0.0001229903  -0.0000026972  -0.0000453611
        0.0000334216   0.0000840766  -0.0000421890   0.0000370417  -0.0000420130
       -0.0026759304  -0.0000836853  -0.0015391040  -0.0034317094  -0.0114776172
       -0.0025493529  -0.0001967939  -0.2747651515  -0.0156239718   0.0041970006
       -0.0130379230  -0.0038957613  -0.0002501413   0.0010144563   0.0008668094
        0.0019417563  -0.0004074240  -0.0007452206   0.0001840519   0.0002893350
        0.0003683332   0.0000828588   0.0000019702  -0.0000201431  -0.0002259320
       -0.0007426122  -0.0001041520  -0.0000976212   0.0002976602   0.0001802829
        0.0000844898   0.0002711764  -0.0002012527   0.0001679598   0.0004569992
        0.0003142308   0.0002096416   0.0002168021  -0.0000467108   0.0003745125
       -0.0169737835   0.0022249227  -0.0002387793   0.3148331729   0.0207192543
       -0.0000686505   0.0000292077  -0.0000250451  -0.0001255990   0.0000132654
        0.0000809430  -0.0000083725   0.0000582252   0.0000117295   0.0000469544
        0.0000158086  -0.0000538664   0.0000303038  -0.0000098826   0.0000380748
       -0.0022862824  -0.0007692239  -0.0006105296  -0.0030086267  -0.0139356781
       -0.0013314831   0.0016470485  -0.0177396848  -0.0428261035   0.0005072424
       -0.0175583665  -0.0008321170   0.0010959687   0.0018916400  -0.0007547890
        0.0017076827  -0.0007305543  -0.0005126138   0.0003935453   0.0003573194
        0.0004252591   0.0001082699  -0.0000298632   0.0000052472  -0.0001753366
       -0.0007272682   0.0001056534   0.0000103603   0.0001743405  -0.0000469725
       -0.0000982677  -0.0000207363  -0.0000429669   0.0005163326   0.0002093196
        0.0003635266   0.0000905919  -0.0005289142  -0.0000579951  -0.0004660312
        0.0286722285   0.0000237274   0.0000443771   0.0207192543   0.0461154068
        0.0000102110   0.0000060143  -0.0000166841  -0.0001015444   0.0000180075
        0.0000209154   0.0000143602   0.0000270122  -0.0000204098   0.0000197310
       -0.0000356721  -0.0000093890  -0.0000296326   0.0000008253   0.0000023174
       -0.0000264618  -0.0000345981   0.0000145985  -0.0002941856   0.0001304079
        0.0002196734  -0.0014074642  -0.0000430479  -0.0008127106  -0.0036397949
        0.0037846812   0.0033899120   0.0005879937  -0.0003960668   0.0002201011
       -0.0205864965   0.0252946638  -0.0122254526  -0.0538249004   0.0493603160
       -0.0367452134   0.0038650719  -0.0163414913   0.0096617502   0.0000198292
       -0.0000028419   0.0000018802   0.0000037859   0.0000716100  -0.0000384965
       -0.0000167644   0.0000297521   0.0000115953  -0.0001167458  -0.0000510892
       -0.0000406778   0.0000525715  -0.0000102069   0.0000367601   0.0000707078
        0.0000355986  -0.0001105700   0.0000574435  -0.0000686505   0.0000102110
        0.0772117227  -0.0625126936   0.0414358455  -0.0004962334   0.0049401245
       -0.0054851209   0.0003282043  -0.0003942027   0.0001704613  -0.0023327941
       -0.0039404464  -0.0001170917   0.0005445105   0.0001481813   0.0004025451
       -0.0000339731   0.0000296169  -0.0000052385   0.0001013900  -0.0000422005
       -0.0001400575   0.0005938549   0.0000984984   0.0003428414   0.0010268449
       -0.0012464018  -0.0020079168  -0.0006507365   0.0004444063  -0.0002038354
        0.0128344074  -0.0103302199   0.0045992151   0.0508441772  -0.1846691412
        0.1018632866   0.0021495610  -0.0219158638   0.0134237510  -0.0000061456
        0.0000032306   0.0000083722   0.0000277561  -0.0000228380   0.0000003896
       -0.0000003429  -0.0000013919  -0.0000028610   0.0000613626   0.0000036248
        0.0000154405  -0.0000387147  -0.0000158591  -0.0000112400  -0.0000038001
        0.0000038946   0.0000418035  -0.0000603005   0.0000292077   0.0000060143
       -0.0625126936   0.2158755069  -0.1162907575  -0.0014866722   0.0047124360
       -0.0017823862   0.0004061883   0.0005279440   0.0000573903  -0.0039088862
       -0.0038449522  -0.0001532423   0.0006567230   0.0003605021   0.0002390309
       -0.0000087685   0.0000070325   0.0000309987   0.0001606843  -0.0000230479
       -0.0001065216   0.0007474971   0.0000140453   0.0003993304   0.0012450919
       -0.0000254201  -0.0028138037  -0.0009934602   0.0000205512   0.0012833599
        0.0061657239  -0.0102902057   0.0072679657  -0.0407046120   0.1042854119
       -0.1167238641   0.0010078407   0.0008336413   0.0009055814   0.0000101496
       -0.0000124663  -0.0000044129  -0.0000030529   0.0000153345  -0.0000535389
       -0.0000156529  -0.0000109140   0.0000243433   0.0000540338  -0.0000032056
        0.0000282586   0.0000080495  -0.0000143922  -0.0000011314  -0.0000403313
       -0.0000082882   0.0000883410   0.0000047650  -0.0000250451  -0.0000166841
        0.0414358455  -0.1162907575   0.1273719325  -0.0093560790   0.0225060134
       -0.0192383433   0.0002037783   0.0001186655  -0.0000220510   0.0002009513
       -0.0002202358   0.0010746188  -0.0001224539  -0.0008767171   0.0005056207
       -0.0000771159   0.0000368700   0.0000222931  -0.0000768748   0.0000343411
       -0.0000608154  -0.0002528481  -0.0004945406  -0.0002550656   0.0007716138
        0.0004955805   0.0023215107  -0.0002367777  -0.0004335548  -0.0004905409
       -0.0079487055   0.0126637728   0.0327781621  -0.0471475596  -0.0106768099
       -0.0453781700  -0.0059814581  -0.0087042334  -0.0188060770   0.0000343636
       -0.0000062174  -0.0000196524  -0.0000623660  -0.0000421621   0.0000466497
        0.0000534604   0.0000092979  -0.0000440745   0.0000422955  -0.0000300319
       -0.0000241686  -0.0000348855   0.0000065638   0.0000019755   0.0001485372
        0.0000002686  -0.0001558637   0.0001769215  -0.0001255990  -0.0001015444
       -0.0004962334  -0.0014866722  -0.0093560790   0.0631719768   0.0120202788
        0.0401960501   0.0000169660  -0.0000919911  -0.0003402132   0.0006329135
        0.0007425469  -0.0000647367  -0.0027342235  -0.0039177080  -0.0002696398
       -0.0000702003   0.0000383250   0.0000522065   0.0000374540   0.0000422263
        0.0000217841  -0.0000204039   0.0003208334   0.0003278586  -0.0001915983
        0.0015216548  -0.0032351637  -0.0005295399  -0.0009656661   0.0012849706
        0.0055829141  -0.0042124770  -0.0130479561  -0.0101784431  -0.0564175383
       -0.0498571481  -0.0081692461  -0.0084749531  -0.0215926114   0.0000104320
       -0.0000179419  -0.0000067298   0.0000214901   0.0000182770  -0.0000380377
       -0.0000068493  -0.0000196074   0.0000116682  -0.0000207793  -0.0000333024
        0.0000022818   0.0000280522  -0.0000075446   0.0000042694  -0.0000875955
       -0.0000118568   0.0000896272  -0.0000851455   0.0000132654   0.0000180075
        0.0049401245   0.0047124360   0.0225060134   0.0120202788   0.0663092430
        0.0651919643   0.0003785287   0.0003732346  -0.0000510648   0.0002813899
        0.0003237220  -0.0007872830  -0.0039408633  -0.0035123300  -0.0008946571
        0.0000030020  -0.0000022367  -0.0000032360  -0.0001084720  -0.0000053103
        0.0000158869   0.0001204218   0.0000697340  -0.0001533774  -0.0014977705
        0.0012427573  -0.0000630824  -0.0006846466  -0.0000125333   0.0010638024
        0.0134478841  -0.0092478469  -0.0222507254  -0.0426460419  -0.0529535741
       -0.2432375781  -0.0031114552  -0.0028047103  -0.0032769516  -0.0000167872
        0.0000217164   0.0000256613   0.0000963453   0.0000070533   0.0000305309
       -0.0000206807  -0.0000046006  -0.0000242290  -0.0000079662   0.0000059811
       -0.0000022314  -0.0000001417  -0.0000049622   0.0000448440  -0.0001377438
       -0.0000303493   0.0000768371  -0.0001065639   0.0000809430   0.0000209154
       -0.0054851209  -0.0017823862  -0.0192383433   0.0401960501   0.0651919643
        0.2850995302  -0.0000514337   0.0002733524   0.0002026478   0.0005589107
        0.0004325579   0.0006609068  -0.0005477896  -0.0004775500   0.0010081919
       -0.0000626055  -0.0000109032  -0.0000168209   0.0000423711  -0.0000181329
        0.0000300367  -0.0001398304   0.0003995314  -0.0000237082   0.0004173498
       -0.0007706688   0.0014380613   0.0001247359  -0.0001209591  -0.0006023793
       -0.0062537138  -0.0037504329  -0.0000829665  -0.0202848991   0.0057427515
        0.0076942888  -0.2274629045   0.0742884319   0.0784203347  -0.0000096422
       -0.0000013025  -0.0000099584   0.0000197604   0.0000233119   0.0000210049
        0.0000236740   0.0000120976  -0.0000049318  -0.0000017276  -0.0000111143
        0.0000064105   0.0000240905  -0.0000034918   0.0000056140   0.0000574015
        0.0000132767  -0.0000842610  -0.0000347907  -0.0000083725   0.0000143602
        0.0003282043   0.0004061883   0.0002037783   0.0000169660   0.0003785287
       -0.0000514337   0.2630011819  -0.0843897539  -0.0912432857  -0.0116857267
        0.0073727748   0.0033907379   0.0018801052   0.0004482393   0.0008951180
       -0.0000344320   0.0000084876  -0.0000093631   0.0000308821  -0.0000073571
       -0.0000158279  -0.0000733027   0.0003899912  -0.0000011595  -0.0005540238
       -0.0004275142   0.0005851646   0.0001742915  -0.0000660793  -0.0002259876
       -0.0057871160  -0.0021881869   0.0007881828  -0.0166247573   0.0057842315
        0.0066830019   0.0754052523  -0.0711421801  -0.0315093927   0.0000023515
        0.0000096035   0.0000032375   0.0000165103   0.0000037265   0.0000112473
        0.0000074391   0.0000048745  -0.0000047353   0.0000126749  -0.0000028122
        0.0000061633   0.0000011119  -0.0000073325   0.0000034347   0.0000199343
       -0.0000037436  -0.0000331421  -0.0001229903   0.0000582252   0.0000270122
       -0.0003942027   0.0005279440   0.0001186655  -0.0000919911   0.0003732346
        0.0002733524  -0.0843897539   0.0808211012   0.0360966828   0.0236873136
       -0.0108216748  -0.0079355037   0.0087148084  -0.0033145390  -0.0048610330
       -0.0000003047  -0.0000003321   0.0000123318  -0.0000230369   0.0000006816
       -0.0000051253   0.0000339166  -0.0000324312   0.0000113433  -0.0001533626
        0.0001458893  -0.0000707425   0.0001040732  -0.0000473720   0.0000193132
        0.0001077519   0.0003232299   0.0006897126   0.0004788813   0.0002657992
        0.0000070684   0.0788828763  -0.0311637938  -0.0760379543   0.0000041182
        0.0000045059   0.0000056394   0.0000028937  -0.0000004493  -0.0000005314
       -0.0000042357  -0.0000009425  -0.0000086633   0.0000091461  -0.0000013485
       -0.0000022464   0.0000000716   0.0000027814   0.0000063711  -0.0000290125
       -0.0000185351   0.0000073646  -0.0000026972   0.0000117295  -0.0000204098
        0.0001704613   0.0000573903  -0.0000220510  -0.0003402132  -0.0000510648
        0.0002026478  -0.0912432857   0.0360966828   0.0839210936  -0.0151256066
        0.0069041174   0.0060683500   0.0271275651  -0.0124965377  -0.0147835117
        0.0000038555   0.0000133441   0.0000016394  -0.0000129334  -0.0000102183
       -0.0000545556   0.0000895864  -0.0000022255  -0.0000227141  -0.0004298651
       -0.0004659877   0.0008136517   0.0001787226   0.0003132737  -0.0006175375
        0.0019509146   0.0003100094  -0.0003110406   0.0045969735  -0.0180644692
        0.0112689060  -0.0676831210   0.0602706988  -0.0420767284   0.0000148175
        0.0000168221   0.0000068580   0.0000016748  -0.0000237231   0.0000064479
        0.0000036928   0.0000009813  -0.0000129746   0.0000440993   0.0000093404
       -0.0000017961  -0.0000303655  -0.0000010680  -0.0000122004   0.0000550758
       -0.0000001939  -0.0000425639  -0.0000453611   0.0000469544   0.0000197310
       -0.0023327941  -0.0039088862   0.0002009513   0.0006329135   0.0002813899
        0.0005589107  -0.0116857267   0.0236873136  -0.0151256066   0.0756087134
       -0.0658826449   0.0486534271  -0.0009608728   0.0034092890  -0.0032528054
       -0.0000261444   0.0000457558  -0.0000118054   0.0000426658   0.0000416666
        0.0000213677   0.0000702201  -0.0001063945  -0.0001065517  -0.0004693958
       -0.0004204111   0.0009533350   0.0006073102   0.0002006817  -0.0005837465
        0.0008452141   0.0016112056  -0.0004676084   0.0031619249  -0.0241698893
        0.0136497203   0.0590002382  -0.1866822501   0.1022000737   0.0000044974
       -0.0000110469  -0.0000061662   0.0000162015  -0.0000557438   0.0000091998
        0.0000173885  -0.0000218222   0.0000004839   0.0000136891   0.0000023850
       -0.0000006228  -0.0000124698   0.0000093942  -0.0000192490   0.0000240684
       -0.0000296319   0.0000053429   0.0000334216   0.0000158086  -0.0000356721
       -0.0039404464  -0.0038449522  -0.0002202358   0.0007425469   0.0003237220
        0.0004325579   0.0073727748  -0.0108216748   0.0069041174  -0.0658826449
        0.2180479137  -0.1198843444  -0.0016210603   0.0058652837  -0.0028401963
       -0.0000213829  -0.0000171173   0.0000010789  -0.0000444529  -0.0000052207
        0.0000140814  -0.0000079294  -0.0000347923  -0.0001095902   0.0004835884
        0.0002692645   0.0006756942   0.0000656546  -0.0001494744  -0.0002900245
       -0.0003861343   0.0000222564  -0.0005079722   0.0019329409   0.0016076187
        0.0007052721  -0.0421499974   0.1032690325  -0.1195384846  -0.0000109801
       -0.0000074043  -0.0000011193   0.0000053175   0.0000138009   0.0000037412
       -0.0000019054   0.0000120456  -0.0000131416  -0.0000148696  -0.0000094403
       -0.0000164298  -0.0000161121  -0.0000015476   0.0000057999   0.0000121823
        0.0000195424  -0.0000546394   0.0000840766  -0.0000538664  -0.0000093890
       -0.0001170917  -0.0001532423   0.0010746188  -0.0000647367  -0.0007872830
        0.0006609068   0.0033907379  -0.0079355037   0.0060683500   0.0486534271
       -0.1198843444   0.1333485546  -0.0117923330   0.0238256757  -0.0220173071
       -0.0000061407   0.0000120224   0.0000187737  -0.0000028081   0.0000045574
       -0.0000073665   0.0000895861   0.0000153046   0.0000660463  -0.0006398679
       -0.0000432239  -0.0006486673   0.0001862158  -0.0000146435   0.0004378127
        0.0023522589   0.0007803092  -0.0004760978  -0.0059282379  -0.0095404099
       -0.0205399958  -0.0464668119  -0.0069705937  -0.0276021003   0.0000198264
        0.0000141856   0.0000126231   0.0000215894  -0.0000049672  -0.0000104456
       -0.0000086685  -0.0000061787  -0.0000059404   0.0000303059   0.0000020549
        0.0000128828   0.0000195404  -0.0000048789   0.0000216955  -0.0000609915
       -0.0000498203   0.0000223098  -0.0000421890   0.0000303038  -0.0000296326
        0.0005445105   0.0006567230  -0.0001224539  -0.0027342235  -0.0039408633
       -0.0005477896   0.0018801052   0.0087148084   0.0271275651  -0.0009608728
       -0.0016210603  -0.0117923330   0.0517068732   0.0119663704   0.0340631138
       -0.0000312525   0.0000098462   0.0000055254   0.0000247609   0.0000128172
        0.0000309366   0.0000244623  -0.0000815311  -0.0000246121  -0.0000255119
       -0.0001312349  -0.0000125562   0.0001301350   0.0000281185   0.0002496211
        0.0013976103   0.0010720636   0.0002628705  -0.0060710770  -0.0096354984
       -0.0231458450  -0.0075515142  -0.0638998617  -0.0657462042   0.0000014856
       -0.0000052614  -0.0000010048   0.0000384655  -0.0000120687  -0.0000145428
       -0.0000045996  -0.0000015561   0.0000008194  -0.0000021303   0.0000037838
        0.0000032706   0.0000027458  -0.0000055231  -0.0000063050  -0.0000249936
        0.0000000014   0.0000063069   0.0000370417  -0.0000098826   0.0000008253
        0.0001481813   0.0003605021  -0.0008767171  -0.0039177080  -0.0035123300
       -0.0004775500   0.0004482393  -0.0033145390  -0.0124965377   0.0034092890
        0.0058652837   0.0238256757   0.0119663704   0.0732568705   0.0784160234
        0.0000056720   0.0000108077   0.0000107762   0.0000715610   0.0000084365
        0.0000271740   0.0000147529   0.0000278543   0.0001037358  -0.0000639429
       -0.0004065404  -0.0004345360  -0.0000700224   0.0000469861   0.0001810786
       -0.0002463900   0.0008832342   0.0004068107  -0.0031867055  -0.0037279777
       -0.0032821098  -0.0283383059  -0.0669075298  -0.2645490329   0.0000067380
       -0.0000008825  -0.0000078928   0.0000159141  -0.0000071625  -0.0000208811
       -0.0000012337  -0.0000092133   0.0000142156   0.0000027757   0.0000089114
        0.0000188932   0.0000185525   0.0000002193  -0.0000165288  -0.0000256846
       -0.0000243859   0.0000519888  -0.0000420130   0.0000380748   0.0000023174
        0.0004025451   0.0002390309   0.0005056207  -0.0002696398  -0.0008946571
        0.0010081919   0.0008951180  -0.0048610330  -0.0147835117  -0.0032528054
       -0.0028401963  -0.0220173071   0.0340631138   0.0784160234   0.3027809974
