           1           2   1.01874140677601     
           2           3   1.00605122574019     
           3           4  0.982655579271633     
           4           5  0.979406770684019     
           5           6   1.69421947399457     
           5           7   1.16577792370076     
           6           7  0.171713472566152     
           7           8  0.936715515802069     
           1           9  0.987604231384623     
           1          10  0.986218043890354     
           1          11  0.987446579819762     
           2          12  0.977650469973960     
           2          13  0.977753322063056     
           3          14  0.977763515719263     
           3          15  0.976336277098804     
           4          16  0.949890122760985     
           4          17  0.973152429772618     
           8          18  0.973997979076323     
           8          19  0.975700738347177     
           8          20  0.977051951430691     
