           1           2   1.02162762652037     
           2           3  0.983029603970926     
           3           4  0.977562467121583     
           4           5   1.68820516886512     
           4           6   1.17297965041936     
           5           6  0.171339630749733     
           6           7  0.919401932909105     
           7           8   1.01790393545425     
           1           9  0.986636060885863     
           1          10  0.987475950065831     
           1          11  0.985602873684005     
           2          12  0.976813425792403     
           2          13  0.975010584061383     
           3          14  0.953872307190552     
           3          15  0.972733643927114     
           7          16  0.966930129712042     
           7          17  0.969258778139991     
           8          18  0.984612343471625     
           8          19  0.983199897226376     
           8          20  0.979997776701438     
