           1           2   1.02373679862323     
           2           3  0.960909965658879     
           3           4  0.942454327411149     
           4           5   1.46747330682482     
           4           6   1.46274184756985     
           5           6  0.346342699837763     
           1           7  0.985890935627654     
           1           8  0.985446319015736     
           1           9  0.981873823917299     
           2          10  0.964603700780880     
           2          11  0.974759271651727     
           3          12  0.954070123105544     
           3          13  0.960347460838150     
