           1           2   1.01711548614437     
           2           3   1.01729554511711     
           2           4  0.956936008811091     
           4           5  0.959522528416496     
           5           6   1.01797237258015     
           5           7   1.01467655780898     
           1           8  0.986092781437339     
           1           9  0.985508550729506     
           1          10  0.979053909575359     
           2          11  0.964805811682281     
           3          12  0.985405640349026     
           3          13  0.985527341930643     
           3          14  0.979124752731004     
           5          15  0.966964534504600     
           6          16  0.978042553730888     
           6          17  0.983876281654898     
           6          18  0.985382486055821     
           7          19  0.978779051885908     
           7          20  0.985344293111198     
           7          21  0.984827978108411     
