$hessian                                                                        
        0.4649595571  -0.0151454370  -0.0129935632  -0.1894819871  -0.0270504391
       -0.0300571630  -0.0162637479  -0.0088734044   0.0015645550  -0.0005161446
       -0.0021216058   0.0018512451  -0.0002857712   0.0000090441  -0.0001961756
       -0.0001696399  -0.0000463056  -0.0000288653   0.0002062988   0.0001210027
       -0.0000997653   0.0000715374   0.0000218932  -0.0000477221  -0.0644583819
       -0.0523955586   0.0482213035  -0.1224564086   0.1135007248   0.0146373051
       -0.0433833509  -0.0043521238  -0.0138761778  -0.0233490020  -0.0020286997
       -0.0042393618  -0.0064452946  -0.0029117016  -0.0037420308   0.0010875353
        0.0006974591  -0.0005052098   0.0005945260   0.0006252081  -0.0005571459
       -0.0000501769  -0.0000125417  -0.0000096894  -0.0000259794   0.0000074887
       -0.0000044629  -0.0000429960   0.0000005513  -0.0000042683  -0.0000045400
        0.0000126187   0.0000817994   0.0000139665  -0.0000581733   0.0000053931
       -0.0151454370   0.5217235907  -0.0041940119  -0.0279302033  -0.0717432741
       -0.0097778459  -0.0230125513  -0.0098627803   0.0002670795   0.0012448083
       -0.0030277818   0.0036580429  -0.0009958912  -0.0004970458  -0.0015133705
       -0.0014748518   0.0009602543   0.0001575614   0.0000449822   0.0002608947
       -0.0001189923  -0.0000785396  -0.0000192225  -0.0000394466  -0.0519780884
       -0.1660134209   0.1094352801   0.1128504161  -0.2023617841  -0.0200729116
       -0.0040275414  -0.0729103124  -0.0773789095   0.0225774843   0.0044205366
        0.0048533948  -0.0114663152  -0.0024719408  -0.0042972028  -0.0010081372
        0.0009137292  -0.0004043358   0.0004101669   0.0006015687  -0.0005600176
       -0.0000354096  -0.0000136639   0.0000081700   0.0000750723   0.0000081569
        0.0000004994  -0.0000080977   0.0000349485  -0.0000354224   0.0000004068
       -0.0000460774  -0.0000017272  -0.0000422732   0.0000436244   0.0000141662
       -0.0129935632  -0.0041940119   0.5237306983  -0.0290990099  -0.0093062893
       -0.0720282182   0.0172829813   0.0070995120   0.0011644807  -0.0015033493
        0.0018848617  -0.0033990394   0.0011226443   0.0009523003   0.0019981161
        0.0012379455  -0.0006672273  -0.0002060517  -0.0000567026  -0.0002539532
        0.0001045854   0.0001435285  -0.0000186895  -0.0000239993   0.0477596954
        0.1092286850  -0.1420861335   0.0143746942  -0.0199684886  -0.0474933752
       -0.0132491412  -0.0773199202  -0.2561413913   0.0019508633   0.0004021424
        0.0014531433  -0.0279457623  -0.0078248539  -0.0086064300   0.0001830733
       -0.0004085565   0.0003401319   0.0008268784   0.0003609323   0.0011000204
       -0.0000142278   0.0000053410   0.0000139301  -0.0000353443   0.0000340534
        0.0000068487   0.0000033326  -0.0000083058   0.0000559128   0.0000215816
        0.0000270623   0.0000273421  -0.0000101180  -0.0000245941  -0.0000105715
       -0.1894819871  -0.0279302033  -0.0290990099   0.4719407358  -0.0353542277
        0.0051709660  -0.0656968771  -0.0261879929   0.0298321189  -0.0157808088
       -0.0209841717   0.0138244973  -0.0014523049   0.0012340466  -0.0015655379
       -0.0019652521  -0.0002521363  -0.0005245554   0.0002990268   0.0011503188
       -0.0009982790  -0.0001099845   0.0000149492  -0.0000692458  -0.0132019198
       -0.0050495342  -0.0011081305  -0.0237514444  -0.0012006224  -0.0041502032
       -0.0059992758  -0.0029615525  -0.0046702180  -0.1173625502   0.1092946127
        0.0133927834  -0.0433013084  -0.0015355823  -0.0133488719   0.0051026580
        0.0106747188  -0.0085274759   0.0007299663  -0.0008952300   0.0018248098
        0.0000794734  -0.0000316498   0.0000160103   0.0001288608   0.0000026030
        0.0000400927  -0.0000529902   0.0000557784  -0.0001100236  -0.0000504604
       -0.0000455856   0.0000393305  -0.0000735574   0.0000014611   0.0000309418
       -0.0270504391  -0.0717432741  -0.0093062893  -0.0353542277   0.4922983852
        0.0355748336  -0.0167652862  -0.1221132789   0.0557705718  -0.0176236852
       -0.0091708689   0.0010574431   0.0006812433   0.0032175442   0.0015751038
        0.0032036696  -0.0024875527  -0.0009339759  -0.0003059035   0.0001147488
       -0.0002382937  -0.0000438206  -0.0001762116   0.0000913345  -0.0213978880
       -0.0065354942  -0.0029609887   0.0231439429   0.0045801685   0.0051892140
       -0.0115773352  -0.0030593778  -0.0040206862   0.1088560349  -0.1952456341
       -0.0220832427  -0.0018273310  -0.0720512077  -0.0746466646  -0.0062538995
       -0.0230537111   0.0170587200   0.0020730535   0.0052221642  -0.0020719356
        0.0000744449   0.0000531482  -0.0000384161   0.0000791217   0.0000531256
       -0.0000114989   0.0000028715   0.0000146458   0.0000086853  -0.0000279511
        0.0000844931   0.0000279945   0.0001133849  -0.0000018125  -0.0000419089
       -0.0300571630  -0.0097778459  -0.0720282182   0.0051709660   0.0355748336
        0.5009644557   0.0184995232   0.0504092446  -0.1116646167   0.0107838870
       -0.0002715035   0.0064740079  -0.0027553799  -0.0027026058  -0.0041328808
       -0.0027400535   0.0019258651   0.0014218836   0.0004962592   0.0003270073
       -0.0001546985  -0.0000531726   0.0000826796  -0.0001927413   0.0169694228
        0.0051326600   0.0030894369   0.0020492510   0.0011632816   0.0009816781
       -0.0282527882  -0.0078184522  -0.0091950535   0.0131657819  -0.0206845412
       -0.0482256487  -0.0122260956  -0.0753747095  -0.2447694820  -0.0008784294
        0.0021522291   0.0006014410   0.0099541613   0.0201197474  -0.0233473470
       -0.0000846794  -0.0000506529   0.0000473749   0.0000292329  -0.0001350906
        0.0000002638  -0.0000587236  -0.0000134529  -0.0000009827  -0.0000608231
       -0.0000422680   0.0000920426   0.0000488230  -0.0000164260   0.0000390847
       -0.0162637479  -0.0230125513   0.0172829813  -0.0656968771  -0.0167652862
        0.0184995232   0.4692584894  -0.0517461980   0.0059703674  -0.1621671868
       -0.0272584949  -0.0314969535  -0.0148789156  -0.0134334023  -0.0138246406
       -0.0503221717   0.0091624182   0.0028474883   0.0010309646   0.0022527433
        0.0025840996  -0.0006905456   0.0000685921  -0.0003047338  -0.0066214836
       -0.0028032454  -0.0004641894   0.0010187953  -0.0007634138   0.0004093517
        0.0009544863   0.0002977412   0.0006486832   0.0044806631   0.0096971891
       -0.0086248821  -0.0001028834  -0.0007228876   0.0023799866  -0.1165153426
        0.1122791376   0.0111913826  -0.0422954999   0.0029228658  -0.0065941909
       -0.0012486475  -0.0001781177  -0.0002201712   0.0001913773  -0.0000070711
       -0.0001655476  -0.0001078465   0.0001207585  -0.0002618032  -0.0000183983
       -0.0001326848   0.0000720860  -0.0000052294   0.0000219073   0.0000711625
       -0.0088734044  -0.0098627803   0.0070995120  -0.0261879929  -0.1221132789
        0.0504092446  -0.0517461980   0.4906168854   0.0592798215  -0.0087520259
       -0.0657813657   0.0002459174  -0.0337204957  -0.0131230115  -0.0260822803
        0.0176004560   0.0072041191   0.0029155845   0.0042862237   0.0010601714
       -0.0048756045  -0.0008412577  -0.0000834435  -0.0001830401  -0.0025474256
       -0.0001557542  -0.0005110885   0.0009069733   0.0012083012  -0.0003173922
        0.0004867207   0.0002469939   0.0003530201  -0.0069492567  -0.0235556795
        0.0176167847   0.0014463628   0.0049080075  -0.0023315799   0.1103819246
       -0.2007588895  -0.0238571653   0.0027033183  -0.0697130047  -0.0797731965
        0.0014383393   0.0001702591   0.0002270582   0.0004598995  -0.0002692280
       -0.0002246737  -0.0000874963   0.0000550923  -0.0001320912  -0.0000139678
       -0.0001609501   0.0000663211   0.0000093030   0.0001075559   0.0000748482
        0.0015645550   0.0002670795   0.0011644807   0.0298321189   0.0557705718
       -0.1116646167   0.0059703674   0.0592798215   0.4986394366  -0.0360526897
       -0.0046182193  -0.0752942541  -0.0299421359  -0.0226268744  -0.0029279772
        0.0144741987  -0.0019625150   0.0055101112  -0.0002890114  -0.0039211858
        0.0019772186   0.0011635047   0.0001467293   0.0001801421  -0.0006799819
       -0.0006012208   0.0009006514  -0.0002503283  -0.0002658122   0.0001574600
       -0.0007668336  -0.0005793706   0.0012043657  -0.0003451035   0.0016390489
        0.0003365692   0.0101096159   0.0208596566  -0.0230727228   0.0109401854
       -0.0228275785  -0.0470689922  -0.0055404674  -0.0804459513  -0.2502652425
        0.0000743915  -0.0000273767   0.0000365755  -0.0003861927   0.0000636486
       -0.0000390021   0.0001575934  -0.0001740746   0.0003313158  -0.0000096071
       -0.0000164484  -0.0000540000  -0.0000241793   0.0000400714  -0.0000515194
       -0.0005161446   0.0012448083  -0.0015033493  -0.0157808088  -0.0176236852
        0.0107838870  -0.1621671868  -0.0087520259  -0.0360526897   0.5212824407
        0.0839967004   0.0923773754  -0.1284908110  -0.1332574989  -0.1153687705
       -0.1464464579   0.0584200087   0.0372546413  -0.0445626063   0.0182922830
        0.0147045843   0.0012707388  -0.0003977113   0.0018445846   0.0011154277
        0.0005740217  -0.0001392866  -0.0000129824  -0.0005406797   0.0001789259
       -0.0000183046  -0.0000881319   0.0006689562   0.0008390235   0.0014872465
       -0.0004652762   0.0001686679  -0.0001085343  -0.0001983750  -0.0205761230
       -0.0008501482  -0.0016899544  -0.0002436636  -0.0044741731  -0.0012739827
       -0.0062999980   0.0001377482  -0.0009314556   0.0003492722   0.0016641282
        0.0007064800   0.0005435324   0.0001434907  -0.0001308534  -0.0000898121
        0.0002090631  -0.0005417255  -0.0003642041  -0.0000769103  -0.0002237158
       -0.0021216058  -0.0030277818   0.0018848617  -0.0209841717  -0.0091708689
       -0.0002715035  -0.0272584949  -0.0657813657  -0.0046182193   0.0839967004
        0.5649219581   0.3138932684  -0.1201601160  -0.3573907148  -0.2557035251
        0.0641402417  -0.1342687227  -0.0591812089   0.0176895645   0.0074422474
        0.0045183978  -0.0021521932  -0.0012132354  -0.0015018725  -0.0009184566
       -0.0001100500  -0.0000379408   0.0003483124  -0.0002437021   0.0001062632
        0.0000891546   0.0000383396   0.0001447115  -0.0009861929  -0.0015611870
        0.0000713944   0.0002781964   0.0008763513  -0.0007977717   0.0237775016
        0.0031811058   0.0063729012  -0.0087303463  -0.0032774957  -0.0051808810
       -0.0034454003  -0.0011240373  -0.0002450640  -0.0032528737   0.0000001379
        0.0011056353  -0.0009471118   0.0004053185  -0.0004971483   0.0000990784
        0.0011082065  -0.0001522565   0.0005382135  -0.0008045038   0.0000899583
        0.0018512451   0.0036580429  -0.0033990394   0.0138244973   0.0010574431
        0.0064740079  -0.0314969535   0.0002459174  -0.0752942541   0.0923773754
        0.3138932684   0.4628648831  -0.1044621642  -0.2551510593  -0.2864885953
        0.0435735003  -0.0618163102  -0.0989749274   0.0114128722   0.0079141429
        0.0049518275  -0.0032812083  -0.0008310596  -0.0002458589   0.0017535348
        0.0008205347   0.0001989420  -0.0000769676  -0.0001632280   0.0000230674
       -0.0002199882  -0.0000755457  -0.0000273533   0.0002219013  -0.0000907108
        0.0006252803   0.0019229345   0.0007983435  -0.0012800671   0.0015515902
       -0.0004460616   0.0016419396  -0.0263809399  -0.0083774288  -0.0103839850
       -0.0000363250  -0.0016946507  -0.0004200167  -0.0016401565  -0.0011790276
        0.0018775678  -0.0006604524   0.0006219455  -0.0010572454  -0.0003826411
        0.0006476646  -0.0010799800   0.0001483457   0.0001677795  -0.0000061930
       -0.0002857712  -0.0009958912   0.0011226443  -0.0014523049   0.0006812433
       -0.0027553799  -0.0148789156  -0.0337204957  -0.0299421359  -0.1284908110
       -0.1201601160  -0.1044621642   0.1376210941   0.1271256343   0.1145412245
        0.0093036626   0.0255324864   0.0197549800   0.0011978973   0.0023513990
        0.0036289049   0.0002196089   0.0007500561  -0.0002559777  -0.0004664192
       -0.0002694283   0.0001376982   0.0001985620   0.0000831645  -0.0000775483
        0.0001182177   0.0001188929  -0.0000304252  -0.0000393072  -0.0002196729
       -0.0001059826   0.0000936135   0.0006072572  -0.0000558196   0.0029220557
       -0.0004703972   0.0003099925  -0.0076659622  -0.0025408016  -0.0028777783
        0.0011226834   0.0009714362   0.0001225904   0.0004699018   0.0007728071
        0.0001255117   0.0001399794  -0.0002841170   0.0002492470  -0.0001930642
       -0.0004085773   0.0004478197   0.0000652793   0.0000751203   0.0001225986
        0.0000090441  -0.0004970458   0.0009523003   0.0012340466   0.0032175442
       -0.0027026058  -0.0134334023  -0.0131230115  -0.0226268744  -0.1332574989
       -0.3573907148  -0.2551510593   0.1271256343   0.4279301809   0.3471372962
        0.0233943156  -0.0604135431  -0.0707296741  -0.0034224021  -0.0019281155
        0.0030154949   0.0015875877   0.0010576225   0.0008946403  -0.0003276770
       -0.0002316492   0.0000246080  -0.0000222927   0.0001951504  -0.0000529607
        0.0001151639   0.0000211552  -0.0000859761   0.0002788497  -0.0000852345
       -0.0000028700   0.0001414670   0.0000343378   0.0005875847   0.0002982094
        0.0006739802  -0.0002690740  -0.0048292458  -0.0002728539  -0.0015978799
       -0.0002309749   0.0006590715   0.0004807239   0.0010007611   0.0004500816
       -0.0000115313   0.0003808897  -0.0002014430   0.0003014229   0.0001989267
       -0.0004685565   0.0001445323  -0.0002414019   0.0003730434  -0.0003080980
       -0.0001961756  -0.0015133705   0.0019981161  -0.0015655379   0.0015751038
       -0.0041328808  -0.0138246406  -0.0260822803  -0.0029279772  -0.1153687705
       -0.2557035251  -0.2864885953   0.1145412245   0.3471372962   0.3251967044
        0.0193746708  -0.0690386242  -0.0321788703  -0.0018471467   0.0013601453
       -0.0010573607  -0.0000426308   0.0006624135   0.0000329996  -0.0008525357
       -0.0003773810  -0.0000032124   0.0000137777   0.0001845076  -0.0001008256
        0.0001542450   0.0000991625  -0.0000295424   0.0000925420  -0.0001932427
       -0.0001964289  -0.0006409275  -0.0000556221   0.0006931320   0.0021996343
        0.0010372535  -0.0003405798  -0.0028635603  -0.0005714498  -0.0007459229
       -0.0001343319   0.0007599743   0.0005486630   0.0007263401   0.0011598410
       -0.0010718759   0.0001319469  -0.0000912962   0.0001530692   0.0002087679
       -0.0004816735   0.0006989214  -0.0001068918   0.0001327677  -0.0000475334
       -0.0001696399  -0.0014748518   0.0012379455  -0.0019652521   0.0032036696
       -0.0027400535  -0.0503221717   0.0176004560   0.0144741987  -0.1464464579
        0.0641402417   0.0435735003   0.0093036626   0.0233943156   0.0193746708
        0.4317097347  -0.0666540412  -0.0137481570  -0.1506442924  -0.0326797817
       -0.0344013338  -0.0278116068   0.0037536972  -0.0165098768  -0.0004501070
       -0.0003243009   0.0000828968   0.0001290912   0.0002061718  -0.0000636171
        0.0001050093   0.0000886101  -0.0002458570   0.0003015412  -0.0006079104
       -0.0002013512   0.0001772705   0.0003388063   0.0003958358  -0.0078527159
       -0.0004442989  -0.0018582212   0.0003012114   0.0012356393  -0.0000025151
       -0.0307026301  -0.0010411067   0.0005155718  -0.0271847133  -0.0129906941
       -0.0074812457  -0.0012727633   0.0030170767  -0.0045849399   0.0014115243
       -0.0004772554   0.0007550501   0.0013833051  -0.0002844429   0.0014274985
       -0.0000463056   0.0009602543  -0.0006672273  -0.0002521363  -0.0024875527
        0.0019258651   0.0091624182   0.0072041191  -0.0019625150   0.0584200087
       -0.1342687227  -0.0618163102   0.0255324864  -0.0604135431  -0.0690386242
       -0.0666540412   0.2607678312   0.1473601748  -0.0249215743  -0.0724279054
       -0.0161583282   0.0181882812   0.0044935349   0.0046223205   0.0003513838
        0.0001103220   0.0000206319  -0.0001255735  -0.0000583599   0.0000064843
       -0.0000112875  -0.0000304433   0.0001443361   0.0000059587   0.0009628056
       -0.0001895159  -0.0000716817  -0.0001518921  -0.0002045662  -0.0005414170
        0.0000838033   0.0002118390  -0.0008707037  -0.0005752993   0.0008618586
        0.0134730698   0.0021771100   0.0009285876  -0.0335205686  -0.0057899905
       -0.0076467115   0.0023398868  -0.0015580531   0.0034108892  -0.0004483005
       -0.0001322203  -0.0008479365  -0.0000099037   0.0011342021  -0.0009612522
       -0.0000288653   0.0001575614  -0.0002060517  -0.0005245554  -0.0009339759
        0.0014218836   0.0028474883   0.0029155845   0.0055101112   0.0372546413
       -0.0591812089  -0.0989749274   0.0197549800  -0.0707296741  -0.0321788703
       -0.0137481570   0.1473601748   0.1973198493  -0.0261272207  -0.0195207432
       -0.0694322864  -0.0310787783   0.0011331784  -0.0066205207   0.0001238473
       -0.0000390924   0.0000206139   0.0001194452  -0.0000518733  -0.0000127230
       -0.0000108802   0.0000166544   0.0000642749  -0.0000447315  -0.0001398868
       -0.0000936854  -0.0001508392  -0.0001177177  -0.0000349423  -0.0013981722
       -0.0000860369   0.0007785040   0.0009069546  -0.0000105474   0.0007645890
        0.0228856490   0.0025446337   0.0049796459  -0.0089016959  -0.0040382994
       -0.0014826774  -0.0025575017   0.0032643622  -0.0049102354   0.0000136720
       -0.0011109400   0.0018238598   0.0006647197  -0.0014321535   0.0012635883
        0.0002062988   0.0000449822  -0.0000567026   0.0002990268  -0.0003059035
        0.0004962592   0.0010309646   0.0042862237  -0.0002890114  -0.0445626063
        0.0176895645   0.0114128722   0.0011978973  -0.0034224021  -0.0018471467
       -0.1506442924  -0.0249215743  -0.0261272207   0.3917288354  -0.0114228901
       -0.0467651392  -0.0625450217   0.0149640391  -0.0176406517  -0.0000751799
       -0.0000023093  -0.0000265887   0.0000301164  -0.0001200804   0.0000165382
       -0.0000532691   0.0000134371   0.0000994523  -0.0003584568  -0.0001445297
        0.0000512909  -0.0002171288  -0.0001122085  -0.0001180720  -0.0012611876
       -0.0007686983  -0.0000827869  -0.0000935486   0.0000959968   0.0004656929
       -0.0836583970   0.0386954512   0.0906080811  -0.0451501344  -0.0383397096
       -0.0040628520  -0.0106443704   0.0141514040  -0.0225033266   0.0032738195
       -0.0076919118   0.0112809414   0.0014966342  -0.0026888810   0.0050883704
        0.0001210027   0.0002608947  -0.0002539532   0.0011503188   0.0001147488
        0.0003270073   0.0022527433   0.0010601714  -0.0039211858   0.0182922830
        0.0074422474   0.0079141429   0.0023513990  -0.0019281155   0.0013601453
       -0.0326797817  -0.0724279054  -0.0195207432  -0.0114228901   0.5162872555
        0.0394804811   0.0139045857  -0.1081469018   0.0588584411   0.0001027314
        0.0000555747   0.0000325623   0.0000074566  -0.0000280910   0.0000056853
       -0.0000085427   0.0000161996   0.0000139794  -0.0000944846  -0.0001583142
        0.0000165059  -0.0000714682  -0.0000284875   0.0000979448   0.0005779189
        0.0000754532  -0.0000011194  -0.0001500958  -0.0000930790  -0.0000340716
        0.0351868281  -0.0727071491  -0.0692182101  -0.0348346813  -0.2546038119
       -0.0349066761   0.0001717349   0.0007392014  -0.0008678526  -0.0021715764
        0.0056853666  -0.0055651337   0.0073145185  -0.0216152578   0.0261820502
       -0.0000997653  -0.0001189923   0.0001045854  -0.0009982790  -0.0002382937
       -0.0001546985   0.0025840996  -0.0048756045   0.0019772186   0.0147045843
        0.0045183978   0.0049518275   0.0036289049   0.0030154949  -0.0010573607
       -0.0344013338  -0.0161583282  -0.0694322864  -0.0467651392   0.0394804811
        0.4944753856  -0.0159680688   0.0576670614  -0.1538703160  -0.0001278922
       -0.0000122759  -0.0000377988  -0.0000600619  -0.0000157830   0.0000201183
       -0.0000158254  -0.0000151795   0.0000327758  -0.0000441133   0.0002725140
        0.0000520932   0.0000718375  -0.0000652212  -0.0001328624   0.0012026006
        0.0000037636   0.0003807269  -0.0001848173   0.0000791424   0.0002302674
        0.0870619115  -0.0691986402  -0.1990610770  -0.0024063449  -0.0334015435
       -0.0472908773  -0.0029198118   0.0027123781  -0.0045619236  -0.0051763739
        0.0139066145  -0.0279079730  -0.0000861116   0.0024440145   0.0012821748
        0.0000715374  -0.0000785396   0.0001435285  -0.0001099845  -0.0000438206
       -0.0000531726  -0.0006905456  -0.0008412577   0.0011635047   0.0012707388
       -0.0021521932  -0.0032812083   0.0002196089   0.0015875877  -0.0000426308
       -0.0278116068   0.0181882812  -0.0310787783  -0.0625450217   0.0139045857
       -0.0159680688   0.5291656421   0.0123322298  -0.0134105672  -0.0000811179
       -0.0000398927   0.0000027746  -0.0000801442   0.0000243065  -0.0000199940
       -0.0000302423   0.0000003381  -0.0000332907  -0.0000500271   0.0001978362
       -0.0000595306  -0.0000260139   0.0000144856  -0.0000885064  -0.0000229057
        0.0000141917   0.0000008471   0.0000315580   0.0001165292   0.0001244095
        0.0033633309  -0.0061473726   0.0095389906   0.0020638966  -0.0013340622
        0.0029151473  -0.2837548095  -0.0213010475  -0.0354115392  -0.1024569941
        0.0425189502   0.0937697492  -0.0585268993  -0.0569611361  -0.0082116647
        0.0000218932  -0.0000192225  -0.0000186895   0.0000149492  -0.0001762116
        0.0000826796   0.0000685921  -0.0000834435   0.0001467293  -0.0003977113
       -0.0012132354  -0.0008310596   0.0007500561   0.0010576225   0.0006624135
        0.0037536972   0.0044935349   0.0011331784   0.0149640391  -0.1081469018
        0.0576670614   0.0123322298   0.5074651055   0.0310976116   0.0000300868
        0.0000282400  -0.0000006336  -0.0000252009   0.0000047377  -0.0000030087
       -0.0000047724   0.0000033252  -0.0000122331  -0.0001490711   0.0001184237
       -0.0000020187   0.0000613729   0.0000024290  -0.0000303162   0.0000248272
        0.0000211345  -0.0000116249   0.0000195568   0.0000006836  -0.0000325636
       -0.0013140663   0.0049139063  -0.0056361977   0.0061935151  -0.0203773656
        0.0250076414  -0.0205138080  -0.0440456358  -0.0037393841   0.0415290687
       -0.0763223490  -0.0695351930  -0.0573592544  -0.2677247776  -0.0359443928
       -0.0000477221  -0.0000394466  -0.0000239993  -0.0000692458   0.0000913345
       -0.0001927413  -0.0003047338  -0.0001830401   0.0001801421   0.0018445846
       -0.0015018725  -0.0002458589  -0.0002559777   0.0008946403   0.0000329996
       -0.0165098768   0.0046223205  -0.0066205207  -0.0176406517   0.0588584411
       -0.1538703160  -0.0134105672   0.0310976116   0.4758332587  -0.0000464741
       -0.0000141171   0.0000173224   0.0000016286  -0.0000059224   0.0000066494
        0.0000225562   0.0000180189   0.0000293289   0.0000077545   0.0000604606
        0.0000139439   0.0000729786  -0.0000115190   0.0000781563  -0.0000450822
       -0.0000064084   0.0000240014   0.0000705596   0.0000415028   0.0001152884
       -0.0040516421   0.0135362936  -0.0253762981  -0.0002509318   0.0019522841
        0.0005454160  -0.0363658774  -0.0039869477  -0.0468523250   0.0944489934
       -0.0706772369  -0.1950939570  -0.0074702729  -0.0347463972  -0.0486004908
       -0.0644583819  -0.0519780884   0.0477596954  -0.0132019198  -0.0213978880
        0.0169694228  -0.0066214836  -0.0025474256  -0.0006799819   0.0011154277
       -0.0009184566   0.0017535348  -0.0004664192  -0.0003276770  -0.0008525357
       -0.0004501070   0.0003513838   0.0001238473  -0.0000751799   0.0001027314
       -0.0001278922  -0.0000811179   0.0000300868  -0.0000464741   0.0768647046
        0.0625737756  -0.0548367053   0.0052937453   0.0136152573  -0.0110918172
        0.0010797290   0.0005450017   0.0005697363   0.0003632489  -0.0002255909
        0.0004973910   0.0006091884  -0.0000954832   0.0003192003  -0.0000598769
        0.0001873891  -0.0001330145   0.0000414309   0.0001253196  -0.0002565628
        0.0000149820  -0.0000027669   0.0000028142   0.0000300142  -0.0000069816
       -0.0000032903   0.0000034755   0.0000032033  -0.0000083757   0.0000037418
       -0.0000279595   0.0000182567  -0.0000052018  -0.0000058310   0.0000227508
       -0.0523955586  -0.1660134209   0.1092286850  -0.0050495342  -0.0065354942
        0.0051326600  -0.0028032454  -0.0001557542  -0.0006012208   0.0005740217
       -0.0001100500   0.0008205347  -0.0002694283  -0.0002316492  -0.0003773810
       -0.0003243009   0.0001103220  -0.0000390924  -0.0000023093   0.0000555747
       -0.0000122759  -0.0000398927   0.0000282400  -0.0000141171   0.0625737756
        0.1897124534  -0.1272123115  -0.0057478914  -0.0242761222   0.0189291776
        0.0028479490   0.0067755009  -0.0055239774   0.0003850147   0.0005088773
       -0.0000300454   0.0000821759  -0.0002187938  -0.0000331705   0.0000560614
        0.0003642160  -0.0000647569   0.0001030838   0.0000117759  -0.0002113545
       -0.0000047984   0.0000023684   0.0000059226   0.0000136078  -0.0000169676
        0.0000001043  -0.0000049494   0.0000005293  -0.0000064408   0.0000034825
       -0.0000177179  -0.0000010432   0.0000027361   0.0000061119   0.0000101033
        0.0482213035   0.1094352801  -0.1420861335  -0.0011081305  -0.0029609887
        0.0030894369  -0.0004641894  -0.0005110885   0.0009006514  -0.0001392866
       -0.0000379408   0.0001989420   0.0001376982   0.0000246080  -0.0000032124
        0.0000828968   0.0000206319   0.0000206139  -0.0000265887   0.0000325623
       -0.0000377988   0.0000027746  -0.0000006336   0.0000173224  -0.0548367053
       -0.1272123115   0.1613671950  -0.0008672912  -0.0003596782   0.0013363663
        0.0092678172   0.0222216498  -0.0254743988   0.0002304281  -0.0001708190
        0.0000023757  -0.0002871625  -0.0002775018   0.0005117542  -0.0000269882
       -0.0001731189  -0.0000520918  -0.0001980583  -0.0000277089   0.0002169924
        0.0000077988  -0.0000004020  -0.0000083905   0.0000019103   0.0000055718
        0.0000011707  -0.0000011522  -0.0000034068  -0.0000001023   0.0000005170
        0.0000030426   0.0000008768   0.0000024084  -0.0000077478  -0.0000015697
       -0.1224564086   0.1128504161   0.0143746942  -0.0237514444   0.0231439429
        0.0020492510   0.0010187953   0.0009069733  -0.0002503283  -0.0000129824
        0.0003483124  -0.0000769676   0.0001985620  -0.0000222927   0.0000137777
        0.0001290912  -0.0001255735   0.0001194452   0.0000301164   0.0000074566
       -0.0000600619  -0.0000801442  -0.0000252009   0.0000016286   0.0052937453
       -0.0057478914  -0.0008672912   0.1454588821  -0.1312387664  -0.0154722629
        0.0006440966   0.0012926940   0.0013590008  -0.0070121861  -0.0010557193
       -0.0016818318   0.0007986009   0.0004470387   0.0002963358  -0.0002553511
       -0.0008029309   0.0001488632  -0.0001017007   0.0000226037   0.0000422619
        0.0000281458   0.0000120115  -0.0000028294   0.0000066293  -0.0000154010
       -0.0000146249  -0.0000046253  -0.0000108091   0.0000120220   0.0000177613
        0.0000364746   0.0000189435   0.0000504169  -0.0000233386  -0.0000100258
        0.1135007248  -0.2023617841  -0.0199684886  -0.0012006224   0.0045801685
        0.0011632816  -0.0007634138   0.0012083012  -0.0002658122  -0.0005406797
       -0.0002437021  -0.0001632280   0.0000831645   0.0001951504   0.0001845076
        0.0002061718  -0.0000583599  -0.0000518733  -0.0001200804  -0.0000280910
       -0.0000157830   0.0000243065   0.0000047377  -0.0000059224   0.0136152573
       -0.0242761222  -0.0003596782  -0.1312387664   0.2321831813   0.0230616394
        0.0076543222  -0.0122682108  -0.0040061680  -0.0011634941   0.0008136320
        0.0001599036  -0.0001625325   0.0003929236   0.0003324805   0.0000169668
        0.0000876308  -0.0000172125   0.0001096890  -0.0002405632  -0.0000521121
        0.0000024000  -0.0000074722  -0.0000058411  -0.0000076102   0.0000256517
        0.0000059404   0.0000112675   0.0000020825   0.0000028172  -0.0000061137
       -0.0000044723   0.0000029842  -0.0000209572  -0.0000046820  -0.0000014351
        0.0146373051  -0.0200729116  -0.0474933752  -0.0041502032   0.0051892140
        0.0009816781   0.0004093517  -0.0003173922   0.0001574600   0.0001789259
        0.0001062632   0.0000230674  -0.0000775483  -0.0000529607  -0.0001008256
       -0.0000636171   0.0000064843  -0.0000127230   0.0000165382   0.0000056853
        0.0000201183  -0.0000199940  -0.0000030087   0.0000066494  -0.0110918172
        0.0189291776   0.0013363663  -0.0154722629   0.0230616394   0.0507164929
        0.0175508698  -0.0273849647  -0.0063134527  -0.0016801373  -0.0001362672
        0.0005347541  -0.0004687476   0.0006158235   0.0001681065   0.0001776459
        0.0002233921   0.0001883593   0.0000523873  -0.0001725086  -0.0002039028
       -0.0000083218  -0.0000019505  -0.0000025475  -0.0000006381  -0.0000005810
        0.0000013871  -0.0000033849   0.0000000524  -0.0000019004   0.0000066857
        0.0000055991   0.0000007884   0.0000069628  -0.0000007856  -0.0000065008
       -0.0433833509  -0.0040275414  -0.0132491412  -0.0059992758  -0.0115773352
       -0.0282527882   0.0009544863   0.0004867207  -0.0007668336  -0.0000183046
        0.0000891546  -0.0002199882   0.0001182177   0.0001151639   0.0001542450
        0.0001050093  -0.0000112875  -0.0000108802  -0.0000532691  -0.0000085427
       -0.0000158254  -0.0000302423  -0.0000047724   0.0000225562   0.0010797290
        0.0028479490   0.0092678172   0.0006440966   0.0076543222   0.0175508698
        0.0522025134   0.0069078579   0.0179325854   0.0008197187  -0.0002587696
       -0.0004766810  -0.0061536719  -0.0020873308  -0.0024871121  -0.0000992124
        0.0000532753   0.0001190520  -0.0002605831  -0.0002094134   0.0004306636
        0.0000110996   0.0000081271   0.0000033918   0.0000230775   0.0000205948
       -0.0000013359   0.0000145533  -0.0000000575   0.0000114327   0.0000277730
        0.0000132813   0.0000055793  -0.0000023643  -0.0000113965  -0.0000176069
       -0.0043521238  -0.0729103124  -0.0773199202  -0.0029615525  -0.0030593778
       -0.0078184522   0.0002977412   0.0002469939  -0.0005793706  -0.0000881319
        0.0000383396  -0.0000755457   0.0001188929   0.0000211552   0.0000991625
        0.0000886101  -0.0000304433   0.0000166544   0.0000134371   0.0000161996
       -0.0000151795   0.0000003381   0.0000033252   0.0000180189   0.0005450017
        0.0067755009   0.0222216498   0.0012926940  -0.0122682108  -0.0273849647
        0.0069078579   0.0806711017   0.0906178215   0.0004653817   0.0003503140
        0.0006179350  -0.0019489257   0.0003799252  -0.0005899627   0.0000760411
       -0.0002264280  -0.0001561011  -0.0004964722  -0.0000074204   0.0003473749
        0.0000141787   0.0000106826   0.0000061524   0.0000098319  -0.0000062424
       -0.0000051540   0.0000022547  -0.0000044700   0.0000055738   0.0000108911
       -0.0000002722  -0.0000056002   0.0000040540  -0.0000003605  -0.0000000920
       -0.0138761778  -0.0773789095  -0.2561413913  -0.0046702180  -0.0040206862
       -0.0091950535   0.0006486832   0.0003530201   0.0012043657   0.0006689562
        0.0001447115  -0.0000273533  -0.0000304252  -0.0000859761  -0.0000295424
       -0.0002458570   0.0001443361   0.0000642749   0.0000994523   0.0000139794
        0.0000327758  -0.0000332907  -0.0000122331   0.0000293289   0.0005697363
       -0.0055239774  -0.0254743988   0.0013590008  -0.0040061680  -0.0063134527
        0.0179325854   0.0906178215   0.2955722511   0.0002301704   0.0002797226
        0.0001549091  -0.0024893533  -0.0003090856   0.0000698352  -0.0000148772
       -0.0000932524  -0.0002107391  -0.0001892220  -0.0001435889   0.0002862642
        0.0000003095   0.0000101248   0.0000181204   0.0000134881  -0.0000083294
       -0.0000107447  -0.0000050691   0.0000020223  -0.0000018953   0.0000280287
        0.0000056218  -0.0000173373   0.0000040796   0.0000108465  -0.0000102169
       -0.0233490020   0.0225774843   0.0019508633  -0.1173625502   0.1088560349
        0.0131657819   0.0044806631  -0.0069492567  -0.0003451035   0.0008390235
       -0.0009861929   0.0002219013  -0.0000393072   0.0002788497   0.0000925420
        0.0003015412   0.0000059587  -0.0000447315  -0.0003584568  -0.0000944846
       -0.0000441133  -0.0000500271  -0.0001490711   0.0000077545   0.0003632489
        0.0003850147   0.0002304281  -0.0070121861  -0.0011634941  -0.0016801373
        0.0008197187   0.0004653817   0.0002301704   0.1404039095  -0.1233219559
       -0.0155482060   0.0007398246   0.0012016060   0.0011107216  -0.0001375419
       -0.0014739546   0.0009879833   0.0002594853   0.0001124570  -0.0002522847
        0.0000353746   0.0000153423   0.0000139602   0.0000704287   0.0000545667
       -0.0000038573   0.0000495827   0.0000655731   0.0000062003   0.0000332951
       -0.0000207884  -0.0000716026  -0.0000870244   0.0001409294  -0.0000282707
       -0.0020286997   0.0044205366   0.0004021424   0.1092946127  -0.1952456341
       -0.0206845412   0.0096971891  -0.0235556795   0.0016390489   0.0014872465
       -0.0015611870  -0.0000907108  -0.0002196729  -0.0000852345  -0.0001932427
       -0.0006079104   0.0009628056  -0.0001398868  -0.0001445297  -0.0001583142
        0.0002725140   0.0001978362   0.0001184237   0.0000604606  -0.0002255909
        0.0005088773  -0.0001708190  -0.0010557193   0.0008136320  -0.0001362672
       -0.0002587696   0.0003503140   0.0002797226  -0.1233219559   0.2283329059
        0.0209288165   0.0084034262  -0.0121451273  -0.0051683926  -0.0016304263
       -0.0035940330   0.0035854675   0.0003213965   0.0008418692  -0.0005307494
        0.0000572585  -0.0000120594   0.0000024947   0.0000884460   0.0000177615
        0.0000500465   0.0000971988  -0.0000279523   0.0000014736  -0.0000749554
       -0.0001031168  -0.0001293122  -0.0000763804   0.0001212123   0.0000217347
       -0.0042393618   0.0048533948   0.0014531433   0.0133927834  -0.0220832427
       -0.0482256487  -0.0086248821   0.0176167847   0.0003365692  -0.0004652762
        0.0000713944   0.0006252803  -0.0001059826  -0.0000028700  -0.0001964289
       -0.0002013512  -0.0001895159  -0.0000936854   0.0000512909   0.0000165059
        0.0000520932  -0.0000595306  -0.0000020187   0.0000139439   0.0004973910
       -0.0000300454   0.0000023757  -0.0016818318   0.0001599036   0.0005347541
       -0.0004766810   0.0006179350   0.0001549091  -0.0155482060   0.0209288165
        0.0533520438   0.0170803813  -0.0263402177  -0.0065353889   0.0010718977
        0.0037757270  -0.0018160343  -0.0006337435   0.0006326437   0.0004663426
        0.0000126646   0.0000190922  -0.0000505898  -0.0000505194  -0.0000195714
       -0.0000474890   0.0000280603   0.0000214637  -0.0000483865  -0.0000274188
       -0.0000847744  -0.0000714930  -0.0000196841   0.0000385948   0.0000936890
       -0.0064452946  -0.0114663152  -0.0279457623  -0.0433013084  -0.0018273310
       -0.0122260956  -0.0001028834   0.0014463628   0.0101096159   0.0001686679
        0.0002781964   0.0019229345   0.0000936135   0.0001414670  -0.0006409275
        0.0001772705  -0.0000716817  -0.0001508392  -0.0002171288  -0.0000714682
        0.0000718375  -0.0000260139   0.0000613729   0.0000729786   0.0006091884
        0.0000821759  -0.0002871625   0.0007986009  -0.0001625325  -0.0004687476
       -0.0061536719  -0.0019489257  -0.0024893533   0.0007398246   0.0084034262
        0.0170803813   0.0536053890   0.0066343303   0.0143867363   0.0002453618
        0.0002592165  -0.0006279361  -0.0002111744  -0.0017194456   0.0013488565
        0.0000450333  -0.0000006426  -0.0000533555  -0.0000143297  -0.0000103499
        0.0000030373   0.0000586893  -0.0000168945  -0.0000393779  -0.0000841117
       -0.0000269464  -0.0000779276   0.0000142774   0.0000159853   0.0000111073
       -0.0029117016  -0.0024719408  -0.0078248539  -0.0015355823  -0.0720512077
       -0.0753747095  -0.0007228876   0.0049080075   0.0208596566  -0.0001085343
        0.0008763513   0.0007983435   0.0006072572   0.0000343378  -0.0000556221
        0.0003388063  -0.0001518921  -0.0001177177  -0.0001122085  -0.0000284875
       -0.0000652212   0.0000144856   0.0000024290  -0.0000115190  -0.0000954832
       -0.0002187938  -0.0002775018   0.0004470387   0.0003929236   0.0006158235
       -0.0020873308   0.0003799252  -0.0003090856   0.0012016060  -0.0121451273
       -0.0263402177   0.0066343303   0.0820850310   0.0839348912   0.0001101114
        0.0007312939   0.0005485327  -0.0017860472  -0.0023569917   0.0035798189
        0.0000092170  -0.0000193003   0.0000185611  -0.0000087997   0.0000115006
        0.0000289505  -0.0000153753  -0.0000076689   0.0000208493   0.0000283909
        0.0000695031   0.0000150978  -0.0000072927  -0.0000398930  -0.0000440766
       -0.0037420308  -0.0042972028  -0.0086064300  -0.0133488719  -0.0746466646
       -0.2447694820   0.0023799866  -0.0023315799  -0.0230727228  -0.0001983750
       -0.0007977717  -0.0012800671  -0.0000558196   0.0005875847   0.0006931320
        0.0003958358  -0.0002045662  -0.0000349423  -0.0001180720   0.0000979448
       -0.0001328624  -0.0000885064  -0.0000303162   0.0000781563   0.0003192003
       -0.0000331705   0.0005117542   0.0002963358   0.0003324805   0.0001681065
       -0.0024871121  -0.0005899627   0.0000698352   0.0011107216  -0.0051683926
       -0.0065353889   0.0143867363   0.0839348912   0.2854650340  -0.0003069367
       -0.0005018827   0.0004497260   0.0014528681   0.0036028974  -0.0029970406
       -0.0000395627   0.0000277074   0.0000024336  -0.0000053931   0.0000309229
       -0.0000203498  -0.0000457942  -0.0000014567  -0.0000135934   0.0000877013
        0.0000282209   0.0000610973   0.0000070887  -0.0000396831  -0.0000363958
        0.0010875353  -0.0010081372   0.0001830733   0.0051026580  -0.0062538995
       -0.0008784294  -0.1165153426   0.1103819246   0.0109401854  -0.0205761230
        0.0237775016   0.0015515902   0.0029220557   0.0002982094   0.0021996343
       -0.0078527159  -0.0005414170  -0.0013981722  -0.0012611876   0.0005779189
        0.0012026006  -0.0000229057   0.0000248272  -0.0000450822  -0.0000598769
        0.0000560614  -0.0000269882  -0.0002553511   0.0000169668   0.0001776459
       -0.0000992124   0.0000760411  -0.0000148772  -0.0001375419  -0.0016304263
        0.0010718977   0.0002453618   0.0001101114  -0.0003069367   0.1373072475
       -0.1269042039  -0.0155566563   0.0004631535   0.0011063521   0.0008925146
       -0.0004452328  -0.0000719285  -0.0000927025   0.0000351609   0.0000533984
        0.0000220218   0.0000019446  -0.0000083559   0.0000061890   0.0000265521
        0.0000268513   0.0000539762   0.0000338205  -0.0000877960   0.0000185157
        0.0006974591   0.0009137292  -0.0004085565   0.0106747188  -0.0230537111
        0.0021522291   0.1122791376  -0.2007588895  -0.0228275785  -0.0008501482
        0.0031811058  -0.0004460616  -0.0004703972   0.0006739802   0.0010372535
       -0.0004442989   0.0000838033  -0.0000860369  -0.0007686983   0.0000754532
        0.0000037636   0.0000141917   0.0000211345  -0.0000064084   0.0001873891
        0.0003642160  -0.0001731189  -0.0008029309   0.0000876308   0.0002233921
        0.0000532753  -0.0002264280  -0.0000932524  -0.0014739546  -0.0035940330
        0.0037757270   0.0002592165   0.0007312939  -0.0005018827  -0.1269042039
        0.2323004089   0.0212171368   0.0076544060  -0.0108337062  -0.0039002853
       -0.0000834000   0.0000037993   0.0000132482   0.0000330362   0.0000467824
        0.0000156257  -0.0000011055   0.0000110304  -0.0000060178   0.0000021171
       -0.0000340056   0.0000127881  -0.0000558098   0.0000064055  -0.0000019652
       -0.0005052098  -0.0004043358   0.0003401319  -0.0085274759   0.0170587200
        0.0006014410   0.0111913826  -0.0238571653  -0.0470689922  -0.0016899544
        0.0063729012   0.0016419396   0.0003099925  -0.0002690740  -0.0003405798
       -0.0018582212   0.0002118390   0.0007785040  -0.0000827869  -0.0000011194
        0.0003807269   0.0000008471  -0.0000116249   0.0000240014  -0.0001330145
       -0.0000647569  -0.0000520918   0.0001488632  -0.0000172125   0.0001883593
        0.0001190520  -0.0001561011  -0.0002107391   0.0009879833   0.0035854675
       -0.0018160343  -0.0006279361   0.0005485327   0.0004497260  -0.0155566563
        0.0212171368   0.0501561685   0.0162257985  -0.0242311538  -0.0051019755
       -0.0001123732  -0.0000085355  -0.0000106918   0.0000605725   0.0000253012
        0.0000288388   0.0000139812  -0.0000101453   0.0000181775   0.0000195576
        0.0000103052   0.0000125599   0.0000155980   0.0000010208  -0.0000194703
        0.0005945260   0.0004101669   0.0008268784   0.0007299663   0.0020730535
        0.0099541613  -0.0422954999   0.0027033183  -0.0055404674  -0.0002436636
       -0.0087303463  -0.0263809399  -0.0076659622  -0.0048292458  -0.0028635603
        0.0003012114  -0.0008707037   0.0009069546  -0.0000935486  -0.0001500958
       -0.0001848173   0.0000315580   0.0000195568   0.0000705596   0.0000414309
        0.0001030838  -0.0001980583  -0.0001017007   0.0001096890   0.0000523873
       -0.0002605831  -0.0004964722  -0.0001892220   0.0002594853   0.0003213965
       -0.0006337435  -0.0002111744  -0.0017860472   0.0014528681   0.0004631535
        0.0076544060   0.0162257985   0.0481819095   0.0034299274   0.0063724290
        0.0000485083   0.0000280911   0.0000164910   0.0001483079   0.0000655752
        0.0000099436   0.0000350929  -0.0000212760   0.0000548970   0.0000368851
       -0.0000348179   0.0000554159   0.0000000973   0.0000007405  -0.0000079756
        0.0006252081   0.0006015687   0.0003609323  -0.0008952300   0.0052221642
        0.0201197474   0.0029228658  -0.0697130047  -0.0804459513  -0.0044741731
       -0.0032774957  -0.0083774288  -0.0025408016  -0.0002728539  -0.0005714498
        0.0012356393  -0.0005752993  -0.0000105474   0.0000959968  -0.0000930790
        0.0000791424   0.0001165292   0.0000006836   0.0000415028   0.0001253196
        0.0000117759  -0.0000277089   0.0000226037  -0.0002405632  -0.0001725086
       -0.0002094134  -0.0000074204  -0.0001435889   0.0001124570   0.0008418692
        0.0006326437  -0.0017194456  -0.0023569917   0.0036028974   0.0011063521
       -0.0108337062  -0.0242311538   0.0034299274   0.0807141668   0.0890917088
        0.0000360211   0.0000486131   0.0000142635  -0.0000043959  -0.0000187190
       -0.0000344884   0.0000048073  -0.0000220106   0.0000343400   0.0000019004
       -0.0000267163   0.0000123968   0.0000078317  -0.0000029815   0.0000252509
       -0.0005571459  -0.0005600176   0.0011000204   0.0018248098  -0.0020719356
       -0.0233473470  -0.0065941909  -0.0797731965  -0.2502652425  -0.0012739827
       -0.0051808810  -0.0103839850  -0.0028777783  -0.0015978799  -0.0007459229
       -0.0000025151   0.0008618586   0.0007645890   0.0004656929  -0.0000340716
        0.0002302674   0.0001244095  -0.0000325636   0.0001152884  -0.0002565628
       -0.0002113545   0.0002169924   0.0000422619  -0.0000521121  -0.0002039028
        0.0004306636   0.0003473749   0.0002862642  -0.0002522847  -0.0005307494
        0.0004663426   0.0013488565   0.0035798189  -0.0029970406   0.0008925146
       -0.0039002853  -0.0051019755   0.0063724290   0.0890917088   0.2898008033
        0.0000940618   0.0000154646   0.0000431375   0.0001328708   0.0000416244
        0.0000028485   0.0000421946  -0.0000201107   0.0000493600   0.0000478141
       -0.0000213785  -0.0000190810  -0.0000041185   0.0000486861  -0.0000114165
       -0.0000501769  -0.0000354096  -0.0000142278   0.0000794734   0.0000744449
       -0.0000846794  -0.0012486475   0.0014383393   0.0000743915  -0.0062999980
       -0.0034454003  -0.0000363250   0.0011226834  -0.0002309749  -0.0001343319
       -0.0307026301   0.0134730698   0.0228856490  -0.0836583970   0.0351868281
        0.0870619115   0.0033633309  -0.0013140663  -0.0040516421   0.0000149820
       -0.0000047984   0.0000077988   0.0000281458   0.0000024000  -0.0000083218
        0.0000110996   0.0000141787   0.0000003095   0.0000353746   0.0000572585
        0.0000126646   0.0000450333   0.0000092170  -0.0000395627  -0.0004452328
       -0.0000834000  -0.0001123732   0.0000485083   0.0000360211   0.0000940618
        0.1133410984  -0.0452567129  -0.1016267672   0.0034582793  -0.0006274981
       -0.0023424046   0.0002700441   0.0000561212  -0.0005150133   0.0005141783
        0.0008908466  -0.0013295127   0.0000728510  -0.0002404647   0.0001583751
       -0.0000125417  -0.0000136639   0.0000053410  -0.0000316498   0.0000531482
       -0.0000506529  -0.0001781177   0.0001702591  -0.0000273767   0.0001377482
       -0.0011240373  -0.0016946507   0.0009714362   0.0006590715   0.0007599743
       -0.0010411067   0.0021771100   0.0025446337   0.0386954512  -0.0727071491
       -0.0691986402  -0.0061473726   0.0049139063   0.0135362936  -0.0000027669
        0.0000023684  -0.0000004020   0.0000120115  -0.0000074722  -0.0000019505
        0.0000081271   0.0000106826   0.0000101248   0.0000153423  -0.0000120594
        0.0000190922  -0.0000006426  -0.0000193003   0.0000277074  -0.0000719285
        0.0000037993  -0.0000085355   0.0000280911   0.0000486131   0.0000154646
       -0.0452567129   0.0791754273   0.0751802552   0.0129924788  -0.0131360126
       -0.0250934329  -0.0003135320   0.0002433092  -0.0001935918   0.0005858415
       -0.0009791268   0.0034698501  -0.0003901567   0.0005411267   0.0007004963
       -0.0000096894   0.0000081700   0.0000139301   0.0000160103  -0.0000384161
        0.0000473749  -0.0002201712   0.0002270582   0.0000365755  -0.0009314556
       -0.0002450640  -0.0004200167   0.0001225904   0.0004807239   0.0005486630
        0.0005155718   0.0009285876   0.0049796459   0.0906080811  -0.0692182101
       -0.1990610770   0.0095389906  -0.0056361977  -0.0253762981   0.0000028142
        0.0000059226  -0.0000083905  -0.0000028294  -0.0000058411  -0.0000025475
        0.0000033918   0.0000061524   0.0000181204   0.0000139602   0.0000024947
       -0.0000505898  -0.0000533555   0.0000185611   0.0000024336  -0.0000927025
        0.0000132482  -0.0000106918   0.0000164910   0.0000142635   0.0000431375
       -0.1016267672   0.0751802552   0.2280941782   0.0030792853  -0.0043230669
       -0.0053131817   0.0001505056  -0.0003083937   0.0002640883  -0.0014525425
        0.0035241462  -0.0046414449   0.0003218210  -0.0006343940   0.0008360905
       -0.0000259794   0.0000750723  -0.0000353443   0.0001288608   0.0000791217
        0.0000292329   0.0001913773   0.0004598995  -0.0003861927   0.0003492722
       -0.0032528737  -0.0016401565   0.0004699018   0.0010007611   0.0007263401
       -0.0271847133  -0.0335205686  -0.0089016959  -0.0451501344  -0.0348346813
       -0.0024063449   0.0020638966   0.0061935151  -0.0002509318   0.0000300142
        0.0000136078   0.0000019103   0.0000066293  -0.0000076102  -0.0000006381
        0.0000230775   0.0000098319   0.0000134881   0.0000704287   0.0000884460
       -0.0000505194  -0.0000143297  -0.0000087997  -0.0000053931   0.0000351609
        0.0000330362   0.0000605725   0.0001483079  -0.0000043959   0.0001328708
        0.0034582793   0.0129924788   0.0030792853   0.0648900331   0.0497861992
        0.0109908518   0.0000994249   0.0004578296  -0.0001762120   0.0000251187
       -0.0003437114   0.0003572379   0.0003853736   0.0007828417  -0.0015383610
        0.0000074887   0.0000081569   0.0000340534   0.0000026030   0.0000531256
       -0.0001350906  -0.0000070711  -0.0002692280   0.0000636486   0.0016641282
        0.0000001379  -0.0011790276   0.0007728071   0.0004500816   0.0011598410
       -0.0129906941  -0.0057899905  -0.0040382994  -0.0383397096  -0.2546038119
       -0.0334015435  -0.0013340622  -0.0203773656   0.0019522841  -0.0000069816
       -0.0000169676   0.0000055718  -0.0000154010   0.0000256517  -0.0000005810
        0.0000205948  -0.0000062424  -0.0000083294   0.0000545667   0.0000177615
       -0.0000195714  -0.0000103499   0.0000115006   0.0000309229   0.0000533984
        0.0000467824   0.0000253012   0.0000655752  -0.0000187190   0.0000416244
       -0.0006274981  -0.0131360126  -0.0043230669   0.0497861992   0.2942758135
        0.0371647939   0.0000716489   0.0001687614  -0.0002928377  -0.0002875529
        0.0008006568  -0.0007546727   0.0011203101  -0.0016400923   0.0036749789
       -0.0000044629   0.0000004994   0.0000068487   0.0000400927  -0.0000114989
        0.0000002638  -0.0001655476  -0.0002246737  -0.0000390021   0.0007064800
        0.0011056353   0.0018775678   0.0001255117  -0.0000115313  -0.0010718759
       -0.0074812457  -0.0076467115  -0.0014826774  -0.0040628520  -0.0349066761
       -0.0472908773   0.0029151473   0.0250076414   0.0005454160  -0.0000032903
        0.0000001043   0.0000011707  -0.0000146249   0.0000059404   0.0000013871
       -0.0000013359  -0.0000051540  -0.0000107447  -0.0000038573   0.0000500465
       -0.0000474890   0.0000030373   0.0000289505  -0.0000203498   0.0000220218
        0.0000156257   0.0000288388   0.0000099436  -0.0000344884   0.0000028485
       -0.0023424046  -0.0250934329  -0.0053131817   0.0109908518   0.0371647939
        0.0556635297   0.0003026479   0.0000254303   0.0003715220   0.0002447369
        0.0006445393   0.0007394660  -0.0012808499   0.0038849597  -0.0039626611
       -0.0000429960  -0.0000080977   0.0000033326  -0.0000529902   0.0000028715
       -0.0000587236  -0.0001078465  -0.0000874963   0.0001575934   0.0005435324
       -0.0009471118  -0.0006604524   0.0001399794   0.0003808897   0.0001319469
       -0.0012727633   0.0023398868  -0.0025575017  -0.0106443704   0.0001717349
       -0.0029198118  -0.2837548095  -0.0205138080  -0.0363658774   0.0000034755
       -0.0000049494  -0.0000011522  -0.0000046253   0.0000112675  -0.0000033849
        0.0000145533   0.0000022547  -0.0000050691   0.0000495827   0.0000971988
        0.0000280603   0.0000586893  -0.0000153753  -0.0000457942   0.0000019446
       -0.0000011055   0.0000139812   0.0000350929   0.0000048073   0.0000421946
        0.0002700441  -0.0003135320   0.0001505056   0.0000994249   0.0000716489
        0.0003026479   0.3259890282   0.0230834673   0.0429980871  -0.0203412010
       -0.0006377198   0.0003504139  -0.0109837452  -0.0036368313  -0.0015609962
        0.0000005513   0.0000349485  -0.0000083058   0.0000557784   0.0000146458
       -0.0000134529   0.0001207585   0.0000550923  -0.0001740746   0.0001434907
        0.0004053185   0.0006219455  -0.0002841170  -0.0002014430  -0.0000912962
        0.0030170767  -0.0015580531   0.0032643622   0.0141514040   0.0007392014
        0.0027123781  -0.0213010475  -0.0440456358  -0.0039869477   0.0000032033
        0.0000005293  -0.0000034068  -0.0000108091   0.0000020825   0.0000000524
       -0.0000000575  -0.0000044700   0.0000020223   0.0000655731  -0.0000279523
        0.0000214637  -0.0000168945  -0.0000076689  -0.0000014567  -0.0000083559
        0.0000110304  -0.0000101453  -0.0000212760  -0.0000220106  -0.0000201107
        0.0000561212   0.0002433092  -0.0003083937   0.0004578296   0.0001687614
        0.0000254303   0.0230834673   0.0481103935   0.0024708065   0.0122126778
        0.0012252469   0.0004705447  -0.0317253743  -0.0051433259  -0.0049714152
       -0.0000042683  -0.0000354224   0.0000559128  -0.0001100236   0.0000086853
       -0.0000009827  -0.0002618032  -0.0001320912   0.0003313158  -0.0001308534
       -0.0004971483  -0.0010572454   0.0002492470   0.0003014229   0.0001530692
       -0.0045849399   0.0034108892  -0.0049102354  -0.0225033266  -0.0008678526
       -0.0045619236  -0.0354115392  -0.0037393841  -0.0468523250  -0.0000083757
       -0.0000064408  -0.0000001023   0.0000120220   0.0000028172  -0.0000019004
        0.0000114327   0.0000055738  -0.0000018953   0.0000062003   0.0000014736
       -0.0000483865  -0.0000393779   0.0000208493  -0.0000135934   0.0000061890
       -0.0000060178   0.0000181775   0.0000548970   0.0000343400   0.0000493600
       -0.0005150133  -0.0001935918   0.0002640883  -0.0001762120  -0.0002928377
        0.0003715220   0.0429980871   0.0024708065   0.0536252965   0.0260979167
        0.0012373909   0.0027145564  -0.0056902588  -0.0017234620  -0.0001347086
       -0.0000045400   0.0000004068   0.0000215816  -0.0000504604  -0.0000279511
       -0.0000608231  -0.0000183983  -0.0000139678  -0.0000096071  -0.0000898121
        0.0000990784  -0.0003826411  -0.0001930642   0.0001989267   0.0002087679
        0.0014115243  -0.0004483005   0.0000136720   0.0032738195  -0.0021715764
       -0.0051763739  -0.1024569941   0.0415290687   0.0944489934   0.0000037418
        0.0000034825   0.0000005170   0.0000177613  -0.0000061137   0.0000066857
        0.0000277730   0.0000108911   0.0000280287   0.0000332951  -0.0000749554
       -0.0000274188  -0.0000841117   0.0000283909   0.0000877013   0.0000265521
        0.0000021171   0.0000195576   0.0000368851   0.0000019004   0.0000478141
        0.0005141783   0.0005858415  -0.0014525425   0.0000251187  -0.0002875529
        0.0002447369  -0.0203412010   0.0122126778   0.0260979167   0.1140972447
       -0.0491704560  -0.1090093037   0.0037706880  -0.0024719081  -0.0051072629
        0.0000126187  -0.0000460774   0.0000270623  -0.0000455856   0.0000844931
       -0.0000422680  -0.0001326848  -0.0001609501  -0.0000164484   0.0002090631
        0.0011082065   0.0006476646  -0.0004085773  -0.0004685565  -0.0004816735
       -0.0004772554  -0.0001322203  -0.0011109400  -0.0076919118   0.0056853666
        0.0139066145   0.0425189502  -0.0763223490  -0.0706772369  -0.0000279595
       -0.0000177179   0.0000030426   0.0000364746  -0.0000044723   0.0000055991
        0.0000132813  -0.0000002722   0.0000056218  -0.0000207884  -0.0001031168
       -0.0000847744  -0.0000269464   0.0000695031   0.0000282209   0.0000268513
       -0.0000340056   0.0000103052  -0.0000348179  -0.0000267163  -0.0000213785
        0.0008908466  -0.0009791268   0.0035241462  -0.0003437114   0.0008006568
        0.0006445393  -0.0006377198   0.0012252469   0.0012373909  -0.0491704560
        0.0845252633   0.0782996335   0.0153103284  -0.0152031550  -0.0259051213
        0.0000817994  -0.0000017272   0.0000273421   0.0000393305   0.0000279945
        0.0000920426   0.0000720860   0.0000663211  -0.0000540000  -0.0005417255
       -0.0001522565  -0.0010799800   0.0004478197   0.0001445323   0.0006989214
        0.0007550501  -0.0008479365   0.0018238598   0.0112809414  -0.0055651337
       -0.0279079730   0.0937697492  -0.0695351930  -0.1950939570   0.0000182567
       -0.0000010432   0.0000008768   0.0000189435   0.0000029842   0.0000007884
        0.0000055793  -0.0000056002  -0.0000173373  -0.0000716026  -0.0001293122
       -0.0000714930  -0.0000779276   0.0000150978   0.0000610973   0.0000539762
        0.0000127881   0.0000125599   0.0000554159   0.0000123968  -0.0000190810
       -0.0013295127   0.0034698501  -0.0046414449   0.0003572379  -0.0007546727
        0.0007394660   0.0003504139   0.0004705447   0.0027145564  -0.1090093037
        0.0782996335   0.2283906418   0.0037234722  -0.0055292677  -0.0056768864
        0.0000139665  -0.0000422732  -0.0000101180  -0.0000735574   0.0001133849
        0.0000488230  -0.0000052294   0.0000093030  -0.0000241793  -0.0003642041
        0.0005382135   0.0001483457   0.0000652793  -0.0002414019  -0.0001068918
        0.0013833051  -0.0000099037   0.0006647197   0.0014966342   0.0073145185
       -0.0000861116  -0.0585268993  -0.0573592544  -0.0074702729  -0.0000052018
        0.0000027361   0.0000024084   0.0000504169  -0.0000209572   0.0000069628
       -0.0000023643   0.0000040540   0.0000040796  -0.0000870244  -0.0000763804
       -0.0000196841   0.0000142774  -0.0000072927   0.0000070887   0.0000338205
       -0.0000558098   0.0000155980   0.0000000973   0.0000078317  -0.0000041185
        0.0000728510  -0.0003901567   0.0003218210   0.0003853736   0.0011203101
       -0.0012808499  -0.0109837452  -0.0317253743  -0.0056902588   0.0037706880
        0.0153103284   0.0037234722   0.0627615160   0.0655081241   0.0097491657
       -0.0000581733   0.0000436244  -0.0000245941   0.0000014611  -0.0000018125
       -0.0000164260   0.0000219073   0.0001075559   0.0000400714  -0.0000769103
       -0.0008045038   0.0001677795   0.0000751203   0.0003730434   0.0001327677
       -0.0002844429   0.0011342021  -0.0014321535  -0.0026888810  -0.0216152578
        0.0024440145  -0.0569611361  -0.2677247776  -0.0347463972  -0.0000058310
        0.0000061119  -0.0000077478  -0.0000233386  -0.0000046820  -0.0000007856
       -0.0000113965  -0.0000003605   0.0000108465   0.0001409294   0.0001212123
        0.0000385948   0.0000159853  -0.0000398930  -0.0000396831  -0.0000877960
        0.0000064055   0.0000010208   0.0000007405  -0.0000029815   0.0000486861
       -0.0002404647   0.0005411267  -0.0006343940   0.0007828417  -0.0016400923
        0.0038849597  -0.0036368313  -0.0051433259  -0.0017234620  -0.0024719081
       -0.0152031550  -0.0055292677   0.0655081241   0.3098475597   0.0373861702
        0.0000053931   0.0000141662  -0.0000105715   0.0000309418  -0.0000419089
        0.0000390847   0.0000711625   0.0000748482  -0.0000515194  -0.0002237158
        0.0000899583  -0.0000061930   0.0001225986  -0.0003080980  -0.0000475334
        0.0014274985  -0.0009612522   0.0012635883   0.0050883704   0.0261820502
        0.0012821748  -0.0082116647  -0.0359443928  -0.0486004908   0.0000227508
        0.0000101033  -0.0000015697  -0.0000100258  -0.0000014351  -0.0000065008
       -0.0000176069  -0.0000000920  -0.0000102169  -0.0000282707   0.0000217347
        0.0000936890   0.0000111073  -0.0000440766  -0.0000363958   0.0000185157
       -0.0000019652  -0.0000194703  -0.0000079756   0.0000252509  -0.0000114165
        0.0001583751   0.0007004963   0.0008360905  -0.0015383610   0.0036749789
       -0.0039626611  -0.0015609962  -0.0049714152  -0.0001347086  -0.0051072629
       -0.0259051213  -0.0056768864   0.0097491657   0.0373861702   0.0550615069
