           1           2  0.991813091440656     
           2           3  0.958087783599770     
           2           4  0.964434767227260     
           4           5   1.28826727981633     
           5           6   1.57109699717161     
           6           7   1.26597898995754     
           7           8   1.30736029506646     
           8           9   1.44998915225606     
           9          10   1.27371146983251     
           8          11  0.114537489168466     
          10          11   1.55371407579355     
           7          12   1.24092115555123     
          11          12   1.28298900722989     
           4          13   1.52752265022970     
           6          13  0.113442136053338     
          12          13   1.27958855516793     
           9          14   1.05549279987721     
          14          15  0.970892674072640     
           2          16  0.958074807211952     
          16          17   1.70506374274047     
          16          18   1.17727577001355     
          17          18  0.171569998368058     
           1          19  0.984556631226656     
           1          20  0.984974812852431     
           1          21  0.983657739253065     
           5          22  0.967008600916026     
           6          23  0.967592000311318     
           8          24  0.965860678406169     
          10          25  0.964249392069843     
          11          26  0.966871742264294     
          13          27  0.964408039316673     
          15          28  0.976734139709588     
          15          29  0.976722170368844     
          15          30  0.977646014359358     
          18          31  0.800708142818453     
