           1           2   1.02125264892486     
           2           3  0.986485226700610     
           3           4  0.978277446716030     
           4           5   1.69065791642894     
           4           6   1.17003292680421     
           5           6  0.170978414158682     
           6           7  0.918648638483350     
           7           8   1.01967036923306     
           1           9  0.985898824956862     
           1          10  0.986113444488214     
           1          11  0.987585103655610     
           2          12  0.977285273308875     
           2          13  0.975269660245607     
           3          14  0.948257896284658     
           3          15  0.972003000694116     
           7          16  0.968840417968619     
           7          17  0.969200464342774     
           8          18  0.983609094712251     
           8          19  0.983510767101393     
           8          20  0.980155419900779     
