           1           2  0.988472951634639     
           2           3  0.959215153587092     
           2           4  0.972435450958859     
           4           5   1.39886857780676     
           5           6   1.46112071823266     
           4           7  0.100339536826478     
           6           7   1.37843584411509     
           7           8   1.35739563788710     
           4           9   1.40750742490895     
           6           9  0.104883715683112     
           8           9   1.41259158961098     
           8          10  0.921907316164593     
           7          11   1.04347335129134     
          11          12   1.39323249090090     
          12          13   1.44792475078189     
          11          14  0.105604143742707     
          13          14   1.43748371413207     
          12          15  0.108942591206567     
          14          15   1.43326050440594     
          11          16   1.38719161858440     
          13          16  0.109332564548568     
          15          16   1.45277917428124     
           2          17  0.951615014230217     
          17          18   1.71118350834445     
          17          19   1.18263663819860     
          18          19  0.174368323313898     
           1          20  0.983106236596682     
           1          21  0.983996622421536     
           1          22  0.984374971823546     
           5          23  0.964476614916431     
           6          24  0.965460004041291     
           9          25  0.962039001389763     
          12          26  0.970091221017320     
          13          27  0.970173094111228     
          14          28  0.970697384642901     
          15          29  0.969788786987217     
          16          30  0.968113829488028     
          19          31  0.798181308622080     
