           1           2   1.02159883668972     
           2           3  0.983828358991595     
           3           4  0.977959477564952     
           4           5   1.69459278431640     
           4           6   1.16720686866797     
           5           6  0.169878637850165     
           6           7  0.921404237943484     
           7           8   1.01333928525931     
           1           9  0.985636447295744     
           1          10  0.987172120838213     
           1          11  0.986683487803810     
           2          12  0.975233545567320     
           2          13  0.976722019877347     
           3          14  0.972960361186893     
           3          15  0.953057597846197     
           7          16  0.969039485020773     
           7          17  0.970207429327421     
           8          18  0.984484527618187     
           8          19  0.980332961171145     
           8          20  0.985957631016799     
