           1           2   1.42101709928545     
           2           3   1.44459714150959     
           3           4   1.39240180932897     
           4           5   1.32672754740976     
           1           6   1.44839740826238     
           5           6   1.38370395998475     
           5           7   1.05075856503151     
           7           8   1.70241836600270     
           7           9   1.04726100466090     
           9          10   1.43555438728877     
          10          11   1.35104582686465     
          11          12   1.53386258032671     
          12          13   1.24788072222346     
           9          14   1.28076001145158     
          13          14   1.23064676145986     
           4          15   1.03932698412178     
          14          15   1.14881870150048     
          15          16   1.60244395728832     
          13          17   1.32593442858198     
          17          18   1.00351939941382     
          18          19  0.982613127140765     
          19          20   1.00195561882577     
           1          21  0.967159412109786     
           2          22  0.967126058238366     
           3          23  0.963716373658564     
           6          24  0.964798098527501     
          10          25  0.964909732919076     
          11          26  0.966390300329226     
          12          27  0.958096711510385     
          17          28  0.874092951414169     
          18          29  0.957211415635042     
          18          30  0.960256664232837     
          19          31  0.969637454202808     
          19          32  0.967020372775641     
          20          33  0.857490493059505     
