           1           2   1.01936336208200     
           2           3   1.00197182570496     
           3           4  0.982404903498700     
           4           5   1.68390736112232     
           4           6   1.17229727002059     
           5           6  0.169342042461452     
           6           7  0.919654632602604     
           7           8   1.01348446401225     
           1           9  0.985893465749040     
           1          10  0.986960151980450     
           1          11  0.986973261007196     
           2          12  0.976142219329519     
           2          13  0.978281003235055     
           3          14  0.962283537149731     
           3          15  0.937151575365885     
           7          16  0.970108261281974     
           7          17  0.968976630408277     
           8          18  0.980193729878815     
           8          19  0.984437605585380     
           8          20  0.985797438640219     
