$hessian                                                                        
        0.5198913076   0.0150407041  -0.0016692269  -0.0739061087   0.0319795412
        0.0009089094   0.0024610585  -0.0191212645   0.0002068589   0.0003897489
       -0.0011471382   0.0007068831  -0.0001213883  -0.0003302374  -0.0003736500
        0.0001709096  -0.0001634489  -0.0001908788   0.0004735177  -0.0000002440
        0.0000327864   0.0003655781   0.0001772340  -0.0000025178  -0.1648321644
       -0.0904858341   0.0803735189  -0.0450382659   0.0018070576   0.0070645778
       -0.2302416122   0.0372207752  -0.0897135238   0.0007490977   0.0013494400
        0.0004737585  -0.0083551280   0.0275251989   0.0009928945  -0.0021094861
       -0.0033662993   0.0018721552   0.0004808783  -0.0002325003  -0.0006533040
       -0.0000353787  -0.0000359445  -0.0000347265  -0.0000733671  -0.0000543109
        0.0000072283  -0.0001968106  -0.0000975308  -0.0000325117  -0.0000526906
       -0.0000590333   0.0000316849  -0.0000196958  -0.0000061649  -0.0000009165
        0.0150407041   0.4629487593  -0.0050340545   0.0321382056  -0.1949817237
       -0.0120764012  -0.0024643732  -0.0242234037   0.0026832539   0.0008847237
        0.0001136026  -0.0004045957  -0.0001060258  -0.0000490824   0.0000919349
       -0.0003746690   0.0000439576   0.0002578917   0.0004173591  -0.0001504884
        0.0000962252  -0.0000842833  -0.0000984204  -0.0000570190  -0.0909403943
       -0.1089619323   0.0606246480   0.0016787376  -0.0594160946  -0.0619792932
        0.0375363802  -0.0499631403   0.0185457957   0.0029113248  -0.0139159801
       -0.0041203141   0.0051216929  -0.0105917466   0.0004868849  -0.0024407982
       -0.0019230938   0.0015458092   0.0007155310   0.0010817301  -0.0007125635
       -0.0000572476   0.0000131668  -0.0000140467  -0.0000132836   0.0000470458
       -0.0000065282   0.0000769354  -0.0000115626   0.0000399484  -0.0000026304
        0.0000146181   0.0000180889  -0.0000378889   0.0000237889   0.0000143353
       -0.0016692269  -0.0050340545   0.5245169853   0.0005212375  -0.0120277791
       -0.0685630033  -0.0005320141   0.0138417886   0.0000853519  -0.0007903132
       -0.0006629398  -0.0012649867  -0.0000388549   0.0001903207   0.0011107679
        0.0000914623   0.0002208679   0.0002994121  -0.0003220460   0.0000114091
       -0.0001465877   0.0001412248  -0.0000013392  -0.0001311219   0.0803526134
        0.0602247246  -0.0982945938   0.0071281061  -0.0616176683  -0.2662943457
       -0.0894734754   0.0183146340  -0.0888845268   0.0067002957  -0.0289814657
       -0.0041695718  -0.0039176762   0.0118222185   0.0013506795   0.0021176621
        0.0024671210  -0.0006727614  -0.0002776579   0.0011932711   0.0009620406
        0.0000142279  -0.0000139843   0.0000090112   0.0000507724   0.0000161804
        0.0000235547  -0.0000692760  -0.0000417166  -0.0000851436  -0.0000626027
        0.0000640945   0.0000985539   0.0000355411   0.0000143171   0.0000502855
       -0.0739061087   0.0321382056   0.0005212375   0.5038042904  -0.0164329748
        0.0313653803  -0.1152996692  -0.0513648979   0.0445635780  -0.0311604200
       -0.0157270252   0.0047802309   0.0010800274   0.0021991901   0.0040996089
       -0.0030356867   0.0003672441  -0.0022847107  -0.0011496760   0.0013075222
        0.0001696554  -0.0001385364  -0.0000379561  -0.0000374054   0.0034196720
       -0.0203350600  -0.0007477799   0.0000403467   0.0016226217   0.0011196642
       -0.0086076731   0.0287954946   0.0008407196  -0.0446082289   0.0009447666
       -0.0018364107  -0.2314633255   0.0367398709  -0.0859009953   0.0038588650
        0.0015489573  -0.0014120946  -0.0029436899  -0.0019899263   0.0047190893
       -0.0000201835   0.0000270279  -0.0000320010   0.0002041398   0.0000266895
        0.0001400724  -0.0000559644   0.0000415024  -0.0000123480  -0.0000362873
        0.0000328563  -0.0000160383   0.0000181082   0.0000958911  -0.0000394526
        0.0319795412  -0.1949817237  -0.0120277791  -0.0164329748   0.4557352749
        0.0187998825  -0.0431413238  -0.0953019856   0.0328221867  -0.0058771458
        0.0016435947  -0.0036106291   0.0000812352   0.0006087804   0.0011339258
        0.0009784270  -0.0011192744   0.0000906377   0.0003568164  -0.0005180888
        0.0001115818  -0.0000670072  -0.0001880658   0.0000380990   0.0017062172
       -0.0202053175  -0.0000090036   0.0027354513  -0.0134657124  -0.0050601803
        0.0056367332  -0.0107177038   0.0010276779   0.0007057533  -0.0580314207
       -0.0604415066   0.0369684700  -0.0473155798   0.0145978995  -0.0195267434
       -0.0202656423   0.0145953257   0.0038450774   0.0039187218  -0.0020617389
       -0.0000043804   0.0000490414  -0.0000216418  -0.0000353102   0.0000729484
       -0.0000008459   0.0000507416   0.0000445360   0.0000341590   0.0000262122
        0.0000223096  -0.0000244045   0.0000142097   0.0000153076   0.0000063544
        0.0009089094  -0.0120764012  -0.0685630033   0.0313653803   0.0187998825
        0.5196529216   0.0362329129   0.0306855475  -0.0980167348   0.0022061701
       -0.0082705972   0.0092374365  -0.0018012661   0.0003285151  -0.0025900770
       -0.0038561099   0.0016659443   0.0012811669   0.0002000071   0.0007801578
        0.0001602735  -0.0001874733   0.0000713092  -0.0001297689  -0.0019827210
        0.0139879324   0.0007700008   0.0069146365  -0.0299424477  -0.0048711606
       -0.0035197669   0.0129910752   0.0011584872  -0.0029279426  -0.0602888910
       -0.2584092368  -0.0852789282   0.0148392971  -0.0823603479   0.0013091929
        0.0020439197  -0.0000163415   0.0204428606   0.0145187110  -0.0173273426
       -0.0000970182  -0.0000436643  -0.0000083388   0.0000941760  -0.0000817865
       -0.0000177856  -0.0000054290  -0.0000241003   0.0000602605   0.0000403586
       -0.0000129380   0.0000157503  -0.0000579491   0.0000285346  -0.0000261594
        0.0024610585  -0.0024643732  -0.0005320141  -0.1152996692  -0.0431413238
        0.0362329129   0.4399599872  -0.0300590802  -0.0099485572  -0.1416665613
        0.0035061479  -0.0472036169  -0.0091779231  -0.0005175707  -0.0190662798
       -0.0514203142   0.0125929987   0.0005745131   0.0013195494   0.0012682807
        0.0033060921  -0.0009146597   0.0003159249  -0.0003684584   0.0010194869
        0.0006605333  -0.0000490647   0.0002880071   0.0005014704  -0.0003640935
        0.0009497972   0.0003892692  -0.0002057266  -0.0027434271  -0.0018716916
        0.0048601484  -0.0246468580  -0.0160017744   0.0142223271  -0.0552757373
        0.0674342737  -0.0001735732  -0.0438195235   0.0071601581   0.0194502355
       -0.0010970739   0.0000605872  -0.0004375030   0.0001830679   0.0000502738
       -0.0001717247  -0.0000124803  -0.0001642271   0.0000076600   0.0000020983
       -0.0000563293   0.0000713671  -0.0001088249   0.0003364524  -0.0002046441
       -0.0191212645  -0.0242234037   0.0138417886  -0.0513648979  -0.0953019856
        0.0306855475  -0.0300590802   0.4876504485   0.0391442642   0.0079303145
       -0.0704086448   0.0073473007  -0.0068686408   0.0131573123  -0.0096687677
        0.0146898661   0.0048505641  -0.0005483760   0.0030922349   0.0058806306
       -0.0023576335  -0.0012001237   0.0001067427  -0.0004234962   0.0006709405
       -0.0066306868   0.0002384836  -0.0005100002   0.0009260678   0.0009778471
       -0.0006310000   0.0012316394   0.0000210978   0.0029946349   0.0031656755
       -0.0012624934  -0.0015164945   0.0001949479   0.0001601788   0.0716159879
       -0.2549083164  -0.0087686813   0.0084249927  -0.0657412180  -0.0696280740
        0.0012875729  -0.0000311987   0.0004157285   0.0007161494  -0.0001417524
       -0.0001013127  -0.0000495077  -0.0000791206  -0.0000195752  -0.0000318853
        0.0000287879   0.0000844364  -0.0000697990   0.0002735103  -0.0001382632
        0.0002068589   0.0026832539   0.0000853519   0.0445635780   0.0328221867
       -0.0980167348  -0.0099485572   0.0391442642   0.5257490411  -0.0497219005
        0.0053871282  -0.0875075012  -0.0409169520  -0.0040466111  -0.0364557597
        0.0159581776  -0.0036159182   0.0080227457   0.0015575222  -0.0022909959
       -0.0014405856   0.0005992717  -0.0000287831   0.0001358269  -0.0001891519
       -0.0005490472   0.0006738509  -0.0007322874  -0.0010063159   0.0010964977
        0.0001557501  -0.0001174894   0.0001409830   0.0218797566   0.0165060496
       -0.0194335229  -0.0066283296  -0.0046685850   0.0049219665   0.0002302512
       -0.0099372518  -0.0426295213   0.0224051647  -0.0700266840  -0.2554357917
        0.0005401810  -0.0000340925   0.0002015247   0.0000055289   0.0000426629
       -0.0002370266  -0.0000349308  -0.0000927516  -0.0000504155  -0.0000038754
        0.0000650147   0.0000543559   0.0000739438  -0.0002360346   0.0001247149
        0.0003897489   0.0008847237  -0.0007903132  -0.0311604200  -0.0058771458
        0.0022061701  -0.1416665613   0.0079303145  -0.0497219005   0.4896967142
       -0.0279147440   0.1018168485  -0.1002230982  -0.0267960520  -0.1281017469
       -0.1565563842   0.0374254577   0.0615445492  -0.0469750552   0.0100635449
        0.0153389950   0.0013312074  -0.0013386971   0.0015184532   0.0000409778
        0.0007733315  -0.0001745064   0.0001574298  -0.0002130950   0.0003558309
        0.0005702421  -0.0004896651  -0.0003066735  -0.0004748469  -0.0002516721
       -0.0001944032  -0.0012842785  -0.0018572103   0.0009765069  -0.0116090632
        0.0052086175  -0.0034369180   0.0029671387  -0.0004066541  -0.0008689799
       -0.0059221574   0.0012456746  -0.0011828047   0.0004905921   0.0012138862
        0.0014604203  -0.0000120100   0.0002939018  -0.0002821064  -0.0003859564
        0.0000846711  -0.0002474545   0.0006257803   0.0000208119   0.0000900331
       -0.0011471382   0.0001136026  -0.0006629398  -0.0157270252   0.0016435947
       -0.0082705972   0.0035061479  -0.0704086448   0.0053871282  -0.0279147440
        0.2343145725   0.1403077261  -0.0220828744  -0.0876047885  -0.1096356546
        0.0389451588  -0.0707112575  -0.0372371865   0.0112614763  -0.0005316598
        0.0011447287   0.0001091828   0.0002553169  -0.0012397666   0.0003055699
       -0.0003235989   0.0000010344  -0.0001303104  -0.0002965851  -0.0003765081
        0.0004543408  -0.0006879910   0.0009757981   0.0009273460   0.0008894714
       -0.0008205883  -0.0034524617  -0.0016856512   0.0019071952   0.0270102721
       -0.0055212742   0.0137210480  -0.0080657946   0.0003705265  -0.0055019153
       -0.0023061191   0.0001098036  -0.0001825218  -0.0017954866   0.0007133074
       -0.0000328378   0.0002128408   0.0001268041   0.0007215913   0.0003746482
       -0.0006929647  -0.0002956276  -0.0004850295  -0.0000725840   0.0000898933
        0.0007068831  -0.0004045957  -0.0012649867   0.0047802309  -0.0036106291
        0.0092374365  -0.0472036169   0.0073473007  -0.0875075012   0.1018168485
        0.1403077261   0.8203298895  -0.1096378068  -0.1114532016  -0.5843668179
        0.0685758285  -0.0411128430  -0.1499541258   0.0127024054   0.0049902692
        0.0153815814  -0.0035466346  -0.0003399733  -0.0018582808   0.0002477970
        0.0007760603  -0.0000948942  -0.0005267566  -0.0003464729  -0.0006851486
       -0.0004253506   0.0007844344   0.0011474457   0.0025184921  -0.0000972555
       -0.0008037936   0.0033477820   0.0022470154  -0.0016345813  -0.0035155201
        0.0008183944   0.0015571985  -0.0230965319   0.0002848519  -0.0176057344
       -0.0025956808  -0.0011331475  -0.0019080129  -0.0034688660  -0.0016813614
        0.0010529462  -0.0001842333   0.0015697118  -0.0002624440   0.0003459787
       -0.0002996415  -0.0001204142  -0.0008412486   0.0013533572  -0.0006397623
       -0.0001213883  -0.0001060258  -0.0000388549   0.0010800274   0.0000812352
       -0.0018012661  -0.0091779231  -0.0068686408  -0.0409169520  -0.1002230982
       -0.0220828744  -0.1096378068   0.1091599505   0.0139924929   0.1113035824
        0.0031645993   0.0145775629   0.0404262034   0.0010052163  -0.0004552589
        0.0043730468   0.0002295125   0.0006565116   0.0001689995  -0.0000335488
       -0.0000365676   0.0000584001  -0.0000078154   0.0001147811  -0.0001163784
       -0.0001579864  -0.0000355851   0.0000383054   0.0007459688   0.0003784062
       -0.0002551398   0.0000185247   0.0000370591   0.0001264431   0.0001654159
       -0.0007869621  -0.0004552649  -0.0072413704   0.0005026490  -0.0047144840
        0.0011248055   0.0005981629   0.0006516011   0.0003853981   0.0003047422
        0.0005239077  -0.0002666846  -0.0004677859   0.0000853732   0.0000656373
       -0.0000453116   0.0001366002   0.0000847589  -0.0003585907   0.0000436839
       -0.0003302374  -0.0000490824   0.0001903207   0.0021991901   0.0006087804
        0.0003285151  -0.0005175707   0.0131573123  -0.0040466111  -0.0267960520
       -0.0876047885  -0.1114532016   0.0139924929   0.0635774243   0.1553609149
        0.0134199987   0.0124713282  -0.0399375976  -0.0021716295  -0.0034640021
        0.0007191602   0.0012090825  -0.0001802612   0.0009874843   0.0000173614
       -0.0000346931   0.0000534345   0.0000250514   0.0000471993  -0.0001223109
       -0.0002495385   0.0000625007  -0.0000928496   0.0000733379  -0.0005794670
        0.0002473120   0.0002972795   0.0001478555  -0.0002897164  -0.0017660750
        0.0006812092  -0.0017857822   0.0002021185   0.0015729753  -0.0002086004
       -0.0001857851   0.0000053966   0.0000755250   0.0003399232  -0.0006554823
        0.0002899460   0.0001260845   0.0000859829  -0.0003175235  -0.0001045447
        0.0003283311  -0.0000720194   0.0002195124  -0.0001785193   0.0000736001
       -0.0003736500   0.0000919349   0.0011107679   0.0040996089   0.0011339258
       -0.0025900770  -0.0190662798  -0.0096687677  -0.0364557597  -0.1281017469
       -0.1096356546  -0.5843668179   0.1113035824   0.1553609149   0.7209564694
        0.0394070934  -0.0377131009  -0.0993596761  -0.0035729332  -0.0004814615
        0.0007568684   0.0008140728   0.0006067374   0.0012284642  -0.0000039763
       -0.0004193151   0.0001225887   0.0002074990   0.0002586549   0.0000845883
        0.0002846709  -0.0008018982  -0.0004990796  -0.0006319665   0.0002011604
        0.0011302854  -0.0005241136  -0.0002887029   0.0006930973   0.0018375300
       -0.0002102391  -0.0007683926  -0.0070287470   0.0005616565  -0.0037974303
       -0.0002024223   0.0005164250   0.0011984912   0.0012241528   0.0014783269
        0.0001688806   0.0001911139  -0.0009895502   0.0002391464  -0.0001546987
        0.0003900920  -0.0000170669   0.0002912101  -0.0003911384   0.0001646524
        0.0001709096  -0.0003746690   0.0000914623  -0.0030356867   0.0009784270
       -0.0038561099  -0.0514203142   0.0146898661   0.0159581776  -0.1565563842
        0.0389451588   0.0685758285   0.0031645993   0.0134199987   0.0394070934
        0.4300291342  -0.0819919597  -0.0326163980  -0.1407143324   0.0004373783
       -0.0529662885  -0.0210359366   0.0133662535  -0.0132194859   0.0000970776
       -0.0000256476   0.0001042028  -0.0000851258   0.0000178189  -0.0004133391
       -0.0000579213  -0.0001364038   0.0004558543   0.0006438472   0.0005644543
        0.0000578327  -0.0018524507  -0.0008936728   0.0006191435  -0.0042032919
        0.0013073860  -0.0017925203   0.0004422237  -0.0002771681   0.0004682104
       -0.0333521143   0.0014392247  -0.0047093530  -0.0242852983  -0.0042591703
       -0.0157302260   0.0012605430  -0.0005916187   0.0003373382   0.0011569511
       -0.0009103737   0.0011168065  -0.0003664294   0.0042947173  -0.0018882295
       -0.0001634489   0.0000439576   0.0002208679   0.0003672441  -0.0011192744
        0.0016659443   0.0125929987   0.0048505641  -0.0036159182   0.0374254577
       -0.0707112575  -0.0411128430   0.0145775629   0.0124713282  -0.0377131009
       -0.0819919597   0.1129778903   0.0772237457   0.0015125681  -0.0549490097
       -0.0026984673   0.0330788388  -0.0052062883   0.0126021502  -0.0002082673
        0.0000623950   0.0000261861   0.0002566504   0.0001664826   0.0003195361
       -0.0002617425   0.0000582803  -0.0005452163  -0.0003570510  -0.0001577301
        0.0000515350   0.0005731330   0.0003159460  -0.0003646144  -0.0001905588
       -0.0001953849   0.0003589033  -0.0003488888  -0.0006471073   0.0004166705
        0.0008977682   0.0015107828  -0.0013606859  -0.0198926313   0.0030208109
       -0.0072909221  -0.0002517975   0.0014220677  -0.0011489185  -0.0002510887
        0.0024313472  -0.0004051277   0.0026352126  -0.0063458004   0.0033702751
       -0.0001908788   0.0002578917   0.0002994121  -0.0022847107   0.0000906377
        0.0012811669   0.0005745131  -0.0005483760   0.0080227457   0.0615445492
       -0.0372371865  -0.1499541258   0.0404262034  -0.0399375976  -0.0993596761
       -0.0326163980   0.0772237457   0.3459629905  -0.0421993317  -0.0063483202
       -0.0975076563  -0.0176903273   0.0071936354  -0.0037192137  -0.0002116261
       -0.0000125636  -0.0001084799   0.0002002782   0.0000777274   0.0002123478
        0.0002346224   0.0000779088  -0.0004570536  -0.0004459939  -0.0002421706
       -0.0000818673   0.0000675867  -0.0002135959   0.0000517231  -0.0008250418
        0.0005076175  -0.0001327805  -0.0004862074   0.0007959545   0.0007848963
        0.0220687346  -0.0016910041   0.0082313000  -0.0280280569  -0.0008916241
       -0.0130769665  -0.0001920407  -0.0014566485   0.0002914302   0.0006110233
       -0.0009325365   0.0003276635  -0.0005568974   0.0032865049  -0.0010678566
        0.0004735177   0.0004173591  -0.0003220460  -0.0011496760   0.0003568164
        0.0002000071   0.0013195494   0.0030922349   0.0015575222  -0.0469750552
        0.0112614763   0.0127024054   0.0010052163  -0.0021716295  -0.0035729332
       -0.1407143324   0.0015125681  -0.0421993317   0.4063804048   0.0191960640
       -0.0580440583  -0.0597765723   0.0086065270  -0.0001376490   0.0001415592
        0.0000133939  -0.0000818104  -0.0001744575  -0.0001006403   0.0000331814
       -0.0001232915  -0.0003135171   0.0002727945  -0.0001632725  -0.0000844184
       -0.0002076272  -0.0000028595  -0.0002495547   0.0002680536  -0.0015962350
       -0.0002826592  -0.0002358284  -0.0000674840   0.0001572569   0.0006216040
       -0.1099264119  -0.0186878974   0.1119429053  -0.0442264590  -0.0251666838
       -0.0214977730   0.0018990533  -0.0162400206   0.0072383561   0.0008464507
       -0.0056149290   0.0025902726  -0.0071696447   0.0242982533  -0.0111280449
       -0.0000002440  -0.0001504884   0.0000114091   0.0013075222  -0.0005180888
        0.0007801578   0.0012682807   0.0058806306  -0.0022909959   0.0100635449
       -0.0005316598   0.0049902692  -0.0004552589  -0.0034640021  -0.0004814615
        0.0004373783  -0.0549490097  -0.0063483202   0.0191960640   0.4697850238
        0.0304369096   0.0066139850  -0.1790076037   0.0449121682   0.0000431982
       -0.0000069443   0.0000000039  -0.0000377231  -0.0000159167  -0.0000875687
       -0.0001167284  -0.0001250884   0.0001587066  -0.0000506211   0.0000283220
        0.0000718228   0.0003904182   0.0002495584  -0.0002305869  -0.0008005270
        0.0001037981  -0.0002296513   0.0000782625   0.0001961118  -0.0000058873
       -0.0195716296  -0.0455096054   0.0234188463  -0.0230782127  -0.1527492198
       -0.1108254638  -0.0005409156  -0.0076732183   0.0069183963   0.0031284168
       -0.0276151611   0.0067003985   0.0021247895  -0.0039274383   0.0021008473
        0.0000327864   0.0000962252  -0.0001465877   0.0001696554   0.0001115818
        0.0001602735   0.0033060921  -0.0023576335  -0.0014405856   0.0153389950
        0.0011447287   0.0153815814   0.0043730468   0.0007191602   0.0007568684
       -0.0529662885  -0.0026984673  -0.0975076563  -0.0580440583   0.0304369096
        0.5262977714   0.0006425789   0.0437850533  -0.0857378236   0.0000193469
       -0.0000067814  -0.0000059322  -0.0000481012  -0.0000074586   0.0000690338
        0.0000158656   0.0000453230   0.0000203935  -0.0000620248  -0.0001029574
       -0.0000347738   0.0001263541   0.0000277627   0.0000268428   0.0006883503
       -0.0003164497   0.0004109491  -0.0002784960   0.0000267501   0.0001875705
        0.1071601108   0.0239108553  -0.1999743421  -0.0181352863  -0.1097609987
       -0.1498951130  -0.0017747057   0.0257329361  -0.0131498251   0.0019087218
       -0.0180213309   0.0079328206  -0.0024729435   0.0072347916  -0.0033514656
        0.0003655781  -0.0000842833   0.0001412248  -0.0001385364  -0.0000670072
       -0.0001874733  -0.0009146597  -0.0012001237   0.0005992717   0.0013312074
        0.0001091828  -0.0035466346   0.0002295125   0.0012090825   0.0008140728
       -0.0210359366   0.0330788388  -0.0176903273  -0.0597765723   0.0066139850
        0.0006425789   0.5317178789   0.0098218683  -0.0000226660  -0.0001323028
        0.0000020308  -0.0000063028  -0.0000170249   0.0000548908   0.0000205756
       -0.0002186361   0.0001282079  -0.0001710075   0.0000001737   0.0000270488
       -0.0000160765  -0.0001801878   0.0000192527   0.0000496874   0.0001581248
       -0.0000145250  -0.0000062077   0.0000460822   0.0000165340   0.0001436998
        0.0020582918  -0.0140359737   0.0064952923   0.0017285114  -0.0030705188
        0.0016402051  -0.1260662214  -0.0142166158   0.1128907893  -0.0577968324
       -0.0398024580  -0.0387914839  -0.2713584503   0.0214105831  -0.0629992183
        0.0001772340  -0.0000984204  -0.0000013392  -0.0000379561  -0.0001880658
        0.0000713092   0.0003159249   0.0001067427  -0.0000287831  -0.0013386971
        0.0002553169  -0.0003399733   0.0006565116  -0.0001802612   0.0006067374
        0.0133662535  -0.0052062883   0.0071936354   0.0086065270  -0.1790076037
        0.0437850533   0.0098218683   0.4658620317   0.0275229293   0.0000245981
        0.0000507335  -0.0000202944  -0.0000463497   0.0000146388  -0.0000038957
       -0.0001434638   0.0000205311   0.0000368008   0.0000111526   0.0000336111
       -0.0000100538   0.0000515319   0.0000808020  -0.0000246606  -0.0000359353
        0.0000567528  -0.0000098161  -0.0000049782  -0.0000272069  -0.0000731878
       -0.0002643174  -0.0074756005   0.0056142152   0.0023437052  -0.0263577443
        0.0069914708  -0.0155582898  -0.0457936874   0.0193891793  -0.0405099910
       -0.1587903743  -0.1163092796   0.0225646710  -0.0433559075   0.0056099526
       -0.0000025178  -0.0000570190  -0.0001311219  -0.0000374054   0.0000380990
       -0.0001297689  -0.0003684584  -0.0004234962   0.0001358269   0.0015184532
       -0.0012397666  -0.0018582808   0.0001689995   0.0009874843   0.0012284642
       -0.0132194859   0.0126021502  -0.0037192137  -0.0001376490   0.0449121682
       -0.0857378236  -0.0000226660   0.0275229293   0.5143885397  -0.0000333677
       -0.0000057864   0.0000222104  -0.0000439472   0.0000556272   0.0000186913
        0.0001509805   0.0001083702   0.0001624534   0.0000056717  -0.0000171773
        0.0000297455  -0.0000558168  -0.0000179377   0.0000197098   0.0000663750
       -0.0000234466   0.0000229764   0.0000436175   0.0000196354   0.0000963938
       -0.0005334776   0.0239653800  -0.0117549631   0.0015337749  -0.0168604893
        0.0068850482   0.1126441737   0.0182476692  -0.2016077215  -0.0383382615
       -0.1150829618  -0.1581748054  -0.0633389928   0.0052685679  -0.0598963606
       -0.1648321644  -0.0909403943   0.0803526134   0.0034196720   0.0017062172
       -0.0019827210   0.0010194869   0.0006709405  -0.0001891519   0.0000409778
        0.0003055699   0.0002477970  -0.0000335488   0.0000173614  -0.0000039763
        0.0000970776  -0.0002082673  -0.0002116261   0.0001415592   0.0000431982
        0.0000193469  -0.0001323028   0.0000245981  -0.0000333677   0.1886920520
        0.1049576248  -0.0939472723  -0.0020848005  -0.0012570609   0.0028720487
       -0.0271100666  -0.0156382567   0.0134559936   0.0000336167  -0.0001179166
       -0.0002697177   0.0005969848   0.0003767803  -0.0001025330   0.0000726397
        0.0000388376  -0.0000400497  -0.0000095529   0.0000941038  -0.0002152498
       -0.0000086413   0.0000212607  -0.0000029464  -0.0000004812   0.0000088952
       -0.0000217811   0.0000551749  -0.0000137664   0.0001181427   0.0000699110
       -0.0000735118  -0.0000511856  -0.0000275941  -0.0000162137   0.0000056363
       -0.0904858341  -0.1089619323   0.0602247246  -0.0203350600  -0.0202053175
        0.0139879324   0.0006605333  -0.0066306868  -0.0005490472   0.0007733315
       -0.0003235989   0.0007760603  -0.0000365676  -0.0000346931  -0.0004193151
       -0.0000256476   0.0000623950  -0.0000125636   0.0000133939  -0.0000069443
       -0.0000067814   0.0000020308   0.0000507335  -0.0000057864   0.1049576248
        0.1291412445  -0.0702929812   0.0044679525   0.0043500597  -0.0027120368
        0.0017572882   0.0028996172  -0.0018816391  -0.0004611371   0.0003916820
        0.0000933479  -0.0003494745   0.0005467947   0.0003264985  -0.0011801512
       -0.0012563390   0.0007606236   0.0002355684   0.0000249319  -0.0002895365
        0.0000072363  -0.0000055659   0.0000068685   0.0000093678  -0.0000231795
       -0.0000040817  -0.0000186983  -0.0000182100  -0.0000105123  -0.0000027896
       -0.0000048596   0.0000132442   0.0000110322   0.0000038685  -0.0000050185
        0.0803735189   0.0606246480  -0.0982945938  -0.0007477799  -0.0000090036
        0.0007700008  -0.0000490647   0.0002384836   0.0006738509  -0.0001745064
        0.0000010344  -0.0000948942   0.0000584001   0.0000534345   0.0001225887
        0.0001042028   0.0000261861  -0.0001084799  -0.0000818104   0.0000000039
       -0.0000059322  -0.0000063028  -0.0000202944   0.0000222104  -0.0939472723
       -0.0702929812   0.1100392901   0.0245842646   0.0160421081  -0.0199232018
       -0.0098688159  -0.0064972619   0.0062250632  -0.0002054881  -0.0003720193
        0.0003319505  -0.0000164758   0.0002561798  -0.0001353733   0.0000565451
        0.0000560118   0.0001607809  -0.0001010542  -0.0001385293   0.0002019315
       -0.0000013602  -0.0000009425  -0.0000031604   0.0000077207   0.0000118184
        0.0000197791   0.0000321057   0.0000188842   0.0000162780  -0.0000134300
        0.0000095706  -0.0000322134  -0.0000033970  -0.0000073313   0.0000141248
       -0.0450382659   0.0016787376   0.0071281061   0.0000403467   0.0027354513
        0.0069146365   0.0002880071  -0.0005100002  -0.0007322874   0.0001574298
       -0.0001303104  -0.0005267566  -0.0000078154   0.0000250514   0.0002074990
       -0.0000851258   0.0002566504   0.0002002782  -0.0001744575  -0.0000377231
       -0.0000481012  -0.0000170249  -0.0000463497  -0.0000439472  -0.0020848005
        0.0044679525   0.0245842646   0.0480796017  -0.0033241920  -0.0087029947
       -0.0017059218  -0.0068145858  -0.0303035529   0.0003377078   0.0016807948
        0.0003594013   0.0000462934   0.0002122170   0.0006411719  -0.0001009714
       -0.0000212782   0.0000887579   0.0001951942  -0.0002710320   0.0001490759
        0.0000071098  -0.0000123017   0.0000167103   0.0000431368   0.0000443511
        0.0000338383   0.0000821878   0.0000202266   0.0000074703  -0.0000921878
        0.0000340106  -0.0000227938   0.0000295558   0.0000123297   0.0000492235
        0.0018070576  -0.0594160946  -0.0616176683   0.0016226217  -0.0134657124
       -0.0299424477   0.0005014704   0.0009260678  -0.0010063159  -0.0002130950
       -0.0002965851  -0.0003464729   0.0001147811   0.0000471993   0.0002586549
        0.0000178189   0.0001664826   0.0000777274  -0.0001006403  -0.0000159167
       -0.0000074586   0.0000548908   0.0000146388   0.0000556272  -0.0012570609
        0.0043500597   0.0160421081  -0.0033241920   0.0717524392   0.0734175456
       -0.0004307788   0.0020291447   0.0040932113   0.0017039856  -0.0067962282
       -0.0013553749  -0.0003023945   0.0007844486  -0.0003278064   0.0000966741
        0.0003117291   0.0000775394  -0.0003556417  -0.0003826982   0.0005809717
        0.0000282597  -0.0000024957   0.0000111341   0.0000347526  -0.0000132633
        0.0000219313  -0.0000211712  -0.0000062298  -0.0000303470  -0.0000068296
        0.0000301236   0.0000030301   0.0000294914  -0.0000171095  -0.0000055894
        0.0070645778  -0.0619792932  -0.2662943457   0.0011196642  -0.0050601803
       -0.0048711606  -0.0003640935   0.0009778471   0.0010964977   0.0003558309
       -0.0003765081  -0.0006851486  -0.0001163784  -0.0001223109   0.0000845883
       -0.0004133391   0.0003195361   0.0002123478   0.0000331814  -0.0000875687
        0.0000690338   0.0000205756  -0.0000038957   0.0000186913   0.0028720487
       -0.0027120368  -0.0199232018  -0.0087029947   0.0734175456   0.3074624836
       -0.0026467782  -0.0034804494  -0.0185757262   0.0007337175  -0.0013433275
        0.0007425410   0.0001322759   0.0003253192   0.0004015928   0.0000499064
        0.0002519245  -0.0000291902  -0.0001993267  -0.0001726622   0.0002813823
        0.0000146692   0.0000004426   0.0000220568   0.0000257963   0.0000152553
        0.0000031328   0.0000533892  -0.0000002663  -0.0000601769  -0.0000701114
        0.0000164331   0.0000357119   0.0000373888   0.0000141955   0.0000088899
       -0.2302416122   0.0375363802  -0.0894734754  -0.0086076731   0.0056367332
       -0.0035197669   0.0009497972  -0.0006310000   0.0001557501   0.0005702421
        0.0004543408  -0.0004253506  -0.0001579864  -0.0002495385   0.0002846709
       -0.0000579213  -0.0002617425   0.0002346224  -0.0001232915  -0.0001167284
        0.0000158656  -0.0002186361  -0.0001434638   0.0001509805  -0.0271100666
        0.0017572882  -0.0098688159  -0.0017059218  -0.0004307788  -0.0026467782
        0.2667474518  -0.0458999063   0.1048950882   0.0000389980  -0.0002824297
        0.0001746504   0.0001657543   0.0025364356   0.0003061118  -0.0000950109
       -0.0002277164   0.0000282884  -0.0001310754   0.0000510723  -0.0000519960
       -0.0000073959   0.0000562766  -0.0000096365  -0.0000021814   0.0000260918
       -0.0000409947  -0.0000515532  -0.0000086436  -0.0002571131  -0.0000134397
        0.0001339638   0.0001377095   0.0000515222   0.0000633656  -0.0000898104
        0.0372207752  -0.0499631403   0.0183146340   0.0287954946  -0.0107177038
        0.0129910752   0.0003892692   0.0012316394  -0.0001174894  -0.0004896651
       -0.0006879910   0.0007844344  -0.0000355851   0.0000625007  -0.0008018982
       -0.0001364038   0.0000582803   0.0000779088  -0.0003135171  -0.0001250884
        0.0000453230   0.0001282079   0.0000205311   0.0001083702  -0.0156382567
        0.0028996172  -0.0064972619  -0.0068145858   0.0020291447  -0.0034804494
       -0.0458999063   0.0607152599  -0.0214395848   0.0001047673   0.0009352700
        0.0004471438   0.0026324063  -0.0067486918  -0.0001650786  -0.0000199533
        0.0002901441  -0.0001420684   0.0000471777  -0.0000464513   0.0000293404
        0.0000601806  -0.0000339928  -0.0000139742   0.0000010665  -0.0000791751
        0.0000260313  -0.0001301747   0.0001658602  -0.0000829188   0.0000370091
        0.0000369984  -0.0000696390   0.0000616935  -0.0000430115  -0.0000138983
       -0.0897135238   0.0185457957  -0.0888845268   0.0008407196   0.0010276779
        0.0011584872  -0.0002057266   0.0000210978   0.0001409830  -0.0003066735
        0.0009757981   0.0011474457   0.0000383054  -0.0000928496  -0.0004990796
        0.0004558543  -0.0005452163  -0.0004570536   0.0002727945   0.0001587066
        0.0000203935  -0.0001710075   0.0000368008   0.0001624534   0.0134559936
       -0.0018816391   0.0062250632  -0.0303035529   0.0040932113  -0.0185757262
        0.1048950882  -0.0214395848   0.0985781712   0.0007302750  -0.0003246308
        0.0004957193   0.0001930324  -0.0002795728   0.0009995871   0.0000424130
       -0.0001334408  -0.0000673083  -0.0002017019  -0.0000072500  -0.0002878798
       -0.0000234060   0.0000340427  -0.0000330754  -0.0000559573  -0.0000487760
       -0.0000431692  -0.0000746500   0.0000004939   0.0001396965   0.0001971307
       -0.0001101008  -0.0001257281  -0.0000654071  -0.0000305639  -0.0000944531
        0.0007490977   0.0029113248   0.0067002957  -0.0446082289   0.0007057533
       -0.0029279426  -0.0027434271   0.0029946349   0.0218797566  -0.0004748469
        0.0009273460   0.0025184921   0.0007459688   0.0000733379  -0.0006319665
        0.0006438472  -0.0003570510  -0.0004459939  -0.0001632725  -0.0000506211
       -0.0000620248   0.0000001737   0.0000111526   0.0000056717   0.0000336167
       -0.0004611371  -0.0002054881   0.0003377078   0.0017039856   0.0007337175
        0.0000389980   0.0001047673   0.0007302750   0.0505039306   0.0001043390
       -0.0015681621  -0.0026305715  -0.0067005125  -0.0294134812   0.0003957044
        0.0003089495  -0.0002623264  -0.0028621565  -0.0022892705   0.0029729258
        0.0000462565  -0.0000041455  -0.0000310081  -0.0000285803  -0.0000006502
        0.0000238854  -0.0000342274   0.0000468882  -0.0000029061   0.0000125607
       -0.0000142047  -0.0000161191   0.0000374491  -0.0000148867   0.0000023991
        0.0013494400  -0.0139159801  -0.0289814657   0.0009447666  -0.0580314207
       -0.0602888910  -0.0018716916   0.0031656755   0.0165060496  -0.0002516721
        0.0008894714  -0.0000972555   0.0003784062  -0.0005794670   0.0002011604
        0.0005644543  -0.0001577301  -0.0002421706  -0.0000844184   0.0000283220
       -0.0001029574   0.0000270488   0.0000336111  -0.0000171773  -0.0001179166
        0.0003916820  -0.0003720193   0.0016807948  -0.0067962282  -0.0013433275
       -0.0002824297   0.0009352700  -0.0003246308   0.0001043390   0.0728012503
        0.0686711134   0.0002301480   0.0022737334   0.0039589013   0.0000372666
        0.0002615455   0.0005320391  -0.0026825620  -0.0012614566   0.0018732487
        0.0000125601  -0.0000145498   0.0000113705  -0.0000286492   0.0000140598
        0.0000082026   0.0000275241  -0.0000100711  -0.0000012852  -0.0000269074
       -0.0000235589  -0.0000025121  -0.0000105017  -0.0000041585   0.0000116068
        0.0004737585  -0.0041203141  -0.0041695718  -0.0018364107  -0.0604415066
       -0.2584092368   0.0048601484  -0.0012624934  -0.0194335229  -0.0001944032
       -0.0008205883  -0.0008037936  -0.0002551398   0.0002473120   0.0011302854
        0.0000578327   0.0000515350  -0.0000818673  -0.0002076272   0.0000718228
       -0.0000347738  -0.0000160765  -0.0000100538   0.0000297455  -0.0002697177
        0.0000933479   0.0003319505   0.0003594013  -0.0013553749   0.0007425410
        0.0001746504   0.0004471438   0.0004957193  -0.0015681621   0.0686711134
        0.2990914815  -0.0038595077  -0.0039434842  -0.0173046136  -0.0002111557
       -0.0000137182   0.0000402773   0.0025196935   0.0023554015  -0.0016616508
       -0.0000290358   0.0000148485   0.0000053770   0.0000072592   0.0000346569
        0.0000308402   0.0000278231  -0.0000272529   0.0000242913  -0.0000227764
       -0.0000012019  -0.0000239156  -0.0000105542   0.0000088066   0.0000004371
       -0.0083551280   0.0051216929  -0.0039176762  -0.2314633255   0.0369684700
       -0.0852789282  -0.0246468580  -0.0015164945  -0.0066283296  -0.0012842785
       -0.0034524617   0.0033477820   0.0000185247   0.0002972795  -0.0005241136
       -0.0018524507   0.0005731330   0.0000675867  -0.0000028595   0.0003904182
        0.0001263541  -0.0001801878   0.0000515319  -0.0000558168   0.0005969848
       -0.0003494745  -0.0000164758   0.0000462934  -0.0003023945   0.0001322759
        0.0001657543   0.0026324063   0.0001930324  -0.0026305715   0.0002301480
       -0.0038595077   0.2687968420  -0.0412053639   0.0970274378   0.0005526872
        0.0002040053  -0.0004282421   0.0001360786   0.0003981850  -0.0002095576
       -0.0000355651  -0.0000020334   0.0000060006   0.0000918059  -0.0000155091
       -0.0000059960   0.0000309310  -0.0000212446   0.0000493247   0.0000355768
       -0.0000212898  -0.0000057862  -0.0000202540   0.0000189959  -0.0000193643
        0.0275251989  -0.0105917466   0.0118222185   0.0367398709  -0.0473155798
        0.0148392971  -0.0160017744   0.0001949479  -0.0046685850  -0.0018572103
       -0.0016856512   0.0022470154   0.0000370591   0.0001478555  -0.0002887029
       -0.0008936728   0.0003159460  -0.0002135959  -0.0002495547   0.0002495584
        0.0000277627   0.0000192527   0.0000808020  -0.0000179377   0.0003767803
        0.0005467947   0.0002561798   0.0002122170   0.0007844486   0.0003253192
        0.0025364356  -0.0067486918  -0.0002795728  -0.0067005125   0.0022737334
       -0.0039434842  -0.0412053639   0.0613077528  -0.0196026868  -0.0007525290
        0.0003223661  -0.0002943147   0.0003067265   0.0001717340  -0.0002036774
       -0.0000380519  -0.0000013028  -0.0000133283   0.0000279930  -0.0000079230
        0.0000175189  -0.0000433059  -0.0000582963  -0.0000362259  -0.0000399737
       -0.0000094600   0.0000385360   0.0000004152   0.0000227120  -0.0000117360
        0.0009928945   0.0004868849   0.0013506795  -0.0859009953   0.0145978995
       -0.0823603479   0.0142223271   0.0001601788   0.0049219665   0.0009765069
        0.0019071952  -0.0016345813   0.0001264431  -0.0002897164   0.0006930973
        0.0006191435  -0.0003646144   0.0000517231   0.0002680536  -0.0002305869
        0.0000268428   0.0000496874  -0.0000246606   0.0000197098  -0.0001025330
        0.0003264985  -0.0001353733   0.0006411719  -0.0003278064   0.0004015928
        0.0003061118  -0.0001650786   0.0009995871  -0.0294134812   0.0039589013
       -0.0173046136   0.0970274378  -0.0196026868   0.0922870182  -0.0001949016
       -0.0003862119   0.0003386851   0.0003892646  -0.0000447813   0.0003279217
       -0.0000051930   0.0000067671   0.0000213701  -0.0000266059   0.0000127982
       -0.0000141982   0.0000292066  -0.0000075829   0.0000057718   0.0000037265
       -0.0000000633  -0.0000052191  -0.0000082654  -0.0000133339   0.0000083675
       -0.0021094861  -0.0024407982   0.0021176621   0.0038588650  -0.0195267434
        0.0013091929  -0.0552757373   0.0716159879   0.0002302512  -0.0116090632
        0.0270102721  -0.0035155201   0.0001654159  -0.0017660750   0.0018375300
       -0.0042032919  -0.0001905588  -0.0008250418  -0.0015962350  -0.0008005270
        0.0006883503   0.0001581248  -0.0000359353   0.0000663750   0.0000726397
       -0.0011801512   0.0000565451  -0.0001009714   0.0000966741   0.0000499064
       -0.0000950109  -0.0000199533   0.0000424130   0.0003957044   0.0000372666
       -0.0002111557   0.0005526872  -0.0007525290  -0.0001949016   0.0699545563
       -0.0755338530  -0.0026236921   0.0001785673   0.0035867658   0.0010141172
       -0.0003545769   0.0000154026  -0.0001187843  -0.0000610921   0.0000572813
        0.0000118780   0.0000345135  -0.0000295490   0.0000664806   0.0000285154
       -0.0000767304  -0.0000355289   0.0000058754  -0.0000662468   0.0000339228
       -0.0033662993  -0.0019230938   0.0024671210   0.0015489573  -0.0202656423
        0.0020439197   0.0674342737  -0.2549083164  -0.0099372518   0.0052086175
       -0.0055212742   0.0008183944  -0.0007869621   0.0006812092  -0.0002102391
        0.0013073860  -0.0001953849   0.0005076175  -0.0002826592   0.0001037981
       -0.0003164497  -0.0000145250   0.0000567528  -0.0000234466   0.0000388376
       -0.0012563390   0.0000560118  -0.0000212782   0.0003117291   0.0002519245
       -0.0002277164   0.0002901441  -0.0001334408   0.0003089495   0.0002615455
       -0.0000137182   0.0002040053   0.0003223661  -0.0003862119  -0.0755338530
        0.2942682158   0.0082553549   0.0042174326  -0.0122735020  -0.0034079700
        0.0000284926   0.0000036157   0.0000352497   0.0000077486   0.0000119002
        0.0000061932  -0.0000255202  -0.0000199858  -0.0000271482  -0.0000468960
        0.0000247533   0.0000174146   0.0000010088   0.0000275083  -0.0000033252
        0.0018721552   0.0015458092  -0.0006727614  -0.0014120946   0.0145953257
       -0.0000163415  -0.0001735732  -0.0087686813  -0.0426295213  -0.0034369180
        0.0137210480   0.0015571985  -0.0004552649  -0.0017857822  -0.0007683926
       -0.0017925203   0.0003589033  -0.0001327805  -0.0002358284  -0.0002296513
        0.0004109491  -0.0000062077  -0.0000098161   0.0000229764  -0.0000400497
        0.0007606236   0.0001607809   0.0000887579   0.0000775394  -0.0000291902
        0.0000282884  -0.0001420684  -0.0000673083  -0.0002623264   0.0005320391
        0.0000402773  -0.0004282421  -0.0002943147   0.0003386851  -0.0026236921
        0.0082553549   0.0451747830   0.0089095147  -0.0286147253  -0.0033831327
       -0.0001123802  -0.0000162461  -0.0000470457   0.0000430664   0.0000259116
        0.0000413536   0.0000357053  -0.0000043046   0.0000025654  -0.0000045474
        0.0000014423  -0.0000150236   0.0000061571  -0.0000084071   0.0000119283
        0.0004808783   0.0007155310  -0.0002776579  -0.0029436899   0.0038450774
        0.0204428606  -0.0438195235   0.0084249927   0.0224051647   0.0029671387
       -0.0080657946  -0.0230965319  -0.0072413704   0.0002021185  -0.0070287470
        0.0004422237  -0.0003488888  -0.0004862074  -0.0000674840   0.0000782625
       -0.0002784960   0.0000460822  -0.0000049782   0.0000436175  -0.0000095529
        0.0002355684  -0.0001010542   0.0001951942  -0.0003556417  -0.0001993267
       -0.0001310754   0.0000471777  -0.0002017019  -0.0028621565  -0.0026825620
        0.0025196935   0.0001360786   0.0003067265   0.0003892646   0.0001785673
        0.0042174326   0.0089095147   0.0523196471  -0.0065590836  -0.0232310569
        0.0000745855  -0.0000127731   0.0000472882   0.0001925321   0.0000170161
        0.0000800449   0.0000202074  -0.0000636842   0.0000188847  -0.0000147532
        0.0000482724   0.0000068611   0.0000364706  -0.0000447698   0.0000375854
       -0.0002325003   0.0010817301   0.0011932711  -0.0019899263   0.0039187218
        0.0145187110   0.0071601581  -0.0657412180  -0.0700266840  -0.0004066541
        0.0003705265   0.0002848519   0.0005026490   0.0015729753   0.0005616565
       -0.0002771681  -0.0006471073   0.0007959545   0.0001572569   0.0001961118
        0.0000267501   0.0000165340  -0.0000272069   0.0000196354   0.0000941038
        0.0000249319  -0.0001385293  -0.0002710320  -0.0003826982  -0.0001726622
        0.0000510723  -0.0000464513  -0.0000072500  -0.0022892705  -0.0012614566
        0.0023554015   0.0003981850   0.0001717340  -0.0000447813   0.0035867658
       -0.0122735020  -0.0286147253  -0.0065590836   0.0731064308   0.0792163054
       -0.0000113168   0.0000228497   0.0000255085   0.0000578427  -0.0000276333
       -0.0000116279  -0.0000019245  -0.0000175998   0.0000141956   0.0000382759
       -0.0000170950   0.0000113942  -0.0000239674  -0.0000240435  -0.0000073757
       -0.0006533040  -0.0007125635   0.0009620406   0.0047190893  -0.0020617389
       -0.0173273426   0.0194502355  -0.0696280740  -0.2554357917  -0.0008689799
       -0.0055019153  -0.0176057344  -0.0047144840  -0.0002086004  -0.0037974303
        0.0004682104   0.0004166705   0.0007848963   0.0006216040  -0.0000058873
        0.0001875705   0.0001436998  -0.0000731878   0.0000963938  -0.0002152498
       -0.0002895365   0.0002019315   0.0001490759   0.0005809717   0.0002813823
       -0.0000519960   0.0000293404  -0.0002878798   0.0029729258   0.0018732487
       -0.0016616508  -0.0002095576  -0.0002036774   0.0003279217   0.0010141172
       -0.0034079700  -0.0033831327  -0.0232310569   0.0792163054   0.2965160463
        0.0001598981  -0.0000109723   0.0000708066   0.0001999957   0.0000104877
        0.0000602473   0.0000202444  -0.0000377763  -0.0000725614  -0.0000346080
        0.0000651633   0.0000529000   0.0000601402  -0.0000502880   0.0000293869
       -0.0000353787  -0.0000572476   0.0000142279  -0.0000201835  -0.0000043804
       -0.0000970182  -0.0010970739   0.0012875729   0.0005401810  -0.0059221574
       -0.0023061191  -0.0025956808   0.0011248055  -0.0001857851  -0.0002024223
       -0.0333521143   0.0008977682   0.0220687346  -0.1099264119  -0.0195716296
        0.1071601108   0.0020582918  -0.0002643174  -0.0005334776  -0.0000086413
        0.0000072363  -0.0000013602   0.0000071098   0.0000282597   0.0000146692
       -0.0000073959   0.0000601806  -0.0000234060   0.0000462565   0.0000125601
       -0.0000290358  -0.0000355651  -0.0000380519  -0.0000051930  -0.0003545769
        0.0000284926  -0.0001123802   0.0000745855  -0.0000113168   0.0001598981
        0.1431284714   0.0185868998  -0.1247106367   0.0031502062   0.0006285532
       -0.0009238010   0.0008200476   0.0006630742  -0.0002749845   0.0000093404
       -0.0001573974  -0.0000431619   0.0003403843   0.0003956477  -0.0004052633
       -0.0000359445   0.0000131668  -0.0000139843   0.0000270279   0.0000490414
       -0.0000436643   0.0000605872  -0.0000311987  -0.0000340925   0.0012456746
        0.0001098036  -0.0011331475   0.0005981629   0.0000053966   0.0005164250
        0.0014392247   0.0015107828  -0.0016910041  -0.0186878974  -0.0455096054
        0.0239108553  -0.0140359737  -0.0074756005   0.0239653800   0.0000212607
       -0.0000055659  -0.0000009425  -0.0000123017  -0.0000024957   0.0000004426
        0.0000562766  -0.0000339928   0.0000340427  -0.0000041455  -0.0000145498
        0.0000148485  -0.0000020334  -0.0000013028   0.0000067671   0.0000154026
        0.0000036157  -0.0000162461  -0.0000127731   0.0000228497  -0.0000109723
        0.0185868998   0.0535448622  -0.0308902007   0.0110953595   0.0022273623
       -0.0181104326   0.0004791993  -0.0055647593   0.0030658064  -0.0004948112
        0.0006332000   0.0004784200  -0.0003391954   0.0005189899  -0.0000483006
       -0.0000347265  -0.0000140467   0.0000090112  -0.0000320010  -0.0000216418
       -0.0000083388  -0.0004375030   0.0004157285   0.0002015247  -0.0011828047
       -0.0001825218  -0.0019080129   0.0006516011   0.0000755250   0.0011984912
       -0.0047093530  -0.0013606859   0.0082313000   0.1119429053   0.0234188463
       -0.1999743421   0.0064952923   0.0056142152  -0.0117549631  -0.0000029464
        0.0000068685  -0.0000031604   0.0000167103   0.0000111341   0.0000220568
       -0.0000096365  -0.0000139742  -0.0000330754  -0.0000310081   0.0000113705
        0.0000053770   0.0000060006  -0.0000133283   0.0000213701  -0.0001187843
        0.0000352497  -0.0000470457   0.0000472882   0.0000255085   0.0000708066
       -0.1247106367  -0.0308902007   0.2239638404   0.0127252769   0.0006105638
       -0.0203837507  -0.0004973932   0.0032032835  -0.0003457058  -0.0000897043
       -0.0008023832   0.0007416788  -0.0000285769  -0.0001295111  -0.0000070620
       -0.0000733671  -0.0000132836   0.0000507724   0.0002041398  -0.0000353102
        0.0000941760   0.0001830679   0.0007161494   0.0000055289   0.0004905921
       -0.0017954866  -0.0034688660   0.0003853981   0.0003399232   0.0012241528
       -0.0242852983  -0.0198926313  -0.0280280569  -0.0442264590  -0.0230782127
       -0.0181352863   0.0017285114   0.0023437052   0.0015337749  -0.0000004812
        0.0000093678   0.0000077207   0.0000431368   0.0000347526   0.0000257963
       -0.0000021814   0.0000010665  -0.0000559573  -0.0000285803  -0.0000286492
        0.0000072592   0.0000918059   0.0000279930  -0.0000266059  -0.0000610921
        0.0000077486   0.0000430664   0.0001925321   0.0000578427   0.0001999957
        0.0031502062   0.0110953595   0.0127252769   0.0615027985   0.0295615464
        0.0343746377  -0.0000353458  -0.0005046389  -0.0000398842   0.0006641732
        0.0007045177  -0.0006095658   0.0000764434   0.0004482398   0.0000720646
       -0.0000543109   0.0000470458   0.0000161804   0.0000266895   0.0000729484
       -0.0000817865   0.0000502738  -0.0001417524   0.0000426629   0.0012138862
        0.0007133074  -0.0016813614   0.0003047422  -0.0006554823   0.0014783269
       -0.0042591703   0.0030208109  -0.0008916241  -0.0251666838  -0.1527492198
       -0.1097609987  -0.0030705188  -0.0263577443  -0.0168604893   0.0000088952
       -0.0000231795   0.0000118184   0.0000443511  -0.0000132633   0.0000152553
        0.0000260918  -0.0000791751  -0.0000487760  -0.0000006502   0.0000140598
        0.0000346569  -0.0000155091  -0.0000079230   0.0000127982   0.0000572813
        0.0000119002   0.0000259116   0.0000170161  -0.0000276333   0.0000104877
        0.0006285532   0.0022273623   0.0006105638   0.0295615464   0.1788230333
        0.1255666648  -0.0002346783   0.0009180155  -0.0007451190   0.0009062344
       -0.0060846374   0.0025461705  -0.0000440397   0.0002915270  -0.0003013422
        0.0000072283  -0.0000065282   0.0000235547   0.0001400724  -0.0000008459
       -0.0000177856  -0.0001717247  -0.0001013127  -0.0002370266   0.0014604203
       -0.0000328378   0.0010529462   0.0005239077   0.0002899460   0.0001688806
       -0.0157302260  -0.0072909221  -0.0130769665  -0.0214977730  -0.1108254638
       -0.1498951130   0.0016402051   0.0069914708   0.0068850482  -0.0000217811
       -0.0000040817   0.0000197791   0.0000338383   0.0000219313   0.0000031328
       -0.0000409947   0.0000260313  -0.0000431692   0.0000238854   0.0000082026
        0.0000308402  -0.0000059960   0.0000175189  -0.0000141982   0.0000118780
        0.0000061932   0.0000413536   0.0000800449  -0.0000116279   0.0000602473
       -0.0009238010  -0.0181104326  -0.0203837507   0.0343746377   0.1255666648
        0.1742806458   0.0000156669   0.0006865261   0.0007452316  -0.0001843965
        0.0027304070   0.0001655514   0.0002649080   0.0000391608   0.0001907981
       -0.0001968106   0.0000769354  -0.0000692760  -0.0000559644   0.0000507416
       -0.0000054290  -0.0000124803  -0.0000495077  -0.0000349308  -0.0000120100
        0.0002128408  -0.0001842333  -0.0002666846   0.0001260845   0.0001911139
        0.0012605430  -0.0002517975  -0.0001920407   0.0018990533  -0.0005409156
       -0.0017747057  -0.1260662214  -0.0155582898   0.1126441737   0.0000551749
       -0.0000186983   0.0000321057   0.0000821878  -0.0000211712   0.0000533892
       -0.0000515532  -0.0001301747  -0.0000746500  -0.0000342274   0.0000275241
        0.0000278231   0.0000309310  -0.0000433059   0.0000292066   0.0000345135
       -0.0000255202   0.0000357053   0.0000202074  -0.0000019245   0.0000202444
        0.0008200476   0.0004791993  -0.0004973932  -0.0000353458  -0.0002346783
        0.0000156669   0.1417600633   0.0177581467  -0.1314981803   0.0040122877
        0.0007198489  -0.0045960537  -0.0232437117  -0.0025753376   0.0258774639
       -0.0000975308  -0.0000115626  -0.0000417166   0.0000415024   0.0000445360
       -0.0000241003  -0.0001642271  -0.0000791206  -0.0000927516   0.0002939018
        0.0001268041   0.0015697118  -0.0004677859   0.0000859829  -0.0009895502
       -0.0005916187   0.0014220677  -0.0014566485  -0.0162400206  -0.0076732183
        0.0257329361  -0.0142166158  -0.0457936874   0.0182476692  -0.0000137664
       -0.0000182100   0.0000188842   0.0000202266  -0.0000062298  -0.0000002663
       -0.0000086436   0.0001658602   0.0000004939   0.0000468882  -0.0000100711
       -0.0000272529  -0.0000212446  -0.0000582963  -0.0000075829  -0.0000295490
       -0.0000199858  -0.0000043046  -0.0000636842  -0.0000175998  -0.0000377763
        0.0006630742  -0.0055647593   0.0032032835  -0.0005046389   0.0009180155
        0.0006865261   0.0177581467   0.0539088758  -0.0257481840   0.0123642825
        0.0014110317  -0.0188381251   0.0012313030   0.0011695671  -0.0021912455
       -0.0000325117   0.0000399484  -0.0000851436  -0.0000123480   0.0000341590
        0.0000602605   0.0000076600  -0.0000195752  -0.0000504155  -0.0002821064
        0.0007215913  -0.0002624440   0.0000853732  -0.0003175235   0.0002391464
        0.0003373382  -0.0011489185   0.0002914302   0.0072383561   0.0069183963
       -0.0131498251   0.1128907893   0.0193891793  -0.2016077215   0.0001181427
       -0.0000105123   0.0000162780   0.0000074703  -0.0000303470  -0.0000601769
       -0.0002571131  -0.0000829188   0.0001396965  -0.0000029061  -0.0000012852
        0.0000242913   0.0000493247  -0.0000362259   0.0000057718   0.0000664806
       -0.0000271482   0.0000025654   0.0000188847   0.0000141956  -0.0000725614
       -0.0002749845   0.0030658064  -0.0003457058  -0.0000398842  -0.0007451190
        0.0007452316  -0.1314981803  -0.0257481840   0.2310395430   0.0142933266
       -0.0010087235  -0.0224963195  -0.0027131120  -0.0010067951   0.0055660987
       -0.0000526906  -0.0000026304  -0.0000626027  -0.0000362873   0.0000262122
        0.0000403586   0.0000020983  -0.0000318853  -0.0000038754  -0.0003859564
        0.0003746482   0.0003459787   0.0000656373  -0.0001045447  -0.0001546987
        0.0011569511  -0.0002510887   0.0006110233   0.0008464507   0.0031284168
        0.0019087218  -0.0577968324  -0.0405099910  -0.0383382615   0.0000699110
       -0.0000027896  -0.0000134300  -0.0000921878  -0.0000068296  -0.0000701114
       -0.0000134397   0.0000370091   0.0001971307   0.0000125607  -0.0000269074
       -0.0000227764   0.0000355768  -0.0000399737   0.0000037265   0.0000285154
       -0.0000468960  -0.0000045474  -0.0000147532   0.0000382759  -0.0000346080
        0.0000093404  -0.0004948112  -0.0000897043   0.0006641732   0.0009062344
       -0.0001843965   0.0040122877   0.0123642825   0.0142933266   0.0618103870
        0.0461681483   0.0446175702  -0.0103217423  -0.0215248797  -0.0230388241
       -0.0000590333   0.0000146181   0.0000640945   0.0000328563   0.0000223096
       -0.0000129380  -0.0000563293   0.0000287879   0.0000650147   0.0000846711
       -0.0006929647  -0.0002996415  -0.0000453116   0.0003283311   0.0003900920
       -0.0009103737   0.0024313472  -0.0009325365  -0.0056149290  -0.0276151611
       -0.0180213309  -0.0398024580  -0.1587903743  -0.1150829618  -0.0000735118
       -0.0000048596   0.0000095706   0.0000340106   0.0000301236   0.0000164331
        0.0001339638   0.0000369984  -0.0001101008  -0.0000142047  -0.0000235589
       -0.0000012019  -0.0000212898  -0.0000094600  -0.0000000633  -0.0000767304
        0.0000247533   0.0000014423   0.0000482724  -0.0000170950   0.0000651633
       -0.0001573974   0.0006332000  -0.0008023832   0.0007045177  -0.0060846374
        0.0027304070   0.0007198489   0.0014110317  -0.0010087235   0.0461681483
        0.1867584873   0.1331339689  -0.0010947200   0.0015181226  -0.0002043050
        0.0000316849   0.0000180889   0.0000985539  -0.0000160383  -0.0000244045
        0.0000157503   0.0000713671   0.0000844364   0.0000543559  -0.0002474545
       -0.0002956276  -0.0001204142   0.0001366002  -0.0000720194  -0.0000170669
        0.0011168065  -0.0004051277   0.0003276635   0.0025902726   0.0067003985
        0.0079328206  -0.0387914839  -0.1163092796  -0.1581748054  -0.0000511856
        0.0000132442  -0.0000322134  -0.0000227938   0.0000030301   0.0000357119
        0.0001377095  -0.0000696390  -0.0001257281  -0.0000161191  -0.0000025121
       -0.0000239156  -0.0000057862   0.0000385360  -0.0000052191  -0.0000355289
        0.0000174146  -0.0000150236   0.0000068611   0.0000113942   0.0000529000
       -0.0000431619   0.0004784200   0.0007416788  -0.0006095658   0.0025461705
        0.0001655514  -0.0045960537  -0.0188381251  -0.0224963195   0.0446175702
        0.1331339689   0.1789836042  -0.0042737005  -0.0070283672  -0.0073978850
       -0.0000196958  -0.0000378889   0.0000355411   0.0000181082   0.0000142097
       -0.0000579491  -0.0001088249  -0.0000697990   0.0000739438   0.0006257803
       -0.0004850295  -0.0008412486   0.0000847589   0.0002195124   0.0002912101
       -0.0003664294   0.0026352126  -0.0005568974  -0.0071696447   0.0021247895
       -0.0024729435  -0.2713584503   0.0225646710  -0.0633389928  -0.0000275941
        0.0000110322  -0.0000033970   0.0000295558   0.0000294914   0.0000373888
        0.0000515222   0.0000616935  -0.0000654071   0.0000374491  -0.0000105017
       -0.0000105542  -0.0000202540   0.0000004152  -0.0000082654   0.0000058754
        0.0000010088   0.0000061571   0.0000364706  -0.0000239674   0.0000601402
        0.0003403843  -0.0003391954  -0.0000285769   0.0000764434  -0.0000440397
        0.0002649080  -0.0232437117   0.0012313030  -0.0027131120  -0.0103217423
       -0.0010947200  -0.0042737005   0.3113299991  -0.0267881977   0.0736017553
       -0.0000061649   0.0000237889   0.0000143171   0.0000958911   0.0000153076
        0.0000285346   0.0003364524   0.0002735103  -0.0002360346   0.0000208119
       -0.0000725840   0.0013533572  -0.0003585907  -0.0001785193  -0.0003911384
        0.0042947173  -0.0063458004   0.0032865049   0.0242982533  -0.0039274383
        0.0072347916   0.0214105831  -0.0433559075   0.0052685679  -0.0000162137
        0.0000038685  -0.0000073313   0.0000123297  -0.0000171095   0.0000141955
        0.0000633656  -0.0000430115  -0.0000305639  -0.0000148867  -0.0000041585
        0.0000088066   0.0000189959   0.0000227120  -0.0000133339  -0.0000662468
        0.0000275083  -0.0000084071  -0.0000447698  -0.0000240435  -0.0000502880
        0.0003956477   0.0005189899  -0.0001295111   0.0004482398   0.0002915270
        0.0000391608  -0.0025753376   0.0011695671  -0.0010067951  -0.0215248797
        0.0015181226  -0.0070283672  -0.0267881977   0.0501036706  -0.0083464654
       -0.0000009165   0.0000143353   0.0000502855  -0.0000394526   0.0000063544
       -0.0000261594  -0.0002046441  -0.0001382632   0.0001247149   0.0000900331
        0.0000898933  -0.0006397623   0.0000436839   0.0000736001   0.0001646524
       -0.0018882295   0.0033702751  -0.0010678566  -0.0111280449   0.0021008473
       -0.0033514656  -0.0629992183   0.0056099526  -0.0598963606   0.0000056363
       -0.0000050185   0.0000141248   0.0000492235  -0.0000055894   0.0000088899
       -0.0000898104  -0.0000138983  -0.0000944531   0.0000023991   0.0000116068
        0.0000004371  -0.0000193643  -0.0000117360   0.0000083675   0.0000339228
       -0.0000033252   0.0000119283   0.0000375854  -0.0000073757   0.0000293869
       -0.0004052633  -0.0000483006  -0.0000070620   0.0000720646  -0.0003013422
        0.0001907981   0.0258774639  -0.0021912455   0.0055660987  -0.0230388241
       -0.0002043050  -0.0073978850   0.0736017553  -0.0083464654   0.0663113205
