           1           2   1.02156475514682     
           2           3  0.984101026846309     
           3           4  0.977971574340971     
           4           5   1.68913198370333     
           4           6   1.17216100899562     
           5           6  0.170686283860048     
           6           7  0.919769551771787     
           7           8   1.01890718830474     
           1           9  0.985630189554085     
           1          10  0.987424272638577     
           1          11  0.986652936977949     
           2          12  0.975146091014601     
           2          13  0.976647004166823     
           3          14  0.972843840441471     
           3          15  0.952377548091915     
           7          16  0.969363278894518     
           7          17  0.967725848185033     
           8          18  0.984179779085872     
           8          19  0.980087008982929     
           8          20  0.983240507079112     
