$hessian                                                                        
        0.5008806292   0.0246501779   0.0179194261  -0.1034495317   0.0476625287
        0.0375366283  -0.0153691769   0.0180711482   0.0076662168   0.0003785098
       -0.0004716333  -0.0000799621  -0.0001728925   0.0001525225   0.0000353847
       -0.1735940687   0.0556629444  -0.1052613809  -0.1240469657  -0.1086935127
       -0.0352138863  -0.0807941932  -0.0393073683   0.0764340664  -0.0087375698
        0.0099398371   0.0102388889   0.0080758382  -0.0104232229  -0.0080660164
       -0.0030449300   0.0025734548  -0.0020092209   0.0009047693  -0.0007603053
        0.0006718318  -0.0010241190   0.0007686423  -0.0000667866   0.0000220292
        0.0002311668   0.0001143407  -0.0000099861   0.0000698993   0.0000577624
       -0.0000183420  -0.0001262794   0.0000227071
        0.0246501779   0.4948043576  -0.0203114946   0.0463842250  -0.1309122296
       -0.0476012120   0.0115061046  -0.0115295537  -0.0031153606   0.0001814915
       -0.0001984066   0.0000846463   0.0000026538  -0.0000536930  -0.0002150509
        0.0558937092  -0.0677125919   0.0472375488  -0.1089470833  -0.1870274979
       -0.0457491296  -0.0391985715  -0.0831985768   0.0802205940  -0.0040083566
        0.0068028481   0.0041801627   0.0116459879  -0.0212255945  -0.0150197901
        0.0023869084  -0.0005770689   0.0013455400   0.0000106085   0.0004283074
       -0.0009083925  -0.0004905376   0.0003668581  -0.0002116861  -0.0000705183
        0.0000434792  -0.0000457180   0.0000763666   0.0001216532   0.0001182777
       -0.0000231659  -0.0001322906  -0.0000089350
        0.0179194261  -0.0203114946   0.5076073928   0.0361955193  -0.0468642699
       -0.1013521135  -0.0062684695   0.0093804994   0.0071304035   0.0004729209
       -0.0000646836  -0.0003649831  -0.0001523084  -0.0000342751   0.0000608557
       -0.1049954831   0.0469087217  -0.1276600900  -0.0353201899  -0.0460280759
       -0.0594988897   0.0763692650   0.0802990286  -0.2056264117   0.0157514476
       -0.0171453966  -0.0158478845   0.0049391067  -0.0098133984  -0.0054868805
       -0.0031926254   0.0025550601  -0.0008608111  -0.0011200688   0.0005615975
        0.0013432001  -0.0004350391   0.0004439501   0.0002384186  -0.0001398342
        0.0001257261   0.0001853132   0.0000852511  -0.0000203158   0.0000678123
       -0.0001089184   0.0000073265   0.0000646678
       -0.1034495317   0.0463842250   0.0361955193   0.4829845960   0.0354498713
       -0.0143315470  -0.1262990491   0.0382461607  -0.0497073920  -0.0206184628
        0.0040001545  -0.0136463723   0.0007215102   0.0004911699  -0.0002250654
       -0.0150953047   0.0180790921   0.0103023304   0.0094184201  -0.0105975105
       -0.0076760083  -0.0088705466   0.0089291991   0.0099701612  -0.0808460068
       -0.0409695443   0.0744748968  -0.1287074184  -0.1042435239  -0.0395232697
       -0.0125557480   0.0094696561  -0.0082098813   0.0066312731  -0.0033966447
        0.0042180316   0.0005963897   0.0007761557   0.0004332944  -0.0031038924
       -0.0024719708  -0.0016507009  -0.0006501655  -0.0000546424  -0.0004034883
       -0.0001560633  -0.0000918479  -0.0002205085
        0.0476625287  -0.1309122296  -0.0468642699   0.0354498713   0.4983749361
       -0.0064039660   0.0330562074  -0.0881111984   0.0298426249  -0.0098019691
        0.0087141664  -0.0091162513  -0.0001661508   0.0003903770   0.0003121697
        0.0086548525  -0.0095478456  -0.0051636931   0.0114213434  -0.0209282646
       -0.0142599601  -0.0043507269   0.0074886189   0.0037914273  -0.0401761317
       -0.0829726212   0.0758035335  -0.1043146970  -0.1628983115  -0.0476095593
        0.0184738144  -0.0127511278   0.0123111455   0.0084769171  -0.0057264887
        0.0098170288  -0.0000098865   0.0006968226  -0.0001641834  -0.0038260331
       -0.0016239611  -0.0020197519  -0.0004627881  -0.0000410886  -0.0002799107
       -0.0000871515  -0.0001517839   0.0000036161
        0.0375366283  -0.0476012120  -0.1013521135  -0.0143315470  -0.0064039660
        0.4954912894  -0.0488664694   0.0327206848  -0.1087829747  -0.0103030541
       -0.0002007581  -0.0053493204   0.0006880569   0.0002969433  -0.0006461106
       -0.0092186528   0.0110289826   0.0075934502   0.0037874396  -0.0085095987
       -0.0051340451   0.0161797679  -0.0168895528  -0.0166864278   0.0736858587
        0.0760894132  -0.1899537517  -0.0396226553  -0.0474768888  -0.0635720724
        0.0085044969  -0.0064161821   0.0069264489  -0.0177320561   0.0137977030
       -0.0196706661   0.0000592934   0.0002845444   0.0001619630  -0.0012318742
       -0.0010065439   0.0003972398   0.0008688017   0.0003276522   0.0005857160
       -0.0000040344  -0.0000412213  -0.0000086250
       -0.0153691769   0.0115061046  -0.0062684695  -0.1262990491   0.0330562074
       -0.0488664694   0.4618136031  -0.0164671022  -0.0370728535  -0.1137065496
       -0.0424030799  -0.0268811568  -0.0235083596  -0.0202069292   0.0116883362
       -0.0016824411   0.0026944340   0.0014240629   0.0003645633  -0.0004972877
       -0.0001676134   0.0004120455  -0.0000597428  -0.0008940408   0.0078853057
       -0.0027701490   0.0042558440  -0.0191735783   0.0069318879  -0.0158231625
       -0.0778848560   0.0682675305   0.0471115856  -0.0808427696  -0.0316858513
        0.0814070364   0.0062283734   0.0034886694   0.0017451027  -0.0199546134
       -0.0128392896  -0.0110156354   0.0005140281   0.0012266538  -0.0001074271
        0.0012034746  -0.0002420560  -0.0005351394
        0.0180711482  -0.0115295537   0.0093804994   0.0382461607  -0.0881111984
        0.0327206848  -0.0164671022   0.4778219612   0.0042334680  -0.0462761379
       -0.1091706161  -0.0250352857  -0.0180004737  -0.0104076006   0.0074118654
        0.0026677564  -0.0028919962  -0.0017447527  -0.0001273123   0.0003894691
        0.0005162008  -0.0007390657   0.0007692949   0.0004332672   0.0094917097
       -0.0060564831   0.0105473871  -0.0145144042   0.0066012729  -0.0119751811
        0.0673516991  -0.1746088881  -0.0854816821  -0.0318999442  -0.0706973220
        0.0656510810  -0.0170887852  -0.0201530732  -0.0106252660   0.0077091421
        0.0061468110   0.0037348472  -0.0000777344   0.0004670958  -0.0001689142
        0.0016533435   0.0014308264   0.0004017807
        0.0076662168  -0.0031153606   0.0071304035  -0.0497073920   0.0298426249
       -0.1087829747  -0.0370728535   0.0042334680   0.5154804146  -0.0237606302
       -0.0221491214  -0.0726893212   0.0242951719   0.0188045652  -0.0012414474
        0.0024997619  -0.0026835888  -0.0004903848  -0.0001058521   0.0000742452
        0.0004217486   0.0008893253  -0.0008511145   0.0011265043  -0.0174327135
        0.0128698165  -0.0188101618  -0.0098798011   0.0034866120  -0.0069324204
        0.0466778891  -0.0855607700  -0.1011588587   0.0811505440   0.0657686671
       -0.2052492795  -0.0099883861  -0.0113093921  -0.0045428099  -0.0152890967
       -0.0103987748  -0.0066282663   0.0003020325  -0.0002502625   0.0010748910
       -0.0002442163   0.0012383856   0.0012919627
        0.0003785098   0.0001814915   0.0004729209  -0.0206184628  -0.0098019691
       -0.0103030541  -0.1137065496  -0.0462761379  -0.0237606302   0.4603498896
       -0.0632104934   0.0070745876  -0.1101061554  -0.0167207286   0.0827689509
        0.0001737060  -0.0002806798   0.0000276024  -0.0009214642   0.0000757989
       -0.0004405748  -0.0001576921  -0.0000444372  -0.0001880313   0.0002648223
       -0.0005709534   0.0009438327  -0.0025018384   0.0012759597  -0.0020309746
        0.0061627112   0.0047336093   0.0018300656  -0.0108333365  -0.0100739391
       -0.0015953442  -0.0718794132   0.0698241341   0.0352917919  -0.1336573824
        0.0713508559  -0.0840075449   0.0091373227   0.0053316388  -0.0160653510
       -0.0120846671  -0.0057941498   0.0099817532
       -0.0004716333  -0.0001984066  -0.0000646836   0.0040001545   0.0087141664
       -0.0002007581  -0.0424030799  -0.1091706161  -0.0221491214  -0.0632104934
        0.5014592502   0.0059377199  -0.0179761262  -0.0899666841   0.0561391838
        0.0003682829   0.0000013670  -0.0000111526   0.0009420423  -0.0000872797
        0.0004091620   0.0001359016   0.0000272600  -0.0000922022  -0.0003235353
        0.0004743014   0.0001453664   0.0028266698   0.0001282194   0.0024665076
       -0.0177077834  -0.0206167167  -0.0090430532  -0.0085925281  -0.0072097936
       -0.0013639505   0.0681616514  -0.1877149160  -0.0834141561   0.0723921347
       -0.0938713730   0.0589187583  -0.0117507725  -0.0096071218   0.0140028614
        0.0136091149   0.0076383432  -0.0216804818
       -0.0000799621   0.0000846463  -0.0003649831  -0.0136463723  -0.0091162513
       -0.0053493204  -0.0268811568  -0.0250352857  -0.0726893212   0.0070745876
        0.0059377199   0.4816853518   0.0503965705   0.0329183584  -0.1508241339
       -0.0000836915  -0.0001653596  -0.0000587947   0.0002439975  -0.0003536980
        0.0005108721   0.0000621295   0.0000757596  -0.0000679382   0.0001199777
       -0.0003322040   0.0001555711  -0.0033947035   0.0012484686  -0.0019922066
       -0.0108026421  -0.0135520992  -0.0048815918   0.0169257938   0.0155913088
        0.0032001475   0.0374566105  -0.0861796203  -0.0925133075  -0.0859367910
        0.0606607920  -0.1193176116   0.0125059336   0.0130723931  -0.0202557451
        0.0160397188   0.0051450716  -0.0172369883
       -0.0001728925   0.0000026538  -0.0001523084   0.0007215102  -0.0001661508
        0.0006880569  -0.0235083596  -0.0180004737   0.0242951719  -0.1101061554
       -0.0179761262   0.0503965705   0.3678246096  -0.1830688409  -0.0454513769
       -0.0001606828   0.0000082672  -0.0001355201   0.0000494070  -0.0001880567
        0.0000730111   0.0000993748   0.0000129811   0.0001082095  -0.0002325060
       -0.0004047739   0.0004421307  -0.0000940051  -0.0001347280  -0.0000192495
        0.0014823775   0.0014666929  -0.0001492270  -0.0055360321  -0.0053900533
       -0.0002800879  -0.0115986813  -0.0020265126   0.0176314215   0.0097579502
        0.0035878675  -0.0108693578  -0.1609971468   0.1024391071  -0.1142136474
       -0.0675287677   0.1198381466   0.0776362029
        0.0001525225  -0.0000536930  -0.0000342751   0.0004911699   0.0003903770
        0.0002969433  -0.0202069292  -0.0104076006   0.0188045652  -0.0167207286
       -0.0899666841   0.0329183584  -0.1830688409   0.4787086261  -0.0444046447
       -0.0000962225   0.0000684172  -0.0000133144   0.0000210866   0.0000255564
       -0.0000495244  -0.0000336251  -0.0000856274   0.0000888443   0.0005840749
        0.0001320845   0.0003048418  -0.0000977591  -0.0001058357  -0.0000765099
        0.0003039267   0.0012432643   0.0011210691  -0.0052158036  -0.0038852433
       -0.0002046587   0.0120607692   0.0074935550  -0.0187539996  -0.0080788777
       -0.0093424114   0.0204702985   0.1363457664  -0.1234050194   0.1219044874
        0.0835594705  -0.2508097656  -0.1323724811
        0.0000353847  -0.0002150509   0.0000608557  -0.0002250654   0.0003121697
       -0.0006461106   0.0116883362   0.0074118654  -0.0012414474   0.0827689509
        0.0561391838  -0.1508241339  -0.0454513769  -0.0444046447   0.5015967183
        0.0000906792   0.0000369309   0.0000962824  -0.0000117935   0.0000715640
       -0.0001344729  -0.0002551520   0.0000125429   0.0001128005  -0.0006646163
       -0.0008473282   0.0008818739  -0.0000559972  -0.0001405380   0.0004630827
       -0.0014349135   0.0002261712   0.0009244120   0.0005411254   0.0006861959
        0.0010440469   0.0145241189   0.0023771078  -0.0200770345   0.0096768220
        0.0135511204  -0.0249320273  -0.1242685721   0.0966860248  -0.1704546484
        0.0530420697  -0.1319033149  -0.1368701975
       -0.1735940687   0.0558937092  -0.1049954831  -0.0150953047   0.0086548525
       -0.0092186528  -0.0016824411   0.0026677564   0.0024997619   0.0001737060
        0.0003682829  -0.0000836915  -0.0001606828  -0.0000962225   0.0000906792
        0.2007241040  -0.0679338843   0.1216648339  -0.0185952759   0.0038152283
       -0.0154301253   0.0081965750  -0.0034470594   0.0059748726  -0.0001994325
       -0.0002546227  -0.0001446626   0.0007724603  -0.0003384872  -0.0002316825
       -0.0009016204   0.0006977107  -0.0004867405   0.0000481384  -0.0001471722
        0.0002314563   0.0002128113   0.0000153735   0.0001379344   0.0000533970
       -0.0000111070   0.0000431549  -0.0000113429   0.0000794970  -0.0000576713
        0.0000589768   0.0000361447   0.0000060165
        0.0556629444  -0.0677125919   0.0469087217   0.0180790921  -0.0095478456
        0.0110289826   0.0026944340  -0.0028919962  -0.0026835888  -0.0002806798
        0.0000013670  -0.0001653596   0.0000082672   0.0000684172   0.0000369309
       -0.0679338843   0.0788771232  -0.0526473590  -0.0194053755   0.0065980726
       -0.0152867643   0.0101812959  -0.0050964118   0.0116165271  -0.0002770725
        0.0004114866   0.0002189282   0.0002571045   0.0000195441   0.0006245737
        0.0011218899  -0.0008240963   0.0004777848  -0.0001611425   0.0000841551
       -0.0002533851   0.0001196424  -0.0000709016   0.0000727548  -0.0000491443
        0.0000918254   0.0000870062  -0.0000040508  -0.0000257090  -0.0000742067
       -0.0000133207   0.0000175611   0.0000384535
       -0.1052613809   0.0472375488  -0.1276600900   0.0103023304  -0.0051636931
        0.0075934502   0.0014240629  -0.0017447527  -0.0004903848   0.0000276024
       -0.0000111526  -0.0000587947  -0.0001355201  -0.0000133144   0.0000962824
        0.1216648339  -0.0526473590   0.1466041888  -0.0088323685   0.0017479998
       -0.0064121056  -0.0201944126   0.0108791983  -0.0210908324   0.0001569224
       -0.0001709945   0.0004564972   0.0002945920   0.0002876117   0.0004549588
        0.0003949850  -0.0004176577   0.0003990416   0.0000147803  -0.0002037023
        0.0000491863   0.0000836290   0.0001509755   0.0000292008   0.0000377083
        0.0000508131   0.0000140007   0.0000225393  -0.0000079332  -0.0000224890
       -0.0000003037   0.0000264124   0.0000378896
       -0.1240469657  -0.1089470833  -0.0353201899   0.0094184201   0.0114213434
        0.0037874396   0.0003645633  -0.0001273123  -0.0001058521  -0.0009214642
        0.0009420423   0.0002439975   0.0000494070   0.0000210866  -0.0000117935
       -0.0185952759  -0.0194053755  -0.0088323685   0.1444544191   0.1250850812
        0.0410777103  -0.0095159007  -0.0122917754  -0.0017341627   0.0006533697
        0.0002228895  -0.0002773431  -0.0005598879   0.0030873791   0.0017856434
       -0.0001049576  -0.0001798097  -0.0000100914  -0.0000875332  -0.0000741977
        0.0000027388  -0.0012216594   0.0004731255  -0.0008299165   0.0001720241
       -0.0001494358  -0.0000405138  -0.0000721011   0.0000310917   0.0002797961
        0.0000135425  -0.0001090495  -0.0000150941
       -0.1086935127  -0.1870274979  -0.0460280759  -0.0105975105  -0.0209282646
       -0.0085095987  -0.0004972877   0.0003894691   0.0000742452   0.0000757989
       -0.0000872797  -0.0003536980  -0.0001880567   0.0000255564   0.0000715640
        0.0038152283   0.0065980726   0.0017479998   0.1250850812   0.2168390754
        0.0563612274  -0.0120687998  -0.0136964988  -0.0012511592  -0.0003609157
        0.0008680167   0.0005019584   0.0027601294  -0.0037804556  -0.0032933575
       -0.0002044400   0.0001763758   0.0001032938  -0.0001839618  -0.0002364076
        0.0000243056   0.0010511207   0.0005479290   0.0006288560  -0.0001896766
        0.0001209982   0.0000870514   0.0001457731   0.0000451873  -0.0002965421
        0.0000510297   0.0001457238   0.0001319297
       -0.0352138863  -0.0457491296  -0.0594988897  -0.0076760083  -0.0142599601
       -0.0051340451  -0.0001676134   0.0005162008   0.0004217486  -0.0004405748
        0.0004091620   0.0005108721   0.0000730111  -0.0000495244  -0.0001344729
       -0.0154301253  -0.0152867643  -0.0064121056   0.0410777103   0.0563612274
        0.0672016023   0.0170291159   0.0215531834   0.0049758910  -0.0005994464
       -0.0003087527   0.0000957043   0.0017941429  -0.0033693563  -0.0015117105
       -0.0001094927   0.0000147505  -0.0000833068   0.0001153376   0.0000702331
       -0.0001268455  -0.0006860530   0.0001282556   0.0001804677   0.0000103768
       -0.0000257964  -0.0001222237   0.0001820484  -0.0001097434  -0.0003161811
        0.0000414573   0.0001060144  -0.0000465051
       -0.0807941932  -0.0391985715   0.0763692650  -0.0088705466  -0.0043507269
        0.0161797679   0.0004120455  -0.0007390657   0.0008893253  -0.0001576921
        0.0001359016   0.0000621295   0.0000993748  -0.0000336251  -0.0002551520
        0.0081965750   0.0101812959  -0.0201944126  -0.0095159007  -0.0120687998
        0.0170291159   0.0919913626   0.0432161249  -0.0917176172  -0.0016986396
        0.0029365993   0.0027524641   0.0004682046  -0.0003219238  -0.0005715197
        0.0002148084  -0.0001271619  -0.0001613695  -0.0002225748   0.0006106918
       -0.0003933555  -0.0001999533  -0.0002734671   0.0001012487  -0.0000122177
        0.0000157011  -0.0000060143   0.0000165530   0.0000264342  -0.0000519444
        0.0000727941  -0.0000094070  -0.0000319312
       -0.0393073683  -0.0831985768   0.0802990286   0.0089291991   0.0074886189
       -0.0168895528  -0.0000597428   0.0007692949  -0.0008511145  -0.0000444372
        0.0000272600   0.0000757596   0.0000129811  -0.0000856274   0.0000125429
       -0.0034470594  -0.0050964118   0.0108791983  -0.0122917754  -0.0136964988
        0.0215531834   0.0432161249   0.0953580263  -0.0920512501   0.0030002878
       -0.0021191977  -0.0029171420   0.0002055313   0.0006962095  -0.0002678087
       -0.0001432933   0.0000584388  -0.0000238742   0.0000657731  -0.0000761971
        0.0002194642  -0.0001704849  -0.0001087649   0.0001123627  -0.0000422591
        0.0000019102  -0.0000360031   0.0000634390  -0.0000909345  -0.0000858336
        0.0000130840   0.0000724502  -0.0000289607
        0.0764340664   0.0802205940  -0.2056264117   0.0099701612   0.0037914273
       -0.0166864278  -0.0008940408   0.0004332672   0.0011265043  -0.0001880313
       -0.0000922022  -0.0000679382   0.0001082095   0.0000888443   0.0001128005
        0.0059748726   0.0116165271  -0.0210908324  -0.0017341627  -0.0012511592
        0.0049758910  -0.0917176172  -0.0920512501   0.2390984434   0.0023234637
       -0.0031022259  -0.0021665183  -0.0002603889   0.0003207370  -0.0000269498
       -0.0003014850   0.0001370132  -0.0000301867   0.0002532162  -0.0001687738
        0.0004406471   0.0001697421   0.0000873980  -0.0000078561  -0.0000349603
        0.0000030628   0.0000127141  -0.0000507401  -0.0000677163  -0.0000431922
       -0.0000523053   0.0000344567  -0.0000206871
       -0.0087375698  -0.0040083566   0.0157514476  -0.0808460068  -0.0401761317
        0.0736858587   0.0078853057   0.0094917097  -0.0174327135   0.0002648223
       -0.0003235353   0.0001199777  -0.0002325060   0.0005840749  -0.0006646163
       -0.0001994325  -0.0002770725   0.0001569224   0.0006533697  -0.0003609157
       -0.0005994464  -0.0016986396   0.0030002878   0.0023234637   0.0970416756
        0.0441177135  -0.0873109517  -0.0110876767  -0.0130633219   0.0170729102
        0.0003923611  -0.0001539388  -0.0000606846  -0.0025279463   0.0020770549
       -0.0034460695  -0.0000121380   0.0000262995   0.0001189679   0.0001119151
        0.0000122726   0.0003594815  -0.0006251818  -0.0011887753   0.0000082138
       -0.0003823522   0.0002426350  -0.0000827615
        0.0099398371   0.0068028481  -0.0171453966  -0.0409695443  -0.0829726212
        0.0760894132  -0.0027701490  -0.0060564831   0.0128698165  -0.0005709534
        0.0004743014  -0.0003322040  -0.0004047739   0.0001320845  -0.0008473282
       -0.0002546227   0.0004114866  -0.0001709945   0.0002228895   0.0008680167
       -0.0003087527   0.0029365993  -0.0021191977  -0.0031022259   0.0441177135
        0.0975851869  -0.0889031561  -0.0141551720  -0.0137111499   0.0196196216
       -0.0001662066  -0.0002576374   0.0001431563   0.0022941828  -0.0010369545
        0.0019641498   0.0000179696  -0.0001298200  -0.0000810938  -0.0001516808
       -0.0001262694   0.0000254266  -0.0003734746   0.0002661090   0.0001542731
        0.0002873856  -0.0001299000   0.0000252947
        0.0102388889   0.0041801627  -0.0158478845   0.0744748968   0.0758035335
       -0.1899537517   0.0042558440   0.0105473871  -0.0188101618   0.0009438327
        0.0001453664   0.0001555711   0.0004421307   0.0003048418   0.0008818739
       -0.0001446626   0.0002189282   0.0004564972  -0.0002773431   0.0005019584
        0.0000957043   0.0027524641  -0.0029171420  -0.0021665183  -0.0873109517
       -0.0889031561   0.2223446767  -0.0016638982  -0.0016579620   0.0053551437
        0.0002113152  -0.0000967615   0.0003229152  -0.0030823545   0.0027782756
       -0.0029223492   0.0000503961  -0.0000123521  -0.0003065529   0.0003353143
       -0.0000569706   0.0000150007  -0.0009148594  -0.0006777680   0.0004433961
       -0.0003110133  -0.0001583412  -0.0000635605
        0.0080758382   0.0116459879   0.0049391067  -0.1287074184  -0.1043146970
       -0.0396226553  -0.0191735783  -0.0145144042  -0.0098798011  -0.0025018384
        0.0028266698  -0.0033947035  -0.0000940051  -0.0000977591  -0.0000559972
        0.0007724603   0.0002571045   0.0002945920  -0.0005598879   0.0027601294
        0.0017941429   0.0004682046   0.0002055313  -0.0002603889  -0.0110876767
       -0.0141551720  -0.0016638982   0.1533089883   0.1161377117   0.0478176044
       -0.0003281898  -0.0003756434   0.0001993930   0.0005360308  -0.0002044213
        0.0002085767   0.0000429889   0.0002552044   0.0001755506  -0.0012218430
       -0.0006806836  -0.0005765444   0.0003853717   0.0001720941   0.0000186236
        0.0000845548   0.0000823475   0.0000063987
       -0.0104232229  -0.0212255945  -0.0098133984  -0.1042435239  -0.1628983115
       -0.0474768888   0.0069318879   0.0066012729   0.0034866120   0.0012759597
        0.0001282194   0.0012484686  -0.0001347280  -0.0001058357  -0.0001405380
       -0.0003384872   0.0000195441   0.0002876117   0.0030873791  -0.0037804556
       -0.0033693563  -0.0003219238   0.0006962095   0.0003207370  -0.0130633219
       -0.0137111499  -0.0016579620   0.1161377117   0.1929552051   0.0567678835
        0.0003726466   0.0008108791   0.0004176782   0.0001381236   0.0002062148
       -0.0002464959   0.0001470891  -0.0000152424   0.0001103161   0.0003247693
        0.0002129848   0.0001651974   0.0000747887   0.0000382963  -0.0001173765
        0.0000348519   0.0000677635   0.0000175115
       -0.0080660164  -0.0150197901  -0.0054868805  -0.0395232697  -0.0476095593
       -0.0635720724  -0.0158231625  -0.0119751811  -0.0069324204  -0.0020309746
        0.0024665076  -0.0019922066  -0.0000192495  -0.0000765099   0.0004630827
       -0.0002316825   0.0006245737   0.0004549588   0.0017856434  -0.0032933575
       -0.0015117105  -0.0005715197  -0.0002678087  -0.0000269498   0.0170729102
        0.0196196216   0.0053551437   0.0478176044   0.0567678835   0.0733394215
        0.0004697367  -0.0002281517   0.0006342477  -0.0000812540  -0.0004473742
       -0.0001397406   0.0001980865   0.0000816392  -0.0000247306  -0.0009429495
       -0.0005841837  -0.0005564075  -0.0000692488  -0.0000745413  -0.0000021634
        0.0000153462   0.0000162320  -0.0000015721
       -0.0030449300   0.0023869084  -0.0031926254  -0.0125557480   0.0184738144
        0.0085044969  -0.0778848560   0.0673516991   0.0466778891   0.0061627112
       -0.0177077834  -0.0108026421   0.0014823775   0.0003039267  -0.0014349135
       -0.0009016204   0.0011218899   0.0003949850  -0.0001049576  -0.0002044400
       -0.0001094927   0.0002148084  -0.0001432933  -0.0003014850   0.0003923611
       -0.0001662066   0.0002113152  -0.0003281898   0.0003726466   0.0004697367
        0.0949193911  -0.0792807616  -0.0502550941  -0.0063059559   0.0108930556
        0.0105755690  -0.0026122728  -0.0036299605  -0.0012402169   0.0007081181
       -0.0003311394   0.0000120929  -0.0001207904   0.0001551128  -0.0000383504
       -0.0000204463   0.0004045313   0.0005287354
        0.0025734548  -0.0005770689   0.0025550601   0.0094696561  -0.0127511278
       -0.0064161821   0.0682675305  -0.1746088881  -0.0855607700   0.0047336093
       -0.0206167167  -0.0135520992   0.0014666929   0.0012432643   0.0002261712
        0.0006977107  -0.0008240963  -0.0004176577  -0.0001798097   0.0001763758
        0.0000147505  -0.0001271619   0.0000584388   0.0001370132  -0.0001539388
       -0.0002576374  -0.0000967615  -0.0003756434   0.0008108791  -0.0002281517
       -0.0792807616   0.2036878643   0.1012998004  -0.0028538291   0.0068519186
        0.0035910702  -0.0038397413  -0.0033497258  -0.0020657969   0.0004177621
        0.0004454318   0.0002138377  -0.0002271780  -0.0003517667  -0.0002301375
       -0.0005883525   0.0000628549   0.0005298534
       -0.0020092209   0.0013455400  -0.0008608111  -0.0082098813   0.0123111455
        0.0069264489   0.0471115856  -0.0854816821  -0.1011588587   0.0018300656
       -0.0090430532  -0.0048815918  -0.0001492270   0.0011210691   0.0009244120
       -0.0004867405   0.0004777848   0.0003990416  -0.0000100914   0.0001032938
       -0.0000833068  -0.0001613695  -0.0000238742  -0.0000301867  -0.0000606846
        0.0001431563   0.0003229152   0.0001993930   0.0004176782   0.0006342477
       -0.0502550941   0.1012998004   0.1168464095   0.0139896898  -0.0209188731
       -0.0186324533  -0.0018057722  -0.0015019465  -0.0001936762   0.0000801821
       -0.0001823261  -0.0003353319  -0.0000720105   0.0000373428  -0.0001867435
        0.0000091758  -0.0001050559   0.0003094851
        0.0009047693   0.0000106085  -0.0011200688   0.0066312731   0.0084769171
       -0.0177320561  -0.0808427696  -0.0318999442   0.0811505440  -0.0108333365
       -0.0085925281   0.0169257938  -0.0055360321  -0.0052158036   0.0005411254
        0.0000481384  -0.0001611425   0.0000147803  -0.0000875332  -0.0001839618
        0.0001153376  -0.0002225748   0.0000657731   0.0002532162  -0.0025279463
        0.0022941828  -0.0030823545   0.0005360308   0.0001381236  -0.0000812540
       -0.0063059559  -0.0028538291   0.0139896898   0.0977771408   0.0374840131
       -0.0911923520   0.0004001566   0.0002079055   0.0001798535  -0.0003609039
        0.0000125373   0.0005978580  -0.0000191744   0.0003649310  -0.0002548269
        0.0004387179  -0.0001477828  -0.0003052862
       -0.0007603053   0.0004283074   0.0005615975  -0.0033966447  -0.0057264887
        0.0137977030  -0.0316858513  -0.0706973220   0.0657686671  -0.0100739391
       -0.0072097936   0.0155913088  -0.0053900533  -0.0038852433   0.0006861959
       -0.0001471722   0.0000841551  -0.0002037023  -0.0000741977  -0.0002364076
        0.0000702331   0.0006106918  -0.0000761971  -0.0001687738   0.0020770549
       -0.0010369545   0.0027782756  -0.0002044213   0.0002062148  -0.0004473742
        0.0108930556   0.0068519186  -0.0209188731   0.0374840131   0.0807608360
       -0.0779224749   0.0000354847  -0.0001392160   0.0004240431   0.0002884091
        0.0004743077   0.0002616212   0.0001155515   0.0002686052  -0.0001175023
        0.0002283242  -0.0000667220  -0.0001609446
        0.0006718318  -0.0009083925   0.0013432001   0.0042180316   0.0098170288
       -0.0196706661   0.0814070364   0.0656510810  -0.2052492795  -0.0015953442
       -0.0013639505   0.0032001475  -0.0002800879  -0.0002046587   0.0010440469
        0.0002314563  -0.0002533851   0.0000491863   0.0000027388   0.0000243056
       -0.0001268455  -0.0003933555   0.0002194642   0.0004406471  -0.0034460695
        0.0019641498  -0.0029223492   0.0002085767  -0.0002464959  -0.0001397406
        0.0105755690   0.0035910702  -0.0186324533  -0.0911923520  -0.0779224749
        0.2398099799  -0.0001592257   0.0001144548   0.0002108635   0.0000336796
       -0.0003332341   0.0005266649  -0.0001033987  -0.0001975768   0.0000413179
       -0.0001790867   0.0000486140   0.0000752801
       -0.0010241190  -0.0004905376  -0.0004350391   0.0005963897  -0.0000098865
        0.0000592934   0.0062283734  -0.0170887852  -0.0099883861  -0.0718794132
        0.0681616514   0.0374566105  -0.0115986813   0.0120607692   0.0145241189
        0.0002128113   0.0001196424   0.0000836290  -0.0012216594   0.0010511207
       -0.0006860530  -0.0001999533  -0.0001704849   0.0001697421  -0.0000121380
        0.0000179696   0.0000503961   0.0000429889   0.0001470891   0.0001980865
       -0.0026122728  -0.0038397413  -0.0018057722   0.0004001566   0.0000354847
       -0.0001592257   0.0913544618  -0.0783385150  -0.0507356799  -0.0097018378
        0.0196567824   0.0079094314   0.0004413944   0.0002840603  -0.0007432488
       -0.0010265014  -0.0015966193   0.0041020969
        0.0007686423   0.0003668581   0.0004439501   0.0007761557   0.0006968226
        0.0002845444   0.0034886694  -0.0201530732  -0.0113093921   0.0698241341
       -0.1877149160  -0.0861796203  -0.0020265126   0.0074935550   0.0023771078
        0.0000153735  -0.0000709016   0.0001509755   0.0004731255   0.0005479290
        0.0001282556  -0.0002734671  -0.0001087649   0.0000873980   0.0000262995
       -0.0001298200  -0.0000123521   0.0002552044  -0.0000152424   0.0000816392
       -0.0036299605  -0.0033497258  -0.0015019465   0.0002079055  -0.0001392160
        0.0001144548  -0.0783385150   0.2168888076   0.0996424083   0.0099428629
       -0.0163402602  -0.0063747550  -0.0001060247   0.0010063628   0.0004923557
       -0.0014038927   0.0010215851   0.0015749766
       -0.0000667866  -0.0002116861   0.0002384186   0.0004332944  -0.0001641834
        0.0001619630   0.0017451027  -0.0106252660  -0.0045428099   0.0352917919
       -0.0834141561  -0.0925133075   0.0176314215  -0.0187539996  -0.0200770345
        0.0001379344   0.0000727548   0.0000292008  -0.0008299165   0.0006288560
        0.0001804677   0.0001012487   0.0001123627  -0.0000078561   0.0001189679
       -0.0000810938  -0.0003065529   0.0001755506   0.0001103161  -0.0000247306
       -0.0012402169  -0.0020657969  -0.0001936762   0.0001798535   0.0004240431
        0.0002108635  -0.0507356799   0.0996424083   0.1142711046  -0.0073326939
        0.0141258248   0.0079078733   0.0003297359  -0.0014761208   0.0001627002
        0.0040603921   0.0016757369  -0.0054966238
        0.0000220292  -0.0000705183  -0.0001398342  -0.0031038924  -0.0038260331
       -0.0012318742  -0.0199546134   0.0077091421  -0.0152890967  -0.1336573824
        0.0723921347  -0.0859367910   0.0097579502  -0.0080788777   0.0096768220
        0.0000533970  -0.0000491443   0.0000377083   0.0001720241  -0.0001896766
        0.0000103768  -0.0000122177  -0.0000422591  -0.0000349603   0.0001119151
       -0.0001516808   0.0003353143  -0.0012218430   0.0003247693  -0.0009429495
        0.0007081181   0.0004177621   0.0000801821  -0.0003609039   0.0002884091
        0.0000336796  -0.0097018378   0.0099428629  -0.0073326939   0.1564802941
       -0.0767183636   0.0971385672  -0.0002577199  -0.0017123975   0.0032616304
        0.0009646825  -0.0002361292   0.0003339192
        0.0002311668   0.0000434792   0.0001257261  -0.0024719708  -0.0016239611
       -0.0010065439  -0.0128392896   0.0061468110  -0.0103987748   0.0713508559
       -0.0938713730   0.0606607920   0.0035878675  -0.0093424114   0.0135511204
       -0.0000111070   0.0000918254   0.0000508131  -0.0001494358   0.0001209982
       -0.0000257964   0.0000157011   0.0000019102   0.0000030628   0.0000122726
       -0.0001262694  -0.0000569706  -0.0006806836   0.0002129848  -0.0005841837
       -0.0003311394   0.0004454318  -0.0001823261   0.0000125373   0.0004743077
       -0.0003332341   0.0196567824  -0.0163402602   0.0141258248  -0.0767183636
        0.1128636850  -0.0783586701  -0.0017433362   0.0006452919   0.0032189854
        0.0000781423   0.0002575499  -0.0007898250
        0.0001143407  -0.0000457180   0.0001853132  -0.0016507009  -0.0020197519
        0.0003972398  -0.0110156354   0.0037348472  -0.0066282663  -0.0840075449
        0.0589187583  -0.1193176116  -0.0108693578   0.0204702985  -0.0249320273
        0.0000431549   0.0000870062   0.0000140007  -0.0000405138   0.0000870514
       -0.0001222237  -0.0000060143  -0.0000360031   0.0000127141   0.0003594815
        0.0000254266   0.0000150007  -0.0005765444   0.0001651974  -0.0005564075
        0.0000120929   0.0002138377  -0.0003353319   0.0005978580   0.0002616212
        0.0005266649   0.0079094314  -0.0063747550   0.0079078733   0.0971385672
       -0.0783586701   0.1488995873   0.0031326158   0.0022875853  -0.0060468750
       -0.0011412310   0.0005832684  -0.0000196507
       -0.0000099861   0.0000763666   0.0000852511  -0.0006501655  -0.0004627881
        0.0008688017   0.0005140281  -0.0000777344   0.0003020325   0.0091373227
       -0.0117507725   0.0125059336  -0.1609971468   0.1363457664  -0.1242685721
       -0.0000113429  -0.0000040508   0.0000225393  -0.0000721011   0.0001457731
        0.0001820484   0.0000165530   0.0000634390  -0.0000507401  -0.0006251818
       -0.0003734746  -0.0009148594   0.0003853717   0.0000747887  -0.0000692488
       -0.0001207904  -0.0002271780  -0.0000720105  -0.0000191744   0.0001155515
       -0.0001033987   0.0004413944  -0.0001060247   0.0003297359  -0.0002577199
       -0.0017433362   0.0031326158   0.1619776777  -0.1296822725   0.1178776881
       -0.0097087387   0.0076059466  -0.0098278169
        0.0000698993   0.0001216532  -0.0000203158  -0.0000546424  -0.0000410886
        0.0003276522   0.0012266538   0.0004670958  -0.0002502625   0.0053316388
       -0.0096071218   0.0130723931   0.1024391071  -0.1234050194   0.0966860248
        0.0000794970  -0.0000257090  -0.0000079332   0.0000310917   0.0000451873
       -0.0001097434   0.0000264342  -0.0000909345  -0.0000677163  -0.0011887753
        0.0002661090  -0.0006777680   0.0001720941   0.0000382963  -0.0000745413
        0.0001551128  -0.0003517667   0.0000373428   0.0003649310   0.0002686052
       -0.0001975768   0.0002840603   0.0010063628  -0.0014761208  -0.0017123975
        0.0006452919   0.0022875853  -0.1296822725   0.1495618327  -0.1269105901
        0.0224575675  -0.0188987942   0.0173815702
        0.0000577624   0.0001182777   0.0000678123  -0.0004034883  -0.0002799107
        0.0005857160  -0.0001074271  -0.0001689142   0.0010748910  -0.0160653510
        0.0140028614  -0.0202557451  -0.1142136474   0.1219044874  -0.1704546484
       -0.0000576713  -0.0000742067  -0.0000224890   0.0002797961  -0.0002965421
       -0.0003161811  -0.0000519444  -0.0000858336  -0.0000431922   0.0000082138
        0.0001542731   0.0004433961   0.0000186236  -0.0001173765  -0.0000021634
       -0.0000383504  -0.0002301375  -0.0001867435  -0.0002548269  -0.0001175023
        0.0000413179  -0.0007432488   0.0004923557   0.0001627002   0.0032616304
        0.0032189854  -0.0060468750   0.1178776881  -0.1269105901   0.1852669110
        0.0104322412  -0.0116102271   0.0096852932
       -0.0000183420  -0.0000231659  -0.0001089184  -0.0001560633  -0.0000871515
       -0.0000040344   0.0012034746   0.0016533435  -0.0002442163  -0.0120846671
        0.0136091149   0.0160397188  -0.0675287677   0.0835594705   0.0530420697
        0.0000589768  -0.0000133207  -0.0000003037   0.0000135425   0.0000510297
        0.0000414573   0.0000727941   0.0000130840  -0.0000523053  -0.0003823522
        0.0002873856  -0.0003110133   0.0000845548   0.0000348519   0.0000153462
       -0.0000204463  -0.0005883525   0.0000091758   0.0004387179   0.0002283242
       -0.0001790867  -0.0010265014  -0.0014038927   0.0040603921   0.0009646825
        0.0000781423  -0.0011412310  -0.0097087387   0.0224575675   0.0104322412
        0.0880891356  -0.1198564308  -0.0815992920
       -0.0001262794  -0.0001322906   0.0000073265  -0.0000918479  -0.0001517839
       -0.0000412213  -0.0002420560   0.0014308264   0.0012383856  -0.0057941498
        0.0076383432   0.0051450716   0.1198381466  -0.2508097656  -0.1319033149
        0.0000361447   0.0000175611   0.0000264124  -0.0001090495   0.0001457238
        0.0001060144  -0.0000094070   0.0000724502   0.0000344567   0.0002426350
       -0.0001299000  -0.0001583412   0.0000823475   0.0000677635   0.0000162320
        0.0004045313   0.0000628549  -0.0001050559  -0.0001477828  -0.0000667220
        0.0000486140  -0.0015966193   0.0010215851   0.0016757369  -0.0002361292
        0.0002575499   0.0005832684   0.0076059466  -0.0188987942  -0.0116102271
       -0.1198564308   0.2594745982   0.1349366419
        0.0000227071  -0.0000089350   0.0000646678  -0.0002205085   0.0000036161
       -0.0000086250  -0.0005351394   0.0004017807   0.0012919627   0.0099817532
       -0.0216804818  -0.0172369883   0.0776362029  -0.1323724811  -0.1368701975
        0.0000060165   0.0000384535   0.0000378896  -0.0000150941   0.0001319297
       -0.0000465051  -0.0000319312  -0.0000289607  -0.0000206871  -0.0000827615
        0.0000252947  -0.0000635605   0.0000063987   0.0000175115  -0.0000015721
        0.0005287354   0.0005298534   0.0003094851  -0.0003052862  -0.0001609446
        0.0000752801   0.0041020969   0.0015749766  -0.0054966238   0.0003339192
       -0.0007898250  -0.0000196507  -0.0098278169   0.0173815702   0.0096852932
       -0.0815992920   0.1349366419   0.1482998316
