           1           2   1.02023950693982     
           2           3   1.00834482063395     
           3           4  0.992511105382193     
           4           5   1.02875027391892     
           1           6  0.987158312993661     
           1           7  0.985427048756542     
           1           8  0.987471631525300     
           2           9  0.974841389810502     
           2          10  0.978204066119191     
           3          11  0.977204498729201     
           3          12  0.976168523733445     
           4          13  0.972987991879874     
           4          14  0.975179180622301     
           5          15  0.959498403003005     
           5          16  0.961394526063302     
