           1           2   1.01935814828546     
           2           3   1.00898811274798     
           3           4  0.987912947308815     
           4           5  0.979615073411918     
           5           6   1.69860020006631     
           5           7   1.16038539132564     
           6           7  0.169954924685379     
           7           8  0.938732151990931     
           1           9  0.986682256764763     
           1          10  0.986955778015966     
           1          11  0.987771863259621     
           2          12  0.977280380824045     
           2          13  0.977959203105116     
           3          14  0.974323334518422     
           3          15  0.976117040230320     
           4          16  0.971767728406792     
           4          17  0.945609762396500     
           8          18  0.976943771742256     
           8          19  0.976735228801462     
           8          20  0.975766744654600     
