           1           2   1.42163726559625     
           2           3   1.44398589152773     
           3           4   1.39229602219496     
           4           5   1.32608078009962     
           1           6   1.44732293007799     
           5           6   1.38462397872498     
           5           7   1.05019368500133     
           7           8   1.70470041339419     
           7           9   1.04649974402444     
           9          10   1.43544702981611     
          10          11   1.35354501942050     
          11          12   1.53016341566493     
          12          13   1.25321167509067     
           9          14   1.28123625880673     
          13          14   1.23758385931759     
           4          15   1.04051644823921     
          14          15   1.14424699676741     
          15          16   1.60663949166071     
          13          17   1.31268199599076     
          17          18   1.00616449857178     
          18          19  0.971021121803604     
          19          20   1.00450137797126     
           1          21  0.967053077828365     
           2          22  0.967000054217857     
           3          23  0.963573311236180     
           6          24  0.964687562261393     
          10          25  0.964742402056449     
          11          26  0.966270452613880     
          12          27  0.959583651108722     
          17          28  0.877218830723344     
          18          29  0.969131360295127     
          18          30  0.961571831202082     
          19          31  0.969010257900393     
          19          32  0.972751476769644     
          20          33  0.854594776746051     
