$hessian                                                                        
        0.4955105826   0.0240147273   0.0206418799  -0.1110418683   0.0475834545
        0.0425704187  -0.0171756527   0.0171703054   0.0080311953   0.0006026110
       -0.0004274399  -0.0002440022  -0.0003019970  -0.0001001252   0.0002826591
       -0.0805867315  -0.0456953523   0.0726662826  -0.1730895805   0.0541314514
       -0.1062271512  -0.1087190687  -0.1000156795  -0.0397142889  -0.0096642021
        0.0088756040   0.0105854069   0.0078316204  -0.0081760432  -0.0073110917
       -0.0030773400   0.0023517859  -0.0020759013   0.0009741017  -0.0008279408
        0.0007336763  -0.0012465763   0.0008140226  -0.0000429839  -0.0000032938
        0.0002547180   0.0001085029   0.0000097210  -0.0000049443   0.0000242587
       -0.0000223257   0.0000514563  -0.0000288611
        0.0240147273   0.4989521029  -0.0193538670   0.0462789739  -0.1199677395
       -0.0450579303   0.0116874401  -0.0102997289  -0.0030676714   0.0000554623
       -0.0002589691   0.0000440694   0.0000062686  -0.0001135240  -0.0001617178
       -0.0456316086  -0.0976115854   0.0892509620   0.0542738889  -0.0667246799
        0.0464358215  -0.0999939564  -0.1924270852  -0.0582448181  -0.0059787278
        0.0075997163   0.0059257242   0.0134001846  -0.0197071832  -0.0158793534
        0.0023471728  -0.0005030453   0.0013524020   0.0001480299   0.0004185198
       -0.0009600077  -0.0006238170   0.0004293435  -0.0002372532  -0.0000924342
        0.0000321722  -0.0000445232   0.0001117099   0.0001673230   0.0000738508
       -0.0000033144   0.0000143627  -0.0000756877
        0.0206418799  -0.0193538670   0.5059172079   0.0410596170  -0.0443588888
       -0.1039616893  -0.0069060297   0.0087140679   0.0074931758   0.0006016796
       -0.0001548362  -0.0003813698  -0.0003089076   0.0000155869   0.0002439748
        0.0726501107   0.0891992454  -0.1909564516  -0.1059801434   0.0462033353
       -0.1289488109  -0.0396485103  -0.0584665019  -0.0677078079   0.0164289283
       -0.0147138215  -0.0156815755   0.0065762605  -0.0104441970  -0.0069322490
       -0.0030772885   0.0024018511  -0.0008967156  -0.0012166553   0.0004446884
        0.0013355398  -0.0006835826   0.0005608402   0.0002855364  -0.0001526362
        0.0001362999   0.0001668592  -0.0000243699  -0.0001242075  -0.0000289059
        0.0000396473  -0.0000595953   0.0000532817
       -0.1110418683   0.0462789739   0.0410596170   0.4800744454   0.0370270567
       -0.0140431904  -0.1276048370   0.0376300268  -0.0500637608  -0.0195155957
        0.0032380365  -0.0140113940   0.0000251138  -0.0001092231  -0.0001519353
       -0.0098725954   0.0078181998   0.0104383455  -0.0165584179   0.0166985590
        0.0108066506   0.0094450046  -0.0082193937  -0.0069245816  -0.0804303466
       -0.0471713715   0.0720089401  -0.1150196122  -0.0987660159  -0.0433299645
       -0.0136519475   0.0097783852  -0.0086652640   0.0065427018  -0.0031596942
        0.0042115842   0.0006956815   0.0009620036   0.0004796452  -0.0026133735
       -0.0023731506  -0.0014240949  -0.0006359634   0.0000162200  -0.0004230134
        0.0001616104   0.0003513872   0.0000324162
        0.0475834545  -0.1199677395  -0.0443588888   0.0370270567   0.5046776930
       -0.0076065058   0.0336881784  -0.0877434137   0.0296585266  -0.0113049174
        0.0086117509  -0.0092648755   0.0002037074   0.0002398281   0.0001235266
       -0.0063752725   0.0082922858   0.0055094483   0.0089332982  -0.0083036295
       -0.0051948076   0.0132418547  -0.0194453370  -0.0150844383  -0.0469074829
       -0.0968183916   0.0846571663  -0.0987661534  -0.1702427875  -0.0579021016
        0.0173414851  -0.0114628802   0.0113667515   0.0096118192  -0.0067703604
        0.0108662888   0.0000005671   0.0009334083  -0.0001905075  -0.0036818249
       -0.0019134526  -0.0021395327  -0.0005117461  -0.0001501232  -0.0003763962
       -0.0000840241   0.0000631490  -0.0000636540
        0.0425704187  -0.0450579303  -0.1039616893  -0.0140431904  -0.0076065058
        0.4973772722  -0.0493863825   0.0320346166  -0.1082141353  -0.0109886321
       -0.0001423508  -0.0070488800  -0.0000873460   0.0003740166  -0.0003551858
        0.0170278954  -0.0142602984  -0.0165202774  -0.0100101180   0.0100453893
        0.0079162076   0.0054781771  -0.0093653924  -0.0065219992   0.0717412927
        0.0848209813  -0.1801367625  -0.0435624281  -0.0580673619  -0.0715156560
        0.0087496412  -0.0065557871   0.0072136641  -0.0172959931   0.0139639791
       -0.0191093927   0.0001938056   0.0004918533   0.0002200767  -0.0015744955
       -0.0012524727   0.0001994215   0.0009720641   0.0006324368   0.0005515947
        0.0002152909  -0.0000551734  -0.0000942585
       -0.0171756527   0.0116874401  -0.0069060297  -0.1276048370   0.0336881784
       -0.0493863825   0.4802542778  -0.0114019963  -0.0408579294  -0.1203065869
       -0.0508997795  -0.0265983039  -0.0204358961  -0.0176249192   0.0012639244
        0.0004568195   0.0000153216  -0.0009561616  -0.0021539517   0.0027459598
        0.0016462051   0.0003723311  -0.0004889526  -0.0002623924   0.0074235111
       -0.0028442153   0.0042561383  -0.0177405569   0.0060971863  -0.0146161487
       -0.0895984863   0.0754075695   0.0575324782  -0.0814717100  -0.0373655620
        0.0796423161   0.0073908302   0.0051221137   0.0021339692  -0.0173505916
       -0.0130431654  -0.0096330244  -0.0000952077   0.0006449419  -0.0005538717
       -0.0019642930  -0.0017401208   0.0032952129
        0.0171703054  -0.0102997289   0.0087140679   0.0376300268  -0.0877434137
        0.0320346166  -0.0114019963   0.4849304600   0.0060233643  -0.0537265301
       -0.1196490183  -0.0272023574  -0.0136531917  -0.0086767060   0.0021525795
       -0.0008554708   0.0007627597   0.0003341477   0.0027260777  -0.0023994791
       -0.0016893003  -0.0001597686   0.0004213065   0.0004950826   0.0107613955
       -0.0068759214   0.0117024989  -0.0148663111   0.0065025795  -0.0123578362
        0.0756826916  -0.1620928251  -0.0880578648  -0.0377234045  -0.0801465625
        0.0743905471  -0.0165371817  -0.0212734740  -0.0117775196   0.0066943312
        0.0067182539   0.0038609487  -0.0004477307   0.0001936182  -0.0003359406
       -0.0012932431  -0.0003718487   0.0017129656
        0.0080311953  -0.0030676714   0.0074931758  -0.0500637608   0.0296585266
       -0.1082141353  -0.0408579294   0.0060233643   0.5158979280  -0.0278345492
       -0.0261691705  -0.0779670089   0.0186443490   0.0150635008   0.0065894479
        0.0008907322  -0.0008090787   0.0011059313   0.0027483372  -0.0025993380
       -0.0005999308  -0.0001840284   0.0000517176   0.0004598402  -0.0168602285
        0.0122239667  -0.0177493230  -0.0109088079   0.0037341216  -0.0077741120
        0.0576262414  -0.0874361087  -0.1093005976   0.0787819237   0.0736019365
       -0.1953529442  -0.0088240139  -0.0115320964  -0.0045127152  -0.0154516151
       -0.0119341416  -0.0076058505   0.0001162100   0.0006733462   0.0009356895
        0.0041459443   0.0025171248  -0.0034053953
        0.0006026110   0.0000554623   0.0006016796  -0.0195155957  -0.0113049174
       -0.0109886321  -0.1203065869  -0.0537265301  -0.0278345492   0.4727988167
       -0.0276661037   0.0284617508  -0.1216409686  -0.0332030053   0.0616351613
       -0.0002203732  -0.0000542450  -0.0001293173   0.0001417397  -0.0001734446
        0.0000985295  -0.0010741094   0.0002468711  -0.0004654555   0.0006271470
       -0.0005701908   0.0008924273  -0.0029407351   0.0014214428  -0.0025452622
        0.0070811642   0.0061021802   0.0026610818  -0.0112952198  -0.0114846587
       -0.0025219033  -0.0741471042   0.0641056099   0.0275869695  -0.1223593933
        0.0636179692  -0.0860519215   0.0104864000   0.0061990830  -0.0123543430
       -0.0182377923  -0.0035655229   0.0209537844
       -0.0004274399  -0.0002589691  -0.0001548362   0.0032380365   0.0086117509
       -0.0001423508  -0.0508997795  -0.1196490183  -0.0261691705  -0.0276661037
        0.4791467613  -0.0111346899  -0.0104890839  -0.0642659293   0.0151783215
        0.0000815595  -0.0000253190  -0.0000230534   0.0003735343   0.0000255933
       -0.0000297140   0.0009287825  -0.0001077174   0.0003808962  -0.0000724122
        0.0006609479   0.0001364388   0.0025004324   0.0001830778   0.0021999299
       -0.0159034727  -0.0208537719  -0.0103030188  -0.0101651929  -0.0092842165
       -0.0021978457   0.0688085025  -0.1696347196  -0.0657571058   0.0643981216
       -0.0911082929   0.0641477479  -0.0088620444  -0.0062435920   0.0170139562
       -0.0158434403  -0.0071965852   0.0168544947
       -0.0002440022   0.0000440694  -0.0003813698  -0.0140113940  -0.0092648755
       -0.0070488800  -0.0265983039  -0.0272023574  -0.0779670089   0.0284617508
       -0.0111346899   0.4734185623   0.0587591681   0.0431278930  -0.1593180120
        0.0000286236   0.0000450470  -0.0000605067  -0.0000133729  -0.0002161692
       -0.0001052336   0.0004859753  -0.0005071190   0.0004812416   0.0001580063
       -0.0003223370   0.0003052614  -0.0033006190   0.0011281825  -0.0017888857
       -0.0107489168  -0.0147593185  -0.0058475711   0.0161311101   0.0166849298
        0.0042997837   0.0289137532  -0.0612467304  -0.0731622167  -0.0884087748
        0.0647452430  -0.1333928247   0.0143275430   0.0041149866  -0.0244622565
       -0.0039405469  -0.0052367544   0.0050299166
       -0.0003019970   0.0000062686  -0.0003089076   0.0000251138   0.0002037074
       -0.0000873460  -0.0204358961  -0.0136531917   0.0186443490  -0.1216409686
       -0.0104890839   0.0587591681   0.5074763352   0.1109290084   0.1216208367
        0.0001600763   0.0000513424   0.0000678492  -0.0000889365  -0.0000596752
       -0.0001826722   0.0001711341  -0.0002676580   0.0001661669  -0.0009409475
       -0.0003572243   0.0003871928  -0.0000850066  -0.0002564814   0.0001721069
        0.0011677126   0.0011239614   0.0000104863  -0.0038322485  -0.0038711104
       -0.0006911400  -0.0178499419   0.0005122119   0.0276103496   0.0094760533
        0.0026508852  -0.0102832647  -0.1528043115   0.0956093558  -0.1179826410
       -0.2004961711  -0.1821323162  -0.0979025340
       -0.0001001252  -0.0001135240   0.0000155869  -0.0001092231   0.0002398281
        0.0003740166  -0.0176249192  -0.0086767060   0.0150635008  -0.0332030053
       -0.0642659293   0.0431278930   0.1109290084   0.3595486490  -0.0987314109
        0.0000114805   0.0000077688   0.0000158111   0.0000343498   0.0000605653
        0.0000645950  -0.0001785186   0.0003572505   0.0001597214   0.0003800084
        0.0000422183  -0.0002988670   0.0003830300   0.0001324920   0.0001238594
        0.0010111602   0.0018210175   0.0010063887  -0.0038014810  -0.0027935004
       -0.0005326586   0.0099045984   0.0089633144  -0.0150120031  -0.0082132266
       -0.0052704354   0.0163458267   0.0826341071  -0.1187704225   0.1056515011
       -0.1420572440  -0.1712825864  -0.0673737612
        0.0002826591  -0.0001617178   0.0002439748  -0.0001519353   0.0001235266
       -0.0003551858   0.0012639244   0.0021525795   0.0065894479   0.0616351613
        0.0151783215  -0.1593180120   0.1216208367  -0.0987314109   0.4760182468
       -0.0002276424  -0.0000658037   0.0000423509   0.0001611050   0.0000600643
        0.0001753570  -0.0001979578   0.0004351995  -0.0001376913  -0.0009404036
       -0.0008621386   0.0003381612  -0.0000869400   0.0000169342   0.0000993006
       -0.0004688176   0.0003548143   0.0007749478  -0.0015581592  -0.0016179623
        0.0008304235   0.0246984528  -0.0018674242  -0.0287011680   0.0123860934
        0.0121397652  -0.0284902562  -0.1401686862   0.1414674095  -0.1835817120
       -0.0782476905  -0.0686221572  -0.0845281852
       -0.0805867315  -0.0456316086   0.0726501107  -0.0098725954  -0.0063752725
        0.0170278954   0.0004568195  -0.0008554708   0.0008907322  -0.0002203732
        0.0000815595   0.0000286236   0.0001600763   0.0000114805  -0.0002276424
        0.0922315263   0.0508483097  -0.0876725969   0.0081881920   0.0117149821
       -0.0192579922  -0.0085977537  -0.0126628557   0.0146550294  -0.0021539422
        0.0028335536   0.0030520614   0.0005117022  -0.0003286307  -0.0005781184
        0.0002365101  -0.0001079220  -0.0001415675  -0.0002761360   0.0006190307
       -0.0004211030  -0.0001162101  -0.0002709337   0.0000691079  -0.0000263634
        0.0000280477  -0.0000052794   0.0000285034   0.0001045046  -0.0000277881
        0.0000367757  -0.0000087744  -0.0000414728
       -0.0456953523  -0.0976115854   0.0891992454   0.0078181998   0.0082922858
       -0.0142602984   0.0000153216   0.0007627597  -0.0008090787  -0.0000542450
       -0.0000253190   0.0000450470   0.0000513424   0.0000077688  -0.0000658037
        0.0508483097   0.1118712536  -0.1027865266  -0.0033446401  -0.0059880338
        0.0104775550  -0.0125694049  -0.0163577134   0.0209109136   0.0029422701
       -0.0014524225  -0.0026233126   0.0002295816   0.0007038220  -0.0002743140
       -0.0001047468   0.0000405403  -0.0000390448   0.0000215331  -0.0000208781
        0.0001846474  -0.0001738736  -0.0001487046   0.0000929696  -0.0000550410
        0.0000134138  -0.0000385108   0.0000399735  -0.0000668447  -0.0000555322
        0.0000307719  -0.0000203424   0.0000420437
        0.0726662826   0.0892509620  -0.1909564516   0.0104383455   0.0055094483
       -0.0165202774  -0.0009561616   0.0003341477   0.0011059313  -0.0001293173
       -0.0000230534  -0.0000605067   0.0000678492   0.0000158111   0.0000423509
       -0.0876725969  -0.1027865266   0.2220401581   0.0060006815   0.0131859024
       -0.0202193807  -0.0028069957  -0.0029807021   0.0064867665   0.0026369197
       -0.0028284329  -0.0023090114  -0.0002454310   0.0003444003  -0.0000429218
       -0.0003152610   0.0001263597  -0.0000370833   0.0002651205  -0.0001644444
        0.0004443458   0.0001561569   0.0000718856   0.0000105600  -0.0000331368
        0.0000125387   0.0000138654  -0.0000604193  -0.0000989446  -0.0000337407
       -0.0000120362   0.0000306482   0.0000353957
       -0.1730895805   0.0542738889  -0.1059801434  -0.0165584179   0.0089332982
       -0.0100101180  -0.0021539517   0.0027260777   0.0027483372   0.0001417397
        0.0003735343  -0.0000133729  -0.0000889365   0.0000343498   0.0001611050
        0.0081881920  -0.0033446401   0.0060006815   0.2006112796  -0.0660798164
        0.1225853564  -0.0170354854   0.0031694338  -0.0147411433  -0.0001618022
       -0.0002732422  -0.0002087089   0.0007562084  -0.0002998841  -0.0002816136
       -0.0009270342   0.0006938937  -0.0005553716   0.0000632231  -0.0001615104
        0.0002432139   0.0001816024   0.0000239117   0.0001366143   0.0000596225
       -0.0000179675   0.0000426786  -0.0000371191  -0.0000150114  -0.0000944859
        0.0000504597  -0.0000363159  -0.0000330293
        0.0541314514  -0.0667246799   0.0462033353   0.0166985590  -0.0083036295
        0.0100453893   0.0027459598  -0.0023994791  -0.0025993380  -0.0001734446
        0.0000255933  -0.0002161692  -0.0000596752   0.0000605653   0.0000600643
        0.0117149821  -0.0059880338   0.0131859024  -0.0660798164   0.0771805534
       -0.0517428422  -0.0199079279   0.0063865785  -0.0160867950  -0.0003210594
        0.0003880776   0.0002090701   0.0002789048  -0.0000416465   0.0005843384
        0.0009963360  -0.0006971167   0.0004565300  -0.0001566673   0.0000934882
       -0.0002393376   0.0001474020  -0.0000779467   0.0000730675  -0.0000549064
        0.0000959483   0.0000755065   0.0000297708  -0.0000102051  -0.0000252294
        0.0000101314   0.0000119327   0.0000165076
       -0.1062271512   0.0464358215  -0.1289488109   0.0108066506  -0.0051948076
        0.0079162076   0.0016462051  -0.0016893003  -0.0005999308   0.0000985295
       -0.0000297140  -0.0001052336  -0.0001826722   0.0000645950   0.0001753570
       -0.0192579922   0.0104775550  -0.0202193807   0.1225853564  -0.0517428422
        0.1483999049  -0.0104703888   0.0020582059  -0.0080517429   0.0001329087
       -0.0001813343   0.0004672302   0.0003001981   0.0002692233   0.0004937352
        0.0004254113  -0.0004279595   0.0004026423   0.0000183415  -0.0001958666
        0.0000402656   0.0000314913   0.0001709664   0.0000343117   0.0000414596
        0.0000540846   0.0000170032   0.0000319957  -0.0000553848  -0.0000238653
        0.0000196565  -0.0000132423   0.0000023064
       -0.1087190687  -0.0999939564  -0.0396485103   0.0094450046   0.0132418547
        0.0054781771   0.0003723311  -0.0001597686  -0.0001840284  -0.0010741094
        0.0009287825   0.0004859753   0.0001711341  -0.0001785186  -0.0001979578
       -0.0085977537  -0.0125694049  -0.0028069957  -0.0170354854  -0.0199079279
       -0.0104703888   0.1272673070   0.1151977011   0.0461166966   0.0007041328
        0.0002150648  -0.0002867515  -0.0010153420   0.0032268380   0.0021300605
       -0.0000899903  -0.0001931024  -0.0000117647  -0.0000669201  -0.0000705876
        0.0000002796  -0.0013642510   0.0003187645  -0.0008190452   0.0002283841
       -0.0001791988  -0.0000411483  -0.0001125294   0.0000842845   0.0002103523
       -0.0001128437   0.0000391749   0.0000450493
       -0.1000156795  -0.1924270852  -0.0584665019  -0.0082193937  -0.0194453370
       -0.0093653924  -0.0004889526   0.0004213065   0.0000517176   0.0002468711
       -0.0001077174  -0.0005071190  -0.0002676580   0.0003572505   0.0004351995
       -0.0126628557  -0.0163577134  -0.0029807021   0.0031694338   0.0063865785
        0.0020582059   0.1151977011   0.2228515827   0.0709584095  -0.0003402021
        0.0008421370   0.0005111006   0.0029107393  -0.0031107656  -0.0032570784
       -0.0002275953   0.0001377079   0.0001159292  -0.0001788726  -0.0002636705
        0.0000177748   0.0008981494   0.0007430759   0.0006292280  -0.0001667544
        0.0001347082   0.0000671148   0.0001201351  -0.0000549002  -0.0002103752
        0.0000249342  -0.0001071579  -0.0000575107
       -0.0397142889  -0.0582448181  -0.0677078079  -0.0069245816  -0.0150844383
       -0.0065219992  -0.0002623924   0.0004950826   0.0004598402  -0.0004654555
        0.0003808962   0.0004812416   0.0001661669   0.0001597214  -0.0001376913
        0.0146550294   0.0209109136   0.0064867665  -0.0147411433  -0.0160867950
       -0.0080517429   0.0461166966   0.0709584095   0.0769716053  -0.0005848812
       -0.0002773874   0.0000782052   0.0021655298  -0.0032603632  -0.0017630649
       -0.0001233649   0.0000247534  -0.0000663714   0.0001043615   0.0000623415
       -0.0001140202  -0.0005609872   0.0000522648   0.0002175658  -0.0000048363
       -0.0000188608  -0.0001016281   0.0001504494  -0.0000119568  -0.0001997793
        0.0000236976  -0.0000597633  -0.0000311193
       -0.0096642021  -0.0059787278   0.0164289283  -0.0804303466  -0.0469074829
        0.0717412927   0.0074235111   0.0107613955  -0.0168602285   0.0006271470
       -0.0000724122   0.0001580063  -0.0009409475   0.0003800084  -0.0009404036
       -0.0021539422   0.0029422701   0.0026369197  -0.0001618022  -0.0003210594
        0.0001329087   0.0007041328  -0.0003402021  -0.0005848812   0.0970890159
        0.0517834051  -0.0845347255  -0.0096781282  -0.0133829317   0.0146575079
        0.0003753428  -0.0001179088  -0.0000814238  -0.0024596679   0.0022880065
       -0.0035085814  -0.0000511741   0.0000298000   0.0001547423   0.0000756401
        0.0000255974   0.0003546601  -0.0009785123  -0.0011449718   0.0000563149
        0.0002239334   0.0000552136   0.0001889631
        0.0088756040   0.0075997163  -0.0147138215  -0.0471713715  -0.0968183916
        0.0848209813  -0.0028442153  -0.0068759214   0.0122239667  -0.0005701908
        0.0006609479  -0.0003223370  -0.0003572243   0.0000422183  -0.0008621386
        0.0028335536  -0.0014524225  -0.0028284329  -0.0002732422   0.0003880776
       -0.0001813343   0.0002150648   0.0008421370  -0.0002773874   0.0517834051
        0.1128657300  -0.0989798380  -0.0142435993  -0.0161379135   0.0190980097
       -0.0001650274  -0.0003115154   0.0001537962   0.0023652332  -0.0009547907
        0.0019142755   0.0000426184  -0.0001464532  -0.0000582934  -0.0001392326
       -0.0001052001  -0.0000044766  -0.0003356169   0.0005456260   0.0000954745
       -0.0000157587  -0.0001418445  -0.0000784441
        0.0105854069   0.0059257242  -0.0156815755   0.0720089401   0.0846571663
       -0.1801367625   0.0042561383   0.0117024989  -0.0177493230   0.0008924273
        0.0001364388   0.0003052614   0.0003871928  -0.0002988670   0.0003381612
        0.0030520614  -0.0026233126  -0.0023090114  -0.0002087089   0.0002090701
        0.0004672302  -0.0002867515   0.0005111006   0.0000782052  -0.0845347255
       -0.0989798380   0.2100707528  -0.0027478457  -0.0032905711   0.0066647556
        0.0002276328  -0.0000971231   0.0002864612  -0.0030776465   0.0027277712
       -0.0028398056   0.0000330592  -0.0000651280  -0.0003039269   0.0003425951
       -0.0000864372   0.0000407472  -0.0009406698  -0.0007934063   0.0005208828
        0.0000108939   0.0003649133   0.0002479472
        0.0078316204   0.0134001846   0.0065762605  -0.1150196122  -0.0987661534
       -0.0435624281  -0.0177405569  -0.0148663111  -0.0109088079  -0.0029407351
        0.0025004324  -0.0033006190  -0.0000850066   0.0003830300  -0.0000869400
        0.0005117022   0.0002295816  -0.0002454310   0.0007562084   0.0002789048
        0.0003001981  -0.0010153420   0.0029107393   0.0021655298  -0.0096781282
       -0.0142435993  -0.0027478457   0.1378435082   0.1093413067   0.0520003454
       -0.0003378913  -0.0005029772   0.0000300441   0.0004881738  -0.0001922612
        0.0002319619   0.0000273159   0.0002781059   0.0001836698  -0.0011244693
       -0.0007409868  -0.0005593128   0.0003118281   0.0000710770  -0.0000550749
        0.0001713846  -0.0000810733  -0.0000215502
       -0.0081760432  -0.0197071832  -0.0104441970  -0.0987660159  -0.1702427875
       -0.0580673619   0.0060971863   0.0065025795   0.0037341216   0.0014214428
        0.0001830778   0.0011281825  -0.0002564814   0.0001324920   0.0000169342
       -0.0003286307   0.0007038220   0.0003444003  -0.0002998841  -0.0000416465
        0.0002692233   0.0032268380  -0.0031107656  -0.0032603632  -0.0133829317
       -0.0161379135  -0.0032905711   0.1093413067   0.2004155889   0.0691517801
        0.0003265592   0.0008163112   0.0004757183   0.0001552671   0.0002203264
       -0.0002041370   0.0000996380   0.0000057032   0.0001120742   0.0002868356
        0.0002217067   0.0001587057   0.0001676636   0.0000631550  -0.0000736216
        0.0000872498  -0.0000244664  -0.0000508885
       -0.0073110917  -0.0158793534  -0.0069322490  -0.0433299645  -0.0579021016
       -0.0715156560  -0.0146161487  -0.0123578362  -0.0077741120  -0.0025452622
        0.0021999299  -0.0017888857   0.0001721069   0.0001238594   0.0000993006
       -0.0005781184  -0.0002743140  -0.0000429218  -0.0002816136   0.0005843384
        0.0004937352   0.0021300605  -0.0032570784  -0.0017630649   0.0146575079
        0.0190980097   0.0066647556   0.0520003454   0.0691517801   0.0825754787
        0.0004748273  -0.0002694622   0.0006772096  -0.0000497435  -0.0004444353
       -0.0001679603   0.0002141101   0.0000922145  -0.0000236649  -0.0008311825
       -0.0006441683  -0.0005392715  -0.0001739553  -0.0002235190  -0.0000965856
        0.0000681223   0.0000021365   0.0001338918
       -0.0030773400   0.0023471728  -0.0030772885  -0.0136519475   0.0173414851
        0.0087496412  -0.0895984863   0.0756826916   0.0576262414   0.0070811642
       -0.0159034727  -0.0107489168   0.0011677126   0.0010111602  -0.0004688176
        0.0002365101  -0.0001047468  -0.0003152610  -0.0009270342   0.0009963360
        0.0004254113  -0.0000899903  -0.0002275953  -0.0001233649   0.0003753428
       -0.0001650274   0.0002276328  -0.0003378913   0.0003265592   0.0004748273
        0.1074160286  -0.0873979700  -0.0618326358  -0.0068545950   0.0098587902
        0.0107067182  -0.0023905467  -0.0036764278  -0.0014174864   0.0005218198
       -0.0001917391   0.0000145255  -0.0000152885   0.0001455835  -0.0000571291
        0.0001445418  -0.0000427995  -0.0001840977
        0.0023517859  -0.0005030453   0.0024018511   0.0097783852  -0.0114628802
       -0.0065557871   0.0754075695  -0.1620928251  -0.0874361087   0.0061021802
       -0.0208537719  -0.0147593185   0.0011239614   0.0018210175   0.0003548143
       -0.0001079220   0.0000405403   0.0001263597   0.0006938937  -0.0006971167
       -0.0004279595  -0.0001931024   0.0001377079   0.0000247534  -0.0001179088
       -0.0003115154  -0.0000971231  -0.0005029772   0.0008163112  -0.0002694622
       -0.0873979700   0.1885894538   0.1035817752  -0.0042347222   0.0078768698
        0.0052642157  -0.0037840801  -0.0037014099  -0.0023944312   0.0003644202
        0.0003643001   0.0001209455   0.0000631182  -0.0004607091  -0.0000590450
        0.0004533684   0.0004370730   0.0001245204
       -0.0020759013   0.0013524020  -0.0008967156  -0.0086652640   0.0113667515
        0.0072136641   0.0575324782  -0.0880578648  -0.1093005976   0.0026610818
       -0.0103030188  -0.0058475711   0.0000104863   0.0010063887   0.0007749478
       -0.0001415675  -0.0000390448  -0.0000370833  -0.0005553716   0.0004565300
        0.0004026423  -0.0000117647   0.0001159292  -0.0000663714  -0.0000814238
        0.0001537962   0.0002864612   0.0000300441   0.0004757183   0.0006772096
       -0.0618326358   0.1035817752   0.1261906544   0.0147055736  -0.0185980831
       -0.0183958604  -0.0019303973  -0.0017110160  -0.0004230257   0.0001364585
       -0.0001106593  -0.0003948956  -0.0000056078   0.0001180619  -0.0001077800
        0.0002238113   0.0001923338  -0.0000756788
        0.0009741017   0.0001480299  -0.0012166553   0.0065427018   0.0096118192
       -0.0172959931  -0.0814717100  -0.0377234045   0.0787819237  -0.0112952198
       -0.0101651929   0.0161311101  -0.0038322485  -0.0038014810  -0.0015581592
       -0.0002761360   0.0000215331   0.0002651205   0.0000632231  -0.0001566673
        0.0000183415  -0.0000669201  -0.0001788726   0.0001043615  -0.0024596679
        0.0023652332  -0.0030776465   0.0004881738   0.0001552671  -0.0000497435
       -0.0068545950  -0.0042347222   0.0147055736   0.0994322702   0.0447291749
       -0.0881261223   0.0002018529   0.0001685930   0.0000149213  -0.0004710139
       -0.0001832027   0.0006982296  -0.0000831291   0.0000847139  -0.0003473183
       -0.0008916832  -0.0008408211   0.0009520564
       -0.0008279408   0.0004185198   0.0004446884  -0.0031596942  -0.0067703604
        0.0139639791  -0.0373655620  -0.0801465625   0.0736019365  -0.0114846587
       -0.0092842165   0.0166849298  -0.0038711104  -0.0027935004  -0.0016179623
        0.0006190307  -0.0000208781  -0.0001644444  -0.0001615104   0.0000934882
       -0.0001958666  -0.0000705876  -0.0002636705   0.0000623415   0.0022880065
       -0.0009547907   0.0027277712  -0.0001922612   0.0002203264  -0.0004444353
        0.0098587902   0.0078768698  -0.0185980831   0.0447291749   0.0917924790
       -0.0878104584   0.0000922836  -0.0003005821   0.0001191539   0.0003029041
        0.0006542272   0.0003925458   0.0000707616  -0.0000250236  -0.0001991607
       -0.0008276263  -0.0004963255   0.0010330644
        0.0007336763  -0.0009600077   0.0013355398   0.0042115842   0.0108662888
       -0.0191093927   0.0796423161   0.0743905471  -0.1953529442  -0.0025219033
       -0.0021978457   0.0042997837  -0.0006911400  -0.0005326586   0.0008304235
       -0.0004211030   0.0001846474   0.0004443458   0.0002432139  -0.0002393376
        0.0000402656   0.0000002796   0.0000177748  -0.0001140202  -0.0035085814
        0.0019142755  -0.0028398056   0.0002319619  -0.0002041370  -0.0001679603
        0.0107067182   0.0052642157  -0.0183958604  -0.0881261223  -0.0878104584
        0.2279037679  -0.0000973649   0.0001157382   0.0001088310  -0.0001448777
       -0.0004942364   0.0007842746  -0.0000855961  -0.0002964023   0.0000574401
       -0.0001730614  -0.0000184038   0.0001753115
       -0.0012465763  -0.0006238170  -0.0006835826   0.0006956815   0.0000005671
        0.0001938056   0.0073908302  -0.0165371817  -0.0088240139  -0.0741471042
        0.0688085025   0.0289137532  -0.0178499419   0.0099045984   0.0246984528
       -0.0001162101  -0.0001738736   0.0001561569   0.0001816024   0.0001474020
        0.0000314913  -0.0013642510   0.0008981494  -0.0005609872  -0.0000511741
        0.0000426184   0.0000330592   0.0000273159   0.0000996380   0.0002141101
       -0.0023905467  -0.0037840801  -0.0019303973   0.0002018529   0.0000922836
       -0.0000973649   0.0979866035  -0.0786946816  -0.0460437924  -0.0106458767
        0.0206262536   0.0051041206   0.0008067914  -0.0008807440  -0.0013796738
        0.0005210031   0.0000743649   0.0001748625
        0.0008140226   0.0004293435   0.0005608402   0.0009620036   0.0009334083
        0.0004918533   0.0051221137  -0.0212734740  -0.0115320964   0.0641056099
       -0.1696347196  -0.0612467304   0.0005122119   0.0089633144  -0.0018674242
       -0.0002709337  -0.0001487046   0.0000718856   0.0000239117  -0.0000779467
        0.0001709664   0.0003187645   0.0007430759   0.0000522648   0.0000298000
       -0.0001464532  -0.0000651280   0.0002781059   0.0000057032   0.0000922145
       -0.0036764278  -0.0037014099  -0.0017110160   0.0001685930  -0.0003005821
        0.0001157382  -0.0786946816   0.1983454287   0.0787606922   0.0111732462
       -0.0172556353  -0.0046798524  -0.0006672884   0.0016279580   0.0002192207
       -0.0001990515   0.0014906936   0.0005665715
       -0.0000429839  -0.0002372532   0.0002855364   0.0004796452  -0.0001905075
        0.0002200767   0.0021339692  -0.0117775196  -0.0045127152   0.0275869695
       -0.0657571058  -0.0731622167   0.0276103496  -0.0150120031  -0.0287011680
        0.0000691079   0.0000929696   0.0000105600   0.0001366143   0.0000730675
        0.0000343117  -0.0008190452   0.0006292280   0.0002175658   0.0001547423
       -0.0000582934  -0.0003039269   0.0001836698   0.0001120742  -0.0000236649
       -0.0014174864  -0.0023944312  -0.0004230257   0.0000149213   0.0001191539
        0.0001088310  -0.0460437924   0.0787606922   0.0972521046  -0.0090354776
        0.0156954529   0.0071235449   0.0003163833  -0.0004881146   0.0012565522
       -0.0013275866   0.0004325902   0.0006176339
       -0.0000032938  -0.0000924342  -0.0001526362  -0.0026133735  -0.0036818249
       -0.0015744955  -0.0173505916   0.0066943312  -0.0154516151  -0.1223593933
        0.0643981216  -0.0884087748   0.0094760533  -0.0082132266   0.0123860934
       -0.0000263634  -0.0000550410  -0.0000331368   0.0000596225  -0.0000549064
        0.0000414596   0.0002283841  -0.0001667544  -0.0000048363   0.0000756401
       -0.0001392326   0.0003425951  -0.0011244693   0.0002868356  -0.0008311825
        0.0005218198   0.0003644202   0.0001364585  -0.0004710139   0.0003029041
       -0.0001448777  -0.0106458767   0.0111732462  -0.0090354776   0.1439399469
       -0.0688118094   0.0984107842  -0.0007383137  -0.0014039547   0.0037723454
        0.0010312226  -0.0006006749   0.0005472962
        0.0002547180   0.0000321722   0.0001362999  -0.0023731506  -0.0019134526
       -0.0012524727  -0.0130431654   0.0067182539  -0.0119341416   0.0636179692
       -0.0911082929   0.0647452430   0.0026508852  -0.0052704354   0.0121397652
        0.0000280477   0.0000134138   0.0000125387  -0.0000179675   0.0000959483
        0.0000540846  -0.0001791988   0.0001347082  -0.0000188608   0.0000255974
       -0.0001052001  -0.0000864372  -0.0007409868   0.0002217067  -0.0006441683
       -0.0001917391   0.0003643001  -0.0001106593  -0.0001832027   0.0006542272
       -0.0004942364   0.0206262536  -0.0172556353   0.0156954529  -0.0688118094
        0.1075042756  -0.0811213273  -0.0019918968   0.0001365337   0.0022339286
        0.0003296461  -0.0002225231   0.0006449908
        0.0001085029  -0.0000445232   0.0001668592  -0.0014240949  -0.0021395327
        0.0001994215  -0.0096330244   0.0038609487  -0.0076058505  -0.0860519215
        0.0641477479  -0.1333928247  -0.0102832647   0.0163458267  -0.0284902562
       -0.0000052794  -0.0000385108   0.0000138654   0.0000426786   0.0000755065
        0.0000170032  -0.0000411483   0.0000671148  -0.0001016281   0.0003546601
       -0.0000044766   0.0000407472  -0.0005593128   0.0001587057  -0.0005392715
        0.0000145255   0.0001209455  -0.0003948956   0.0006982296   0.0003925458
        0.0007842746   0.0051041206  -0.0046798524   0.0071235449   0.0984107842
       -0.0811213273   0.1671313719   0.0040921075   0.0030007130  -0.0051574430
       -0.0008275630  -0.0001418316   0.0002050818
        0.0000097210   0.0001117099  -0.0000243699  -0.0006359634  -0.0005117461
        0.0009720641  -0.0000952077  -0.0004477307   0.0001162100   0.0104864000
       -0.0088620444   0.0143275430  -0.1528043115   0.0826341071  -0.1401686862
        0.0000285034   0.0000399735  -0.0000604193  -0.0000371191   0.0000297708
        0.0000319957  -0.0001125294   0.0001201351   0.0001504494  -0.0009785123
       -0.0003356169  -0.0009406698   0.0003118281   0.0001676636  -0.0001739553
       -0.0000152885   0.0000631182  -0.0000056078  -0.0000831291   0.0000707616
       -0.0000855961   0.0008067914  -0.0006672884   0.0003163833  -0.0007383137
       -0.0019918968   0.0040921075   0.1616732403  -0.0845177749   0.1411272586
       -0.0178161093   0.0140968582  -0.0196747071
       -0.0000049443   0.0001673230  -0.0001242075   0.0000162200  -0.0001501232
        0.0006324368   0.0006449419   0.0001936182   0.0006733462   0.0061990830
       -0.0062435920   0.0041149866   0.0956093558  -0.1187704225   0.1414674095
        0.0001045046  -0.0000668447  -0.0000989446  -0.0000150114  -0.0000102051
       -0.0000553848   0.0000842845  -0.0000549002  -0.0000119568  -0.0011449718
        0.0005456260  -0.0007934063   0.0000710770   0.0000631550  -0.0002235190
        0.0001455835  -0.0004607091   0.0001180619   0.0000847139  -0.0000250236
       -0.0002964023  -0.0008807440   0.0016279580  -0.0004881146  -0.0014039547
        0.0001365337   0.0030007130  -0.0845177749   0.1143849474  -0.1316825384
       -0.0149923631   0.0086626593  -0.0162324797
        0.0000242587   0.0000738508  -0.0000289059  -0.0004230134  -0.0003763962
        0.0005515947  -0.0005538717  -0.0003359406   0.0009356895  -0.0123543430
        0.0170139562  -0.0244622565  -0.1179826410   0.1056515011  -0.1835817120
       -0.0000277881  -0.0000555322  -0.0000337407  -0.0000944859  -0.0000252294
       -0.0000238653   0.0002103523  -0.0002103752  -0.0001997793   0.0000563149
        0.0000954745   0.0005208828  -0.0000550749  -0.0000736216  -0.0000965856
       -0.0000571291  -0.0000590450  -0.0001077800  -0.0003473183  -0.0001991607
        0.0000574401  -0.0013796738   0.0002192207   0.0012565522   0.0037723454
        0.0022339286  -0.0051574430   0.1411272586  -0.1316825384   0.2204072325
       -0.0119151907   0.0077299074  -0.0100373234
       -0.0000223257  -0.0000033144   0.0000396473   0.0001616104  -0.0000840241
        0.0002152909  -0.0019642930  -0.0012932431   0.0041459443  -0.0182377923
       -0.0158434403  -0.0039405469  -0.2004961711  -0.1420572440  -0.0782476905
        0.0000367757   0.0000307719  -0.0000120362   0.0000504597   0.0000101314
        0.0000196565  -0.0001128437   0.0000249342   0.0000236976   0.0002239334
       -0.0000157587   0.0000108939   0.0001713846   0.0000872498   0.0000681223
        0.0001445418   0.0004533684   0.0002238113  -0.0008916832  -0.0008276263
       -0.0001730614   0.0005210031  -0.0001990515  -0.0013275866   0.0010312226
        0.0003296461  -0.0008275630  -0.0178161093  -0.0149923631  -0.0119151907
        0.2372002870   0.1743799637   0.0916966111
        0.0000514563   0.0000143627  -0.0000595953   0.0003513872   0.0000631490
       -0.0000551734  -0.0017401208  -0.0003718487   0.0025171248  -0.0035655229
       -0.0071965852  -0.0052367544  -0.1821323162  -0.1712825864  -0.0686221572
       -0.0000087744  -0.0000203424   0.0000306482  -0.0000363159   0.0000119327
       -0.0000132423   0.0000391749  -0.0001071579  -0.0000597633   0.0000552136
       -0.0001418445   0.0003649133  -0.0000810733  -0.0000244664   0.0000021365
       -0.0000427995   0.0004370730   0.0001923338  -0.0008408211  -0.0004963255
       -0.0000184038   0.0000743649   0.0014906936   0.0004325902  -0.0006006749
       -0.0002225231  -0.0001418316   0.0140968582   0.0086626593   0.0077299074
        0.1743799637   0.1691838097   0.0629372672
       -0.0000288611  -0.0000756877   0.0000532817   0.0000324162  -0.0000636540
       -0.0000942585   0.0032952129   0.0017129656  -0.0034053953   0.0209537844
        0.0168544947   0.0050299166  -0.0979025340  -0.0673737612  -0.0845281852
       -0.0000414728   0.0000420437   0.0000353957  -0.0000330293   0.0000165076
        0.0000023064   0.0000450493  -0.0000575107  -0.0000311193   0.0001889631
       -0.0000784441   0.0002479472  -0.0000215502  -0.0000508885   0.0001338918
       -0.0001840977   0.0001245204  -0.0000756788   0.0009520564   0.0010330644
        0.0001753115   0.0001748625   0.0005665715   0.0006176339   0.0005472962
        0.0006449908   0.0002050818  -0.0196747071  -0.0162324797  -0.0100373234
        0.0916966111   0.0629372672   0.0916711938
