           1           2   1.02021425851368     
           2           3   1.00795550455263     
           3           4   1.00490784031933     
           4           5   1.02244122773756     
           1           6  0.987400091194083     
           1           7  0.987102367587957     
           1           8  0.985299744332910     
           2           9  0.974956886007068     
           2          10  0.978053841242947     
           3          11  0.976277417760175     
           3          12  0.976282369560983     
           4          13  0.967127612108166     
           4          14  0.976391385579866     
           5          15  0.959812336307266     
           5          16  0.961460108371742     
