           1           2   1.02097932442945     
           2           3  0.994501297223401     
           3           4  0.978804282758451     
           4           5   1.69102377104636     
           4           6   1.16790359992563     
           5           6  0.170554887283219     
           6           7  0.918202227046095     
           7           8   1.01880617625269     
           1           9  0.986405004462277     
           1          10  0.986088552328267     
           1          11  0.987774827998286     
           2          12  0.975996683747774     
           2          13  0.976633704292006     
           3          14  0.969079050747546     
           3          15  0.941256318878810     
           7          16  0.967589860195696     
           7          17  0.969533222426614     
           8          18  0.980011507144266     
           8          19  0.984242866912651     
           8          20  0.983298574536059     
