$hessian                                                                        
        0.4861272575  -0.0286692585   0.0156271774  -0.1486039073  -0.0610313575
        0.0332235592  -0.0299879907  -0.0119281282   0.0064140275  -0.0029447476
        0.0025707484  -0.0014571526   0.0003746069   0.0000834959  -0.0000857407
       -0.0022565824  -0.0004918606   0.0001913228  -0.0002555928   0.0001562794
       -0.0001488022  -0.0001474584  -0.0000708623   0.0000412886  -0.0427962767
        0.0013774742  -0.0033345784  -0.2133104841   0.0973644212  -0.0571230078
       -0.0430429055   0.0078866314   0.0026363619  -0.0022442358  -0.0036246391
        0.0001903082  -0.0028012683  -0.0024636418   0.0031870128   0.0009981312
       -0.0007867246   0.0000380560   0.0009520726  -0.0004003860   0.0006145919
       -0.0000076042   0.0000001798  -0.0000113970  -0.0000112256   0.0000132237
        0.0000021354   0.0000147885  -0.0000004189   0.0000130923   0.0000163197
       -0.0000091349  -0.0000002337  -0.0000728969   0.0000239585  -0.0000180215
       -0.0286692585   0.5057551848   0.0099656449  -0.0605776714  -0.1080713833
        0.0217822073   0.0078332425   0.0058352533  -0.0030899799   0.0012388169
       -0.0022078156   0.0014898018  -0.0002517624   0.0010633956  -0.0006048322
        0.0012628921   0.0004319279  -0.0001697540   0.0002291379  -0.0001956999
        0.0001272875   0.0001061688  -0.0000008476  -0.0000045547   0.0012242324
       -0.0466861670   0.0234116034   0.0966269585  -0.0970606918   0.0308480149
        0.0080416207  -0.2388789942  -0.0936794517  -0.0235584222  -0.0190037289
        0.0070875320  -0.0047928250  -0.0024322997   0.0031381287   0.0009392382
        0.0011050667   0.0001148412   0.0003744423   0.0002494784  -0.0003809618
       -0.0000112578   0.0000087232  -0.0000252977   0.0000105240   0.0000475727
        0.0000021761  -0.0000201347   0.0000067672  -0.0000077410  -0.0000278682
        0.0000255809  -0.0000041211   0.0000219258   0.0000086774  -0.0000005437
        0.0156271774   0.0099656449   0.5186767726   0.0329368969   0.0217535508
       -0.0794946356  -0.0049379413  -0.0033514116   0.0020461072  -0.0007110389
        0.0015316620  -0.0005693973   0.0001615185  -0.0005848247   0.0004329713
       -0.0007274066  -0.0002411379   0.0001508150  -0.0001297888   0.0001038106
       -0.0000907329  -0.0000593581  -0.0000100148  -0.0000194991  -0.0036196059
        0.0231791455  -0.2818551678  -0.0567150969   0.0308505084  -0.0627538901
        0.0029226719  -0.0934280840  -0.0894129904  -0.0087545133  -0.0068829177
        0.0039030556   0.0246812622   0.0174315286  -0.0120680005   0.0001603891
        0.0001054106   0.0000990171  -0.0008473924  -0.0003872132   0.0008968735
       -0.0000172250  -0.0000115598   0.0000316417   0.0000154657  -0.0000112281
        0.0000001958   0.0000178968  -0.0000093349   0.0000185066   0.0000093456
       -0.0000010734   0.0000051110  -0.0000132570  -0.0000024612   0.0000032462
       -0.1486039073  -0.0605776714   0.0329368969   0.4554108409   0.0041413448
       -0.0041306588  -0.1521848543   0.0540443549  -0.0315043463  -0.0282141957
        0.0031393060  -0.0017836395   0.0002784138   0.0042389470  -0.0028811255
       -0.0052107160  -0.0019962851   0.0011363919  -0.0007723267   0.0003661238
       -0.0003368580  -0.0002834959  -0.0001074192   0.0000556522  -0.0024906768
       -0.0021133395   0.0038126372  -0.0250891706  -0.0135723648   0.0072799730
       -0.0019358910  -0.0039761133  -0.0003913696  -0.0411629153   0.0081094912
        0.0034037362  -0.0408510171   0.0009188993  -0.0033601311  -0.0046357958
        0.0050455843  -0.0001706864  -0.0041110897   0.0022588014  -0.0039999760
       -0.0000123369   0.0000094291  -0.0000845379  -0.0000355703   0.0000739479
        0.0000246304   0.0000031244  -0.0000081919   0.0000608448   0.0000121751
       -0.0000617855  -0.0000134696  -0.0001105949   0.0000669411  -0.0000539636
       -0.0610313575  -0.1080713833   0.0217535508   0.0041413448   0.5114808236
        0.0144584249   0.0534386178  -0.0954360880   0.0164997749  -0.0066053727
        0.0057632347  -0.0030742583  -0.0021911122   0.0006967625  -0.0007976284
       -0.0058547479  -0.0004344262   0.0006243476  -0.0006500193   0.0005978286
       -0.0002199939  -0.0003501981  -0.0002097315   0.0000970276  -0.0040967344
       -0.0027367543   0.0039723842   0.0092629566   0.0064072961  -0.0032928845
       -0.0233083896  -0.0200628383   0.0070375800   0.0079083528  -0.2323989248
       -0.0888871979   0.0014170783  -0.0481936091   0.0230740224   0.0238379621
       -0.0158020099   0.0056802779   0.0040497043  -0.0017152882   0.0031220387
        0.0000134452   0.0000112614   0.0000383178   0.0000833765   0.0000314389
       -0.0000449379   0.0000345290   0.0000046531  -0.0000249798   0.0000109256
        0.0000326040   0.0000089147  -0.0001103613   0.0000351506  -0.0000247810
        0.0332235592   0.0217822073  -0.0794946356  -0.0041306588   0.0144584249
        0.5290689336  -0.0310838682   0.0165229625  -0.0784047847   0.0031547432
       -0.0036733407   0.0020061837   0.0011923612  -0.0005185288  -0.0001264151
        0.0033722682   0.0008117165   0.0008659911   0.0002891280  -0.0000683326
        0.0005482667   0.0001972169   0.0001029675  -0.0000851616   0.0248905062
        0.0178725040  -0.0127290043  -0.0055576282  -0.0036112374   0.0022837087
       -0.0094842486  -0.0065443807   0.0040447466   0.0026736362  -0.0881441764
       -0.0879585691  -0.0027615963   0.0224398169  -0.2726778281   0.0091450116
       -0.0050975950   0.0034625656  -0.0250934903   0.0137085720  -0.0108754426
       -0.0000929092  -0.0000649483   0.0000195662   0.0000314750   0.0000504533
        0.0000098410   0.0000027914   0.0000014261   0.0000263540  -0.0000284693
       -0.0000148929  -0.0000056912   0.0000601718  -0.0000136181   0.0000213751
       -0.0299879907   0.0078332425  -0.0049379413  -0.1521848543   0.0534386178
       -0.0310838682   0.4621025550  -0.0153090429   0.0098581177  -0.1297447005
       -0.0529553703   0.0309479115  -0.0003766404  -0.0080829561   0.0045320381
       -0.0539838145  -0.0108141074   0.0037360490  -0.0003022705   0.0031931195
       -0.0023701720  -0.0015686274  -0.0006831434   0.0003646033   0.0011078808
        0.0005618817  -0.0006242642  -0.0048552255  -0.0025046289   0.0013167022
        0.0011164793   0.0007943915  -0.0001245024  -0.0056836971   0.0059697251
       -0.0003457632  -0.0048902165   0.0029661580  -0.0048830831  -0.0394627644
        0.0127248830   0.0037890751  -0.0402896412   0.0031373771  -0.0103003735
       -0.0003268527  -0.0001853784   0.0000940766  -0.0003657872  -0.0001745481
        0.0001136013   0.0000990617  -0.0000356183   0.0001039531   0.0001108217
       -0.0001110283   0.0000013158  -0.0005137156   0.0002364259  -0.0001874760
       -0.0119281282   0.0058352533  -0.0033514116   0.0540443549  -0.0954360880
        0.0165229625  -0.0153090429   0.4891745208   0.0016116181  -0.0397893553
       -0.0915946233   0.0107817320  -0.0275178699  -0.0312188657   0.0305952420
       -0.0002944795   0.0110127606  -0.0035762906   0.0026151075   0.0009142209
        0.0030939518   0.0005339447   0.0002722073  -0.0001344884  -0.0002249468
        0.0003138555  -0.0004283642  -0.0038114543  -0.0006658212   0.0006995266
       -0.0009567427   0.0011876380   0.0001441060   0.0257234536  -0.0166822778
        0.0069543155   0.0047006840  -0.0023370643   0.0029787975   0.0098199304
       -0.2314986214  -0.0885546661   0.0023178048  -0.0389403386   0.0224015960
       -0.0005865412  -0.0002711331   0.0001546473   0.0004451694   0.0000041840
        0.0000313134   0.0000260349   0.0000041622  -0.0000133759  -0.0000392473
        0.0000554592   0.0000051309   0.0002313237  -0.0001294284   0.0000836572
        0.0064140275  -0.0030899799   0.0020461072  -0.0315043463   0.0164997749
       -0.0784047847   0.0098581177   0.0016116181   0.5015324134   0.0237006959
        0.0107739564  -0.0781223021   0.0172352940   0.0316674449  -0.0004475862
       -0.0033585692  -0.0036913436   0.0075006186  -0.0018653910   0.0029687190
        0.0031487032  -0.0003784726  -0.0001597882   0.0001170883   0.0010002872
       -0.0003650614   0.0010169875   0.0021076184   0.0007453114   0.0002922738
       -0.0002907538   0.0001095407   0.0001449992   0.0099384104  -0.0057923484
        0.0035197457  -0.0273167302   0.0153581663  -0.0116978634   0.0031202204
       -0.0917847449  -0.0781950714  -0.0085470640   0.0249988068  -0.2723345434
       -0.0007385960  -0.0001259919   0.0000467800   0.0007612708   0.0002313589
       -0.0001349341   0.0000495427  -0.0000189024   0.0000557647  -0.0000292747
       -0.0000024387   0.0000024393  -0.0001562872   0.0000659020  -0.0000868356
       -0.0029447476   0.0012388169  -0.0007110389  -0.0282141957  -0.0066053727
        0.0031547432  -0.1297447005  -0.0397893553   0.0237006959   0.4766867145
        0.0220786042  -0.0001022866  -0.0740508482  -0.0220241883   0.0139122373
       -0.1890428740   0.0509127865  -0.0395400059  -0.0510465409   0.0017075420
       -0.0038190337  -0.0032298471  -0.0016795731   0.0009852564  -0.0002593758
        0.0002012023  -0.0005109959  -0.0004895477  -0.0007297850   0.0004184951
       -0.0002776427   0.0005382401   0.0000681378  -0.0004397947  -0.0001983861
        0.0002436193  -0.0005269929  -0.0003186057  -0.0000465858   0.0016213624
       -0.0039640943   0.0022434761   0.0016132564  -0.0043668913   0.0020691804
        0.0010025792   0.0004620045  -0.0019251031   0.0009848068   0.0019650734
        0.0003394630  -0.0005136791  -0.0001898193   0.0003206042  -0.0005061012
       -0.0003700445   0.0000220687  -0.0006218315   0.0011318459  -0.0008229275
        0.0025707484  -0.0022078156   0.0015316620   0.0031393060   0.0057632347
       -0.0036733407  -0.0529553703  -0.0915946233   0.0107739564   0.0220786042
        0.6748211753  -0.3100709651  -0.0044508262  -0.4682045061   0.2603820639
        0.0609675982  -0.1064199754   0.0363391313  -0.0004881515   0.0122451697
       -0.0074681909  -0.0043776197  -0.0027573025   0.0017001861  -0.0003649140
        0.0000948013  -0.0000724459   0.0015129128   0.0003862259  -0.0000387289
       -0.0003205426   0.0001223656  -0.0000687645   0.0020635114  -0.0002823740
       -0.0013567336   0.0010563307   0.0011556085   0.0010220545  -0.0222772868
       -0.0214095954   0.0070856345  -0.0020449165  -0.0029180646   0.0041618363
       -0.0024400894   0.0017888021   0.0018230075  -0.0037714273  -0.0007264501
       -0.0018441569   0.0007512813   0.0000982583  -0.0000208702   0.0009913241
       -0.0002170634  -0.0000111513  -0.0016404729   0.0002621288  -0.0001941846
       -0.0014571526   0.0014898018  -0.0005693973  -0.0017836395  -0.0030742583
        0.0020061837   0.0309479115   0.0107817320  -0.0781223021  -0.0001022866
       -0.3100709651   0.3945378177   0.0023452724   0.2596720328  -0.2335742914
       -0.0459299917   0.0356123905  -0.0806054854  -0.0022098899  -0.0074610202
        0.0052086578   0.0025692775   0.0018465075  -0.0007964774   0.0001370840
       -0.0000510953   0.0000062508  -0.0008900276  -0.0000648933   0.0002903481
        0.0002484056  -0.0000859142   0.0000478609  -0.0002049581   0.0002158514
        0.0009543637  -0.0017181259  -0.0006005729  -0.0006084045  -0.0100277275
       -0.0065151788   0.0040878888   0.0241212872   0.0179950427  -0.0142812626
        0.0033101849  -0.0004856934  -0.0005652577   0.0008277376   0.0009640268
        0.0020555205  -0.0007706820   0.0000498729  -0.0002965570  -0.0004191413
       -0.0001950796   0.0000292172   0.0010064620  -0.0000225871   0.0001953261
        0.0003746069  -0.0002517624   0.0001615185   0.0002784138  -0.0021911122
        0.0011923612  -0.0003766404  -0.0275178699   0.0172352940  -0.0740508482
       -0.0044508262   0.0023452724   0.0924821471  -0.0155408821   0.0135735965
       -0.0180876975   0.0504843249  -0.0349344015   0.0020608490   0.0045525660
       -0.0027507444   0.0005036426   0.0007766770  -0.0004548793  -0.0000169570
       -0.0000463561   0.0000158695   0.0000582951   0.0001250564  -0.0000736953
       -0.0000073564  -0.0000233916   0.0000339177   0.0004899428  -0.0002906894
       -0.0004077735   0.0003482969   0.0001069803   0.0005630867  -0.0028362987
       -0.0023404289   0.0012478218  -0.0031054899  -0.0024871976   0.0015662343
        0.0009321928  -0.0007031852  -0.0002055718   0.0007782695   0.0000415816
        0.0007133994  -0.0000192514   0.0000401889   0.0000964429  -0.0000233258
       -0.0000688739  -0.0000785506   0.0002172087  -0.0002147997   0.0001608014
        0.0000834959   0.0010633956  -0.0005848247   0.0042389470   0.0006967625
       -0.0005185288  -0.0080829561  -0.0312188657   0.0316674449  -0.0220241883
       -0.4682045061   0.2596720328  -0.0155408821   0.5542125269  -0.3427789167
        0.0495822312  -0.0541413492   0.0543629412  -0.0040322380  -0.0000216421
       -0.0028409960   0.0009089116   0.0012361659  -0.0005952170   0.0002709904
       -0.0001515200   0.0000611410  -0.0004077088   0.0001553655  -0.0001343748
        0.0002714276  -0.0000910286   0.0001120745  -0.0007869978   0.0006197897
        0.0008873582  -0.0003234944  -0.0004365618  -0.0009930762  -0.0015503881
       -0.0007596248   0.0008805769  -0.0042352557  -0.0032921727   0.0014465124
        0.0010339126  -0.0005196464  -0.0014447107   0.0011199897   0.0005907110
        0.0010143351  -0.0004953868  -0.0001429084  -0.0002099740  -0.0005288508
        0.0002120889   0.0001407462   0.0004984409   0.0001930197  -0.0001445444
       -0.0000857407  -0.0006048322   0.0004329713  -0.0028811255  -0.0007976284
       -0.0001264151   0.0045320381   0.0305952420  -0.0004475862   0.0139122373
        0.2603820639  -0.2335742914   0.0135735965  -0.3427789167   0.2485525770
       -0.0346082923   0.0545097996  -0.0110927492   0.0028835731  -0.0023285899
       -0.0022420706  -0.0005888433  -0.0006122640   0.0005962854  -0.0001671477
        0.0000663025   0.0000123361   0.0002460131  -0.0001308739   0.0000245624
       -0.0001677963   0.0001207976  -0.0000748135  -0.0000252513  -0.0004414245
       -0.0004301498   0.0007368079   0.0002375547   0.0006450917   0.0031740299
        0.0024147867  -0.0019541315   0.0003963124   0.0001385209   0.0001524579
       -0.0008267658   0.0004595104   0.0002430282  -0.0004550747  -0.0010395193
       -0.0008571505   0.0003263121   0.0000322957   0.0002169439   0.0003361965
       -0.0000470221  -0.0001199992  -0.0003110791  -0.0001758029   0.0000431028
       -0.0022565824   0.0012628921  -0.0007274066  -0.0052107160  -0.0058547479
        0.0033722682  -0.0539838145  -0.0002944795  -0.0033585692  -0.1890428740
        0.0609675982  -0.0459299917  -0.0180876975   0.0495822312  -0.0346082923
        0.4563132420  -0.0193139327   0.0312323421  -0.1138185898  -0.0530564103
        0.0320465317  -0.0391049062  -0.0099112901   0.0041501555   0.0002330593
        0.0000092737   0.0001956871  -0.0007519143  -0.0001241094   0.0000512983
        0.0002469225  -0.0001542945  -0.0000967220   0.0006047887   0.0001907166
       -0.0000288567   0.0007582421   0.0001651803  -0.0000690249  -0.0014047740
        0.0002967939  -0.0015343087  -0.0011614969   0.0016895769   0.0003040007
       -0.0178820643  -0.0101871221   0.0151024043  -0.0146678766  -0.0174405437
        0.0015321727   0.0024814196  -0.0007198405   0.0002379129   0.0024773272
       -0.0004453965   0.0007890712  -0.0057416946   0.0033379042  -0.0026606728
       -0.0004918606   0.0004319279  -0.0002411379  -0.0019962851  -0.0004344262
        0.0008117165  -0.0108141074   0.0110127606  -0.0036913436   0.0509127865
       -0.1064199754   0.0356123905   0.0504843249  -0.0541413492   0.0545097996
       -0.0193139327   0.2696636935  -0.1300630444  -0.0443041378  -0.1034189447
        0.0285797512   0.0127334313   0.0091455363  -0.0036224137   0.0000011216
       -0.0000218619  -0.0000807015  -0.0002861690  -0.0001241781   0.0000569952
        0.0000268436   0.0000710463   0.0000605303  -0.0003177701  -0.0000799022
        0.0002657191  -0.0001999540  -0.0003778500  -0.0000529614   0.0011113948
        0.0004768163   0.0008684377  -0.0002812474  -0.0004578402  -0.0002425402
       -0.0069286888  -0.0034160169   0.0067849185  -0.0333814018  -0.0221886242
        0.0098214243  -0.0001829115   0.0000462574  -0.0001806627  -0.0005192717
        0.0009086378  -0.0002562558   0.0037478353  -0.0006757070   0.0010593782
        0.0001913228  -0.0001697540   0.0001508150   0.0011363919   0.0006243476
        0.0008659911   0.0037360490  -0.0035762906   0.0075006186  -0.0395400059
        0.0363391313  -0.0806054854  -0.0349344015   0.0543629412  -0.0110927492
        0.0312323421  -0.1300630444   0.1572969272   0.0263591487   0.0283535873
       -0.0731654767  -0.0110385187  -0.0049747988   0.0053735358  -0.0000266575
       -0.0000077609   0.0000786296   0.0001383753   0.0000488971  -0.0000617097
        0.0000321959  -0.0000274633  -0.0000433539   0.0000094277   0.0001600153
       -0.0002440122   0.0003560032   0.0001651277   0.0000864502   0.0006684639
        0.0004274299  -0.0000363096  -0.0014191099   0.0004061806   0.0009498505
        0.0325149315   0.0185997951  -0.0113962255  -0.0072771896  -0.0012332775
        0.0039061464   0.0006079980  -0.0006044807   0.0008317029   0.0001394095
        0.0001312912  -0.0000861398  -0.0028861766   0.0010381260  -0.0003092055
       -0.0002555928   0.0002291379  -0.0001297888  -0.0007723267  -0.0006500193
        0.0002891280  -0.0003022705   0.0026151075  -0.0018653910  -0.0510465409
       -0.0004881515  -0.0022098899   0.0020608490  -0.0040322380   0.0028835731
       -0.1138185898  -0.0443041378   0.0263591487   0.3982100042  -0.0408180159
        0.0199659566  -0.1314742883   0.0600321281  -0.0445635713  -0.0000741177
        0.0000209498  -0.0000625591  -0.0001504458  -0.0001499429   0.0000840212
       -0.0000719396   0.0000700636   0.0000120589  -0.0000732060  -0.0002075189
       -0.0000751468  -0.0000916763  -0.0000466398   0.0002143197  -0.0004187338
        0.0000347163   0.0001754334  -0.0002900124  -0.0000779764  -0.0002043344
       -0.0379896643   0.0026332136   0.0098520223  -0.0379744089   0.0091275261
        0.0014798779  -0.0003704357   0.0000128192  -0.0030351881  -0.0024729912
        0.0043075757   0.0000956260  -0.0226236125   0.0116914025  -0.0092652962
        0.0001562794  -0.0001956999   0.0001038106   0.0003661238   0.0005978286
       -0.0000683326   0.0031931195   0.0009142209   0.0029687190   0.0017075420
        0.0122451697  -0.0074610202   0.0045525660  -0.0000216421  -0.0023285899
       -0.0530564103  -0.1034189447   0.0283535873  -0.0408180159   0.4916102329
        0.0138750330   0.0570213744  -0.1102136236   0.0316598312  -0.0000401565
        0.0000361620  -0.0000741434   0.0000825079  -0.0000237279  -0.0000000451
       -0.0000588807   0.0000441634  -0.0000007796  -0.0000253253  -0.0000947384
       -0.0001004259  -0.0000657173   0.0000413364   0.0000854024   0.0000133133
        0.0004676562  -0.0000934735  -0.0004434654  -0.0002577612  -0.0000456639
        0.0001469988  -0.0433068845  -0.0006109462   0.0098310594  -0.2320352439
       -0.0770255054   0.0022652652  -0.0010840791   0.0033720324   0.0239598297
       -0.0207380900   0.0115559181  -0.0087880081   0.0054336653  -0.0041654082
       -0.0001488022   0.0001272875  -0.0000907329  -0.0003368580  -0.0002199939
        0.0005482667  -0.0023701720   0.0030939518   0.0031487032  -0.0038190337
       -0.0074681909   0.0052086578  -0.0027507444  -0.0028409960  -0.0022420706
        0.0320465317   0.0285797512  -0.0731654767   0.0199659566   0.0138750330
        0.5069152722  -0.0424951501   0.0318126460  -0.0928357085   0.0000416515
        0.0000037350   0.0000027460  -0.0000589340  -0.0000194640  -0.0000115840
        0.0000120954  -0.0000595287   0.0000035653   0.0000494673  -0.0000082932
        0.0000240972   0.0000192051  -0.0000259356  -0.0000746562   0.0005891594
        0.0003490713  -0.0002787661  -0.0001135102  -0.0003905704   0.0003689740
        0.0082976679  -0.0017841718  -0.2629860637   0.0043050924  -0.0756568166
       -0.0743829385  -0.0245861566   0.0179356780  -0.0171086620   0.0066886150
       -0.0043234894   0.0046192989   0.0046639188  -0.0029797033   0.0023370779
       -0.0001474584   0.0001061688  -0.0000593581  -0.0002834959  -0.0003501981
        0.0001972169  -0.0015686274   0.0005339447  -0.0003784726  -0.0032298471
       -0.0043776197   0.0025692775   0.0005036426   0.0009089116  -0.0005888433
       -0.0391049062   0.0127334313  -0.0110385187  -0.1314742883   0.0570213744
       -0.0424951501   0.4964014693   0.0303155932  -0.0224163425   0.0000134321
        0.0000013771   0.0000006918  -0.0001077109  -0.0000133492   0.0000057884
        0.0000120113  -0.0000028590  -0.0000009431   0.0000047596  -0.0000021828
       -0.0000003950   0.0000033336   0.0000029316  -0.0000011560   0.0000283452
        0.0001069101   0.0000303750   0.0000415884   0.0000417021  -0.0001215496
       -0.0008866870   0.0012354568  -0.0029096688  -0.0027881884   0.0045067550
       -0.0011160557  -0.0453797698  -0.0006166709   0.0267924173  -0.0425678328
       -0.0071946984  -0.0022607701  -0.2294697698  -0.0949569786   0.0537914565
       -0.0000708623  -0.0000008476  -0.0000100148  -0.0001074192  -0.0002097315
        0.0001029675  -0.0006831434   0.0002722073  -0.0001597882  -0.0016795731
       -0.0027573025   0.0018465075   0.0007766770   0.0012361659  -0.0006122640
       -0.0099112901   0.0091455363  -0.0049747988   0.0600321281  -0.1102136236
        0.0318126460   0.0303155932   0.5118585209   0.0128921758   0.0000197399
        0.0000087881  -0.0000062770  -0.0000215270   0.0000076245  -0.0000014634
        0.0000208902   0.0000239282  -0.0000027911  -0.0000117244   0.0000560964
        0.0000153780   0.0000029417   0.0000161378  -0.0000408706   0.0000520631
        0.0000570024  -0.0000125546   0.0000569190   0.0000168181  -0.0000207255
        0.0021447792  -0.0003314636   0.0019767465   0.0219103884  -0.0178108681
        0.0106572180  -0.0010131773  -0.0445076178   0.0032731022  -0.0084000404
       -0.2582142306  -0.0827766953  -0.0934333625  -0.0886531404   0.0260415018
        0.0000412886  -0.0000045547  -0.0000194991   0.0000556522   0.0000970276
       -0.0000851616   0.0003646033  -0.0001344884   0.0001170883   0.0009852564
        0.0017001861  -0.0007964774  -0.0004548793  -0.0005952170   0.0005962854
        0.0041501555  -0.0036224137   0.0053735358  -0.0445635713   0.0316598312
       -0.0928357085  -0.0224163425   0.0128921758   0.5181895997  -0.0000166553
       -0.0000090071   0.0000204823   0.0000066290  -0.0000028214   0.0000026616
       -0.0000092896   0.0000008463   0.0000055635  -0.0000114103  -0.0000158371
       -0.0000017579   0.0000165555  -0.0000153614   0.0000428236  -0.0000296811
        0.0000102116  -0.0000021062  -0.0000374057  -0.0000307792   0.0000410687
       -0.0226018740   0.0164388938  -0.0150203279   0.0061463635  -0.0048832188
        0.0044611961   0.0280229588   0.0022257528  -0.2869437450  -0.0024124268
       -0.0816649299  -0.0760407500   0.0527640730   0.0259537036  -0.0571047714
       -0.0427962767   0.0012242324  -0.0036196059  -0.0024906768  -0.0040967344
        0.0248905062   0.0011078808  -0.0002249468   0.0010002872  -0.0002593758
       -0.0003649140   0.0001370840  -0.0000169570   0.0002709904  -0.0001671477
        0.0002330593   0.0000011216  -0.0000266575  -0.0000741177  -0.0000401565
        0.0000416515   0.0000134321   0.0000197399  -0.0000166553   0.0498624619
        0.0013340943   0.0022257529  -0.0024935790   0.0039489153  -0.0285392494
        0.0007255183   0.0004591324   0.0018758500   0.0006090135   0.0005691572
        0.0000213564  -0.0038842925  -0.0030747178   0.0024927919  -0.0000607008
        0.0000399227   0.0000543773  -0.0005083802  -0.0000789587  -0.0003591051
        0.0000219295  -0.0000003840  -0.0000210768   0.0000130775   0.0000153307
        0.0000099149  -0.0000138178  -0.0000024204   0.0000001466  -0.0000085459
       -0.0000035065   0.0000024528   0.0000203473   0.0000041023  -0.0000026739
        0.0013774742  -0.0466861670   0.0231791455  -0.0021133395  -0.0027367543
        0.0178725040   0.0005618817   0.0003138555  -0.0003650614   0.0002012023
        0.0000948013  -0.0000510953  -0.0000463561  -0.0001515200   0.0000663025
        0.0000092737  -0.0000218619  -0.0000077609   0.0000209498   0.0000361620
        0.0000037350   0.0000013771   0.0000087881  -0.0000090071   0.0013340943
        0.0518279472  -0.0292249871   0.0025189138  -0.0018830561   0.0170698011
       -0.0006936767   0.0004667184  -0.0308882527   0.0002510398   0.0002170548
        0.0007092822  -0.0033348789  -0.0015457528   0.0018526590  -0.0000307100
       -0.0001508140  -0.0001757677  -0.0000653492   0.0002332640  -0.0000416765
        0.0000055339  -0.0000112348   0.0000043449   0.0000000576  -0.0000097031
        0.0000061476  -0.0000001779   0.0000051697  -0.0000019753   0.0000027070
       -0.0000028716  -0.0000008823  -0.0000000171  -0.0000040254   0.0000025446
       -0.0033345784   0.0234116034  -0.2818551678   0.0038126372   0.0039723842
       -0.0127290043  -0.0006242642  -0.0004283642   0.0010169875  -0.0005109959
       -0.0000724459   0.0000062508   0.0000158695   0.0000611410   0.0000123361
        0.0001956871  -0.0000807015   0.0000786296  -0.0000625591  -0.0000741434
        0.0000027460   0.0000006918  -0.0000062770   0.0000204823   0.0022257529
       -0.0292249871   0.3260815556  -0.0032103424   0.0023403420  -0.0134990286
       -0.0009134472  -0.0017830553  -0.0193857826  -0.0004327763  -0.0001252281
        0.0005451875   0.0023383299   0.0020138830  -0.0002494563   0.0000415447
       -0.0000531212  -0.0003314793   0.0005036722   0.0000268604   0.0002989918
       -0.0000161349   0.0000125738  -0.0000126235  -0.0000198224   0.0000108873
        0.0000005834  -0.0000009621   0.0000019759   0.0000128348  -0.0000016055
       -0.0000074413  -0.0000101066  -0.0000066970   0.0000041138  -0.0000039363
       -0.2133104841   0.0966269585  -0.0567150969  -0.0250891706   0.0092629566
       -0.0055576282  -0.0048552255  -0.0038114543   0.0021076184  -0.0004895477
        0.0015129128  -0.0008900276   0.0000582951  -0.0004077088   0.0002460131
       -0.0007519143  -0.0002861690   0.0001383753  -0.0001504458   0.0000825079
       -0.0000589340  -0.0001077109  -0.0000215270   0.0000066290  -0.0024935790
        0.0025189138  -0.0032103424   0.2490086861  -0.1102512831   0.0648298910
       -0.0030907129   0.0044070963  -0.0007034041   0.0003738577   0.0002614702
       -0.0004107791   0.0003616929   0.0005012218  -0.0000097211   0.0002504929
       -0.0002909713  -0.0000506653   0.0002346773  -0.0000846803   0.0002675094
        0.0000103079   0.0000017620   0.0000141078   0.0000102878  -0.0000138284
       -0.0000082872   0.0000227392   0.0000042139   0.0000088008   0.0000243213
       -0.0000080912  -0.0000046937  -0.0000165672  -0.0000043003   0.0000006346
        0.0973644212  -0.0970606918   0.0308505084  -0.0135723648   0.0064072961
       -0.0036112374  -0.0025046289  -0.0006658212   0.0007453114  -0.0007297850
        0.0003862259  -0.0000648933   0.0001250564   0.0001553655  -0.0001308739
       -0.0001241094  -0.0001241781   0.0000488971  -0.0001499429  -0.0000237279
       -0.0000194640  -0.0000133492   0.0000076245  -0.0000028214   0.0039489153
       -0.0018830561   0.0023403420  -0.1102512831   0.1106354301  -0.0369783685
        0.0264698381  -0.0186096888   0.0072300747  -0.0003891039   0.0005405096
       -0.0001030323   0.0000932568   0.0002841810  -0.0003470899  -0.0001814904
        0.0000458256   0.0001394903  -0.0000940574  -0.0001030690  -0.0000924576
        0.0000136194   0.0000012709  -0.0000126930   0.0000071866   0.0000097759
        0.0000056958  -0.0000064355  -0.0000039201   0.0000015999  -0.0000067423
       -0.0000042394   0.0000031777   0.0000009989   0.0000048875  -0.0000021658
       -0.0571230078   0.0308480149  -0.0627538901   0.0072799730  -0.0032928845
        0.0022837087   0.0013167022   0.0006995266   0.0002922738   0.0004184951
       -0.0000387289   0.0002903481  -0.0000736953  -0.0001343748   0.0000245624
        0.0000512983   0.0000569952  -0.0000617097   0.0000840212  -0.0000000451
       -0.0000115840   0.0000057884  -0.0000014634   0.0000026616  -0.0285392494
        0.0170698011  -0.0134990286   0.0648298910  -0.0369783685   0.0693059758
        0.0114116616  -0.0078250659   0.0038395952  -0.0003350864  -0.0001983961
        0.0000142699   0.0005021517  -0.0002429440   0.0002736716  -0.0000012823
       -0.0000007676  -0.0000760425   0.0001750797   0.0000489355   0.0000757968
       -0.0000030061  -0.0000000792   0.0000031906  -0.0000079263  -0.0000107044
       -0.0000027463   0.0000055462   0.0000035337  -0.0000032363   0.0000039147
        0.0000002124  -0.0000009060  -0.0000012694  -0.0000031970   0.0000030892
       -0.0430429055   0.0080416207   0.0029226719  -0.0019358910  -0.0233083896
       -0.0094842486   0.0011164793  -0.0009567427  -0.0002907538  -0.0002776427
       -0.0003205426   0.0002484056  -0.0000073564   0.0002714276  -0.0001677963
        0.0002469225   0.0000268436   0.0000321959  -0.0000719396  -0.0000588807
        0.0000120954   0.0000120113   0.0000208902  -0.0000092896   0.0007255183
       -0.0006936767  -0.0009134472  -0.0030907129   0.0264698381   0.0114116616
        0.0501098325  -0.0062314318  -0.0046389698  -0.0038657265  -0.0037991425
        0.0012104170   0.0006158022   0.0002703327  -0.0004984964  -0.0005116344
        0.0002652074   0.0002204036  -0.0000538990  -0.0000152596  -0.0000487231
        0.0000124223  -0.0000003862  -0.0000157245   0.0000191377   0.0000194841
        0.0000093420  -0.0000070395  -0.0000040460   0.0000029515  -0.0000134366
       -0.0000019700  -0.0000013155   0.0000200583   0.0000048238  -0.0000013798
        0.0078866314  -0.2388789942  -0.0934280840  -0.0039761133  -0.0200628383
       -0.0065443807   0.0007943915   0.0011876380   0.0001095407   0.0005382401
        0.0001223656  -0.0000859142  -0.0000233916  -0.0000910286   0.0001207976
       -0.0001542945   0.0000710463  -0.0000274633   0.0000700636   0.0000441634
       -0.0000595287  -0.0000028590   0.0000239282   0.0000008463   0.0004591324
        0.0004667184  -0.0017830553   0.0044070963  -0.0186096888  -0.0078250659
       -0.0062314318   0.2778737676   0.1081877867  -0.0038027559  -0.0024362943
        0.0014741613   0.0005114796   0.0002079889  -0.0001380982  -0.0004814788
        0.0002962545   0.0000504085  -0.0000389681  -0.0001827826  -0.0000670695
        0.0000152070  -0.0000073759   0.0000111614   0.0000171654  -0.0000185378
        0.0000062343   0.0000043454  -0.0000063932  -0.0000084101   0.0000016140
        0.0000089227   0.0000042189   0.0000059263  -0.0000088600   0.0000019140
        0.0026363619  -0.0936794517  -0.0894129904  -0.0003913696   0.0070375800
        0.0040447466  -0.0001245024   0.0001441060   0.0001449992   0.0000681378
       -0.0000687645   0.0000478609   0.0000339177   0.0001120745  -0.0000748135
       -0.0000967220   0.0000605303  -0.0000433539   0.0000120589  -0.0000007796
        0.0000035653  -0.0000009431  -0.0000027911   0.0000055635   0.0018758500
       -0.0308882527  -0.0193857826  -0.0007034041   0.0072300747   0.0038395952
       -0.0046389698   0.1081877867   0.0997529567   0.0015326030   0.0013407943
        0.0005778917   0.0000034762   0.0007078402   0.0005590806  -0.0002317517
       -0.0000030946   0.0002466918   0.0000125882  -0.0001892989  -0.0002955678
        0.0000092227   0.0000052285  -0.0000004485   0.0000027840   0.0000017764
       -0.0000066923  -0.0000008230  -0.0000012288  -0.0000092822  -0.0000027438
        0.0000036702   0.0000073737   0.0000042288   0.0000021998  -0.0000013943
       -0.0022442358  -0.0235584222  -0.0087545133  -0.0411629153   0.0079083528
        0.0026736362  -0.0056836971   0.0257234536   0.0099384104  -0.0004397947
        0.0020635114  -0.0002049581   0.0004899428  -0.0007869978  -0.0000252513
        0.0006047887  -0.0003177701   0.0000094277  -0.0000732060  -0.0000253253
        0.0000494673   0.0000047596  -0.0000117244  -0.0000114103   0.0006090135
        0.0002510398  -0.0004327763   0.0003738577  -0.0003891039  -0.0003350864
       -0.0038657265  -0.0038027559   0.0015326030   0.0539769890  -0.0096985424
       -0.0035046337   0.0013698593  -0.0002958710  -0.0001128905  -0.0047306550
        0.0030687586  -0.0011664928   0.0007527877  -0.0000960322   0.0003596677
        0.0000188078   0.0000097123  -0.0000091831  -0.0000418000  -0.0000201439
       -0.0000170388   0.0000002914   0.0000110757   0.0000083874   0.0000232913
       -0.0000222506  -0.0000036553   0.0000176414  -0.0000109645   0.0000062902
       -0.0036246391  -0.0190037289  -0.0068829177   0.0081094912  -0.2323989248
       -0.0881441764   0.0059697251  -0.0166822778  -0.0057923484  -0.0001983861
       -0.0002823740   0.0002158514  -0.0002906894   0.0006197897  -0.0004414245
        0.0001907166  -0.0000799022   0.0001600153  -0.0002075189  -0.0000947384
       -0.0000082932  -0.0000021828   0.0000560964  -0.0000158371   0.0005691572
        0.0002170548  -0.0001252281   0.0002614702   0.0005405096  -0.0001983961
       -0.0037991425  -0.0024362943   0.0013407943  -0.0096985424   0.2711599527
        0.1017613046   0.0000279800  -0.0000428497  -0.0027146690   0.0031602997
       -0.0016653686   0.0009807529  -0.0004235603   0.0001106922  -0.0001523891
       -0.0000033002  -0.0000180656  -0.0000173791  -0.0000074527   0.0000204088
        0.0000270881  -0.0000109655  -0.0000124308   0.0000120258  -0.0000198189
       -0.0000161386   0.0000021262  -0.0000026412   0.0000085897  -0.0000068998
        0.0001903082   0.0070875320   0.0039030556   0.0034037362  -0.0888871979
       -0.0879585691  -0.0003457632   0.0069543155   0.0035197457   0.0002436193
       -0.0013567336   0.0009543637  -0.0004077735   0.0008873582  -0.0004301498
       -0.0000288567   0.0002657191  -0.0002440122  -0.0000751468  -0.0001004259
        0.0000240972  -0.0000003950   0.0000153780  -0.0000017579   0.0000213564
        0.0007092822   0.0005451875  -0.0004107791  -0.0001030323   0.0000142699
        0.0012104170   0.0014741613   0.0005778917  -0.0035046337   0.1017613046
        0.0980062150   0.0011955808  -0.0305814634  -0.0200894541  -0.0013279134
        0.0012024434   0.0006701518  -0.0001510445   0.0006654148   0.0005159584
        0.0000034513  -0.0000097197  -0.0000252917   0.0000027279   0.0000054226
        0.0000254863  -0.0000119354   0.0000049690   0.0000020200  -0.0000083316
        0.0000021782  -0.0000065734   0.0000013758   0.0000030938  -0.0000026348
       -0.0028012683  -0.0047928250   0.0246812622  -0.0408510171   0.0014170783
       -0.0027615963  -0.0048902165   0.0047006840  -0.0273167302  -0.0005269929
        0.0010563307  -0.0017181259   0.0003482969  -0.0003234944   0.0007368079
        0.0007582421  -0.0001999540   0.0003560032  -0.0000916763  -0.0000657173
        0.0000192051   0.0000033336   0.0000029417   0.0000165555  -0.0038842925
       -0.0033348789   0.0023383299   0.0003616929   0.0000932568   0.0005021517
        0.0006158022   0.0005114796   0.0000034762   0.0013698593   0.0000279800
        0.0011955808   0.0535719041  -0.0012834483   0.0041355209   0.0007385773
       -0.0003332019  -0.0001006567  -0.0047348670   0.0025192234  -0.0021124446
       -0.0000415358   0.0000113793   0.0000174716   0.0000106600   0.0000102131
       -0.0000116670   0.0000206352  -0.0000000817   0.0000236556   0.0000054309
       -0.0000076199  -0.0000127037   0.0000174320  -0.0000093457   0.0000079039
       -0.0024636418  -0.0024322997   0.0174315286   0.0009188993  -0.0481936091
        0.0224398169   0.0029661580  -0.0023370643   0.0153581663  -0.0003186057
        0.0011556085  -0.0006005729   0.0001069803  -0.0004365618   0.0002375547
        0.0001651803  -0.0003778500   0.0001651277  -0.0000466398   0.0000413364
       -0.0000259356   0.0000029316   0.0000161378  -0.0000153614  -0.0030747178
       -0.0015457528   0.0020138830   0.0005012218   0.0002841810  -0.0002429440
        0.0002703327   0.0002079889   0.0007078402  -0.0002958710  -0.0000428497
       -0.0305814634  -0.0012834483   0.0543729063  -0.0292579852  -0.0000871192
        0.0001613223   0.0007029197   0.0026447406  -0.0008543830   0.0016642501
       -0.0000021067   0.0000086754  -0.0000036606  -0.0000033698  -0.0000107450
       -0.0000059232  -0.0000024463  -0.0000099570   0.0000039503   0.0000046322
       -0.0000083100   0.0000101751  -0.0000031105   0.0000012259  -0.0000013660
        0.0031870128   0.0031381287  -0.0120680005  -0.0033601311   0.0230740224
       -0.2726778281  -0.0048830831   0.0029787975  -0.0116978634  -0.0000465858
        0.0010220545  -0.0006084045   0.0005630867  -0.0009930762   0.0006450917
       -0.0000690249  -0.0000529614   0.0000864502   0.0002143197   0.0000854024
       -0.0000746562  -0.0000011560  -0.0000408706   0.0000428236   0.0024927919
        0.0018526590  -0.0002494563  -0.0000097211  -0.0003470899   0.0002736716
       -0.0004984964  -0.0001380982   0.0005590806  -0.0001128905  -0.0027146690
       -0.0200894541   0.0041355209  -0.0292579852   0.3155901981   0.0004377877
       -0.0001136008   0.0004470962  -0.0020955362   0.0015019799  -0.0001627840
        0.0000001771   0.0000216302   0.0000308317   0.0000022068  -0.0000182008
       -0.0000371490   0.0000244484   0.0000048477  -0.0000116400   0.0000177510
        0.0000104419  -0.0000040431   0.0000015223  -0.0000134122   0.0000060353
        0.0009981312   0.0009392382   0.0001603891  -0.0046357958   0.0238379621
        0.0091450116  -0.0394627644   0.0098199304   0.0031202204   0.0016213624
       -0.0222772868  -0.0100277275  -0.0028362987  -0.0015503881   0.0031740299
       -0.0014047740   0.0011113948   0.0006684639  -0.0004187338   0.0000133133
        0.0005891594   0.0000283452   0.0000520631  -0.0000296811  -0.0000607008
       -0.0000307100   0.0000415447   0.0002504929  -0.0001814904  -0.0000012823
       -0.0005116344  -0.0004814788  -0.0002317517  -0.0047306550   0.0031602997
       -0.0013279134   0.0007385773  -0.0000871192   0.0004377877   0.0482171162
       -0.0142388382  -0.0055949791   0.0021301435  -0.0001750719  -0.0001750388
       -0.0000788455  -0.0000295173   0.0000025170   0.0001471856   0.0000936631
        0.0000203417   0.0000212008  -0.0000172195   0.0000114836  -0.0000691226
        0.0000327901   0.0000072542   0.0000567699   0.0000084654   0.0000101705
       -0.0007867246   0.0011050667   0.0001054106   0.0050455843  -0.0158020099
       -0.0050975950   0.0127248830  -0.2314986214  -0.0917847449  -0.0039640943
       -0.0214095954  -0.0065151788  -0.0023404289  -0.0007596248   0.0024147867
        0.0002967939   0.0004768163   0.0004274299   0.0000347163   0.0004676562
        0.0003490713   0.0001069101   0.0000570024   0.0000102116   0.0000399227
       -0.0001508140  -0.0000531212  -0.0002909713   0.0000458256  -0.0000007676
        0.0002652074   0.0002962545  -0.0000030946   0.0030687586  -0.0016653686
        0.0012024434  -0.0003332019   0.0001613223  -0.0001136008  -0.0142388382
        0.2682058017   0.1018168150   0.0000900959   0.0003432508  -0.0027291742
       -0.0000175841  -0.0000103099  -0.0000343926   0.0002473002   0.0001233152
        0.0000073188   0.0000139739  -0.0000201295  -0.0000176373  -0.0000235320
        0.0000487093   0.0000124554   0.0000612291  -0.0000145475   0.0000033640
        0.0000380560   0.0001148412   0.0000990171  -0.0001706864   0.0056802779
        0.0034625656   0.0037890751  -0.0885546661  -0.0781950714   0.0022434761
        0.0070856345   0.0040878888   0.0012478218   0.0008805769  -0.0019541315
       -0.0015343087   0.0008684377  -0.0000363096   0.0001754334  -0.0000934735
       -0.0002787661   0.0000303750  -0.0000125546  -0.0000021062   0.0000543773
       -0.0001757677  -0.0003314793  -0.0000506653   0.0001394903  -0.0000760425
        0.0002204036   0.0000504085   0.0002466918  -0.0011664928   0.0009807529
        0.0006701518  -0.0001006567   0.0007029197   0.0004470962  -0.0055949791
        0.1018168150   0.0906566552   0.0007251013  -0.0295825621  -0.0187318355
        0.0000956815   0.0000553322  -0.0000172962   0.0000128291   0.0000316796
       -0.0000410401  -0.0000115969  -0.0000239313  -0.0000433847  -0.0000225481
        0.0000193037   0.0000410005   0.0000193041   0.0000164851  -0.0000036041
        0.0009520726   0.0003744423  -0.0008473924  -0.0041110897   0.0040497043
       -0.0250934903  -0.0402896412   0.0023178048  -0.0085470640   0.0016132564
       -0.0020449165   0.0241212872  -0.0031054899  -0.0042352557   0.0003963124
       -0.0011614969  -0.0002812474  -0.0014191099  -0.0002900124  -0.0004434654
       -0.0001135102   0.0000415884   0.0000569190  -0.0000374057  -0.0005083802
       -0.0000653492   0.0005036722   0.0002346773  -0.0000940574   0.0001750797
       -0.0000538990  -0.0000389681   0.0000125882   0.0007527877  -0.0004235603
       -0.0001510445  -0.0047348670   0.0026447406  -0.0020955362   0.0021301435
        0.0000900959   0.0007251013   0.0484102934  -0.0019348777   0.0124646838
        0.0001400863   0.0000172714  -0.0000747826  -0.0000213491   0.0000216157
        0.0000165636  -0.0000722691  -0.0000076068  -0.0000499292   0.0000067465
       -0.0000022390   0.0000238001   0.0000668425  -0.0000010508  -0.0000098234
       -0.0004003860   0.0002494784  -0.0003872132   0.0022588014  -0.0017152882
        0.0137085720   0.0031373771  -0.0389403386   0.0249988068  -0.0043668913
       -0.0029180646   0.0179950427  -0.0024871976  -0.0032921727   0.0001385209
        0.0016895769  -0.0004578402   0.0004061806  -0.0000779764  -0.0002577612
       -0.0003905704   0.0000417021   0.0000168181  -0.0000307792  -0.0000789587
        0.0002332640   0.0000268604  -0.0000846803  -0.0001030690   0.0000489355
       -0.0000152596  -0.0001827826  -0.0001892989  -0.0000960322   0.0001106922
        0.0006654148   0.0025192234  -0.0008543830   0.0015019799  -0.0001750719
        0.0003432508  -0.0295825621  -0.0019348777   0.0478044452  -0.0288876179
        0.0001151508  -0.0000125827  -0.0000566291  -0.0000799450  -0.0000252523
        0.0000439126  -0.0000091961   0.0000358412   0.0000015420   0.0000231737
       -0.0000215168  -0.0000243513   0.0000214676  -0.0000127378   0.0000132539
        0.0006145919  -0.0003809618   0.0008968735  -0.0039999760   0.0031220387
       -0.0108754426  -0.0103003735   0.0224015960  -0.2723345434   0.0020691804
        0.0041618363  -0.0142812626   0.0015662343   0.0014465124   0.0001524579
        0.0003040007  -0.0002425402   0.0009498505  -0.0002043344  -0.0000456639
        0.0003689740  -0.0001215496  -0.0000207255   0.0000410687  -0.0003591051
       -0.0000416765   0.0002989918   0.0002675094  -0.0000924576   0.0000757968
       -0.0000487231  -0.0000670695  -0.0002955678   0.0003596677  -0.0001523891
        0.0005159584  -0.0021124446   0.0016642501  -0.0001627840  -0.0001750388
       -0.0027291742  -0.0187318355   0.0124646838  -0.0288876179   0.3132746515
       -0.0002337491  -0.0000581655   0.0000934075  -0.0000568737  -0.0000570235
        0.0000002093   0.0000212864   0.0000078436   0.0000673594   0.0000091239
       -0.0000285714  -0.0000420773  -0.0000641106  -0.0000000405  -0.0000120862
       -0.0000076042  -0.0000112578  -0.0000172250  -0.0000123369   0.0000134452
       -0.0000929092  -0.0003268527  -0.0005865412  -0.0007385960   0.0010025792
       -0.0024400894   0.0033101849   0.0009321928   0.0010339126  -0.0008267658
       -0.0178820643  -0.0069286888   0.0325149315  -0.0379896643   0.0001469988
        0.0082976679  -0.0008866870   0.0021447792  -0.0226018740   0.0000219295
        0.0000055339  -0.0000161349   0.0000103079   0.0000136194  -0.0000030061
        0.0000124223   0.0000152070   0.0000092227   0.0000188078  -0.0000033002
        0.0000034513  -0.0000415358  -0.0000021067   0.0000001771  -0.0000788455
       -0.0000175841   0.0000956815   0.0001400863   0.0001151508  -0.0002337491
        0.0555595038   0.0030433668  -0.0183939810   0.0020101694   0.0008940191
        0.0016018393  -0.0033334910   0.0030898159  -0.0025184806   0.0006231586
       -0.0005852223   0.0000018055   0.0002279240   0.0000589420  -0.0003922399
        0.0000001798   0.0000087232  -0.0000115598   0.0000094291   0.0000112614
       -0.0000649483  -0.0001853784  -0.0002711331  -0.0001259919   0.0004620045
        0.0017888021  -0.0004856934  -0.0007031852  -0.0005196464   0.0004595104
       -0.0101871221  -0.0034160169   0.0185997951   0.0026332136  -0.0433068845
       -0.0017841718   0.0012354568  -0.0003314636   0.0164388938  -0.0000003840
       -0.0000112348   0.0000125738   0.0000017620   0.0000012709  -0.0000000792
       -0.0000003862  -0.0000073759   0.0000052285   0.0000097123  -0.0000180656
       -0.0000097197   0.0000113793   0.0000086754   0.0000216302  -0.0000295173
       -0.0000103099   0.0000553322   0.0000172714  -0.0000125827  -0.0000581655
        0.0030433668   0.0500007898  -0.0053712469   0.0016911608  -0.0032865097
       -0.0303510398   0.0026227622  -0.0011465155   0.0020968549  -0.0002004718
        0.0002694638   0.0007491046  -0.0004312534   0.0002487521  -0.0001763072
       -0.0000113970  -0.0000252977   0.0000316417  -0.0000845379   0.0000383178
        0.0000195662   0.0000940766   0.0001546473   0.0000467800  -0.0019251031
        0.0018230075  -0.0005652577  -0.0002055718  -0.0014447107   0.0002430282
        0.0151024043   0.0067849185  -0.0113962255   0.0098520223  -0.0006109462
       -0.2629860637  -0.0029096688   0.0019767465  -0.0150203279  -0.0000210768
        0.0000043449  -0.0000126235   0.0000141078  -0.0000126930   0.0000031906
       -0.0000157245   0.0000111614  -0.0000004485  -0.0000091831  -0.0000173791
       -0.0000252917   0.0000174716  -0.0000036606   0.0000308317   0.0000025170
       -0.0000343926  -0.0000172962  -0.0000747826  -0.0000566291   0.0000934075
       -0.0183939810  -0.0053712469   0.3064776614   0.0004618154  -0.0045206779
       -0.0172456943  -0.0026405361   0.0019265030  -0.0005579498   0.0006455493
       -0.0003445510   0.0006534371   0.0001015982  -0.0002774621   0.0002276341
       -0.0000112256   0.0000105240   0.0000154657  -0.0000355703   0.0000833765
        0.0000314750  -0.0003657872   0.0004451694   0.0007612708   0.0009848068
       -0.0037714273   0.0008277376   0.0007782695   0.0011199897  -0.0004550747
       -0.0146678766  -0.0333814018  -0.0072771896  -0.0379744089   0.0098310594
        0.0043050924  -0.0027881884   0.0219103884   0.0061463635   0.0000130775
        0.0000000576  -0.0000198224   0.0000102878   0.0000071866  -0.0000079263
        0.0000191377   0.0000171654   0.0000027840  -0.0000418000  -0.0000074527
        0.0000027279   0.0000106600  -0.0000033698   0.0000022068   0.0001471856
        0.0002473002   0.0000128291  -0.0000213491  -0.0000799450  -0.0000568737
        0.0020101694   0.0016911608   0.0004618154   0.0545052343  -0.0014382007
       -0.0031166920   0.0006429060  -0.0002769914   0.0005705485  -0.0033891563
        0.0032233866  -0.0023162506   0.0001736277   0.0003720242   0.0001095127
        0.0000132237   0.0000475727  -0.0000112281   0.0000739479   0.0000314389
        0.0000504533  -0.0001745481   0.0000041840   0.0002313589   0.0019650734
       -0.0007264501   0.0009640268   0.0000415816   0.0005907110  -0.0010395193
       -0.0174405437  -0.0221886242  -0.0012332775   0.0091275261  -0.2320352439
       -0.0756568166   0.0045067550  -0.0178108681  -0.0048832188   0.0000153307
       -0.0000097031   0.0000108873  -0.0000138284   0.0000097759  -0.0000107044
        0.0000194841  -0.0000185378   0.0000017764  -0.0000201439   0.0000204088
        0.0000054226   0.0000102131  -0.0000107450  -0.0000182008   0.0000936631
        0.0001233152   0.0000316796   0.0000216157  -0.0000252523  -0.0000570235
        0.0008940191  -0.0032865097  -0.0045206779  -0.0014382007   0.2761144301
        0.0849529720  -0.0006423172   0.0004198597  -0.0002929407   0.0031816624
       -0.0016312821   0.0017161622  -0.0002345140   0.0003815199  -0.0002411315
        0.0000021354   0.0000021761   0.0000001958   0.0000246304  -0.0000449379
        0.0000098410   0.0001136013   0.0000313134  -0.0001349341   0.0003394630
       -0.0018441569   0.0020555205   0.0007133994   0.0010143351  -0.0008571505
        0.0015321727   0.0098214243   0.0039061464   0.0014798779  -0.0770255054
       -0.0743829385  -0.0011160557   0.0106572180   0.0044611961   0.0000099149
        0.0000061476   0.0000005834  -0.0000082872   0.0000056958  -0.0000027463
        0.0000093420   0.0000062343  -0.0000066923  -0.0000170388   0.0000270881
        0.0000254863  -0.0000116670  -0.0000059232  -0.0000371490   0.0000203417
        0.0000073188  -0.0000410401   0.0000165636   0.0000439126   0.0000002093
        0.0016018393  -0.0303510398  -0.0172456943  -0.0031166920   0.0849529720
        0.0816190886  -0.0000919802   0.0008144163   0.0005081690  -0.0018630207
        0.0019481134  -0.0000023300   0.0003614601  -0.0000668027   0.0001242387
        0.0000147885  -0.0000201347   0.0000178968   0.0000031244   0.0000345290
        0.0000027914   0.0000990617   0.0000260349   0.0000495427  -0.0005136791
        0.0007512813  -0.0007706820  -0.0000192514  -0.0004953868   0.0003263121
        0.0024814196  -0.0001829115   0.0006079980  -0.0003704357   0.0022652652
       -0.0245861566  -0.0453797698  -0.0010131773   0.0280229588  -0.0000138178
       -0.0000001779  -0.0000009621   0.0000227392  -0.0000064355   0.0000055462
       -0.0000070395   0.0000043454  -0.0000008230   0.0000002914  -0.0000109655
       -0.0000119354   0.0000206352  -0.0000024463   0.0000244484   0.0000212008
        0.0000139739  -0.0000115969  -0.0000722691  -0.0000091961   0.0000212864
       -0.0033334910   0.0026227622  -0.0026405361   0.0006429060  -0.0006423172
       -0.0000919802   0.0503990679  -0.0016210644  -0.0288061838   0.0009015133
       -0.0003056030  -0.0010685853  -0.0048969947  -0.0014083757   0.0289106606
       -0.0000004189   0.0000067672  -0.0000093349  -0.0000081919   0.0000046531
        0.0000014261  -0.0000356183   0.0000041622  -0.0000189024  -0.0001898193
        0.0000982583   0.0000498729   0.0000401889  -0.0001429084   0.0000322957
       -0.0007198405   0.0000462574  -0.0006044807   0.0000128192  -0.0010840791
        0.0179356780  -0.0006166709  -0.0445076178   0.0022257528  -0.0000024204
        0.0000051697   0.0000019759   0.0000042139  -0.0000039201   0.0000035337
       -0.0000040460  -0.0000063932  -0.0000012288   0.0000110757  -0.0000124308
        0.0000049690  -0.0000000817  -0.0000099570   0.0000048477  -0.0000172195
       -0.0000201295  -0.0000239313  -0.0000076068   0.0000358412   0.0000078436
        0.0030898159  -0.0011465155   0.0019265030  -0.0002769914   0.0004198597
        0.0008144163  -0.0016210644   0.0485967591  -0.0055737125   0.0035424093
       -0.0021643946  -0.0311990085  -0.0032005329  -0.0001193819   0.0144214843
        0.0000130923  -0.0000077410   0.0000185066   0.0000608448  -0.0000249798
        0.0000263540   0.0001039531  -0.0000133759   0.0000557647   0.0003206042
       -0.0000208702  -0.0002965570   0.0000964429  -0.0002099740   0.0002169439
        0.0002379129  -0.0001806627   0.0008317029  -0.0030351881   0.0033720324
       -0.0171086620   0.0267924173   0.0032731022  -0.2869437450   0.0000001466
       -0.0000019753   0.0000128348   0.0000088008   0.0000015999  -0.0000032363
        0.0000029515  -0.0000084101  -0.0000092822   0.0000083874   0.0000120258
        0.0000020200   0.0000236556   0.0000039503  -0.0000116400   0.0000114836
       -0.0000176373  -0.0000433847  -0.0000499292   0.0000015420   0.0000673594
       -0.0025184806   0.0020968549  -0.0005579498   0.0005705485  -0.0002929407
        0.0005081690  -0.0288061838  -0.0055737125   0.3302898069   0.0021979323
       -0.0032882027  -0.0158400690   0.0039606079   0.0008793747  -0.0112149361
        0.0000163197  -0.0000278682   0.0000093456   0.0000121751   0.0000109256
       -0.0000284693   0.0001108217  -0.0000392473  -0.0000292747  -0.0005061012
        0.0009913241  -0.0004191413  -0.0000233258  -0.0005288508   0.0003361965
        0.0024773272  -0.0005192717   0.0001394095  -0.0024729912   0.0239598297
        0.0066886150  -0.0425678328  -0.0084000404  -0.0024124268  -0.0000085459
        0.0000027070  -0.0000016055   0.0000243213  -0.0000067423   0.0000039147
       -0.0000134366   0.0000016140  -0.0000027438   0.0000232913  -0.0000198189
       -0.0000083316   0.0000054309   0.0000046322   0.0000177510  -0.0000691226
       -0.0000235320  -0.0000225481   0.0000067465   0.0000231737   0.0000091239
        0.0006231586  -0.0002004718   0.0006455493  -0.0033891563   0.0031816624
       -0.0018630207   0.0009015133   0.0035424093   0.0021979323   0.0473471330
        0.0054010517   0.0042642858  -0.0024977263  -0.0273534864  -0.0095245619
       -0.0000091349   0.0000255809  -0.0000010734  -0.0000617855   0.0000326040
       -0.0000148929  -0.0001110283   0.0000554592  -0.0000024387  -0.0003700445
       -0.0002170634  -0.0001950796  -0.0000688739   0.0002120889  -0.0000470221
       -0.0004453965   0.0009086378   0.0001312912   0.0043075757  -0.0207380900
       -0.0043234894  -0.0071946984  -0.2582142306  -0.0816649299  -0.0000035065
       -0.0000028716  -0.0000074413  -0.0000080912  -0.0000042394   0.0000002124
       -0.0000019700   0.0000089227   0.0000036702  -0.0000222506  -0.0000161386
        0.0000021782  -0.0000076199  -0.0000083100   0.0000104419   0.0000327901
        0.0000487093   0.0000193037  -0.0000022390  -0.0000215168  -0.0000285714
       -0.0005852223   0.0002694638  -0.0003445510   0.0032233866  -0.0016312821
        0.0019481134  -0.0003056030  -0.0021643946  -0.0032882027   0.0054010517
        0.2981032279   0.0935920453  -0.0037673395  -0.0166465574  -0.0057895640
       -0.0000002337  -0.0000041211   0.0000051110  -0.0000134696   0.0000089147
       -0.0000056912   0.0000013158   0.0000051309   0.0000024393   0.0000220687
       -0.0000111513   0.0000292172  -0.0000785506   0.0001407462  -0.0001199992
        0.0007890712  -0.0002562558  -0.0000861398   0.0000956260   0.0115559181
        0.0046192989  -0.0022607701  -0.0827766953  -0.0760407500   0.0000024528
       -0.0000008823  -0.0000101066  -0.0000046937   0.0000031777  -0.0000009060
       -0.0000013155   0.0000042189   0.0000073737  -0.0000036553   0.0000021262
       -0.0000065734  -0.0000127037   0.0000101751  -0.0000040431   0.0000072542
        0.0000124554   0.0000410005   0.0000238001  -0.0000243513  -0.0000420773
        0.0000018055   0.0007491046   0.0006534371  -0.0023162506   0.0017161622
       -0.0000023300  -0.0010685853  -0.0311990085  -0.0158400690   0.0042642858
        0.0935920453   0.0838451406   0.0005525480   0.0064722903   0.0029556674
       -0.0000728969   0.0000219258  -0.0000132570  -0.0001105949  -0.0001103613
        0.0000601718  -0.0005137156   0.0002313237  -0.0001562872  -0.0006218315
       -0.0016404729   0.0010064620   0.0002172087   0.0004984409  -0.0003110791
       -0.0057416946   0.0037478353  -0.0028861766  -0.0226236125  -0.0087880081
        0.0046639188  -0.2294697698  -0.0934333625   0.0527640730   0.0000203473
       -0.0000000171  -0.0000066970  -0.0000165672   0.0000009989  -0.0000012694
        0.0000200583   0.0000059263   0.0000042288   0.0000176414  -0.0000026412
        0.0000013758   0.0000174320  -0.0000031105   0.0000015223   0.0000567699
        0.0000612291   0.0000193041   0.0000668425   0.0000214676  -0.0000641106
        0.0002279240  -0.0004312534   0.0001015982   0.0001736277  -0.0002345140
        0.0003614601  -0.0048969947  -0.0032005329   0.0039606079  -0.0024977263
       -0.0037673395   0.0005525480   0.2657475523   0.1070224659  -0.0600583938
        0.0000239585   0.0000086774  -0.0000024612   0.0000669411   0.0000351506
       -0.0000136181   0.0002364259  -0.0001294284   0.0000659020   0.0011318459
        0.0002621288  -0.0000225871  -0.0002147997   0.0001930197  -0.0001758029
        0.0033379042  -0.0006757070   0.0010381260   0.0116914025   0.0054336653
       -0.0029797033  -0.0949569786  -0.0886531404   0.0259537036   0.0000041023
       -0.0000040254   0.0000041138  -0.0000043003   0.0000048875  -0.0000031970
        0.0000048238  -0.0000088600   0.0000021998  -0.0000109645   0.0000085897
        0.0000030938  -0.0000093457   0.0000012259  -0.0000134122   0.0000084654
       -0.0000145475   0.0000164851  -0.0000010508  -0.0000127378  -0.0000000405
        0.0000589420   0.0002487521  -0.0002774621   0.0003720242   0.0003815199
       -0.0000668027  -0.0014083757  -0.0001193819   0.0008793747  -0.0273534864
       -0.0166465574   0.0064722903   0.1070224659   0.0996867687  -0.0308802017
       -0.0000180215  -0.0000005437   0.0000032462  -0.0000539636  -0.0000247810
        0.0000213751  -0.0001874760   0.0000836572  -0.0000868356  -0.0008229275
       -0.0001941846   0.0001953261   0.0001608014  -0.0001445444   0.0000431028
       -0.0026606728   0.0010593782  -0.0003092055  -0.0092652962  -0.0041654082
        0.0023370779   0.0537914565   0.0260415018  -0.0571047714  -0.0000026739
        0.0000025446  -0.0000039363   0.0000006346  -0.0000021658   0.0000030892
       -0.0000013798   0.0000019140  -0.0000013943   0.0000062902  -0.0000068998
       -0.0000026348   0.0000079039  -0.0000013660   0.0000060353   0.0000101705
        0.0000033640  -0.0000036041  -0.0000098234   0.0000132539  -0.0000120862
       -0.0003922399  -0.0001763072   0.0002276341   0.0001095127  -0.0002411315
        0.0001242387   0.0289106606   0.0144214843  -0.0112149361  -0.0095245619
       -0.0057895640   0.0029556674  -0.0600583938  -0.0308802017   0.0628226113
