$hessian                                                                        
        0.4857129712  -0.0331900349   0.0172211037  -0.1263239752  -0.0672987811
        0.0269262718   0.0050255150   0.0030830226  -0.0012545378  -0.0217767395
       -0.0050282781   0.0101920093  -0.0022932929   0.0013991670   0.0020302526
       -0.0015248125  -0.0009373818   0.0000074563   0.0001378439   0.0000103665
       -0.0000063423  -0.0827141646   0.0618270232  -0.0657441974  -0.0727776217
       -0.0435192633  -0.0657115716  -0.1737151670   0.0918638607   0.0754174231
       -0.0109577598  -0.0113355497   0.0028738093   0.0001679110   0.0019520480
       -0.0018100228   0.0006551691   0.0007978189   0.0000370824   0.0007171304
        0.0001793080  -0.0004900374   0.0000934769   0.0005159477   0.0000319171
        0.0000816149  -0.0001571747   0.0000177999  -0.0004078619  -0.0000150672
        0.0002707852  -0.0000543760   0.0000332548  -0.0002303377  -0.0000049795
        0.0000275803  -0.0000450382  -0.0000572984  -0.0000759754   0.0001680009
        0.0000164166  -0.0001318916   0.0000981735
       -0.0331900349   0.4968954382   0.0124495789  -0.0611427748  -0.1190804989
        0.0246456218  -0.0121992221  -0.0169804164   0.0113738326   0.0074708891
        0.0069630944  -0.0021462564   0.0012386012  -0.0013148601  -0.0013295712
        0.0006545068   0.0005268165   0.0001158937   0.0000815097  -0.0000123403
       -0.0000133281   0.0624719931  -0.1378723682   0.0997085813  -0.0434242644
       -0.1103627231  -0.0979207022   0.0925870961  -0.1054254267  -0.0532743264
       -0.0147426939  -0.0124312395   0.0040032806   0.0011158029  -0.0025588136
        0.0032113837  -0.0001415521   0.0008917356  -0.0008260063  -0.0009233614
        0.0004766467   0.0001199764   0.0000075487   0.0001063866  -0.0001085619
       -0.0000979304   0.0000387355   0.0000653285   0.0002779139   0.0000610872
       -0.0001469158  -0.0000382195  -0.0000051241  -0.0000113932   0.0000641987
        0.0000613653   0.0000669262   0.0000114413  -0.0000106223   0.0000563612
       -0.0000814481   0.0000331272  -0.0000397035
        0.0172211037   0.0124495789   0.5135693216   0.0266675910   0.0290979438
       -0.0782241011   0.0125244695   0.0165809673  -0.0097589048   0.0129330298
        0.0027044617  -0.0039434727   0.0006365358  -0.0009526886  -0.0011985890
        0.0007612600   0.0005658979  -0.0000646198  -0.0000023775   0.0000613621
       -0.0000259158  -0.0663288018   0.0996416739  -0.1505232096  -0.0657808967
       -0.0976487731  -0.1877313284   0.0756014338  -0.0530034380  -0.0867857976
       -0.0149527203  -0.0133752423   0.0060990917  -0.0008183677   0.0036654900
       -0.0027579389   0.0010558692   0.0006016912   0.0008047542   0.0004081691
       -0.0003863252   0.0003640945  -0.0000771826  -0.0000807796  -0.0001629616
       -0.0000701282   0.0000863279   0.0000362661   0.0002116254   0.0000269884
       -0.0001228925  -0.0000102980   0.0000073820   0.0001775031   0.0000114720
        0.0000090389   0.0000607698   0.0000856900  -0.0001088413   0.0001665096
       -0.0000774765   0.0000572841   0.0000214212
       -0.1263239752  -0.0611427748   0.0266675910   0.3809954186   0.0671877788
        0.0607356392  -0.0770670501   0.0245251667  -0.0345287315  -0.0585302814
        0.0245142155   0.0173988467  -0.0104807393   0.0023723661   0.0047159902
       -0.0023956417  -0.0012896927  -0.0005254859   0.0004933049   0.0004296225
        0.0001999024   0.0067810549   0.0058033498  -0.0024747451  -0.0115305421
       -0.0107565772   0.0013633599  -0.0207896492  -0.0129517946   0.0102652231
       -0.0706979233  -0.0488165029  -0.0750372255   0.0071328892  -0.0131957882
        0.0145406596  -0.0061676873   0.0067567000  -0.0109703799  -0.0105550725
        0.0159673347  -0.0130519463  -0.0002577900   0.0011394135   0.0003794674
        0.0001513377  -0.0004023298  -0.0000058854  -0.0004136573   0.0001731772
        0.0006139224  -0.0001492264  -0.0000703561  -0.0003171513   0.0003721007
        0.0001036966   0.0000559330  -0.0004129066  -0.0000693893  -0.0001348148
       -0.0001539636  -0.0002776155   0.0001098307
       -0.0672987811  -0.1190804989   0.0290979438   0.0671877788   0.4269558871
        0.0011650945   0.0274456530  -0.1137055166   0.0544678228   0.0377289272
       -0.0636276569  -0.0300677691  -0.0045854645   0.0072779413   0.0057302818
       -0.0024602517  -0.0022679833  -0.0003971756   0.0000338871  -0.0008181086
       -0.0003464407  -0.0136024298  -0.0155763261   0.0091231204  -0.0150599399
       -0.0136874357   0.0029806039   0.0074413851   0.0077845732  -0.0033887687
       -0.0447095185  -0.0952644949  -0.0869061802   0.0054205480  -0.0151911786
        0.0148591854  -0.0041956949   0.0089880087  -0.0085589988   0.0098363560
       -0.0134635149   0.0109676892  -0.0007220233   0.0010920849   0.0006650366
       -0.0004641107   0.0002858505   0.0000126113  -0.0010665129  -0.0000429793
        0.0006591994   0.0000508268  -0.0001388609   0.0001347760  -0.0004264754
        0.0000099503  -0.0000283866  -0.0005501535   0.0004564893   0.0001529705
       -0.0000040057   0.0000137694  -0.0003226159
        0.0269262718   0.0246456218  -0.0782241011   0.0607356392   0.0011650945
        0.4559227173  -0.0406789471   0.0605343607  -0.1288878911   0.0244054648
       -0.0266665306  -0.0393490165   0.0014164441   0.0030140540  -0.0001652650
        0.0002614673  -0.0000534412  -0.0001386613  -0.0000400772  -0.0002906822
       -0.0007112774   0.0144047879   0.0154143633  -0.0087892897  -0.0164023281
       -0.0150888054   0.0067869360   0.0119758782   0.0079112153  -0.0051996029
       -0.0682923242  -0.0898820887  -0.1772148434  -0.0025580032   0.0094388872
       -0.0087702235  -0.0125648604   0.0143710282  -0.0220606649   0.0023124662
       -0.0045743355   0.0062596398  -0.0001842108  -0.0003294696   0.0005479655
       -0.0002534378   0.0002686695   0.0000011064  -0.0000462740  -0.0000436989
        0.0000656687   0.0001088529  -0.0001191229   0.0002344263  -0.0003809178
        0.0000173534   0.0000397486  -0.0011259125   0.0002617409  -0.0001997222
       -0.0000199793   0.0000057862  -0.0001476494
        0.0050255150  -0.0121992221   0.0125244695  -0.0770670501   0.0274456530
       -0.0406789471   0.5068345340   0.0205665957  -0.0203210385  -0.0165438795
        0.0192421778  -0.0042381819   0.0004795362  -0.0000389995  -0.0000685372
        0.0001356668  -0.0000526093  -0.0000657507  -0.0000411247   0.0000577492
        0.0001276764  -0.0021638485  -0.0035432618   0.0021902861   0.0006947342
        0.0000832104   0.0009374203   0.0008701286  -0.0007374271   0.0000702921
       -0.0045976684   0.0071573520  -0.0115616768  -0.1681404013  -0.1050317362
        0.0570565515  -0.0768805166  -0.0466491677  -0.0679082770  -0.1676651934
        0.0936446068   0.0722621515  -0.0010154251   0.0001547845  -0.0002387160
        0.0001058719  -0.0000880650   0.0000465288  -0.0000480102  -0.0000451338
       -0.0000015156  -0.0000163714   0.0001147458  -0.0001111216  -0.0000748727
       -0.0000392718  -0.0000421177   0.0000492712   0.0000318754   0.0000210468
        0.0000591041  -0.0000738564  -0.0000005429
        0.0030830226  -0.0169804164   0.0165809673   0.0245251667  -0.1137055166
        0.0605343607   0.0205665957   0.4917737339   0.0299003721   0.0166065433
       -0.0144683817   0.0032873221  -0.0004717250  -0.0010671146  -0.0001230606
       -0.0000080359   0.0000024653  -0.0000222959  -0.0001362920  -0.0001417115
        0.0000002362  -0.0025174883  -0.0028084271   0.0020761166   0.0009310760
        0.0005205899   0.0005499053   0.0005625046   0.0004133923  -0.0002339559
       -0.0039332030   0.0073877187  -0.0072279426  -0.1049844036  -0.1306398110
        0.0466565152  -0.0466770406  -0.1084854672  -0.0966075393   0.0932740815
       -0.1128666770  -0.0551718212  -0.0006690873   0.0006979270  -0.0004280165
       -0.0001825305   0.0001160987   0.0000637483   0.0000374769   0.0000756044
       -0.0000229634  -0.0000188219   0.0000211767   0.0001220365   0.0000127717
        0.0000774030   0.0000417699   0.0001326118  -0.0000350159   0.0001082044
       -0.0001332226   0.0001124287  -0.0000839592
       -0.0012545378   0.0113738326  -0.0097589048  -0.0345287315   0.0544678228
       -0.1288878911  -0.0203210385   0.0299003721   0.4913394804   0.0041964671
       -0.0051765084   0.0060876725  -0.0001999667  -0.0000876058  -0.0004484993
       -0.0000264560   0.0000469099  -0.0000174086   0.0000406832   0.0001228058
       -0.0002492463   0.0014387772   0.0016971974  -0.0002298990  -0.0002421377
       -0.0008392226   0.0010173377  -0.0006522065   0.0002200139   0.0002306981
       -0.0113884801   0.0149065419  -0.0203080750   0.0569536561   0.0462075824
       -0.0692352440  -0.0672655478  -0.0969954097  -0.1860246653   0.0730961768
       -0.0558621650  -0.0842815529   0.0002427727  -0.0000075239   0.0002367850
       -0.0000394861  -0.0000137702   0.0000488889   0.0000286263   0.0000192522
        0.0000278402  -0.0000453120  -0.0000080091   0.0001190955  -0.0000184749
        0.0000418924   0.0001120518   0.0000446650   0.0000145021   0.0001989333
       -0.0000594488  -0.0000285109   0.0000226028
       -0.0217767395   0.0074708891   0.0129330298  -0.0585302814   0.0377289272
        0.0244054648  -0.0165438795   0.0166065433   0.0041964671   0.2145775213
        0.0113314138  -0.0241763052  -0.0607591953  -0.0435712122  -0.0132949889
       -0.0220951903  -0.0139967674   0.0029765560  -0.0175127284  -0.0136833407
       -0.0100365787   0.0006783713  -0.0004447508   0.0006290763  -0.0005525773
       -0.0006213418  -0.0012672718  -0.0039643996  -0.0025190443   0.0014126107
       -0.0025336337   0.0035717962   0.0045421736   0.0006034243  -0.0009521980
        0.0001667596  -0.0000643055  -0.0006034712  -0.0004450442  -0.0025688794
        0.0030767107  -0.0024210529  -0.0032403698  -0.0063504983   0.0001097594
       -0.0004978214   0.0013664345  -0.0003582687  -0.0038566557   0.0006590094
        0.0028447981   0.0006910288  -0.0002158289   0.0007346815  -0.0026738652
       -0.0000306521  -0.0039745631   0.0006419798   0.0004551876   0.0007950865
       -0.0000218034   0.0007221941   0.0002276100
       -0.0050282781   0.0069630944   0.0027044617   0.0245142155  -0.0636276569
       -0.0266665306   0.0192421778  -0.0144683817  -0.0051765084   0.0113314138
        0.1846987257   0.0635112874  -0.0297505053  -0.0753217184  -0.0178853974
       -0.0039397551   0.0013124066   0.0029786082  -0.0087945726  -0.0026847532
       -0.0056697441  -0.0006236485   0.0004852390   0.0004206932  -0.0011765789
       -0.0000269128   0.0001431995  -0.0024062183  -0.0008865363   0.0011749612
        0.0129242513  -0.0121800681  -0.0116795727  -0.0003836092  -0.0007537237
       -0.0000687682  -0.0010531445   0.0010858799  -0.0004689294   0.0024596895
       -0.0035101703   0.0030357256  -0.0207666318  -0.0234778663  -0.0037122851
        0.0014160524   0.0002476529  -0.0001320048   0.0007651783   0.0006894651
       -0.0005103403   0.0003707594   0.0003787528   0.0000136026  -0.0005034985
        0.0006318933  -0.0017347252   0.0005470896  -0.0003517900  -0.0009289390
        0.0008556132   0.0007964682   0.0006512059
        0.0101920093  -0.0021462564  -0.0039434727   0.0173988467  -0.0300677691
       -0.0393490165  -0.0042381819   0.0032873221   0.0060876725  -0.0241763052
        0.0635112874   0.0792491304  -0.0075806501  -0.0144602846  -0.0254201249
        0.0109271953   0.0077422471   0.0020193858  -0.0176979308  -0.0138624943
       -0.0047035690   0.0000191761  -0.0000396749  -0.0000025874  -0.0008524606
        0.0001815672   0.0003273733   0.0011648531   0.0009040845   0.0000914647
        0.0154649648  -0.0140310197  -0.0110624062  -0.0004493810  -0.0005457004
        0.0004719057  -0.0002101095   0.0005014245   0.0006939116  -0.0013263524
        0.0015917924  -0.0003822010   0.0000193819  -0.0015652087   0.0009291356
        0.0003531856  -0.0001926176  -0.0000411215   0.0026179990  -0.0002359661
       -0.0015699843   0.0004929982   0.0004981064   0.0000814934  -0.0027759667
       -0.0003320829  -0.0044074180  -0.0000158850  -0.0004112957   0.0000455319
        0.0006726133  -0.0003274611   0.0008848966
       -0.0022932929   0.0012386012   0.0006365358  -0.0104807393  -0.0045854645
        0.0014164441   0.0004795362  -0.0004717250  -0.0001999667  -0.0607591953
       -0.0297505053  -0.0075806501   0.3759129813  -0.0880256367  -0.0120967460
       -0.1234180425   0.0200830834   0.0634455639  -0.0775840302   0.0112519331
       -0.0417238046  -0.0001467252   0.0002926269  -0.0001605440   0.0001776954
        0.0002693631   0.0003068237  -0.0003974658  -0.0005550490   0.0002406068
       -0.0002695547  -0.0009702398  -0.0006049238  -0.0003810063   0.0001668526
       -0.0000160817  -0.0001470324   0.0000800589   0.0002988836   0.0003853378
       -0.0001241616  -0.0000475824  -0.0665113427   0.0848346740  -0.0097526413
       -0.0106484736   0.0059014808   0.0087244939  -0.0208745254   0.0010887813
        0.0171097490   0.0068436702  -0.0020728164  -0.0064043965  -0.0111306655
        0.0000846623  -0.0210096766   0.0071881690  -0.0028364211   0.0189168621
       -0.0059452982   0.0040999016  -0.0114989492
        0.0013991670  -0.0013148601  -0.0009526886   0.0023723661   0.0072779413
        0.0030140540  -0.0000389995  -0.0010671146  -0.0000876058  -0.0435712122
       -0.0753217184  -0.0144602846  -0.0880256367   0.4499143333  -0.0125263945
        0.0237780010  -0.0697417093  -0.0196107736   0.0141555506  -0.0666986335
        0.0215655606  -0.0001114453   0.0000832994  -0.0003034282   0.0004951338
        0.0002455028   0.0002743110   0.0007361028   0.0003306170  -0.0003727830
        0.0006351034   0.0009331433  -0.0002083044   0.0012462602   0.0002573188
        0.0004220518   0.0000151280  -0.0002517247   0.0002228085   0.0005584465
        0.0000011499  -0.0000056864   0.0769808402  -0.2349156046   0.0224733292
        0.0220492359  -0.0083575587  -0.0206964789  -0.0131749232   0.0027052677
        0.0121747602  -0.0024551582   0.0006094132   0.0021556368  -0.0079779011
        0.0015005684  -0.0162645019  -0.0017396710   0.0006522647  -0.0042095881
        0.0126736115  -0.0068418959   0.0273960057
        0.0020302526  -0.0013295712  -0.0011985890   0.0047159902   0.0057302818
       -0.0001652650  -0.0000685372  -0.0001230606  -0.0004484993  -0.0132949889
       -0.0178853974  -0.0254201249  -0.0120967460  -0.0125263945   0.4380881009
        0.0684450457  -0.0152375395  -0.1304564824  -0.0480636304   0.0157174090
       -0.1753892040   0.0000287937  -0.0000542557   0.0000176385   0.0001897310
        0.0000317047   0.0000224391   0.0007973320   0.0003389578  -0.0003184463
        0.0004628793   0.0007910793   0.0006868065  -0.0002864019   0.0003044929
       -0.0000181120  -0.0000097233  -0.0001218282   0.0001019026   0.0000773330
       -0.0000429927   0.0000260025  -0.0084922607   0.0253123095  -0.0417441899
        0.0011201360  -0.0022213173   0.0005681905   0.0022905251   0.0010660153
       -0.0000487457   0.0191311149  -0.0048137167  -0.0250341381  -0.0060653616
       -0.0012084725  -0.0081321784  -0.0061719745   0.0018602888  -0.0246844998
       -0.0047395090   0.0044120074  -0.0064526059
       -0.0015248125   0.0006545068   0.0007612600  -0.0023956417  -0.0024602517
        0.0002614673   0.0001356668  -0.0000080359  -0.0000264560  -0.0220951903
       -0.0039397551   0.0109271953  -0.1234180425   0.0237780010   0.0684450457
        0.4871263400   0.0088545622   0.0363741352   0.0051311123  -0.0011878388
       -0.0035585126  -0.0000491557   0.0001584986  -0.0001735140   0.0000897439
        0.0000961112   0.0001281322  -0.0004189051  -0.0001858938   0.0001979213
        0.0000818727  -0.0003551809  -0.0003811432  -0.0000597355  -0.0000781388
        0.0001519213   0.0000202428   0.0000047286   0.0001757140  -0.0000070567
        0.0000178792  -0.0000485579  -0.0101049675   0.0051562821   0.0101869847
       -0.0689590796   0.0737382525  -0.0078995881  -0.1804982289  -0.1161482021
       -0.0207080377  -0.0845367536   0.0120397821  -0.0910503263   0.0007388469
        0.0002457928  -0.0004749798   0.0001179351   0.0001569827  -0.0027087406
        0.0006258090  -0.0005380826  -0.0005799207
       -0.0009373818   0.0005268165   0.0005658979  -0.0012896927  -0.0022679833
       -0.0000534412  -0.0000526093   0.0000024653   0.0000469099  -0.0139967674
        0.0013124066   0.0077422471   0.0200830834  -0.0697417093  -0.0152375395
        0.0088545622   0.5185534197  -0.0070818401  -0.0018602019   0.0011050735
        0.0016318556   0.0000351984   0.0000970079  -0.0000724260   0.0001190690
        0.0001066318   0.0000256351  -0.0003293645  -0.0000890368   0.0001620567
        0.0000494949  -0.0001404000   0.0001337854  -0.0000720535   0.0000743647
       -0.0001688724   0.0001134321   0.0000384193   0.0000480105  -0.0000465248
        0.0000947674  -0.0000221222   0.0207832374  -0.0068393639  -0.0191953066
        0.0737328937  -0.2561660621   0.0201944347  -0.1167438943  -0.1405774052
       -0.0162476822   0.0120571978  -0.0478200707   0.0259643182   0.0002659523
        0.0002657258  -0.0002126195  -0.0000605892   0.0007040316   0.0010034433
       -0.0007050418   0.0007609012   0.0007732551
        0.0000074563   0.0001158937  -0.0000646198  -0.0005254859  -0.0003971756
       -0.0001386613  -0.0000657507  -0.0000222959  -0.0000174086   0.0029765560
        0.0029786082   0.0020193858   0.0634455639  -0.0196107736  -0.1304564824
        0.0363741352  -0.0070818401   0.4905793141   0.0168501535  -0.0041265887
       -0.0279439465   0.0000186941  -0.0000952355   0.0000789168   0.0000290451
       -0.0000002033  -0.0000388437  -0.0000744850  -0.0000031386   0.0000348238
       -0.0000560273   0.0001050808   0.0000987619   0.0000503976  -0.0000109053
        0.0000828068   0.0000148020  -0.0000430324   0.0000117789  -0.0000402091
        0.0000375491   0.0000240038   0.0018135316  -0.0013680980  -0.0003686519
       -0.0080403757   0.0199368089  -0.0457904946  -0.0211545028  -0.0165137727
       -0.0448926477  -0.0919065045   0.0260520580  -0.2387817912   0.0009694974
        0.0002630308   0.0005685499  -0.0014535245   0.0004978812  -0.0059765491
        0.0007670326  -0.0007138510   0.0009717549
        0.0001378439   0.0000815097  -0.0000023775   0.0004933049   0.0000338871
       -0.0000400772  -0.0000411247  -0.0001362920   0.0000406832  -0.0175127284
       -0.0087945726  -0.0176979308  -0.0775840302   0.0141555506  -0.0480636304
        0.0051311123  -0.0018602019   0.0168501535   0.5061986356   0.0028563253
       -0.0292429780  -0.0000178443   0.0000138908  -0.0001607655   0.0001125508
        0.0000256595   0.0000924465  -0.0000486101   0.0000324755   0.0000374303
       -0.0009962902   0.0001165288  -0.0002369192   0.0000456213  -0.0000327484
       -0.0000205530   0.0000665452   0.0000414398   0.0000702713  -0.0000714713
        0.0000623872   0.0000060818  -0.0043999269   0.0042881065  -0.0122708256
        0.0006604204  -0.0007680775   0.0005222690   0.0008820001   0.0003969196
        0.0006184117  -0.0020392954   0.0006555088   0.0040741148  -0.1745107788
       -0.1151792589  -0.0244101486  -0.1637020786   0.0264539427   0.1167121721
       -0.0728038555   0.0775570194  -0.0068778285
        0.0000103665  -0.0000123403   0.0000613621   0.0004296225  -0.0008181086
       -0.0002906822   0.0000577492  -0.0001417115   0.0001228058  -0.0136833407
       -0.0026847532  -0.0138624943   0.0112519331  -0.0666986335   0.0157174090
       -0.0011878388   0.0011050735  -0.0041265887   0.0028563253   0.5207870542
        0.0062437700   0.0000526416   0.0001359576  -0.0001006800   0.0001482170
        0.0000939479  -0.0000047169  -0.0000384753   0.0000461975   0.0000415543
        0.0002742997   0.0001930924   0.0003820591  -0.0001174264   0.0001745930
       -0.0001413971   0.0001257451  -0.0000002356   0.0000434480   0.0000092509
        0.0001356904  -0.0000126733   0.0115735978  -0.0055372351   0.0255585265
       -0.0004245184   0.0006989157  -0.0009775277   0.0001277492   0.0002861908
        0.0002898323   0.0005685302   0.0005342171  -0.0012501309  -0.1156061558
       -0.1445177540  -0.0219985067   0.0265043654  -0.0501437578  -0.0257462110
        0.0770673620  -0.2536364005   0.0200508417
       -0.0000063423  -0.0000133281  -0.0000259158   0.0001999024  -0.0003464407
       -0.0007112774   0.0001276764   0.0000002362  -0.0002492463  -0.0100365787
       -0.0056697441  -0.0047035690  -0.0417238046   0.0215655606  -0.1753892040
       -0.0035585126   0.0016318556  -0.0279439465  -0.0292429780   0.0062437700
        0.4629281498  -0.0000168092   0.0000306020   0.0000169403   0.0001126483
        0.0000807170   0.0000539920  -0.0000131116   0.0000042355   0.0000582472
        0.0006903056  -0.0000499885   0.0007034440  -0.0000750634  -0.0000571025
       -0.0000059491   0.0000694591  -0.0000050921   0.0001501918  -0.0000159357
       -0.0000141460   0.0000494293  -0.0042455055   0.0032939918  -0.0075763425
       -0.0008579690   0.0004627645   0.0008892000  -0.0008612524  -0.0001390858
        0.0003641671   0.0028126966  -0.0008154260  -0.0036918546  -0.0235603289
       -0.0213338324  -0.0458287864   0.1166119592  -0.0253036825  -0.1541144921
       -0.0064104558   0.0204341355  -0.0449731777
       -0.0827141646   0.0624719931  -0.0663288018   0.0067810549  -0.0136024298
        0.0144047879  -0.0021638485  -0.0025174883   0.0014387772   0.0006783713
       -0.0006236485   0.0000191761  -0.0001467252  -0.0001114453   0.0000287937
       -0.0000491557   0.0000351984   0.0000186941  -0.0000178443   0.0000526416
       -0.0000168092   0.0947199493  -0.0694172204   0.0751982885  -0.0054730163
        0.0071252393  -0.0102460058  -0.0124824783   0.0175182500  -0.0156612482
        0.0005061932   0.0000886043   0.0003385781   0.0003726948  -0.0008911386
        0.0007826216  -0.0000966503   0.0000264644   0.0000913126  -0.0000763646
       -0.0001453484  -0.0000245168   0.0001064844   0.0000708950  -0.0000075323
        0.0000032308  -0.0000144587   0.0000033304   0.0000427931   0.0000115662
       -0.0000123093  -0.0000058110  -0.0000079520  -0.0000169767   0.0000739370
        0.0000366842   0.0000024268  -0.0000099132  -0.0001166092  -0.0000333487
       -0.0000487370   0.0000102027   0.0000207617
        0.0618270232  -0.1378723682   0.0996416739   0.0058033498  -0.0155763261
        0.0154143633  -0.0035432618  -0.0028084271   0.0016971974  -0.0004447508
        0.0004852390  -0.0000396749   0.0002926269   0.0000832994  -0.0000542557
        0.0001584986   0.0000970079  -0.0000952355   0.0000138908   0.0001359576
        0.0000306020  -0.0694172204   0.1595994036  -0.1184863308  -0.0061477881
        0.0096906537  -0.0104317621   0.0108934907  -0.0129049001   0.0114885903
        0.0005444947  -0.0000938716   0.0000692647   0.0002614955  -0.0009416282
        0.0010595269  -0.0001216243  -0.0000107167  -0.0002386134  -0.0001734614
        0.0002359276  -0.0000724844   0.0001062932  -0.0000333830   0.0000299366
       -0.0000324378   0.0000578450  -0.0000108757   0.0000166018  -0.0000172140
       -0.0000066294   0.0000184799  -0.0000348837   0.0000740306   0.0000494707
       -0.0000063146  -0.0000218638  -0.0000999217  -0.0001219316  -0.0000423214
       -0.0000052493   0.0000366311  -0.0000051386
       -0.0657441974   0.0997085813  -0.1505232096  -0.0024747451   0.0091231204
       -0.0087892897   0.0021902861   0.0020761166  -0.0002298990   0.0006290763
        0.0004206932  -0.0000025874  -0.0001605440  -0.0003034282   0.0000176385
       -0.0001735140  -0.0000724260   0.0000789168  -0.0001607655  -0.0001006800
        0.0000169403   0.0751982885  -0.1184863308   0.1727785622  -0.0137641129
        0.0150659099  -0.0217222348   0.0047785474  -0.0074860570   0.0082258527
       -0.0001929513  -0.0004366951   0.0005160584  -0.0001642185   0.0008094979
       -0.0004497831   0.0000676553  -0.0000993900   0.0003443022   0.0001035307
       -0.0001259710  -0.0000463720  -0.0002054691  -0.0000542522  -0.0000631230
        0.0000606709  -0.0000697634   0.0000047857  -0.0000239000   0.0000078284
        0.0000076528  -0.0000073234   0.0000303006  -0.0001380004  -0.0000294256
       -0.0000047221  -0.0000543053   0.0000431653   0.0000203011   0.0000158195
        0.0000299464  -0.0000226337   0.0000122751
       -0.0727776217  -0.0434242644  -0.0657808967  -0.0115305421  -0.0150599399
       -0.0164023281   0.0006947342   0.0009310760  -0.0002421377  -0.0005525773
       -0.0011765789  -0.0008524606   0.0001776954   0.0004951338   0.0001897310
        0.0000897439   0.0001190690   0.0000290451   0.0001125508   0.0001482170
        0.0001126483  -0.0054730163  -0.0061477881  -0.0137641129   0.0846453030
        0.0546734588   0.0767018295   0.0074006301   0.0130166004   0.0186115398
       -0.0032684078  -0.0040125526   0.0011575502   0.0000159384   0.0002052945
       -0.0001211414   0.0002324835  -0.0000896827   0.0001924125  -0.0001101555
        0.0000698644   0.0000736834   0.0002413531   0.0001779989  -0.0000307750
       -0.0000631128   0.0000560137  -0.0000001558   0.0000511586   0.0000019386
       -0.0000283704   0.0000038078  -0.0000199919   0.0000654213   0.0000486099
        0.0000036673   0.0000787208   0.0000905747  -0.0000138824   0.0000298014
       -0.0000291501   0.0000463487  -0.0000200048
       -0.0435192633  -0.1103627231  -0.0976487731  -0.0107565772  -0.0136874357
       -0.0150888054   0.0000832104   0.0005205899  -0.0008392226  -0.0006213418
       -0.0000269128   0.0001815672   0.0002693631   0.0002455028   0.0000317047
        0.0000961112   0.0001066318  -0.0000002033   0.0000256595   0.0000939479
        0.0000807170   0.0071252393   0.0096906537   0.0150659099   0.0546734588
        0.1270324398   0.1131435213  -0.0040924818  -0.0107767711  -0.0167345707
       -0.0036320492  -0.0027390567   0.0012199636   0.0002317729   0.0003010863
       -0.0000499530  -0.0000927723  -0.0001957822   0.0007520173   0.0000451787
       -0.0002244253  -0.0001171328   0.0001159145   0.0000257118  -0.0000835152
       -0.0000350307   0.0000440107   0.0000016997   0.0000180034  -0.0000085213
       -0.0000191814   0.0000072415  -0.0000088173   0.0000457435   0.0000230854
       -0.0000088798   0.0000078092   0.0000661150  -0.0000646678   0.0000386769
       -0.0000308373   0.0000434184   0.0000120270
       -0.0657115716  -0.0979207022  -0.1877313284   0.0013633599   0.0029806039
        0.0067869360   0.0009374203   0.0005499053   0.0010173377  -0.0012672718
        0.0001431995   0.0003273733   0.0003068237   0.0002743110   0.0000224391
        0.0001281322   0.0000256351  -0.0000388437   0.0000924465  -0.0000047169
        0.0000539920  -0.0102460058  -0.0104317621  -0.0217222348   0.0767018295
        0.1131435213   0.2150657038  -0.0035498346  -0.0100819680  -0.0139776639
        0.0011585342   0.0013172697   0.0003879908   0.0000416319   0.0000100374
       -0.0000829833   0.0000310531   0.0000508492   0.0000276783  -0.0000276903
       -0.0001396195  -0.0001662003   0.0000671208  -0.0000031149  -0.0000136493
       -0.0000369267   0.0000478197  -0.0000062600  -0.0000156822  -0.0000107552
       -0.0000078013   0.0000117599  -0.0000035416   0.0000699108  -0.0000135582
       -0.0000156064   0.0000081964   0.0000419287   0.0000377349  -0.0000111136
       -0.0000134995   0.0000308998  -0.0000094797
       -0.1737151670   0.0925870961   0.0756014338  -0.0207896492   0.0074413851
        0.0119758782   0.0008701286   0.0005625046  -0.0006522065  -0.0039643996
       -0.0024062183   0.0011648531  -0.0003974658   0.0007361028   0.0007973320
       -0.0004189051  -0.0003293645  -0.0000744850  -0.0000486101  -0.0000384753
       -0.0000131116  -0.0124824783   0.0108934907   0.0047785474   0.0074006301
       -0.0040924818  -0.0035498346   0.2030421523  -0.1056563919  -0.0899555454
        0.0002175606   0.0004797456  -0.0001526213   0.0000794760   0.0001758980
       -0.0002326541  -0.0001072075  -0.0000148321   0.0000471078   0.0002752849
       -0.0004015311   0.0001353040   0.0000519277   0.0000651371   0.0000344669
        0.0000506401  -0.0000014681  -0.0000262412  -0.0001419817  -0.0000323678
        0.0000658494   0.0000420358   0.0000108575  -0.0000289422  -0.0000114572
       -0.0000205969   0.0000041465  -0.0000247563   0.0000546434   0.0000555277
        0.0000722417  -0.0000131330   0.0000251952
        0.0918638607  -0.1054254267  -0.0530034380  -0.0129517946   0.0077845732
        0.0079112153  -0.0007374271   0.0004133923   0.0002200139  -0.0025190443
       -0.0008865363   0.0009040845  -0.0005550490   0.0003306170   0.0003389578
       -0.0001858938  -0.0000890368  -0.0000031386   0.0000324755   0.0000461975
        0.0000042355   0.0175182500  -0.0129049001  -0.0074860570   0.0130166004
       -0.0107767711  -0.0100819680  -0.1056563919   0.1213750507   0.0607392907
       -0.0000241675   0.0005683668   0.0002255004   0.0000254738  -0.0000350763
       -0.0000732978   0.0000919653  -0.0001373326  -0.0000985552  -0.0000806452
       -0.0003235832   0.0003119261   0.0001164516   0.0001157153   0.0000214680
        0.0000205017  -0.0000202513  -0.0000051812  -0.0000259168  -0.0000084800
        0.0000253320   0.0000006275  -0.0000012669  -0.0000170194   0.0000226756
        0.0000055812   0.0000360781   0.0000291456  -0.0000143782   0.0000096414
       -0.0000016975  -0.0000164545   0.0000209115
        0.0754174231  -0.0532743264  -0.0867857976   0.0102652231  -0.0033887687
       -0.0051996029   0.0000702921  -0.0002339559   0.0002306981   0.0014126107
        0.0011749612   0.0000914647   0.0002406068  -0.0003727830  -0.0003184463
        0.0001979213   0.0001620567   0.0000348238   0.0000374303   0.0000415543
        0.0000582472  -0.0156612482   0.0114885903   0.0082258527   0.0186115398
       -0.0167345707  -0.0139776639  -0.0899555454   0.0607392907   0.0976791372
       -0.0005375989  -0.0001121692   0.0003032265  -0.0002263482  -0.0000993733
        0.0000967676   0.0000835685  -0.0001482166  -0.0002651447   0.0000054110
        0.0007514446  -0.0000868196  -0.0000111551  -0.0000158128  -0.0000113898
       -0.0000210213   0.0000042641   0.0000102637   0.0000682682   0.0000120830
       -0.0000388406  -0.0000178356  -0.0000063771  -0.0000041667   0.0000197099
        0.0000112885   0.0000100932   0.0000157965  -0.0000019203  -0.0000288396
       -0.0000150486   0.0000027404  -0.0000238629
       -0.0109577598  -0.0147426939  -0.0149527203  -0.0706979233  -0.0447095185
       -0.0682923242  -0.0045976684  -0.0039332030  -0.0113884801  -0.0025336337
        0.0129242513   0.0154649648  -0.0002695547   0.0006351034   0.0004628793
        0.0000818727   0.0000494949  -0.0000560273  -0.0009962902   0.0002742997
        0.0006903056   0.0005061932   0.0005444947  -0.0001929513  -0.0032684078
       -0.0036320492   0.0011585342   0.0002175606  -0.0000241675  -0.0005375989
        0.0926703957   0.0522412701   0.0806175179   0.0002614919  -0.0002120994
        0.0005967142  -0.0005153717   0.0015876397  -0.0021875353  -0.0000326840
       -0.0002532631  -0.0001951054  -0.0002220504  -0.0006010577   0.0004654696
        0.0002335213  -0.0001304775  -0.0000442742   0.0000461899  -0.0000641384
       -0.0000924082   0.0001037331   0.0000854166  -0.0002131548   0.0002011236
       -0.0001676608  -0.0002118345  -0.0004037415   0.0000934943  -0.0011100526
        0.0001730036   0.0000348643   0.0000180815
       -0.0113355497  -0.0124312395  -0.0133752423  -0.0488165029  -0.0952644949
       -0.0898820887   0.0071573520   0.0073877187   0.0149065419   0.0035717962
       -0.0121800681  -0.0140310197  -0.0009702398   0.0009331433   0.0007910793
       -0.0003551809  -0.0001404000   0.0001050808   0.0001165288   0.0001930924
       -0.0000499885   0.0000886043  -0.0000938716  -0.0004366951  -0.0040125526
       -0.0027390567   0.0013172697   0.0004797456   0.0005683668  -0.0001121692
        0.0522412701   0.1138407794   0.0964137399   0.0001924816   0.0005431384
        0.0000388754   0.0016238429  -0.0016355579   0.0031634379  -0.0001796751
        0.0005123822   0.0001164310   0.0000450605   0.0003645211   0.0002702892
       -0.0001000785  -0.0000256645  -0.0000232711  -0.0000676304   0.0000493369
        0.0000892273  -0.0000424989  -0.0000672981   0.0000653106  -0.0001268113
       -0.0000444484   0.0001830025   0.0004796761   0.0003346606   0.0005011169
        0.0000103622  -0.0001050401  -0.0000509278
        0.0028738093   0.0040032806   0.0060990917  -0.0750372255  -0.0869061802
       -0.1772148434  -0.0115616768  -0.0072279426  -0.0203080750   0.0045421736
       -0.0116795727  -0.0110624062  -0.0006049238  -0.0002083044   0.0006868065
       -0.0003811432   0.0001337854   0.0000987619  -0.0002369192   0.0003820591
        0.0007034440   0.0003385781   0.0000692647   0.0005160584   0.0011575502
        0.0012199636   0.0003879908  -0.0001526213   0.0002255004   0.0003032265
        0.0806175179   0.0964137399   0.2030825820   0.0002309114  -0.0004073945
        0.0001698446  -0.0025716485   0.0034224608  -0.0036046558   0.0001123622
       -0.0003128263   0.0004736366   0.0007672553   0.0007962225  -0.0005547863
       -0.0001584891   0.0000673850   0.0000556616  -0.0000290616   0.0000506711
        0.0000650631  -0.0000589969  -0.0000356634  -0.0000211150   0.0002301072
       -0.0000755512  -0.0000501997   0.0000051296  -0.0000398625   0.0002984779
       -0.0000826888   0.0001089646  -0.0001245643
        0.0001679110   0.0011158029  -0.0008183677   0.0071328892   0.0054205480
       -0.0025580032  -0.1681404013  -0.1049844036   0.0569536561   0.0006034243
       -0.0003836092  -0.0004493810  -0.0003810063   0.0012462602  -0.0002864019
       -0.0000597355  -0.0000720535   0.0000503976   0.0000456213  -0.0001174264
       -0.0000750634   0.0003726948   0.0002614955  -0.0001642185   0.0000159384
        0.0002317729   0.0000416319   0.0000794760   0.0000254738  -0.0002263482
        0.0002614919   0.0001924816   0.0002309114   0.1940911324   0.1216406674
       -0.0653135706  -0.0115399476  -0.0102851387   0.0025985999  -0.0223434199
       -0.0138265801   0.0101358444  -0.0004074082  -0.0002967658  -0.0003495672
        0.0000892600  -0.0000738309  -0.0000240689  -0.0000285508  -0.0000313481
       -0.0000074833  -0.0000010342   0.0000348791   0.0001030005  -0.0000031815
       -0.0000190980   0.0000176427  -0.0000014744  -0.0000129326   0.0000436721
        0.0000463206  -0.0000661945   0.0000971174
        0.0019520480  -0.0025588136   0.0036654900  -0.0131957882  -0.0151911786
        0.0094388872  -0.1050317362  -0.1306398110   0.0462075824  -0.0009521980
       -0.0007537237  -0.0005457004   0.0001668526   0.0002573188   0.0003044929
       -0.0000781388   0.0000743647  -0.0000109053  -0.0000327484   0.0001745930
       -0.0000571025  -0.0008911386  -0.0009416282   0.0008094979   0.0002052945
        0.0003010863   0.0000100374   0.0001758980  -0.0000350763  -0.0000993733
       -0.0002120994   0.0005431384  -0.0004073945   0.1216406674   0.1515886692
       -0.0574990266  -0.0162632713  -0.0128529855   0.0034147560   0.0117387242
        0.0096439082  -0.0054800485   0.0008282215   0.0005043468   0.0003320073
       -0.0000149721   0.0000095212  -0.0000126881  -0.0000768021  -0.0000189766
        0.0000199247   0.0001015523  -0.0000506214  -0.0000989993  -0.0000309765
       -0.0000137612  -0.0000153318  -0.0000275222  -0.0000215163   0.0000370369
       -0.0000018666  -0.0000188540  -0.0000131423
       -0.0018100228   0.0032113837  -0.0027579389   0.0145406596   0.0148591854
       -0.0087702235   0.0570565515   0.0466565152  -0.0692352440   0.0001667596
       -0.0000687682   0.0004719057  -0.0000160817   0.0004220518  -0.0000181120
        0.0001519213  -0.0001688724   0.0000828068  -0.0000205530  -0.0001413971
       -0.0000059491   0.0007826216   0.0010595269  -0.0004497831  -0.0001211414
       -0.0000499530  -0.0000829833  -0.0002326541  -0.0000732978   0.0000967676
        0.0005967142   0.0000388754   0.0001698446  -0.0653135706  -0.0574990266
        0.0789984127  -0.0184909573  -0.0156777863   0.0067820011   0.0133581909
        0.0076963114  -0.0051119862  -0.0007819794  -0.0001991390   0.0001081533
        0.0000308829  -0.0000254104  -0.0000837341  -0.0000080555  -0.0000007061
       -0.0000254583   0.0000671614  -0.0000481256  -0.0000520411  -0.0000425177
       -0.0000107138  -0.0000259805   0.0000383320   0.0000644248  -0.0001051721
        0.0000477386  -0.0000450784   0.0000147141
        0.0006551691  -0.0001415521   0.0010558692  -0.0061676873  -0.0041956949
       -0.0125648604  -0.0768805166  -0.0466770406  -0.0672655478  -0.0000643055
       -0.0010531445  -0.0002101095  -0.0001470324   0.0000151280  -0.0000097233
        0.0000202428   0.0001134321   0.0000148020   0.0000665452   0.0001257451
        0.0000694591  -0.0000966503  -0.0001216243   0.0000676553   0.0002324835
       -0.0000927723   0.0000310531  -0.0001072075   0.0000919653   0.0000835685
       -0.0005153717   0.0016238429  -0.0025716485  -0.0115399476  -0.0162632713
       -0.0184909573   0.0867202105   0.0536745208   0.0817161379   0.0076224232
        0.0127837513   0.0180420934   0.0001711994   0.0000514316  -0.0000704241
       -0.0000292020   0.0000328975   0.0000115059   0.0000720984   0.0000108611
       -0.0000099069  -0.0000506791  -0.0000203154   0.0000229247   0.0000490254
        0.0000083322   0.0000566280   0.0000465217  -0.0000308288   0.0000281734
       -0.0000573191   0.0000643365  -0.0000066926
        0.0007978189   0.0008917356   0.0006016912   0.0067567000   0.0089880087
        0.0143710282  -0.0466491677  -0.1084854672  -0.0969954097  -0.0006034712
        0.0010858799   0.0005014245   0.0000800589  -0.0002517247  -0.0001218282
        0.0000047286   0.0000384193  -0.0000430324   0.0000414398  -0.0000002356
       -0.0000050921   0.0000264644  -0.0000107167  -0.0000993900  -0.0000896827
       -0.0001957822   0.0000508492  -0.0000148321  -0.0001373326  -0.0001482166
        0.0015876397  -0.0016355579   0.0034224608  -0.0102851387  -0.0128529855
       -0.0156777863   0.0536745208   0.1238949487   0.1101619964  -0.0051805316
       -0.0112677181  -0.0159685871  -0.0000459774  -0.0000845657  -0.0000643468
       -0.0000082756   0.0000246657   0.0000146778  -0.0000102238  -0.0000084089
        0.0000113800  -0.0000223386   0.0000084133   0.0000124439   0.0000042354
       -0.0000128548  -0.0000322546  -0.0000401059  -0.0000233151   0.0000041138
       -0.0000238611   0.0000345939   0.0000038781
        0.0000370824  -0.0008260063   0.0008047542  -0.0109703799  -0.0085589988
       -0.0220606649  -0.0679082770  -0.0966075393  -0.1860246653  -0.0004450442
       -0.0004689294   0.0006939116   0.0002988836   0.0002228085   0.0001019026
        0.0001757140   0.0000480105   0.0000117789   0.0000702713   0.0000434480
        0.0001501918   0.0000913126  -0.0002386134   0.0003443022   0.0001924125
        0.0007520173   0.0000276783   0.0000471078  -0.0000985552  -0.0002651447
       -0.0021875353   0.0031634379  -0.0036046558   0.0025985999   0.0034147560
        0.0067820011   0.0817161379   0.1101619964   0.2165532356  -0.0037497368
       -0.0111604605  -0.0133989984  -0.0000129980   0.0000850051  -0.0001446621
       -0.0000543277   0.0000498351  -0.0000081690   0.0000196302  -0.0000064728
       -0.0000362804   0.0000053249  -0.0000022134   0.0000414098   0.0000131699
       -0.0000067373   0.0000265002   0.0001207090  -0.0000348796   0.0000061788
       -0.0000580570   0.0000680911  -0.0000006044
        0.0007171304  -0.0009233614   0.0004081691  -0.0105550725   0.0098363560
        0.0023124662  -0.1676651934   0.0932740815   0.0730961768  -0.0025688794
        0.0024596895  -0.0013263524   0.0003853378   0.0005584465   0.0000773330
       -0.0000070567  -0.0000465248  -0.0000402091  -0.0000714713   0.0000092509
       -0.0000159357  -0.0000763646  -0.0001734614   0.0001035307  -0.0001101555
        0.0000451787  -0.0000276903   0.0002752849  -0.0000806452   0.0000054110
       -0.0000326840  -0.0001796751   0.0001123622  -0.0223434199   0.0117387242
        0.0133581909   0.0076224232  -0.0051805316  -0.0037497368   0.1940888231
       -0.1111974552  -0.0844742699   0.0002094863  -0.0001047513   0.0002466136
        0.0000463308  -0.0000059732  -0.0000294360  -0.0000121912  -0.0000282438
       -0.0000077034   0.0000708078  -0.0000120185  -0.0000588930  -0.0000218161
       -0.0000249610   0.0000022691   0.0000002404   0.0000505484  -0.0000051852
        0.0000484400  -0.0000146735   0.0000128894
        0.0001793080   0.0004766467  -0.0003863252   0.0159673347  -0.0134635149
       -0.0045743355   0.0936446068  -0.1128666770  -0.0558621650   0.0030767107
       -0.0035101703   0.0015917924  -0.0001241616   0.0000011499  -0.0000429927
        0.0000178792   0.0000947674   0.0000375491   0.0000623872   0.0001356904
       -0.0000141460  -0.0001453484   0.0002359276  -0.0001259710   0.0000698644
       -0.0002244253  -0.0001396195  -0.0004015311  -0.0003235832   0.0007514446
       -0.0002532631   0.0005123822  -0.0003128263  -0.0138265801   0.0096439082
        0.0076963114   0.0127837513  -0.0112677181  -0.0111604605  -0.1111974552
        0.1305730390   0.0624029885   0.0002650282   0.0000008800   0.0001301989
       -0.0000634218   0.0000037098   0.0000082007   0.0000130233   0.0000328967
        0.0000191442  -0.0000273045  -0.0000452866   0.0000156763   0.0000160592
        0.0000261571   0.0000030111  -0.0000064513  -0.0000325083   0.0000050656
       -0.0000504358  -0.0000032713  -0.0000425411
       -0.0004900374   0.0001199764   0.0003640945  -0.0130519463   0.0109676892
        0.0062596398   0.0722621515  -0.0551718212  -0.0842815529  -0.0024210529
        0.0030357256  -0.0003822010  -0.0000475824  -0.0000056864   0.0000260025
       -0.0000485579  -0.0000221222   0.0000240038   0.0000060818  -0.0000126733
        0.0000494293  -0.0000245168  -0.0000724844  -0.0000463720   0.0000736834
       -0.0001171328  -0.0001662003   0.0001353040   0.0003119261  -0.0000868196
       -0.0001951054   0.0001164310   0.0004736366   0.0101358444  -0.0054800485
       -0.0051119862   0.0180420934  -0.0159685871  -0.0133989984  -0.0844742699
        0.0624029885   0.0963663008  -0.0000156014  -0.0001088203  -0.0001028018
        0.0000453115  -0.0000181195   0.0000023133   0.0000185686  -0.0000095879
       -0.0000139291  -0.0000264926   0.0000306034  -0.0000117029   0.0000225929
        0.0000030939   0.0000206383   0.0000236246   0.0000082352  -0.0000033388
        0.0000299067  -0.0000095858   0.0000198440
        0.0000934769   0.0000075487  -0.0000771826  -0.0002577900  -0.0007220233
       -0.0001842108  -0.0010154251  -0.0006690873   0.0002427727  -0.0032403698
       -0.0207666318   0.0000193819  -0.0665113427   0.0769808402  -0.0084922607
       -0.0101049675   0.0207832374   0.0018135316  -0.0043999269   0.0115735978
       -0.0042455055   0.0001064844   0.0001062932  -0.0002054691   0.0002413531
        0.0001159145   0.0000671208   0.0000519277   0.0001164516  -0.0000111551
       -0.0002220504   0.0000450605   0.0007672553  -0.0004074082   0.0008282215
       -0.0007819794   0.0001711994  -0.0000459774  -0.0000129980   0.0002094863
        0.0002650282  -0.0000156014   0.0879833937  -0.0910615574   0.0105041751
       -0.0030851333   0.0015183399   0.0035009848   0.0002128431   0.0004320634
       -0.0003131350   0.0004857895  -0.0002185480  -0.0005470255  -0.0000199712
        0.0003255381   0.0000656648   0.0002531619  -0.0003232887   0.0005521629
       -0.0005447307   0.0007089788  -0.0026465270
        0.0005159477   0.0001063866  -0.0000807796   0.0011394135   0.0010920849
       -0.0003294696   0.0001547845   0.0006979270  -0.0000075239  -0.0063504983
       -0.0234778663  -0.0015652087   0.0848346740  -0.2349156046   0.0253123095
        0.0051562821  -0.0068393639  -0.0013680980   0.0042881065  -0.0055372351
        0.0032939918   0.0000708950  -0.0000333830  -0.0000542522   0.0001779989
        0.0000257118  -0.0000031149   0.0000651371   0.0001157153  -0.0000158128
       -0.0006010577   0.0003645211   0.0007962225  -0.0002967658   0.0005043468
       -0.0001991390   0.0000514316  -0.0000845657   0.0000850051  -0.0001047513
        0.0000008800  -0.0001088203  -0.0910615574   0.2662115683  -0.0259746175
        0.0017629340   0.0002703040  -0.0014923435  -0.0001859054   0.0004599036
        0.0003197436  -0.0003258134   0.0000991934  -0.0000513584   0.0000316045
        0.0003748578  -0.0002089562  -0.0003014296   0.0001638099  -0.0000961359
        0.0009785695   0.0004008082   0.0017483579
        0.0000319171  -0.0001085619  -0.0001629616   0.0003794674   0.0006650366
        0.0005479655  -0.0002387160  -0.0004280165   0.0002367850   0.0001097594
       -0.0037122851   0.0009291356  -0.0097526413   0.0224733292  -0.0417441899
        0.0101869847  -0.0191953066  -0.0003686519  -0.0122708256   0.0255585265
       -0.0075763425  -0.0000075323   0.0000299366  -0.0000631230  -0.0000307750
       -0.0000835152  -0.0000136493   0.0000344669   0.0000214680  -0.0000113898
        0.0004654696   0.0002702892  -0.0005547863  -0.0003495672   0.0003320073
        0.0001081533  -0.0000704241  -0.0000643468  -0.0001446621   0.0002466136
        0.0001301989  -0.0001028018   0.0105041751  -0.0259746175   0.0554020438
        0.0037858137  -0.0013829402  -0.0027878208  -0.0004688472  -0.0000231043
        0.0004194479   0.0001251225  -0.0005857885   0.0003421074   0.0002262796
        0.0002072317   0.0005913227   0.0000166361   0.0003816364   0.0005623545
       -0.0029233770   0.0014888222  -0.0056089367
        0.0000816149  -0.0000979304  -0.0000701282   0.0001513377  -0.0004641107
       -0.0002534378   0.0001058719  -0.0001825305  -0.0000394861  -0.0004978214
        0.0014160524   0.0003531856  -0.0106484736   0.0220492359   0.0011201360
       -0.0689590796   0.0737328937  -0.0080403757   0.0006604204  -0.0004245184
       -0.0008579690   0.0000032308  -0.0000324378   0.0000606709  -0.0000631128
       -0.0000350307  -0.0000369267   0.0000506401   0.0000205017  -0.0000210213
        0.0002335213  -0.0001000785  -0.0001584891   0.0000892600  -0.0000149721
        0.0000308829  -0.0000292020  -0.0000082756  -0.0000543277   0.0000463308
       -0.0000634218   0.0000453115  -0.0030851333   0.0017629340   0.0037858137
        0.0799860492  -0.0886203635   0.0062863512   0.0069571895  -0.0235525511
        0.0019462711  -0.0052074528   0.0148435935  -0.0040402665  -0.0001134952
       -0.0001074496  -0.0000065986   0.0000050181  -0.0000378022  -0.0002283190
        0.0002332858  -0.0000837382   0.0001787227
       -0.0001571747   0.0000387355   0.0000863279  -0.0004023298   0.0002858505
        0.0002686695  -0.0000880650   0.0001160987  -0.0000137702   0.0013664345
        0.0002476529  -0.0001926176   0.0059014808  -0.0083575587  -0.0022213173
        0.0737382525  -0.2561660621   0.0199368089  -0.0007680775   0.0006989157
        0.0004627645  -0.0000144587   0.0000578450  -0.0000697634   0.0000560137
        0.0000440107   0.0000478197  -0.0000014681  -0.0000202513   0.0000042641
       -0.0001304775  -0.0000256645   0.0000673850  -0.0000738309   0.0000095212
       -0.0000254104   0.0000328975   0.0000246657   0.0000498351  -0.0000059732
        0.0000037098  -0.0000181195   0.0015183399   0.0002703040  -0.0013829402
       -0.0886203635   0.2950461029  -0.0223595423   0.0045155996  -0.0253660680
        0.0024144957   0.0032851040  -0.0069877037   0.0031821755  -0.0000081608
       -0.0003085299  -0.0000574472  -0.0001776481   0.0000640848   0.0002265163
        0.0000339054   0.0003243408  -0.0004061343
        0.0000177999   0.0000653285   0.0000362661  -0.0000058854   0.0000126113
        0.0000011064   0.0000465288   0.0000637483   0.0000488889  -0.0003582687
       -0.0001320048  -0.0000411215   0.0087244939  -0.0206964789   0.0005681905
       -0.0078995881   0.0201944347  -0.0457904946   0.0005222690  -0.0009775277
        0.0008892000   0.0000033304  -0.0000108757   0.0000047857  -0.0000001558
        0.0000016997  -0.0000062600  -0.0000262412  -0.0000051812   0.0000102637
       -0.0000442742  -0.0000232711   0.0000556616  -0.0000240689  -0.0000126881
       -0.0000837341   0.0000115059   0.0000146778  -0.0000081690  -0.0000294360
        0.0000082007   0.0000023133   0.0035009848  -0.0014923435  -0.0027878208
        0.0062863512  -0.0223595423   0.0517663356   0.0006676687  -0.0038232627
        0.0010752907  -0.0112848752   0.0287367091  -0.0053152431  -0.0000526048
       -0.0000376191  -0.0000771492  -0.0001401472   0.0001598975   0.0001606824
        0.0000846131   0.0003134874  -0.0005089926
       -0.0004078619   0.0002779139   0.0002116254  -0.0004136573  -0.0010665129
       -0.0000462740  -0.0000480102   0.0000374769   0.0000286263  -0.0038566557
        0.0007651783   0.0026179990  -0.0208745254  -0.0131749232   0.0022905251
       -0.1804982289  -0.1167438943  -0.0211545028   0.0008820001   0.0001277492
       -0.0008612524   0.0000427931   0.0000166018  -0.0000239000   0.0000511586
        0.0000180034  -0.0000156822  -0.0001419817  -0.0000259168   0.0000682682
        0.0000461899  -0.0000676304  -0.0000290616  -0.0000285508  -0.0000768021
       -0.0000080555   0.0000720984  -0.0000102238   0.0000196302  -0.0000121912
        0.0000130233   0.0000185686   0.0002128431  -0.0001859054  -0.0004688472
        0.0069571895   0.0045155996   0.0006676687   0.2108959819   0.1359244703
        0.0217523472  -0.0131254849  -0.0105245789  -0.0052096195   0.0002786739
        0.0001467906   0.0003859829   0.0000794279   0.0000597460  -0.0002889570
       -0.0001112081  -0.0000261654   0.0000449105
       -0.0000150672   0.0000610872   0.0000269884   0.0001731772  -0.0000429793
       -0.0000436989  -0.0000451338   0.0000756044   0.0000192522   0.0006590094
        0.0006894651  -0.0002359661   0.0010887813   0.0027052677   0.0010660153
       -0.1161482021  -0.1405774052  -0.0165137727   0.0003969196   0.0002861908
       -0.0001390858   0.0000115662  -0.0000172140   0.0000078284   0.0000019386
       -0.0000085213  -0.0000107552  -0.0000323678  -0.0000084800   0.0000120830
       -0.0000641384   0.0000493369   0.0000506711  -0.0000313481  -0.0000189766
       -0.0000007061   0.0000108611  -0.0000084089  -0.0000064728  -0.0000282438
        0.0000328967  -0.0000095879   0.0004320634   0.0004599036  -0.0000231043
       -0.0235525511  -0.0253660680  -0.0038232627   0.1359244703   0.1599852175
        0.0199303912   0.0011422728   0.0017489501  -0.0004294208   0.0000516713
        0.0003286325   0.0001872201   0.0001523890  -0.0000476544  -0.0000829812
       -0.0001280681  -0.0003268449   0.0000183649
        0.0002707852  -0.0001469158  -0.0001228925   0.0006139224   0.0006591994
        0.0000656687  -0.0000015156  -0.0000229634   0.0000278402   0.0028447981
       -0.0005103403  -0.0015699843   0.0171097490   0.0121747602  -0.0000487457
       -0.0207080377  -0.0162476822  -0.0448926477   0.0006184117   0.0002898323
        0.0003641671  -0.0000123093  -0.0000066294   0.0000076528  -0.0000283704
       -0.0000191814  -0.0000078013   0.0000658494   0.0000253320  -0.0000388406
       -0.0000924082   0.0000892273   0.0000650631  -0.0000074833   0.0000199247
       -0.0000254583  -0.0000099069   0.0000113800  -0.0000362804  -0.0000077034
        0.0000191442  -0.0000139291  -0.0003131350   0.0003197436   0.0004194479
        0.0019462711   0.0024144957   0.0010752907   0.0217523472   0.0199303912
        0.0512355892  -0.0239092839  -0.0187669944  -0.0057794778   0.0000488512
       -0.0002438197  -0.0007594496  -0.0001646831  -0.0000584569   0.0001072154
       -0.0000161487   0.0000695529  -0.0000724279
       -0.0000543760  -0.0000382195  -0.0000102980  -0.0001492264   0.0000508268
        0.0001088529  -0.0000163714  -0.0000188219  -0.0000453120   0.0006910288
        0.0003707594   0.0004929982   0.0068436702  -0.0024551582   0.0191311149
       -0.0845367536   0.0120571978  -0.0919065045  -0.0020392954   0.0005685302
        0.0028126966  -0.0000058110   0.0000184799  -0.0000073234   0.0000038078
        0.0000072415   0.0000117599   0.0000420358   0.0000006275  -0.0000178356
        0.0001037331  -0.0000424989  -0.0000589969  -0.0000010342   0.0001015523
        0.0000671614  -0.0000506791  -0.0000223386   0.0000053249   0.0000708078
       -0.0000273045  -0.0000264926   0.0004857895  -0.0003258134   0.0001251225
       -0.0052074528   0.0032851040  -0.0112848752  -0.0131254849   0.0011422728
       -0.0239092839   0.0967300963  -0.0146736936   0.1032170132  -0.0000691010
        0.0001168136   0.0001025855   0.0003814739  -0.0000282113   0.0011528395
       -0.0000968573  -0.0000873461   0.0000394525
        0.0000332548  -0.0000051241   0.0000073820  -0.0000703561  -0.0001388609
       -0.0001191229   0.0001147458   0.0000211767  -0.0000080091  -0.0002158289
        0.0003787528   0.0004981064  -0.0020728164   0.0006094132  -0.0048137167
        0.0120397821  -0.0478200707   0.0260520580   0.0006555088   0.0005342171
       -0.0008154260  -0.0000079520  -0.0000348837   0.0000303006  -0.0000199919
       -0.0000088173  -0.0000035416   0.0000108575  -0.0000012669  -0.0000063771
        0.0000854166  -0.0000672981  -0.0000356634   0.0000348791  -0.0000506214
       -0.0000481256  -0.0000203154   0.0000084133  -0.0000022134  -0.0000120185
       -0.0000452866   0.0000306034  -0.0002185480   0.0000991934  -0.0005857885
        0.0148435935  -0.0069877037   0.0287367091  -0.0105245789   0.0017489501
       -0.0187669944  -0.0146736936   0.0514825828  -0.0298651363   0.0000368060
       -0.0000260048   0.0000878686  -0.0000458238   0.0002682853  -0.0002361086
        0.0000270795   0.0000349534  -0.0001368046
       -0.0002303377  -0.0000113932   0.0001775031  -0.0003171513   0.0001347760
        0.0002344263  -0.0001111216   0.0001220365   0.0001190955   0.0007346815
        0.0000136026   0.0000814934  -0.0064043965   0.0021556368  -0.0250341381
       -0.0910503263   0.0259643182  -0.2387817912   0.0040741148  -0.0012501309
       -0.0036918546  -0.0000169767   0.0000740306  -0.0001380004   0.0000654213
        0.0000457435   0.0000699108  -0.0000289422  -0.0000170194  -0.0000041667
       -0.0002131548   0.0000653106  -0.0000211150   0.0001030005  -0.0000989993
       -0.0000520411   0.0000229247   0.0000124439   0.0000414098  -0.0000588930
        0.0000156763  -0.0000117029  -0.0005470255  -0.0000513584   0.0003421074
       -0.0040402665   0.0031821755  -0.0053152431  -0.0052096195  -0.0004294208
       -0.0057794778   0.1032170132  -0.0298651363   0.2789372765   0.0002067360
        0.0001401230   0.0002099460  -0.0003300207   0.0000730156  -0.0016750348
        0.0001343402  -0.0002754307   0.0002913969
       -0.0000049795   0.0000641987   0.0000114720   0.0003721007  -0.0004264754
       -0.0003809178  -0.0000748727   0.0000127717  -0.0000184749  -0.0026738652
       -0.0005034985  -0.0027759667  -0.0111306655  -0.0079779011  -0.0060653616
        0.0007388469   0.0002659523   0.0009694974  -0.1745107788  -0.1156061558
       -0.0235603289   0.0000739370   0.0000494707  -0.0000294256   0.0000486099
        0.0000230854  -0.0000135582  -0.0000114572   0.0000226756   0.0000197099
        0.0002011236  -0.0001268113   0.0002301072  -0.0000031815  -0.0000309765
       -0.0000425177   0.0000490254   0.0000042354   0.0000131699  -0.0000218161
        0.0000160592   0.0000225929  -0.0000199712   0.0000316045   0.0002262796
       -0.0001134952  -0.0000081608  -0.0000526048   0.0002786739   0.0000516713
        0.0000488512  -0.0000691010   0.0000368060   0.0002067360   0.2021967138
        0.1356914919   0.0298691938  -0.0225401728  -0.0169217460  -0.0000812019
        0.0072153252   0.0053317028   0.0014027482
        0.0000275803   0.0000613653   0.0000090389   0.0001036966   0.0000099503
        0.0000173534  -0.0000392718   0.0000774030   0.0000418924  -0.0000306521
        0.0006318933  -0.0003320829   0.0000846623   0.0015005684  -0.0012084725
        0.0002457928   0.0002657258   0.0002630308  -0.1151792589  -0.1445177540
       -0.0213338324   0.0000366842  -0.0000063146  -0.0000047221   0.0000036673
       -0.0000088798  -0.0000156064  -0.0000205969   0.0000055812   0.0000112885
       -0.0001676608  -0.0000444484  -0.0000755512  -0.0000190980  -0.0000137612
       -0.0000107138   0.0000083322  -0.0000128548  -0.0000067373  -0.0000249610
        0.0000261571   0.0000030939   0.0003255381   0.0003748578   0.0002072317
       -0.0001074496  -0.0003085299  -0.0000376191   0.0001467906   0.0003286325
       -0.0002438197   0.0001168136  -0.0000260048   0.0001401230   0.1356914919
        0.1645873728   0.0252029593   0.0017785042   0.0024858704   0.0008498443
       -0.0229806051  -0.0254168305  -0.0034766989
       -0.0000450382   0.0000669262   0.0000607698   0.0000559330  -0.0000283866
        0.0000397486  -0.0000421177   0.0000417699   0.0001120518  -0.0039745631
       -0.0017347252  -0.0044074180  -0.0210096766  -0.0162645019  -0.0081321784
       -0.0004749798  -0.0002126195   0.0005685499  -0.0244101486  -0.0219985067
       -0.0458287864   0.0000024268  -0.0000218638  -0.0000543053   0.0000787208
        0.0000078092   0.0000081964   0.0000041465   0.0000360781   0.0000100932
       -0.0002118345   0.0001830025  -0.0000501997   0.0000176427  -0.0000153318
       -0.0000259805   0.0000566280  -0.0000322546   0.0000265002   0.0000022691
        0.0000030111   0.0000206383   0.0000656648  -0.0002089562   0.0005913227
       -0.0000065986  -0.0000574472  -0.0000771492   0.0003859829   0.0001872201
       -0.0007594496   0.0001025855   0.0000878686   0.0002099460   0.0298691938
        0.0252029593   0.0542647548   0.0178125411   0.0138145798   0.0022479659
        0.0017212221   0.0009433686   0.0011749295
       -0.0000572984   0.0000114413   0.0000856900  -0.0004129066  -0.0005501535
       -0.0011259125   0.0000492712   0.0001326118   0.0000446650   0.0006419798
        0.0005470896  -0.0000158850   0.0071881690  -0.0017396710  -0.0061719745
        0.0001179351  -0.0000605892  -0.0014535245  -0.1637020786   0.0265043654
        0.1166119592  -0.0000099132  -0.0000999217   0.0000431653   0.0000905747
        0.0000661150   0.0000419287  -0.0000247563   0.0000291456   0.0000157965
       -0.0004037415   0.0004796761   0.0000051296  -0.0000014744  -0.0000275222
        0.0000383320   0.0000465217  -0.0000401059   0.0001207090   0.0000002404
       -0.0000064513   0.0000236246   0.0002531619  -0.0003014296   0.0000166361
        0.0000050181  -0.0001776481  -0.0001401472   0.0000794279   0.0001523890
       -0.0001646831   0.0003814739  -0.0000458238  -0.0003300207  -0.0225401728
        0.0017785042   0.0178125411   0.1889238260  -0.0313330539  -0.1346175542
       -0.0106252580   0.0046810323   0.0091595247
       -0.0000759754  -0.0000106223  -0.0001088413  -0.0000693893   0.0004564893
        0.0002617409   0.0000318754  -0.0000350159   0.0000145021   0.0004551876
       -0.0003517900  -0.0004112957  -0.0028364211   0.0006522647   0.0018602888
        0.0001569827   0.0007040316   0.0004978812   0.0264539427  -0.0501437578
       -0.0253036825  -0.0001166092  -0.0001219316   0.0000203011  -0.0000138824
       -0.0000646678   0.0000377349   0.0000546434  -0.0000143782  -0.0000019203
        0.0000934943   0.0003346606  -0.0000398625  -0.0000129326  -0.0000215163
        0.0000644248  -0.0000308288  -0.0000233151  -0.0000348796   0.0000505484
       -0.0000325083   0.0000082352  -0.0003232887   0.0001638099   0.0003816364
       -0.0000378022   0.0000640848   0.0001598975   0.0000597460  -0.0000476544
       -0.0000584569  -0.0000282113   0.0002682853   0.0000730156  -0.0169217460
        0.0024858704   0.0138145798  -0.0313330539   0.0538872796   0.0296256573
        0.0244437203  -0.0081496186  -0.0208609567
        0.0001680009   0.0000563612   0.0001665096  -0.0001348148   0.0001529705
       -0.0001997222   0.0000210468   0.0001082044   0.0001989333   0.0007950865
       -0.0009289390   0.0000455319   0.0189168621  -0.0042095881  -0.0246844998
       -0.0027087406   0.0010034433  -0.0059765491   0.1167121721  -0.0257462110
       -0.1541144921  -0.0000333487  -0.0000423214   0.0000158195   0.0000298014
        0.0000386769  -0.0000111136   0.0000555277   0.0000096414  -0.0000288396
       -0.0011100526   0.0005011169   0.0002984779   0.0000436721   0.0000370369
       -0.0001051721   0.0000281734   0.0000041138   0.0000061788  -0.0000051852
        0.0000050656  -0.0000033388   0.0005521629  -0.0000961359   0.0005623545
       -0.0002283190   0.0002265163   0.0001606824  -0.0002889570  -0.0000829812
        0.0001072154   0.0011528395  -0.0002361086  -0.0016750348  -0.0000812019
        0.0008498443   0.0022479659  -0.1346175542   0.0296256573   0.1818434026
        0.0007328284  -0.0012763635   0.0011456903
        0.0000164166  -0.0000814481  -0.0000774765  -0.0001539636  -0.0000040057
       -0.0000199793   0.0000591041  -0.0001332226  -0.0000594488  -0.0000218034
        0.0008556132   0.0006726133  -0.0059452982   0.0126736115  -0.0047395090
        0.0006258090  -0.0007050418   0.0007670326  -0.0728038555   0.0770673620
       -0.0064104558  -0.0000487370  -0.0000052493   0.0000299464  -0.0000291501
       -0.0000308373  -0.0000134995   0.0000722417  -0.0000016975  -0.0000150486
        0.0001730036   0.0000103622  -0.0000826888   0.0000463206  -0.0000018666
        0.0000477386  -0.0000573191  -0.0000238611  -0.0000580570   0.0000484400
       -0.0000504358   0.0000299067  -0.0005447307   0.0009785695  -0.0029233770
        0.0002332858   0.0000339054   0.0000846131  -0.0001112081  -0.0001280681
       -0.0000161487  -0.0000968573   0.0000270795   0.0001343402   0.0072153252
       -0.0229806051   0.0017212221  -0.0106252580   0.0244437203   0.0007328284
        0.0819482344  -0.0919438844   0.0101954476
       -0.0001318916   0.0000331272   0.0000572841  -0.0002776155   0.0000137694
        0.0000057862  -0.0000738564   0.0001124287  -0.0000285109   0.0007221941
        0.0007964682  -0.0003274611   0.0040999016  -0.0068418959   0.0044120074
       -0.0005380826   0.0007609012  -0.0007138510   0.0775570194  -0.2536364005
        0.0204341355   0.0000102027   0.0000366311  -0.0000226337   0.0000463487
        0.0000434184   0.0000308998  -0.0000131330  -0.0000164545   0.0000027404
        0.0000348643  -0.0001050401   0.0001089646  -0.0000661945  -0.0000188540
       -0.0000450784   0.0000643365   0.0000345939   0.0000680911  -0.0000146735
       -0.0000032713  -0.0000095858   0.0007089788   0.0004008082   0.0014888222
       -0.0000837382   0.0003243408   0.0003134874  -0.0000261654  -0.0003268449
        0.0000695529  -0.0000873461   0.0000349534  -0.0002754307   0.0053317028
       -0.0254168305   0.0009433686   0.0046810323  -0.0081496186  -0.0012763635
       -0.0919438844   0.2919237697  -0.0252362250
        0.0000981735  -0.0000397035   0.0000214212   0.0001098307  -0.0003226159
       -0.0001476494  -0.0000005429  -0.0000839592   0.0000226028   0.0002276100
        0.0006512059   0.0008848966  -0.0114989492   0.0273960057  -0.0064526059
       -0.0005799207   0.0007732551   0.0009717549  -0.0068778285   0.0200508417
       -0.0449731777   0.0000207617  -0.0000051386   0.0000122751  -0.0000200048
        0.0000120270  -0.0000094797   0.0000251952   0.0000209115  -0.0000238629
        0.0000180815  -0.0000509278  -0.0001245643   0.0000971174  -0.0000131423
        0.0000147141  -0.0000066926   0.0000038781  -0.0000006044   0.0000128894
       -0.0000425411   0.0000198440  -0.0026465270   0.0017483579  -0.0056089367
        0.0001787227  -0.0004061343  -0.0005089926   0.0000449105   0.0000183649
       -0.0000724279   0.0000394525  -0.0001368046   0.0002913969   0.0014027482
       -0.0034766989   0.0011749295   0.0091595247  -0.0208609567   0.0011456903
        0.0101954476  -0.0252362250   0.0533627760
