           1           2   1.01549138946208     
           2           3   1.01796225505889     
           2           4  0.958821824187522     
           4           5  0.958816903818016     
           5           6   1.01549599508367     
           5           7   1.01796148898924     
           1           8  0.985574560921919     
           1           9  0.985021464191505     
           1          10  0.979101257511131     
           2          11  0.965867361741219     
           3          12  0.983692268709120     
           3          13  0.985480468005817     
           3          14  0.978426855466026     
           5          15  0.965851303370875     
           6          16  0.985023998435571     
           6          17  0.979102553361936     
           6          18  0.985574273774019     
           7          19  0.978429435000698     
           7          20  0.983707162899661     
           7          21  0.985481114323987     
