           1           2   1.02113695230310     
           2           3  0.989756972600517     
           3           4  0.978557670616230     
           4           5   1.69131859572795     
           4           6   1.16888062977643     
           5           6  0.170632225992738     
           6           7  0.918556481215096     
           7           8   1.01969663027598     
           1           9  0.987635443426876     
           1          10  0.986227623444984     
           1          11  0.985978013453591     
           2          12  0.975600474654778     
           2          13  0.977001021118595     
           3          14  0.971152465663849     
           3          15  0.945055551171069     
           7          16  0.968843862796119     
           7          17  0.969241310105422     
           8          18  0.983458960883064     
           8          19  0.980138004064337     
           8          20  0.983686572888877     
