$hessian                                                                        
        0.4946408797  -0.0290380999  -0.0159228160  -0.1262765222  -0.0613422324
       -0.0336755421  -0.0282101632  -0.0163775205  -0.0072926989  -0.0039280744
        0.0011376047   0.0013165885  -0.0019283950  -0.0002985588   0.0000701966
       -0.0521997272   0.0432555692  -0.0153057599  -0.2402128914   0.0650222170
        0.0699496719  -0.0433724638   0.0012315343   0.0036978034  -0.0018391682
       -0.0023450148  -0.0030240699   0.0020521585   0.0000246017   0.0010791462
        0.0007788478  -0.0009293962  -0.0002110848   0.0008237225  -0.0003999939
       -0.0007818184  -0.0001396433  -0.0000189190   0.0001363783  -0.0001885599
        0.0000782086  -0.0000359951
       -0.0290380999   0.4969251977  -0.0133925204  -0.0601421881  -0.1240095162
       -0.0299516345   0.0008971880   0.0029973696   0.0017444917   0.0002244481
       -0.0000249845  -0.0002092995   0.0008651261   0.0001427693  -0.0001059737
        0.0434801554  -0.2453086243   0.0765742211   0.0645689806  -0.0633994464
       -0.0213814494   0.0010595006  -0.0441995042  -0.0016897665  -0.0028314146
       -0.0014541434  -0.0028256385  -0.0206579100  -0.0233974746  -0.0090359436
        0.0009972692   0.0011790110  -0.0000113752   0.0004521802   0.0002783014
        0.0001834037   0.0000027547   0.0000335182   0.0000927706   0.0001220097
        0.0002375264   0.0000087142
       -0.0159228160  -0.0133925204   0.5154883613  -0.0328611038  -0.0297852614
       -0.0836058871   0.0043654810   0.0040273625   0.0023806096   0.0007183598
       -0.0003219185  -0.0000730030   0.0008544101   0.0000481270   0.0000492787
       -0.0155134021   0.0762268703  -0.0735092702   0.0696360348  -0.0214391780
       -0.0681815492   0.0039411337  -0.0013358094  -0.2834505932  -0.0219125411
       -0.0205953250  -0.0142451583   0.0056719220   0.0059248573   0.0038217527
       -0.0000418039  -0.0000036750   0.0001549994   0.0009254001   0.0005424905
        0.0010171096   0.0001746836   0.0001081251   0.0001468589  -0.0000357583
       -0.0000041449   0.0000064909
       -0.1262765222  -0.0601421881  -0.0328611038   0.4480242567  -0.0096094493
        0.0054101607  -0.1608637093   0.0392638689   0.0387134835  -0.0301854602
       -0.0021139271   0.0026371440  -0.0007498166  -0.0012665921  -0.0007117383
        0.0022486957  -0.0001403738   0.0016346207  -0.0239164299  -0.0181587555
       -0.0090450787  -0.0018607263  -0.0019110785  -0.0034309125  -0.0414805757
        0.0015845990   0.0059163560  -0.0506933410   0.0434705192  -0.0158930813
       -0.0109059053   0.0064561662   0.0023467439  -0.0054413610   0.0016744193
        0.0048944020   0.0009800150   0.0004441472   0.0002041158   0.0011208801
        0.0004486445   0.0001848879
       -0.0613422324  -0.1240095162  -0.0297852614  -0.0096094493   0.5074558516
       -0.0193130232   0.0349563202  -0.0758312679  -0.0095652977  -0.0112257455
        0.0028861700   0.0031446626  -0.0060409663  -0.0001374857   0.0004707611
       -0.0202390534  -0.0241461592  -0.0090501922   0.0035496937   0.0040749249
        0.0020388009  -0.0020010974  -0.0015095169  -0.0034882833   0.0020738183
       -0.0454555587   0.0001763378   0.0441016678  -0.2335584222   0.0736379948
        0.0263440344  -0.0110606956  -0.0073644286   0.0010385228   0.0004736852
       -0.0013099527  -0.0004148086   0.0002737767   0.0003914679  -0.0011907042
        0.0005442139   0.0000164140
       -0.0336755421  -0.0299516345  -0.0836058871   0.0054101607  -0.0193130232
        0.5241886958   0.0358154959  -0.0101391336  -0.0800859754  -0.0035149334
        0.0019348393   0.0021997925  -0.0039263895  -0.0001670932   0.0007745502
        0.0064607974   0.0056773717   0.0037897140   0.0056236799   0.0049257013
        0.0029351775  -0.0218960718  -0.0208936764  -0.0147393363   0.0062624675
        0.0009542667  -0.2718075666  -0.0154831805   0.0730052107  -0.0744621245
       -0.0081148074   0.0027832161   0.0035359160   0.0283319152  -0.0089026661
       -0.0134596367  -0.0011591375  -0.0000781590   0.0005741787  -0.0001344543
        0.0001647804   0.0001625019
       -0.0282101632   0.0008971880   0.0043654810  -0.1608637093   0.0349563202
        0.0358154959   0.4354684025  -0.0122427910   0.0053903058  -0.1090504442
       -0.0629505381  -0.0370748909  -0.0274170575  -0.0068013219  -0.0008357167
        0.0010470787   0.0009564622   0.0001826878  -0.0033967317  -0.0028751758
       -0.0014134113   0.0009209138   0.0006410400   0.0007393918  -0.0054185701
        0.0014629678   0.0046104493  -0.0109298019   0.0061702666   0.0022778084
       -0.0501286279   0.0419261043  -0.0164769264  -0.0409429675   0.0005228804
        0.0043296685  -0.0024280158  -0.0021160613  -0.0036142870   0.0013496942
       -0.0005473413   0.0017039438
       -0.0163775205   0.0029973696   0.0040273625   0.0392638689  -0.0758312679
       -0.0101391336  -0.0122427910   0.5128951665  -0.0156909705  -0.0613437057
       -0.1266063813  -0.0310643683   0.0045052486   0.0032692013   0.0009821690
       -0.0012667511   0.0009525952   0.0000566292  -0.0039658283  -0.0017974538
       -0.0010696823  -0.0001890927   0.0003582660   0.0005030413   0.0008500771
        0.0002176013  -0.0011226382   0.0265792450  -0.0112853219  -0.0078075806
        0.0436637546  -0.2353677918   0.0735552059   0.0011661248  -0.0462181528
       -0.0003982964  -0.0020831289  -0.0007909711  -0.0027857424  -0.0185595009
       -0.0227928592  -0.0090459954
       -0.0072926989   0.0017444917   0.0023806096   0.0387134835  -0.0095652977
       -0.0800859754   0.0053903058  -0.0156909705   0.5272727249  -0.0360094823
       -0.0308461355  -0.0845150772   0.0068171955   0.0024789254   0.0016833626
        0.0001353109   0.0001089894   0.0001488076  -0.0021442073  -0.0012146398
        0.0000278294  -0.0012724533   0.0000515111   0.0008757482   0.0287238998
       -0.0092740185  -0.0136002024  -0.0084693523   0.0029547760   0.0034366611
       -0.0163817117   0.0731381495  -0.0747915422   0.0058324276   0.0003348831
       -0.2731271073  -0.0198295071  -0.0204066347  -0.0139666468   0.0057867897
        0.0061859705   0.0042608080
       -0.0039280744   0.0002244481   0.0007183598  -0.0301854602  -0.0112257455
       -0.0035149334  -0.1090504442  -0.0613437057  -0.0360094823   0.2841901068
        0.0258811749   0.0476115162  -0.0653614913   0.0176240558   0.0181537031
       -0.0001266023   0.0003392609  -0.0000750067  -0.0006717101  -0.0005286399
       -0.0002523419  -0.0000632067   0.0000486143   0.0003635841   0.0003036295
       -0.0005648089  -0.0008171660   0.0002025162  -0.0010144103  -0.0002556206
        0.0008710192   0.0003790580   0.0017136749  -0.0031794650  -0.0019045027
       -0.0028267780  -0.0329642908  -0.0021995659  -0.0079167975  -0.0400365269
        0.0342847668  -0.0168927115
        0.0011376047  -0.0000249845  -0.0003219185  -0.0021139271   0.0028861700
        0.0019348393  -0.0629505381  -0.1266063813  -0.0308461355   0.0258811749
        0.4652485527  -0.0349850339   0.0207809216  -0.0231003807  -0.0061046201
       -0.0000091854   0.0002420696  -0.0000547003   0.0003815848   0.0003446194
        0.0000551158  -0.0000219800   0.0000096294   0.0001909273   0.0005284018
        0.0002553955   0.0001471127   0.0014371113   0.0007663543  -0.0000316847
       -0.0212327401  -0.0246045383  -0.0091837692  -0.0029042394  -0.0015114992
       -0.0031829123  -0.0007399359  -0.0426142857   0.0013060904   0.0398257468
       -0.2512907213   0.0810766889
        0.0013165885  -0.0002092995  -0.0000730030   0.0026371440   0.0031446626
        0.0021997925  -0.0370748909  -0.0310643683  -0.0845150772   0.0476115162
       -0.0349850339   0.4821197056   0.0202769989  -0.0056887859  -0.0246602892
       -0.0000323560   0.0000495071  -0.0000292172   0.0003706440   0.0001761039
        0.0002584233   0.0000459557   0.0000338765   0.0001333596   0.0013767911
        0.0004457026   0.0005424198  -0.0000596720   0.0001424413   0.0001409166
        0.0060700481   0.0060142959   0.0039002417  -0.0224467916  -0.0213721143
       -0.0151489169  -0.0020871767  -0.0004367207  -0.2903026831  -0.0180047994
        0.0837497327  -0.0745656725
       -0.0019283950   0.0008651261   0.0008544101  -0.0007498166  -0.0060409663
       -0.0039263895  -0.0274170575   0.0045052486   0.0068171955  -0.0653614913
        0.0207809216   0.0202769989   0.1253077246  -0.0298606896  -0.0349873890
        0.0000499711  -0.0001634188   0.0001044188  -0.0006119583  -0.0004758721
       -0.0002283854   0.0000115865   0.0000475289  -0.0001853360   0.0002522376
        0.0001947904   0.0003545577   0.0002186308   0.0004101856   0.0000146637
        0.0003251051  -0.0007640132   0.0000608503   0.0001044159  -0.0001414039
       -0.0007574261  -0.0136587922   0.0048102306   0.0055180579  -0.0165421607
        0.0058323321   0.0060837731
       -0.0002985588   0.0001427693   0.0000481270  -0.0012665921  -0.0001374857
       -0.0001670932  -0.0068013219   0.0032692013   0.0024789254   0.0176240558
       -0.0231003807  -0.0056887859  -0.0298606896   0.0230256884   0.0106258442
        0.0000440118   0.0000632638  -0.0000080842  -0.0001115717  -0.0000523862
       -0.0000183154   0.0000247168  -0.0000051433   0.0000335334  -0.0000657635
       -0.0000979110  -0.0000291412  -0.0002093658   0.0000126074  -0.0000625952
       -0.0007293168   0.0006643061   0.0001633875  -0.0000866047   0.0001899848
        0.0004899801   0.0037193502  -0.0002668423  -0.0012297298   0.0180176505
       -0.0037076720  -0.0066360527
        0.0000701966  -0.0001059737   0.0000492787  -0.0007117383   0.0004707611
        0.0007745502  -0.0008357167   0.0009821690   0.0016833626   0.0181537031
       -0.0061046201  -0.0246602892  -0.0349873890   0.0106258442   0.0249373158
       -0.0000068919   0.0000349733  -0.0000322973   0.0000092611   0.0000319841
        0.0000091179   0.0000456640   0.0000170922   0.0000732233  -0.0002156678
       -0.0000707058   0.0000347557  -0.0000128539  -0.0001434101  -0.0000479452
        0.0000989978   0.0003886360  -0.0000564318  -0.0006996941   0.0002762771
        0.0006579781   0.0202431273  -0.0063134401  -0.0048843532  -0.0011509985
       -0.0000895871   0.0014617343
       -0.0521997272   0.0434801554  -0.0155134021   0.0022486957  -0.0202390534
        0.0064607974   0.0010470787  -0.0012667511   0.0001353109  -0.0001266023
       -0.0000091854  -0.0000323560   0.0000499711   0.0000440118  -0.0000068919
        0.0597497279  -0.0477357509   0.0194431569  -0.0089134422   0.0291107358
       -0.0097891808   0.0007039827  -0.0001887466   0.0002094186   0.0004888604
        0.0002730971   0.0005071949  -0.0025439434  -0.0037734943  -0.0012646572
       -0.0005374119   0.0001061628  -0.0001897934  -0.0000532426   0.0000576103
        0.0000235453   0.0000561851   0.0000033098   0.0000346207   0.0000298680
        0.0001378986  -0.0000177631
        0.0432555692  -0.2453086243   0.0762268703  -0.0001403738  -0.0241461592
        0.0056773717   0.0009564622   0.0009525952   0.0001089894   0.0003392609
        0.0002420696   0.0000495071  -0.0001634188   0.0000632638   0.0000349733
       -0.0477357509   0.2863202077  -0.0877768682   0.0059900020  -0.0126107871
        0.0041490000   0.0011708986  -0.0025320830   0.0034545242   0.0005533971
        0.0003902445   0.0001656116  -0.0037447711  -0.0035515513  -0.0020091297
       -0.0006735599   0.0002863816  -0.0001229439  -0.0000093484  -0.0001820113
        0.0000882002   0.0000411625  -0.0000279204  -0.0000058295   0.0001604706
        0.0001043741  -0.0000402765
       -0.0153057599   0.0765742211  -0.0735092702   0.0016346207  -0.0090501922
        0.0037897140   0.0001826878   0.0000566292   0.0001488076  -0.0000750067
       -0.0000547003  -0.0000292172   0.0001044188  -0.0000080842  -0.0000322973
        0.0194431569  -0.0877768682   0.0814940573   0.0026603086  -0.0089266863
        0.0037019132  -0.0073575754   0.0317052253  -0.0162976478   0.0001727466
       -0.0007361979   0.0004983585  -0.0015672095  -0.0019087109   0.0003036445
        0.0001854509   0.0000091729   0.0002386729  -0.0000404022   0.0001723759
       -0.0002714324  -0.0000212008  -0.0000478444   0.0000050412  -0.0000162360
       -0.0000083398  -0.0000403444
       -0.2402128914   0.0645689806   0.0696360348  -0.0239164299   0.0035496937
        0.0056236799  -0.0033967317  -0.0039658283  -0.0021442073  -0.0006717101
        0.0003815848   0.0003706440  -0.0006119583  -0.0001115717   0.0000092611
       -0.0089134422   0.0059900020   0.0026603086   0.2795323716  -0.0725969289
       -0.0798873816  -0.0030279030   0.0017207577   0.0035808310   0.0002826732
        0.0004940738  -0.0000384005   0.0004390191   0.0001835088   0.0003980275
        0.0003321139  -0.0002489052   0.0000324074   0.0002605762  -0.0000207786
       -0.0002908790  -0.0000459253   0.0000275708   0.0000340363  -0.0000497622
        0.0000278405   0.0000156377
        0.0650222170  -0.0633994464  -0.0214391780  -0.0181587555   0.0040749249
        0.0049257013  -0.0028751758  -0.0017974538  -0.0012146398  -0.0005286399
        0.0003446194   0.0001761039  -0.0004758721  -0.0000523862   0.0000319841
        0.0291107358  -0.0126107871  -0.0089266863  -0.0725969289   0.0723316184
        0.0264478570   0.0009102355   0.0003143497  -0.0005444781   0.0001554752
        0.0003515523   0.0003572211  -0.0004346469   0.0004675315   0.0002209863
       -0.0001642174  -0.0000089445  -0.0001153256  -0.0000075738  -0.0001272792
        0.0000207430   0.0000222336   0.0000126974   0.0000547335   0.0000209133
        0.0000990036   0.0000049777
        0.0699496719  -0.0213814494  -0.0681815492  -0.0090450787   0.0020388009
        0.0029351775  -0.0014134113  -0.0010696823   0.0000278294  -0.0002523419
        0.0000551158   0.0002584233  -0.0002283854  -0.0000183154   0.0000091179
       -0.0097891808   0.0041490000   0.0037019132  -0.0798873816   0.0264478570
        0.0759492592   0.0311022862  -0.0106513723  -0.0151165529  -0.0005481772
        0.0001481260   0.0003168879   0.0002636003   0.0003035902   0.0000367159
       -0.0000052704   0.0000051699  -0.0000895377  -0.0001859759  -0.0000838449
        0.0001020627   0.0000275224   0.0000400783   0.0000618059   0.0000121224
        0.0000169262  -0.0000115532
       -0.0433724638   0.0010595006   0.0039411337  -0.0018607263  -0.0020010974
       -0.0218960718   0.0009209138  -0.0001890927  -0.0012724533  -0.0000632067
       -0.0000219800   0.0000459557   0.0000115865   0.0000247168   0.0000456640
        0.0007039827   0.0011708986  -0.0073575754  -0.0030279030   0.0009102355
        0.0311022862   0.0494757506   0.0016687854  -0.0027657797  -0.0027720758
       -0.0031617359  -0.0024281312   0.0004743624   0.0006237175   0.0001591360
       -0.0000576087   0.0000680349  -0.0000151032  -0.0005662994  -0.0002482551
        0.0003205159   0.0000749418   0.0000495148   0.0001404779   0.0000587459
        0.0000467570  -0.0000200549
        0.0012315343  -0.0441995042  -0.0013358094  -0.0019110785  -0.0015095169
       -0.0208936764   0.0006410400   0.0003582660   0.0000515111   0.0000486143
        0.0000096294   0.0000338765   0.0000475289  -0.0000051433   0.0000170922
       -0.0001887466  -0.0025320830   0.0317052253   0.0017207577   0.0003143497
       -0.0106513723   0.0016687854   0.0495241255   0.0040060677  -0.0034142432
       -0.0023212114  -0.0024646737   0.0002534754   0.0003963233  -0.0007374908
        0.0000055359  -0.0001694214   0.0001753742  -0.0001594540   0.0001710068
        0.0000909539   0.0000617321  -0.0000196010   0.0000504583  -0.0000054817
       -0.0000172194  -0.0000475366
        0.0036978034  -0.0016897665  -0.2834505932  -0.0034309125  -0.0034882833
       -0.0147393363   0.0007393918   0.0005030413   0.0008757482   0.0003635841
        0.0001909273   0.0001333596  -0.0001853360   0.0000335334   0.0000732233
        0.0002094186   0.0034545242  -0.0162976478   0.0035808310  -0.0005444781
       -0.0151165529  -0.0027657797   0.0040060677   0.3285809075  -0.0022745907
       -0.0025905170  -0.0006879209   0.0004376273   0.0001551234   0.0005075143
       -0.0000415461   0.0000694097  -0.0002906943  -0.0005182860  -0.0001217296
        0.0003774387   0.0001535121   0.0000311331   0.0000465208   0.0000342828
       -0.0000089856  -0.0000119670
       -0.0018391682  -0.0028314146  -0.0219125411  -0.0414805757   0.0020738183
        0.0062624675  -0.0054185701   0.0008500771   0.0287238998   0.0003036295
        0.0005284018   0.0013767911   0.0002522376  -0.0000657635  -0.0002156678
        0.0004888604   0.0005533971   0.0001727466   0.0002826732   0.0001554752
       -0.0005481772  -0.0027720758  -0.0034142432  -0.0022745907   0.0540483857
        0.0002430050  -0.0071175740   0.0012288269   0.0008534143  -0.0067936996
        0.0008743883  -0.0003792248   0.0001663276  -0.0053732613   0.0015654660
        0.0026262095  -0.0005924492  -0.0001284700  -0.0003733559  -0.0000029014
       -0.0000039387  -0.0000928358
       -0.0023450148  -0.0014541434  -0.0205953250   0.0015845990  -0.0454555587
        0.0009542667   0.0014629678   0.0002176013  -0.0092740185  -0.0005648089
        0.0002553955   0.0004457026   0.0001947904  -0.0000979110  -0.0000707058
        0.0002730971   0.0003902445  -0.0007361979   0.0004940738   0.0003515523
        0.0001481260  -0.0031617359  -0.0023212114  -0.0025905170   0.0002430050
        0.0509376340   0.0027413295   0.0002040329  -0.0030792140   0.0310452751
        0.0000192266   0.0001348963  -0.0007798169   0.0017587119   0.0000870719
       -0.0013533016  -0.0002220564   0.0001630719  -0.0000679535   0.0000591114
       -0.0001294292   0.0001331363
       -0.0030240699  -0.0028256385  -0.0142451583   0.0059163560   0.0001763378
       -0.2718075666   0.0046104493  -0.0011226382  -0.0136002024  -0.0008171660
        0.0001471127   0.0005424198   0.0003545577  -0.0000291412   0.0000347557
        0.0005071949   0.0001656116   0.0004983585  -0.0000384005   0.0003572211
        0.0003168879  -0.0024281312  -0.0024646737  -0.0006879209  -0.0071175740
        0.0027413295   0.3157418046  -0.0005211776   0.0039582177  -0.0168144016
       -0.0004767209  -0.0000106953   0.0004694985   0.0027038496  -0.0012850235
       -0.0006064872   0.0003888187   0.0001000111   0.0003873519  -0.0000579863
        0.0000919689  -0.0002293399
        0.0020521585  -0.0206579100   0.0056719220  -0.0506933410   0.0441016678
       -0.0154831805  -0.0109298019   0.0265792450  -0.0084693523   0.0002025162
        0.0014371113  -0.0000596720   0.0002186308  -0.0002093658  -0.0000128539
       -0.0025439434  -0.0037447711  -0.0015672095   0.0004390191  -0.0004346469
        0.0002636003   0.0004743624   0.0002534754   0.0004376273   0.0012288269
        0.0002040329  -0.0005211776   0.0648797068  -0.0492321757   0.0183715670
       -0.0056255649   0.0023059232   0.0017164144   0.0008721734  -0.0000327900
       -0.0004867718   0.0000171554  -0.0000435199  -0.0000223545  -0.0005918986
       -0.0005262761   0.0001614411
        0.0000246017  -0.0233974746   0.0059248573   0.0434705192  -0.2335584222
        0.0730052107   0.0061702666  -0.0112853219   0.0029547760  -0.0010144103
        0.0007663543   0.0001424413   0.0004101856   0.0000126074  -0.0001434101
       -0.0037734943  -0.0035515513  -0.0019087109   0.0001835088   0.0004675315
        0.0003035902   0.0006237175   0.0003963233   0.0001551234   0.0008534143
       -0.0030792140   0.0039582177  -0.0492321757   0.2737017663  -0.0834429804
        0.0024529118  -0.0007540448  -0.0010474053  -0.0003411991   0.0000876821
        0.0000064180   0.0000062594  -0.0001520036   0.0001009512   0.0001658943
        0.0003457676  -0.0000090790
        0.0010791462  -0.0090359436   0.0038217527  -0.0158930813   0.0736379948
       -0.0744621245   0.0022778084  -0.0078075806   0.0034366611  -0.0002556206
       -0.0000316847   0.0001409166   0.0000146637  -0.0000625952  -0.0000479452
       -0.0012646572  -0.0020091297   0.0003036445   0.0003980275   0.0002209863
        0.0000367159   0.0001591360  -0.0007374908   0.0005075143  -0.0067936996
        0.0310452751  -0.0168144016   0.0183715670  -0.0834429804   0.0821095455
        0.0018716947  -0.0010763895   0.0004759994   0.0002173075  -0.0007540146
        0.0005049377   0.0000116293   0.0001611818  -0.0002366751  -0.0001939214
       -0.0001076289   0.0002234588
        0.0007788478   0.0009972692  -0.0000418039  -0.0109059053   0.0263440344
       -0.0081148074  -0.0501286279   0.0436637546  -0.0163817117   0.0008710192
       -0.0212327401   0.0060700481   0.0003251051  -0.0007293168   0.0000989978
       -0.0005374119  -0.0006735599   0.0001854509   0.0003321139  -0.0001642174
       -0.0000052704  -0.0000576087   0.0000055359  -0.0000415461   0.0008743883
        0.0000192266  -0.0004767209  -0.0056255649   0.0024529118   0.0018716947
        0.0643269226  -0.0477204252   0.0185901855   0.0013165727   0.0004566131
       -0.0004185724   0.0003915130   0.0002613044   0.0004672502  -0.0019613640
       -0.0036803907  -0.0018031945
       -0.0009293962   0.0011790110  -0.0000036750   0.0064561662  -0.0110606956
        0.0027832161   0.0419261043  -0.2353677918   0.0731381495   0.0003790580
       -0.0246045383   0.0060142959  -0.0007640132   0.0006643061   0.0003886360
        0.0001061628   0.0002863816   0.0000091729  -0.0002489052  -0.0000089445
        0.0000051699   0.0000680349  -0.0001694214   0.0000694097  -0.0003792248
        0.0001348963  -0.0000106953   0.0023059232  -0.0007540448  -0.0010763895
       -0.0477204252   0.2753551578  -0.0834030112   0.0010129093  -0.0028182535
        0.0038627979   0.0007208917   0.0004082609   0.0002688222  -0.0029332857
       -0.0032443239  -0.0020458992
       -0.0002110848  -0.0000113752   0.0001549994   0.0023467439  -0.0073644286
        0.0035359160  -0.0164769264   0.0735552059  -0.0747915422   0.0017136749
       -0.0091837692   0.0039002417   0.0000608503   0.0001633875  -0.0000564318
       -0.0001897934  -0.0001229439   0.0002386729   0.0000324074  -0.0001153256
       -0.0000895377  -0.0000151032   0.0001753742  -0.0002906943   0.0001663276
       -0.0007798169   0.0004694985   0.0017164144  -0.0010474053   0.0004759994
        0.0185901855  -0.0834030112   0.0819838417  -0.0065084411   0.0306651074
       -0.0164673780   0.0001293631  -0.0007513475   0.0006810363  -0.0013546181
       -0.0017796517   0.0002553783
        0.0008237225   0.0004521802   0.0009254001  -0.0054413610   0.0010385228
        0.0283319152  -0.0409429675   0.0011661248   0.0058324276  -0.0031794650
       -0.0029042394  -0.0224467916   0.0001044159  -0.0000866047  -0.0006996941
       -0.0000532426  -0.0000093484  -0.0000404022   0.0002605762  -0.0000075738
       -0.0001859759  -0.0005662994  -0.0001594540  -0.0005182860  -0.0053732613
        0.0017587119   0.0027038496   0.0008721734  -0.0003411991   0.0002173075
        0.0013165727   0.0010129093  -0.0065084411   0.0538057283   0.0010543641
       -0.0055441678  -0.0020510142  -0.0035325187  -0.0022544273   0.0004244219
        0.0005581249   0.0001872859
       -0.0003999939   0.0002783014   0.0005424905   0.0016744193   0.0004736852
       -0.0089026661   0.0005228804  -0.0462181528   0.0003348831  -0.0019045027
       -0.0015114992  -0.0213721143  -0.0001414039   0.0001899848   0.0002762771
        0.0000576103  -0.0001820113   0.0001723759  -0.0000207786  -0.0001272792
       -0.0000838449  -0.0002482551   0.0001710068  -0.0001217296   0.0015654660
        0.0000870719  -0.0012850235  -0.0000327900   0.0000876821  -0.0007540146
        0.0004566131  -0.0028182535   0.0306651074   0.0010543641   0.0512789935
        0.0036414445  -0.0028078945  -0.0022769918  -0.0023036811   0.0002242655
        0.0005674622  -0.0008095043
       -0.0007818184   0.0001834037   0.0010171096   0.0048944020  -0.0013099527
       -0.0134596367   0.0043296685  -0.0003982964  -0.2731271073  -0.0028267780
       -0.0031829123  -0.0151489169  -0.0007574261   0.0004899801   0.0006579781
        0.0000235453   0.0000882002  -0.0002714324  -0.0002908790   0.0000207430
        0.0001020627   0.0003205159   0.0000909539   0.0003774387   0.0026262095
       -0.0013533016  -0.0006064872  -0.0004867718   0.0000064180   0.0005049377
       -0.0004185724   0.0038627979  -0.0164673780  -0.0055441678   0.0036414445
        0.3165596544  -0.0017091595  -0.0023665400  -0.0006112735   0.0006212320
        0.0002270616   0.0004730508
       -0.0001396433   0.0000027547   0.0001746836   0.0009800150  -0.0004148086
       -0.0011591375  -0.0024280158  -0.0020831289  -0.0198295071  -0.0329642908
       -0.0007399359  -0.0020871767  -0.0136587922   0.0037193502   0.0202431273
        0.0000561851   0.0000411625  -0.0000212008  -0.0000459253   0.0000222336
        0.0000275224   0.0000749418   0.0000617321   0.0001535121  -0.0005924492
       -0.0002220564   0.0003888187   0.0000171554   0.0000062594   0.0000116293
        0.0003915130   0.0007208917   0.0001293631  -0.0020510142  -0.0028078945
       -0.0017091595   0.0487726919   0.0017738152   0.0091911047   0.0015876287
       -0.0000803749  -0.0055135795
       -0.0000189190   0.0000335182   0.0001081251   0.0004441472   0.0002737767
       -0.0000781590  -0.0021160613  -0.0007909711  -0.0204066347  -0.0021995659
       -0.0426142857  -0.0004367207   0.0048102306  -0.0002668423  -0.0063134401
        0.0000033098  -0.0000279204  -0.0000478444   0.0000275708   0.0000126974
        0.0000400783   0.0000495148  -0.0000196010   0.0000311331  -0.0001284700
        0.0001630719   0.0001000111  -0.0000435199  -0.0001520036   0.0001611818
        0.0002613044   0.0004082609  -0.0007513475  -0.0035325187  -0.0022769918
       -0.0023665400   0.0017738152   0.0472992529   0.0005682958   0.0006691618
       -0.0020419620   0.0293918613
        0.0001363783   0.0000927706   0.0001468589   0.0002041158   0.0003914679
        0.0005741787  -0.0036142870  -0.0027857424  -0.0139666468  -0.0079167975
        0.0013060904  -0.2903026831   0.0055180579  -0.0012297298  -0.0048843532
        0.0000346207  -0.0000058295   0.0000050412   0.0000340363   0.0000547335
        0.0000618059   0.0001404779   0.0000504583   0.0000465208  -0.0003733559
       -0.0000679535   0.0003873519  -0.0000223545   0.0001009512  -0.0002366751
        0.0004672502   0.0002688222   0.0006810363  -0.0022544273  -0.0023036811
       -0.0006112735   0.0091911047   0.0005682958   0.3230530333  -0.0015448197
        0.0035593463  -0.0149541954
       -0.0001885599   0.0001220097  -0.0000357583   0.0011208801  -0.0011907042
       -0.0001344543   0.0013496942  -0.0185595009   0.0057867897  -0.0400365269
        0.0398257468  -0.0180047994  -0.0165421607   0.0180176505  -0.0011509985
        0.0000298680   0.0001604706  -0.0000162360  -0.0000497622   0.0000209133
        0.0000121224   0.0000587459  -0.0000054817   0.0000342828  -0.0000029014
        0.0000591114  -0.0000579863  -0.0005918986   0.0001658943  -0.0001939214
       -0.0019613640  -0.0029332857  -0.0013546181   0.0004244219   0.0002242655
        0.0006212320   0.0015876287   0.0006691618  -0.0015448197   0.0548019349
       -0.0365762515   0.0160391650
        0.0000782086   0.0002375264  -0.0000041449   0.0004486445   0.0005442139
        0.0001647804  -0.0005473413  -0.0227928592   0.0061859705   0.0342847668
       -0.2512907213   0.0837497327   0.0058323321  -0.0037076720  -0.0000895871
        0.0001378986   0.0001043741  -0.0000083398   0.0000278405   0.0000990036
        0.0000169262   0.0000467570  -0.0000172194  -0.0000089856  -0.0000039387
       -0.0001294292   0.0000919689  -0.0005262761   0.0003457676  -0.0001076289
       -0.0036803907  -0.0032443239  -0.0017796517   0.0005581249   0.0005674622
        0.0002270616  -0.0000803749  -0.0020419620   0.0035593463  -0.0365762515
        0.2813258391  -0.0919974487
       -0.0000359951   0.0000087142   0.0000064909   0.0001848879   0.0000164140
        0.0001625019   0.0017039438  -0.0090459954   0.0042608080  -0.0168927115
        0.0810766889  -0.0745656725   0.0060837731  -0.0066360527   0.0014617343
       -0.0000177631  -0.0000402765  -0.0000403444   0.0000156377   0.0000049777
       -0.0000115532  -0.0000200549  -0.0000475366  -0.0000119670  -0.0000928358
        0.0001331363  -0.0002293399   0.0001614411  -0.0000090790   0.0002234588
       -0.0018031945  -0.0020458992   0.0002553783   0.0001872859  -0.0008095043
        0.0004730508  -0.0055135795   0.0293918613  -0.0149541954   0.0160391650
       -0.0919974487   0.0829696495
