           1           2   1.02096220844898     
           2           3  0.994978645201515     
           3           4  0.978963938981704     
           4           5   1.69690013363861     
           4           6   1.16252601368005     
           5           6  0.169580772856720     
           6           7  0.919980471615589     
           7           8   1.01359678946151     
           1           9  0.986108353093959     
           1          10  0.986478198215518     
           1          11  0.987771478581136     
           2          12  0.976559041649764     
           2          13  0.976092532794535     
           3          14  0.941179046010389     
           3          15  0.969060106531404     
           7          16  0.970248308577269     
           7          17  0.969199384189235     
           8          18  0.984511609325992     
           8          19  0.985852331721375     
           8          20  0.980278742918923     
