           1           2   1.02123231740271     
           2           3  0.987584649557261     
           3           4  0.978065089808102     
           4           5   1.69449690954017     
           4           6   1.16623244037104     
           5           6  0.170748992917077     
           6           7  0.919885179554935     
           7           8   1.01341639646033     
           1           9  0.985908349119146     
           1          10  0.987632344035216     
           1          11  0.986205152271199     
           2          12  0.975434079707822     
           2          13  0.977149906714146     
           3          14  0.972095144142703     
           3          15  0.947547123424047     
           7          16  0.968922661191429     
           7          17  0.970250404674360     
           8          18  0.984419950532608     
           8          19  0.980230729587830     
           8          20  0.985931815955021     
