           1           2   1.00059174253441     
           2           3  0.993822611334928     
           2           4   1.00833672249361     
           4           5   1.00756426270452     
           5           6  0.994748745645596     
           5           7   1.00009976251332     
           1           8  0.986519676076755     
           1           9  0.986186711400656     
           1          10  0.985809708461143     
           2          11  0.964834573468768     
           3          12  0.985338951278716     
           3          13  0.986415674174569     
           3          14  0.982528682018598     
           4          15  0.950466121460029     
           5          16  0.965025709982158     
           6          17  0.986278363203374     
           6          18  0.982304736572043     
           6          19  0.985423164835526     
           7          20  0.986264190001599     
           7          21  0.985848390934308     
           7          22  0.986563494487898     
