$hessian                                                                        
        0.5146701080  -0.0059495813  -0.0166727142  -0.0797998056  -0.0174549419
       -0.0348715749  -0.0082962765  -0.0127249156  -0.0133918841  -0.0001864874
       -0.0008395524  -0.0003606173   0.0000264861  -0.0001606357  -0.0005792743
       -0.0001982540   0.0001012027  -0.0001028553   0.0002960140  -0.0000717029
       -0.0000029126   0.0000365253   0.0001174679   0.0000556959  -0.1255249600
       -0.1072367337   0.0392758430  -0.1098339735   0.0785320411  -0.0717480597
       -0.1900956113   0.0644401758   0.0954655983  -0.0058069345  -0.0069886152
       -0.0160219490   0.0061149869   0.0107361289   0.0186444650  -0.0018074482
       -0.0031898125   0.0003042090   0.0006166066   0.0008546060   0.0000517224
       -0.0000435768  -0.0000232135  -0.0000233882  -0.0000886444  -0.0000681263
        0.0000033812  -0.0000120541  -0.0000278429   0.0000022359  -0.0000664384
       -0.0000304375  -0.0000061822  -0.0000002623  -0.0000155110  -0.0000217387
       -0.0059495813   0.5098218392  -0.0269943326  -0.0170356907  -0.0961667808
       -0.0541657653  -0.0123005307  -0.0166638731  -0.0170012158   0.0014188979
       -0.0004317532   0.0004208949  -0.0004127513  -0.0003287425  -0.0004544157
       -0.0005281189   0.0006743817  -0.0004857933   0.0001700412  -0.0002041845
       -0.0001026595  -0.0000348444  -0.0000159514   0.0000046876  -0.1070475702
       -0.1857134191   0.0519048511   0.0780917502  -0.1369310598   0.0875417834
        0.0647475526  -0.0727262441  -0.0406365215   0.0046823252   0.0078068406
        0.0131573267  -0.0021903475  -0.0064932279  -0.0125220261  -0.0034379702
       -0.0036089352   0.0004178638  -0.0001909718   0.0008717513  -0.0010915487
       -0.0000676467   0.0000485048   0.0000041993   0.0000598670   0.0000047433
        0.0000161558   0.0000156288   0.0000051567   0.0000052073  -0.0000225363
        0.0000119223   0.0000026605   0.0000324972   0.0000390318  -0.0000213519
       -0.0166727142  -0.0269943326   0.4820539319  -0.0347112261  -0.0539391852
       -0.1613429457  -0.0013625776  -0.0011006318   0.0036566436  -0.0001679604
        0.0010949651  -0.0003342645   0.0000490227  -0.0001132438   0.0008057648
        0.0003219785  -0.0003650537   0.0006002344   0.0001169174  -0.0000133900
       -0.0001175628   0.0000058031  -0.0000560058  -0.0000864600   0.0389525235
        0.0514319234  -0.0603406740  -0.0719271564   0.0877698840  -0.1242811832
        0.0956728263  -0.0405000544  -0.1057686700  -0.0088585092  -0.0083988003
       -0.0193203389  -0.0032959950  -0.0107663398  -0.0173017425   0.0010698565
        0.0014007254   0.0007102226   0.0007597113   0.0004775577   0.0009764277
        0.0000239501  -0.0000255388   0.0000220848   0.0000158985   0.0000748319
        0.0000166001   0.0000195961   0.0000275944   0.0000288771   0.0000033538
       -0.0000023437   0.0000094072  -0.0000152988  -0.0000025618   0.0000136473
       -0.0797998056  -0.0170356907  -0.0347112261   0.5087640168  -0.0493853507
       -0.0030053379  -0.1014321903  -0.0573458510   0.0136864989  -0.0233984009
       -0.0166893155   0.0098706285  -0.0018329976   0.0022897044   0.0021606182
       -0.0005594014  -0.0003315866   0.0016446351   0.0006328974   0.0006130784
        0.0003133698   0.0002415915  -0.0000103009  -0.0000847181  -0.0068925477
       -0.0104494078  -0.0143178205  -0.0065409865  -0.0071772039  -0.0161924175
        0.0070273975   0.0113930692   0.0195358723  -0.1077045934   0.0783583062
       -0.0691366646  -0.1901561978   0.0671121787   0.0920191136  -0.0055729982
       -0.0097311201   0.0007479768   0.0074564237   0.0082808477  -0.0025528534
       -0.0001011335   0.0000225436   0.0000378175  -0.0001366592   0.0000600991
       -0.0000255976  -0.0000191632  -0.0000006537   0.0000376033   0.0000194100
        0.0000198430  -0.0000144083   0.0000053383   0.0000068107  -0.0000130900
       -0.0174549419  -0.0961667808  -0.0539391852  -0.0493853507   0.4748622312
       -0.0097599526  -0.0457750985  -0.1366535003   0.0236973325  -0.0077829308
        0.0112167554   0.0060132763   0.0012731756  -0.0013949550  -0.0049868999
        0.0021835201  -0.0023832347   0.0014998115  -0.0002205344  -0.0000087009
        0.0000770928   0.0001702180  -0.0002515862  -0.0000348994  -0.0096381798
       -0.0137892225  -0.0190541215   0.0051312162   0.0082995445   0.0140122985
       -0.0024008864  -0.0071167853  -0.0123506635   0.0792916705  -0.1331719840
        0.0841517446   0.0668315924  -0.0699392103  -0.0391991536  -0.0116790886
       -0.0151095668   0.0017946921  -0.0106124755  -0.0185711454   0.0081636413
        0.0000733852  -0.0000026053  -0.0000053442   0.0000147390   0.0000502977
       -0.0000659056  -0.0000332063   0.0000429673   0.0000273224   0.0000677259
        0.0000320797  -0.0000285019  -0.0000545499   0.0000554018  -0.0000125846
       -0.0348715749  -0.0541657653  -0.1613429457  -0.0030053379  -0.0097599526
        0.4927783337   0.0165861420   0.0304537627  -0.0666027067   0.0148893918
        0.0082747815  -0.0057751844   0.0007348556  -0.0026796272  -0.0010888191
       -0.0017431188   0.0019665667  -0.0004943485   0.0002334476  -0.0006539902
       -0.0005142741  -0.0001431214   0.0000877085   0.0000034988   0.0011271325
        0.0020062997   0.0045635614  -0.0092510470  -0.0074842339  -0.0201388912
       -0.0030635215  -0.0112670855  -0.0179293335  -0.0698766527   0.0844475040
       -0.1211184784   0.0926064207  -0.0391792971  -0.1011099158  -0.0136478006
       -0.0181034995   0.0043775752   0.0094149757   0.0160945792  -0.0056738760
       -0.0000436936   0.0000014462   0.0000149980   0.0000855811  -0.0000021511
        0.0000266874   0.0000231473  -0.0000008593  -0.0000088643  -0.0000645465
       -0.0000391792   0.0000211946   0.0000093206   0.0000029922   0.0000117887
       -0.0082962765  -0.0123005307  -0.0013625776  -0.1014321903  -0.0457750985
        0.0165861420   0.4553578443  -0.0347979951   0.0451710555  -0.1394443281
        0.0230861516   0.0436823741  -0.0076084723   0.0086414276   0.0203692591
       -0.0377138939   0.0244375579  -0.0007231473   0.0020892356   0.0029468975
       -0.0020500517  -0.0000613274  -0.0001207803  -0.0000661029  -0.0003437058
       -0.0017216556  -0.0023548320   0.0001380745  -0.0002441615   0.0006414317
        0.0008247994   0.0005519870   0.0002612952   0.0069636899   0.0085406017
       -0.0025217865  -0.0191472285  -0.0211512726   0.0097598429  -0.0524641434
       -0.0243176276  -0.0541274688  -0.0974555810   0.0715799958  -0.0738635728
       -0.0012075109   0.0006173492   0.0005402947  -0.0002462568  -0.0000084322
        0.0000043679   0.0000373555   0.0000112261   0.0000086357  -0.0000937507
       -0.0000335512   0.0000257107   0.0001036664   0.0000579108   0.0000191300
       -0.0127249156  -0.0166638731  -0.0011006318  -0.0573458510  -0.1366535003
        0.0304537627  -0.0347979951   0.4687163362  -0.0117992274   0.0375289810
       -0.0827485372  -0.0260425644   0.0001174423   0.0157602041   0.0103049365
        0.0266534496  -0.0089775283  -0.0034857004   0.0028054799   0.0020742526
        0.0034893481   0.0010093693  -0.0003954703  -0.0004084721  -0.0012254226
       -0.0014705788  -0.0028282467   0.0007019660   0.0010612708   0.0005497118
        0.0000613617   0.0005771509   0.0008588856  -0.0117188722  -0.0204415780
        0.0082885699   0.0014910677   0.0034567599  -0.0006171840  -0.0229688039
       -0.0945226651  -0.0977352497   0.0701048709  -0.1301127023   0.0900802149
        0.0003809873  -0.0000926746  -0.0000733978  -0.0004201175   0.0003515475
        0.0000626107   0.0000149327  -0.0000917483   0.0000061816   0.0002889832
        0.0002839190   0.0000222840   0.0000430862  -0.0001105847  -0.0000258316
       -0.0133918841  -0.0170012158   0.0036566436   0.0136864989   0.0236973325
       -0.0666027067   0.0451710555  -0.0117992274   0.5296977242   0.0306159599
       -0.0145536081  -0.0811655109   0.0428002660  -0.0031151759  -0.0367520854
       -0.0110643958   0.0033002049   0.0109952072  -0.0020369906   0.0040667439
       -0.0012085443   0.0002836892  -0.0001001331  -0.0001438656  -0.0023547544
       -0.0033675708  -0.0030633597  -0.0000862529  -0.0011099954   0.0009037011
       -0.0004079224   0.0000650954   0.0010205403   0.0097001318   0.0161572133
       -0.0057772896   0.0102088332   0.0112804275  -0.0043810681  -0.0513095127
       -0.0965763583  -0.2085284700  -0.0707761888   0.0885061986  -0.1387333764
       -0.0008799436   0.0004290242   0.0003669718  -0.0001020272   0.0002516464
       -0.0002683138  -0.0000026590   0.0000066428   0.0001143938   0.0000395525
       -0.0000189992  -0.0000145797  -0.0000934556  -0.0001182453  -0.0001160119
       -0.0001864874   0.0014188979  -0.0001679604  -0.0233984009  -0.0077829308
        0.0148893918  -0.1394443281   0.0375289810   0.0306159599   0.4529129393
       -0.0898928877  -0.1531443762  -0.1186474796  -0.0282249821   0.1634588675
       -0.1262869678   0.0564344418  -0.0448304823  -0.0329652731   0.0258550132
       -0.0137565139   0.0011792794   0.0013933877  -0.0006168790   0.0004469037
        0.0006671633   0.0002132810  -0.0004759376  -0.0001966474  -0.0003491665
        0.0002759909  -0.0008984756  -0.0003694527   0.0011392972   0.0011473072
       -0.0010249659  -0.0007933107  -0.0015666061   0.0002413044   0.0059563277
       -0.0039938537   0.0004121756  -0.0157902668   0.0076352607   0.0043096698
       -0.0037358658   0.0015257120   0.0013110939   0.0009128460   0.0001023084
       -0.0013404247  -0.0005811455   0.0000236553  -0.0001242393   0.0001764401
       -0.0006472010  -0.0001218925  -0.0006945609  -0.0005285442   0.0003946094
       -0.0008395524  -0.0004317532   0.0010949651  -0.0166893155   0.0112167554
        0.0082747815   0.0230861516  -0.0827485372  -0.0145536081  -0.0898928877
        0.2945564573  -0.1350890876  -0.0221487808  -0.0841565110   0.0927740017
        0.0562140863  -0.1049126333   0.0571550843   0.0236192279  -0.0166895988
        0.0015158967  -0.0024649297   0.0007789023   0.0008999988  -0.0002987027
       -0.0004855027  -0.0003104596   0.0005780810  -0.0001536545  -0.0000322952
       -0.0000149751  -0.0000782813  -0.0011055180  -0.0006317224   0.0001382615
        0.0012745287  -0.0042319409  -0.0043553061   0.0022110106   0.0132782592
       -0.0043236557  -0.0095914615   0.0175264646  -0.0075238125  -0.0061384496
        0.0038827959  -0.0016086670   0.0002446358   0.0003818094   0.0015792451
        0.0015285430   0.0000532056  -0.0001394417  -0.0004009357  -0.0008260921
       -0.0003065716   0.0000877136  -0.0005811821  -0.0003556949   0.0001606556
       -0.0003606173   0.0004208949  -0.0003342645   0.0098706285   0.0060132763
       -0.0057751844   0.0436823741  -0.0260425644  -0.0811655109  -0.1531443762
       -0.1350890876   0.8009852927   0.1477792872   0.0989682655  -0.5698950004
       -0.0519998960   0.0618016042  -0.1475550462  -0.0097479338   0.0033140402
        0.0171373755   0.0024201244  -0.0009067819  -0.0022167461  -0.0000528057
       -0.0002074229  -0.0005066570  -0.0007635747   0.0003115544  -0.0001005667
        0.0001529707  -0.0015970850   0.0006612330   0.0006484547   0.0009885589
       -0.0007446487  -0.0000828925   0.0000166454   0.0007782715   0.0201857909
       -0.0108361481  -0.0162287531  -0.0155102669   0.0072205408   0.0069620106
        0.0030766422  -0.0021215329  -0.0023711251   0.0021071461  -0.0035327731
        0.0000136346  -0.0006328729   0.0000435243  -0.0004792986   0.0014346645
        0.0003888519   0.0000343440   0.0009371526   0.0008456393   0.0008006397
        0.0000264861  -0.0004127513   0.0000490227  -0.0018329976   0.0012731756
        0.0007348556  -0.0076084723   0.0001174423   0.0428002660  -0.1186474796
       -0.0221487808   0.1477792872   0.1176233427   0.0081128918  -0.1666006082
        0.0138104527   0.0145568004  -0.0231392946   0.0007643968  -0.0003620248
       -0.0037082071  -0.0008322328  -0.0003430225  -0.0002504088  -0.0000638118
       -0.0001168034   0.0000773670   0.0002402326   0.0001100544   0.0001015705
       -0.0005369601  -0.0000628979  -0.0000250102  -0.0000144504   0.0000420152
        0.0001483749  -0.0008672910  -0.0007571843   0.0002388443  -0.0053845891
        0.0020626870   0.0039869754   0.0023594575  -0.0017099393  -0.0004647941
        0.0005346090  -0.0006055797  -0.0010582739  -0.0001690117  -0.0007830031
       -0.0007450436   0.0001667981   0.0001206833  -0.0000745315   0.0001701206
        0.0001993965   0.0000943170   0.0002614002   0.0007068405   0.0000552913
       -0.0001606357  -0.0003287425  -0.0001132438   0.0022897044  -0.0013949550
       -0.0026796272   0.0086414276   0.0157602041  -0.0031151759  -0.0282249821
       -0.0841565110   0.0989682655   0.0081128918   0.0755613967  -0.1504395353
        0.0154305360  -0.0042061773   0.0563212817  -0.0029045474  -0.0022616865
        0.0013186838  -0.0004727141   0.0002781721   0.0001757963   0.0000827787
       -0.0000139275   0.0000296406  -0.0001387163   0.0000202203   0.0000186820
       -0.0003394568  -0.0001203384   0.0001137587   0.0001214640  -0.0000491452
        0.0000086269   0.0005443765   0.0009187344  -0.0002754447  -0.0008336623
        0.0000109709   0.0002089734  -0.0013959668   0.0002225170  -0.0003385686
       -0.0004134167   0.0005579292   0.0000761983  -0.0004847272  -0.0008388618
       -0.0001095959  -0.0000671695  -0.0000000503   0.0000495221  -0.0001382327
       -0.0000727742  -0.0000692973   0.0003510488   0.0001130250  -0.0001489405
       -0.0005792743  -0.0004544157   0.0008057648   0.0021606182  -0.0049868999
       -0.0010888191   0.0203692591   0.0103049365  -0.0367520854   0.1634588675
        0.0927740017  -0.5698950004  -0.1666006082  -0.1504395353   0.6979603207
       -0.0209437736   0.0560284273  -0.0934822052   0.0014354513  -0.0048564744
       -0.0001103150  -0.0011835133   0.0003992599   0.0017884775  -0.0002030111
        0.0000526299   0.0002410481   0.0005431509  -0.0002790722  -0.0000268266
       -0.0000761812   0.0011113911  -0.0001890474  -0.0004103794  -0.0003901274
       -0.0000704693   0.0017920126   0.0018161371  -0.0009079764   0.0032545200
       -0.0017549815  -0.0014705382  -0.0018779168   0.0000813439   0.0012790794
        0.0001897204  -0.0002951931   0.0011964258  -0.0004592063   0.0012776401
        0.0009399409   0.0004421186   0.0002403153   0.0001825116  -0.0006216090
       -0.0001684833  -0.0000428370  -0.0006902456  -0.0004608999  -0.0003574490
       -0.0001982540  -0.0005281189   0.0003219785  -0.0005594014   0.0021835201
       -0.0017431188  -0.0377138939   0.0266534496  -0.0110643958  -0.1262869678
        0.0562140863  -0.0519998960   0.0138104527   0.0154305360  -0.0209437736
        0.3594396654  -0.1558546431   0.0004344041  -0.1275072521   0.0275496200
        0.0530668857  -0.0439783266   0.0067121376   0.0130684084   0.0000126455
       -0.0001772442   0.0000466536   0.0001014974   0.0003160830  -0.0000244470
        0.0000477530   0.0001078170  -0.0002154502  -0.0003424782  -0.0003688065
        0.0002673436  -0.0005173256  -0.0001161501   0.0003167166  -0.0004340947
        0.0014781713  -0.0005392938  -0.0065071154   0.0037848439   0.0026747434
       -0.0166430770   0.0128517566   0.0032467336  -0.0103098941   0.0071421959
        0.0137555212   0.0025356017   0.0012510208  -0.0000188424  -0.0069999014
       -0.0054751847  -0.0004521691   0.0020503666   0.0008449094  -0.0001980021
        0.0001012027   0.0006743817  -0.0003650537  -0.0003315866  -0.0023832347
        0.0019665667   0.0244375579  -0.0089775283   0.0033002049   0.0564344418
       -0.1049126333   0.0618016042   0.0145568004  -0.0042061773   0.0560284273
       -0.1558546431   0.1937320175  -0.0934946314   0.0317744850  -0.0658499863
       -0.0154514313  -0.0116264789   0.0103640242   0.0039226470   0.0001021988
        0.0002656853   0.0001045166  -0.0002491138  -0.0000575194  -0.0000678138
       -0.0000352746  -0.0001287707   0.0006660736  -0.0001757240   0.0005942066
       -0.0009547481   0.0001776163   0.0006137027  -0.0004587731  -0.0005955504
       -0.0002539691   0.0007384666   0.0032609783  -0.0009439136  -0.0010597752
        0.0264686342  -0.0135993349  -0.0084417376   0.0139147058  -0.0059541709
       -0.0093557714   0.0005938152   0.0009067999   0.0009452270  -0.0033052759
       -0.0013997889   0.0000647762   0.0003512108   0.0015162095   0.0001112255
       -0.0001028553  -0.0004857933   0.0006002344   0.0016446351   0.0014998115
       -0.0004943485  -0.0007231473  -0.0034857004   0.0109952072  -0.0448304823
        0.0571550843  -0.1475550462  -0.0231392946   0.0563212817  -0.0934822052
        0.0004344041  -0.0934946314   0.3379720910   0.0429088438  -0.0114616647
       -0.0998805184   0.0039212177   0.0017293826   0.0035861111   0.0000302471
       -0.0001746064  -0.0001608615   0.0001599776   0.0000127070  -0.0000937372
       -0.0001641774   0.0002235610  -0.0003335736   0.0000995606  -0.0005544955
        0.0001401493  -0.0001740978  -0.0001609840   0.0000111650  -0.0001141041
        0.0012810710   0.0002282976   0.0025434438  -0.0005596219  -0.0002330948
       -0.0139343479   0.0068004116   0.0065279503   0.0324580582  -0.0151029175
       -0.0182474925  -0.0002597731   0.0003979417   0.0003664443  -0.0005433725
        0.0004309063   0.0006423630  -0.0002147355  -0.0003717435  -0.0005891354
        0.0002960140   0.0001700412   0.0001169174   0.0006328974  -0.0002205344
        0.0002334476   0.0020892356   0.0028054799  -0.0020369906  -0.0329652731
        0.0236192279  -0.0097479338   0.0007643968  -0.0029045474   0.0014354513
       -0.1275072521   0.0317744850   0.0429088438   0.3888069890   0.0089939766
        0.0395012074  -0.1212676245  -0.0680674007  -0.0141414270  -0.0000620255
        0.0000124905  -0.0000934401   0.0000247197  -0.0001512009   0.0000247031
       -0.0002557728  -0.0000948561  -0.0002084793  -0.0004347779  -0.0000673477
        0.0001615368   0.0002100606  -0.0001267680  -0.0001368108  -0.0005141514
        0.0000006521  -0.0000673178  -0.0007317264   0.0002130622   0.0008858982
       -0.0421081565   0.0306244395  -0.0260624254  -0.0423008768  -0.0070816865
       -0.0302599591  -0.0051722778  -0.0045667674  -0.0035727262  -0.0215273849
       -0.0148267710  -0.0011301980   0.0020229867  -0.0001059748   0.0021897023
       -0.0000717029  -0.0002041845  -0.0000133900   0.0006130784  -0.0000087009
       -0.0006539902   0.0029468975   0.0020742526   0.0040667439   0.0258550132
       -0.0166895988   0.0033140402  -0.0003620248  -0.0022616865  -0.0048564744
        0.0275496200  -0.0658499863  -0.0114616647   0.0089939766   0.4867959670
       -0.0371555805  -0.0658986047  -0.1339496363  -0.0092408810  -0.0000287918
       -0.0000551853  -0.0000085354  -0.0000061380   0.0000567331  -0.0000455831
       -0.0000605155   0.0000429538  -0.0000732148  -0.0000067415  -0.0000149161
        0.0001232842   0.0000908036   0.0001964806  -0.0000182658  -0.0003520582
        0.0002769568   0.0004121911   0.0009875110  -0.0000044182  -0.0002972206
        0.0289130678  -0.1905426939   0.1104860404  -0.0072898912  -0.0552571048
       -0.0512020839  -0.0095268120  -0.0084575565  -0.0041634464   0.0079987967
        0.0065478377   0.0008179989  -0.0203454842  -0.0226955137  -0.0000299679
       -0.0000029126  -0.0001026595  -0.0001175628   0.0003133698   0.0000770928
       -0.0005142741  -0.0020500517   0.0034893481  -0.0012085443  -0.0137565139
        0.0015158967   0.0171373755  -0.0037082071   0.0013186838  -0.0001103150
        0.0530668857  -0.0154514313  -0.0998805184   0.0395012074  -0.0371555805
        0.5277441329  -0.0143922070  -0.0101307444  -0.0693707420   0.0000267355
       -0.0000251757   0.0000336224  -0.0000082132   0.0001055108   0.0000064474
       -0.0001080323  -0.0000537973   0.0000125900   0.0001884048  -0.0001832736
        0.0001784448   0.0000501264   0.0000240997   0.0001048204   0.0000644915
        0.0001160272   0.0002617556  -0.0008727088   0.0006439543   0.0003084252
       -0.0222482725   0.1078449691  -0.1226737803  -0.0326271075  -0.0479319202
       -0.2490041524  -0.0224879078  -0.0217690929  -0.0052231718   0.0064751416
        0.0048476954   0.0005176376   0.0125757715   0.0128203972   0.0017978093
        0.0000365253  -0.0000348444   0.0000058031   0.0002415915   0.0001702180
       -0.0001431214  -0.0000613274   0.0010093693   0.0002836892   0.0011792794
       -0.0024649297   0.0024201244  -0.0008322328  -0.0004727141  -0.0011835133
       -0.0439783266  -0.0116264789   0.0039212177  -0.1212676245  -0.0658986047
       -0.0143922070   0.4916941609  -0.0393538147  -0.0074803017  -0.0000607177
       -0.0000374943  -0.0000130478  -0.0000289428   0.0000119270  -0.0000097513
        0.0000059368   0.0000567696   0.0000650702   0.0000702252   0.0000854755
       -0.0000869846  -0.0000890879   0.0000143938  -0.0000156469  -0.0001048836
       -0.0000239182  -0.0000488394  -0.0001735382   0.0001110729   0.0000731494
        0.0015594091  -0.0009127569   0.0011228574  -0.0054855469  -0.0066665608
       -0.0035079458  -0.0439726411  -0.0040244788  -0.0164887292  -0.2249563685
        0.0902936115   0.0639134123  -0.0537758903   0.0397637580  -0.0284352354
        0.0001174679  -0.0000159514  -0.0000560058  -0.0000103009  -0.0002515862
        0.0000877085  -0.0001207803  -0.0003954703  -0.0001001331   0.0013933877
        0.0007789023  -0.0009067819  -0.0003430225   0.0002781721   0.0003992599
        0.0067121376   0.0103640242   0.0017293826  -0.0680674007  -0.1339496363
       -0.0101307444  -0.0393538147   0.4934963991  -0.0010034263   0.0000086067
        0.0000471589   0.0000219175  -0.0000496828   0.0000195765  -0.0000105755
       -0.0000225606   0.0000128968   0.0000592078  -0.0000098961   0.0000433937
       -0.0000745533  -0.0000075218   0.0000603415  -0.0000000861   0.0000142995
        0.0000113715  -0.0000016264   0.0000032732   0.0000100070  -0.0000376501
       -0.0183160423  -0.0205215308  -0.0005984698  -0.0087560913  -0.0072493366
       -0.0032815334  -0.0033492835  -0.0631698441  -0.0657834596   0.0891247052
       -0.0848650819  -0.0306703839   0.0410325198  -0.1947038062   0.1103579535
        0.0000556959   0.0000046876  -0.0000864600  -0.0000847181  -0.0000348994
        0.0000034988  -0.0000661029  -0.0004084721  -0.0001438656  -0.0006168790
        0.0008999988  -0.0022167461  -0.0002504088   0.0001757963   0.0017884775
        0.0130684084   0.0039226470   0.0035861111  -0.0141414270  -0.0092408810
       -0.0693707420  -0.0074803017  -0.0010034263   0.5277612355  -0.0000046771
        0.0000223186   0.0000255742  -0.0000163941  -0.0000001669   0.0000288888
        0.0000143738  -0.0000074039   0.0000180097  -0.0000195815   0.0000044707
        0.0000236607  -0.0000015375  -0.0000038696   0.0000448894   0.0000351967
        0.0000245573   0.0000396210   0.0000026595  -0.0000322822  -0.0000190245
        0.0109267608   0.0127033493   0.0017961235  -0.0206886183  -0.0205922534
       -0.0051796699  -0.0156849532  -0.0646844362  -0.2677178885   0.0634374019
       -0.0309187456  -0.0648019948  -0.0284848979   0.1091690112  -0.1255796987
       -0.1255249600  -0.1070475702   0.0389525235  -0.0068925477  -0.0096381798
        0.0011271325  -0.0003437058  -0.0012254226  -0.0023547544   0.0004469037
       -0.0002987027  -0.0000528057  -0.0000638118   0.0000827787  -0.0002030111
        0.0000126455   0.0001021988   0.0000302471  -0.0000620255  -0.0000287918
        0.0000267355  -0.0000607177   0.0000086067  -0.0000046771   0.1433214868
        0.1264330985  -0.0441958070   0.0089976576   0.0123177133  -0.0047092021
       -0.0196448437  -0.0205091648   0.0110081608  -0.0002325379  -0.0000647098
        0.0001329410   0.0004791814   0.0003774853   0.0002605805  -0.0004334373
       -0.0006647329   0.0000977748  -0.0000432241   0.0001787702  -0.0000909903
       -0.0000271094  -0.0000073780  -0.0000247348   0.0000456728  -0.0000254567
        0.0000049105   0.0000125898  -0.0000086692   0.0000030406  -0.0000087029
        0.0000005495   0.0000034690   0.0000214859   0.0000175778  -0.0000115335
       -0.1072367337  -0.1857134191   0.0514319234  -0.0104494078  -0.0137892225
        0.0020062997  -0.0017216556  -0.0014705788  -0.0033675708   0.0006671633
       -0.0004855027  -0.0002074229  -0.0001168034  -0.0000139275   0.0000526299
       -0.0001772442   0.0002656853  -0.0001746064   0.0000124905  -0.0000551853
       -0.0000251757  -0.0000374943   0.0000471589   0.0000223186   0.1264330985
        0.2141057893  -0.0579395616  -0.0118002900  -0.0201089317   0.0097278216
        0.0049318291   0.0073018931  -0.0020395664   0.0000801242   0.0005269211
        0.0003399424   0.0001036139  -0.0001934870   0.0002730041  -0.0007826174
       -0.0007758341   0.0000686781   0.0000747700   0.0003750820  -0.0001739801
       -0.0000033171   0.0000109833  -0.0000131573  -0.0000006754  -0.0000232392
        0.0000226879   0.0000158550  -0.0000065723  -0.0000079311  -0.0000123037
        0.0000115566   0.0000084882   0.0000195980  -0.0000091695  -0.0000048218
        0.0392758430   0.0519048511  -0.0603406740  -0.0143178205  -0.0190541215
        0.0045635614  -0.0023548320  -0.0028282467  -0.0030633597   0.0002132810
       -0.0003104596  -0.0005066570   0.0000773670   0.0000296406   0.0002410481
        0.0000466536   0.0001045166  -0.0001608615  -0.0000934401  -0.0000085354
        0.0000336224  -0.0000130478   0.0000219175   0.0000255742  -0.0441958070
       -0.0579395616   0.0703345592   0.0103758910   0.0167412399  -0.0065908372
        0.0120555661   0.0128497047  -0.0057128471  -0.0001157459  -0.0002730938
        0.0005634476  -0.0002382541  -0.0001001201   0.0005509213  -0.0007686869
       -0.0010613568   0.0001837650   0.0000610930  -0.0000585005  -0.0001307813
        0.0000114571  -0.0000104430  -0.0000008924  -0.0000276439   0.0000035928
       -0.0000020755   0.0000051453  -0.0000096009   0.0000107874   0.0000051361
        0.0000035918   0.0000055256  -0.0000021550  -0.0000050150  -0.0000038265
       -0.1098339735   0.0780917502  -0.0719271564  -0.0065409865   0.0051312162
       -0.0092510470   0.0001380745   0.0007019660  -0.0000862529  -0.0004759376
        0.0005780810  -0.0007635747   0.0002402326  -0.0001387163   0.0005431509
        0.0001014974  -0.0002491138   0.0001599776   0.0000247197  -0.0000061380
       -0.0000082132  -0.0000289428  -0.0000496828  -0.0000163941   0.0089976576
       -0.0118002900   0.0103758910   0.1247559246  -0.0908044702   0.0864648475
       -0.0180284293   0.0204424627  -0.0139818127  -0.0000626495  -0.0012379420
       -0.0024289151   0.0005529971  -0.0000487449   0.0007499752   0.0001482084
        0.0000439639   0.0002113732  -0.0000702858  -0.0006653232  -0.0000400588
        0.0000502527  -0.0000220173   0.0000268487   0.0000287106   0.0000374468
       -0.0000263116   0.0000050452   0.0000024692   0.0000018664   0.0000158368
        0.0000043090  -0.0000030370  -0.0000179526  -0.0000112265  -0.0000011568
        0.0785320411  -0.1369310598   0.0877698840  -0.0071772039   0.0082995445
       -0.0074842339  -0.0002441615   0.0010612708  -0.0011099954  -0.0001966474
       -0.0001536545   0.0003115544   0.0001100544   0.0000202203  -0.0002790722
        0.0003160830  -0.0000575194   0.0000127070  -0.0001512009   0.0000567331
        0.0001055108   0.0000119270   0.0000195765  -0.0000001669   0.0123177133
       -0.0201089317   0.0167412399  -0.0908044702   0.1571654244  -0.1001250766
        0.0091160239  -0.0092343644   0.0065701133  -0.0014747765  -0.0003975714
       -0.0026358742  -0.0003490111   0.0005152068   0.0001234442   0.0000258017
       -0.0000836401   0.0000147441   0.0000029537  -0.0001575064  -0.0000034940
       -0.0000110471  -0.0000091135  -0.0000198374  -0.0000208511  -0.0000239545
        0.0000140492  -0.0000064240   0.0000078113   0.0000043081   0.0000082454
       -0.0000002244  -0.0000013236  -0.0000050500   0.0000117524  -0.0000084808
       -0.0717480597   0.0875417834  -0.1242811832  -0.0161924175   0.0140122985
       -0.0201388912   0.0006414317   0.0005497118   0.0009037011  -0.0003491665
       -0.0000322952  -0.0001005667   0.0001015705   0.0000186820  -0.0000268266
       -0.0000244470  -0.0000678138  -0.0000937372   0.0000247031  -0.0000455831
        0.0000064474  -0.0000097513  -0.0000105755   0.0000288888  -0.0047092021
        0.0097278216  -0.0065908372   0.0864648475  -0.1001250766   0.1459770107
        0.0081305341  -0.0092244090   0.0088000575  -0.0023031141  -0.0027673658
       -0.0052195888  -0.0001048119   0.0006964319   0.0002997948   0.0002586989
        0.0001827424   0.0001177295  -0.0002185022  -0.0004549680   0.0002979599
        0.0000269253   0.0000003764  -0.0000103847  -0.0000123720  -0.0000067720
        0.0000228500   0.0000118124   0.0000024996  -0.0000059544   0.0000081178
        0.0000090676   0.0000067438   0.0000032028  -0.0000065560   0.0000067861
       -0.1900956113   0.0647475526   0.0956728263   0.0070273975  -0.0024008864
       -0.0030635215   0.0008247994   0.0000613617  -0.0004079224   0.0002759909
       -0.0000149751   0.0001529707  -0.0005369601  -0.0003394568  -0.0000761812
        0.0000477530  -0.0000352746  -0.0001641774  -0.0002557728  -0.0000605155
       -0.0001080323   0.0000059368  -0.0000225606   0.0000143738  -0.0196448437
        0.0049318291   0.0120555661  -0.0180284293   0.0091160239   0.0081305341
        0.2194716157  -0.0747889081  -0.1108948239   0.0005055024  -0.0003532446
        0.0000239165   0.0007776981  -0.0010756256  -0.0014666922  -0.0001351159
        0.0000040958  -0.0000558737  -0.0001864886   0.0001173566   0.0000584520
        0.0000052552   0.0000259614   0.0000084686  -0.0000955187   0.0000339499
        0.0000951277   0.0000243839   0.0000356878   0.0000182767   0.0000162914
        0.0000121933   0.0000016292  -0.0000038840   0.0000054350   0.0000050829
        0.0644401758  -0.0727262441  -0.0405000544   0.0113930692  -0.0071167853
       -0.0112670855   0.0005519870   0.0005771509   0.0000650954  -0.0008984756
       -0.0000782813  -0.0015970850  -0.0000628979  -0.0001203384   0.0011113911
        0.0001078170  -0.0001287707   0.0002235610  -0.0000948561   0.0000429538
       -0.0000537973   0.0000567696   0.0000128968  -0.0000074039  -0.0205091648
        0.0073018931   0.0128497047   0.0204424627  -0.0092343644  -0.0092244090
       -0.0747889081   0.0823129989   0.0510365810  -0.0000908284   0.0004386711
        0.0007518852  -0.0008744890  -0.0011920517  -0.0036037739   0.0000787650
        0.0001608903   0.0001971525   0.0002232806  -0.0001972511  -0.0000196470
        0.0000740920  -0.0000317696   0.0000354976  -0.0000366977   0.0000401533
       -0.0000030115  -0.0000067116  -0.0000077654  -0.0000070443   0.0000301644
        0.0000019111   0.0000023791  -0.0000355540  -0.0000558972   0.0000100642
        0.0954655983  -0.0406365215  -0.1057686700   0.0195358723  -0.0123506635
       -0.0179293335   0.0002612952   0.0008588856   0.0010205403  -0.0003694527
       -0.0011055180   0.0006612330  -0.0000250102   0.0001137587  -0.0001890474
       -0.0002154502   0.0006660736  -0.0003335736  -0.0002084793  -0.0000732148
        0.0000125900   0.0000650702   0.0000592078   0.0000180097   0.0110081608
       -0.0020395664  -0.0057128471  -0.0139818127   0.0065701133   0.0088000575
       -0.1108948239   0.0510365810   0.1242836881   0.0007032350   0.0001019631
        0.0003772350  -0.0014593895  -0.0034437706  -0.0052207224   0.0001488290
        0.0002754124   0.0000908937  -0.0000251560   0.0000154246  -0.0000870382
       -0.0000360960   0.0000038109  -0.0000769721   0.0000071808  -0.0000480483
        0.0000638171  -0.0000058005  -0.0000182673  -0.0000212486   0.0000183844
        0.0000104194   0.0000025444   0.0000078449   0.0000039200   0.0000088441
       -0.0058069345   0.0046823252  -0.0088585092  -0.1077045934   0.0792916705
       -0.0698766527   0.0069636899  -0.0117188722   0.0097001318   0.0011392972
       -0.0006317224   0.0006484547  -0.0000144504   0.0001214640  -0.0004103794
       -0.0003424782  -0.0001757240   0.0000995606  -0.0004347779  -0.0000067415
        0.0001884048   0.0000702252  -0.0000098961  -0.0000195815  -0.0002325379
        0.0000801242  -0.0001157459  -0.0000626495  -0.0014747765  -0.0023031141
        0.0005055024  -0.0000908284   0.0007032350   0.1239263093  -0.0863664971
        0.0820426409  -0.0171168364   0.0192064425  -0.0133753545   0.0004170796
        0.0001810189   0.0001614860  -0.0013114098  -0.0031430489   0.0014977124
       -0.0000952760   0.0000407105  -0.0000014712   0.0000708456  -0.0000197473
       -0.0000629202  -0.0000265023  -0.0000145261  -0.0000035970   0.0000430038
        0.0000261524  -0.0000052392   0.0000124931   0.0000224724  -0.0000090614
       -0.0069886152   0.0078068406  -0.0083988003   0.0783583062  -0.1331719840
        0.0844475040   0.0085406017  -0.0204415780   0.0161572133   0.0011473072
        0.0001382615   0.0009885589   0.0000420152  -0.0000491452  -0.0003901274
       -0.0003688065   0.0005942066  -0.0005544955  -0.0000673477  -0.0000149161
       -0.0001832736   0.0000854755   0.0000433937   0.0000044707  -0.0000647098
        0.0005269211  -0.0002730938  -0.0012379420  -0.0003975714  -0.0027673658
       -0.0003532446   0.0004386711   0.0001019631  -0.0863664971   0.1575331572
       -0.0972689834   0.0099412506  -0.0086222685   0.0064766261   0.0004112308
       -0.0000353980   0.0001233808  -0.0033038547  -0.0042064336   0.0016667938
        0.0001273354  -0.0000028740  -0.0000301561   0.0001090143  -0.0000650990
       -0.0000838981  -0.0000381211  -0.0000305461  -0.0000290960   0.0000265157
       -0.0000001589  -0.0000080657   0.0000000862  -0.0000434790   0.0000208450
       -0.0160219490   0.0131573267  -0.0193203389  -0.0691366646   0.0841517446
       -0.1211184784  -0.0025217865   0.0082885699  -0.0057772896  -0.0010249659
        0.0012745287  -0.0007446487   0.0001483749   0.0000086269  -0.0000704693
        0.0002673436  -0.0009547481   0.0001401493   0.0001615368   0.0001232842
        0.0001784448  -0.0000869846  -0.0000745533   0.0000236607   0.0001329410
        0.0003399424   0.0005634476  -0.0024289151  -0.0026358742  -0.0052195888
        0.0000239165   0.0007518852   0.0003772350   0.0820426409  -0.0972689834
        0.1424659281   0.0075954350  -0.0086210967   0.0081544070  -0.0000385479
       -0.0005450675   0.0004346784   0.0009732665   0.0019375399  -0.0000774829
        0.0000010339   0.0000198372   0.0000623287  -0.0000350755   0.0000526921
       -0.0000516362  -0.0000227570  -0.0000163863   0.0000073249  -0.0000217054
       -0.0000058790  -0.0000080946  -0.0000071376   0.0000166107  -0.0000195775
        0.0061149869  -0.0021903475  -0.0032959950  -0.1901561978   0.0668315924
        0.0926064207  -0.0191472285   0.0014910677   0.0102088332  -0.0007933107
       -0.0042319409  -0.0000828925  -0.0008672910   0.0005443765   0.0017920126
       -0.0005173256   0.0001776163  -0.0001740978   0.0002100606   0.0000908036
        0.0000501264  -0.0000890879  -0.0000075218  -0.0000015375   0.0004791814
        0.0001036139  -0.0002382541   0.0005529971  -0.0003490111  -0.0001048119
        0.0007776981  -0.0008744890  -0.0014593895  -0.0171168364   0.0099412506
        0.0075954350   0.2200453975  -0.0722271085  -0.1067734245  -0.0000778941
        0.0003173601  -0.0000719452   0.0005245568   0.0003787731  -0.0000631293
        0.0000096576   0.0000077176   0.0000136734   0.0000075067  -0.0000152030
       -0.0000103942   0.0000163700  -0.0000033627   0.0000082464  -0.0000075239
        0.0000083142   0.0000064113   0.0000342831   0.0000064985  -0.0000052875
        0.0107361289  -0.0064932279  -0.0107663398   0.0671121787  -0.0699392103
       -0.0391792971  -0.0211512726   0.0034567599   0.0112804275  -0.0015666061
       -0.0043553061   0.0000166454  -0.0007571843   0.0009187344   0.0018161371
       -0.0001161501   0.0006137027  -0.0001609840  -0.0001267680   0.0001964806
        0.0000240997   0.0000143938   0.0000603415  -0.0000038696   0.0003774853
       -0.0001934870  -0.0001001201  -0.0000487449   0.0005152068   0.0006964319
       -0.0010756256  -0.0011920517  -0.0034437706   0.0192064425  -0.0086222685
       -0.0086210967  -0.0722271085   0.0838950070   0.0481211882  -0.0000981720
        0.0006257870   0.0002660651  -0.0002438359   0.0005122414   0.0000519318
       -0.0000588251   0.0000155190  -0.0000145607  -0.0000171051  -0.0000264056
        0.0000098541   0.0000109081  -0.0000067515   0.0000114216   0.0000030493
        0.0000175848   0.0000022094   0.0000268118   0.0000013436  -0.0000063733
        0.0186444650  -0.0125220261  -0.0173017425   0.0920191136  -0.0391991536
       -0.1011099158   0.0097598429  -0.0006171840  -0.0043810681   0.0002413044
        0.0022110106   0.0007782715   0.0002388443  -0.0002754447  -0.0009079764
        0.0003167166  -0.0004587731   0.0000111650  -0.0001368108  -0.0000182658
        0.0001048204  -0.0000156469  -0.0000000861   0.0000448894   0.0002605805
        0.0002730041   0.0005509213   0.0007499752   0.0001234442   0.0002997948
       -0.0014666922  -0.0036037739  -0.0052207224  -0.0133753545   0.0064766261
        0.0081544070  -0.1067734245   0.0481211882   0.1186807858  -0.0006416130
       -0.0002650875   0.0005471766   0.0002453843  -0.0002072280  -0.0002344579
        0.0000202772  -0.0000203669  -0.0000078964  -0.0000465163  -0.0000125941
       -0.0000060820  -0.0000118283   0.0000051376   0.0000115876  -0.0000105596
       -0.0000142237  -0.0000033780  -0.0000180577   0.0000037966  -0.0000105799
       -0.0018074482  -0.0034379702   0.0010698565  -0.0055729982  -0.0116790886
       -0.0136478006  -0.0524641434  -0.0229688039  -0.0513095127   0.0059563277
        0.0132782592   0.0201857909  -0.0053845891  -0.0008336623   0.0032545200
       -0.0004340947  -0.0005955504  -0.0001141041  -0.0005141514  -0.0003520582
        0.0000644915  -0.0001048836   0.0000142995   0.0000351967  -0.0004334373
       -0.0007826174  -0.0007686869   0.0001482084   0.0000258017   0.0002586989
       -0.0001351159   0.0000787650   0.0001488290   0.0004170796   0.0004112308
       -0.0000385479  -0.0000778941  -0.0000981720  -0.0006416130   0.0641831113
        0.0333242215   0.0564918927  -0.0038687948  -0.0062473244  -0.0149319320
        0.0001290217  -0.0000804773  -0.0000247517   0.0000782685  -0.0000658772
       -0.0000388588  -0.0001127123   0.0000473408  -0.0000514820   0.0000103916
       -0.0000554034  -0.0000244787  -0.0000121459   0.0000170870   0.0000824920
       -0.0031898125  -0.0036089352   0.0014007254  -0.0097311201  -0.0151095668
       -0.0181034995  -0.0243176276  -0.0945226651  -0.0965763583  -0.0039938537
       -0.0043236557  -0.0108361481   0.0020626870   0.0000109709  -0.0017549815
        0.0014781713  -0.0002539691   0.0012810710   0.0000006521   0.0002769568
        0.0001160272  -0.0000239182   0.0000113715   0.0000245573  -0.0006647329
       -0.0007758341  -0.0010613568   0.0000439639  -0.0000836401   0.0001827424
        0.0000040958   0.0001608903   0.0002754124   0.0001810189  -0.0000353980
       -0.0005450675   0.0003173601   0.0006257870  -0.0002650875   0.0333242215
        0.1093492305   0.1109845966   0.0047452611   0.0082319651   0.0147914285
       -0.0000952770   0.0000048854  -0.0000051561  -0.0001283728   0.0000310507
        0.0000685834   0.0000352025   0.0000178612   0.0000360070  -0.0000325121
        0.0000011004   0.0000006058  -0.0000154075  -0.0000084057  -0.0000141017
        0.0003042090   0.0004178638   0.0007102226   0.0007479768   0.0017946921
        0.0043775752  -0.0541274688  -0.0977352497  -0.2085284700   0.0004121756
       -0.0095914615  -0.0162287531   0.0039869754   0.0002089734  -0.0014705382
       -0.0005392938   0.0007384666   0.0002282976  -0.0000673178   0.0004121911
        0.0002617556  -0.0000488394  -0.0000016264   0.0000396210   0.0000977748
        0.0000686781   0.0001837650   0.0002113732   0.0000147441   0.0001177295
       -0.0000558737   0.0001971525   0.0000908937   0.0001614860   0.0001233808
        0.0004346784  -0.0000719452   0.0002660651   0.0005471766   0.0564918927
        0.1109845966   0.2390270266  -0.0072200923  -0.0080978968  -0.0198592514
       -0.0001247365   0.0000756698   0.0000431726  -0.0001820754   0.0000903408
        0.0000530096   0.0000303228  -0.0000025190   0.0000835588  -0.0000442835
        0.0000378834   0.0000004682   0.0000377400  -0.0000019449  -0.0001119383
        0.0006166066  -0.0001909718   0.0007597113   0.0074564237  -0.0106124755
        0.0094149757  -0.0974555810   0.0701048709  -0.0707761888  -0.0157902668
        0.0175264646  -0.0155102669   0.0023594575  -0.0013959668  -0.0018779168
       -0.0065071154   0.0032609783   0.0025434438  -0.0007317264   0.0009875110
       -0.0008727088  -0.0001735382   0.0000032732   0.0000026595  -0.0000432241
        0.0000747700   0.0000610930  -0.0000702858   0.0000029537  -0.0002185022
       -0.0001864886   0.0002232806  -0.0000251560  -0.0013114098  -0.0033038547
        0.0009732665   0.0005245568  -0.0002438359   0.0002453843  -0.0038687948
        0.0047452611  -0.0072200923   0.1154402402  -0.0813239195   0.0823953397
       -0.0003425804   0.0001303815   0.0001413902   0.0000613075  -0.0000166877
       -0.0000603782   0.0000539167   0.0000241182   0.0000431157  -0.0000183791
       -0.0000354569   0.0000107365  -0.0000131187   0.0000393055  -0.0000299060
        0.0008546060   0.0008717513   0.0004775577   0.0082808477  -0.0185711454
        0.0160945792   0.0715799958  -0.1301127023   0.0885061986   0.0076352607
       -0.0075238125   0.0072205408  -0.0017099393   0.0002225170   0.0000813439
        0.0037848439  -0.0009439136  -0.0005596219   0.0002130622  -0.0000044182
        0.0006439543   0.0001110729   0.0000100070  -0.0000322822   0.0001787702
        0.0003750820  -0.0000585005  -0.0006653232  -0.0001575064  -0.0004549680
        0.0001173566  -0.0001972511   0.0000154246  -0.0031430489  -0.0042064336
        0.0019375399   0.0003787731   0.0005122414  -0.0002072280  -0.0062473244
        0.0082319651  -0.0080978968  -0.0813239195   0.1515173660  -0.1055377666
        0.0000588165  -0.0000434026  -0.0000670317  -0.0000905969   0.0000168094
        0.0000387928  -0.0000217778  -0.0000140311  -0.0000041462   0.0000095910
        0.0000173656  -0.0000000039  -0.0000010667  -0.0000004882   0.0000035140
        0.0000517224  -0.0010915487   0.0009764277  -0.0025528534   0.0081636413
       -0.0056738760  -0.0738635728   0.0900802149  -0.1387333764   0.0043096698
       -0.0061384496   0.0069620106  -0.0004647941  -0.0003385686   0.0012790794
        0.0026747434  -0.0010597752  -0.0002330948   0.0008858982  -0.0002972206
        0.0003084252   0.0000731494  -0.0000376501  -0.0000190245  -0.0000909903
       -0.0001739801  -0.0001307813  -0.0000400588  -0.0000034940   0.0002979599
        0.0000584520  -0.0000196470  -0.0000870382   0.0014977124   0.0016667938
       -0.0000774829  -0.0000631293   0.0000519318  -0.0002344579  -0.0149319320
        0.0147914285  -0.0198592514   0.0823953397  -0.1055377666   0.1551676836
        0.0001180207  -0.0000748545  -0.0000218050  -0.0000719780   0.0000306803
        0.0000819124   0.0000227457   0.0000014172  -0.0000145324   0.0000232839
        0.0000069314   0.0000040132  -0.0000314289  -0.0000200841   0.0000072086
       -0.0000435768  -0.0000676467   0.0000239501  -0.0001011335   0.0000733852
       -0.0000436936  -0.0012075109   0.0003809873  -0.0008799436  -0.0037358658
        0.0038827959   0.0030766422   0.0005346090  -0.0004134167   0.0001897204
       -0.0166430770   0.0264686342  -0.0139343479  -0.0421081565   0.0289130678
       -0.0222482725   0.0015594091  -0.0183160423   0.0109267608  -0.0000271094
       -0.0000033171   0.0000114571   0.0000502527  -0.0000110471   0.0000269253
        0.0000052552   0.0000740920  -0.0000360960  -0.0000952760   0.0001273354
        0.0000010339   0.0000096576  -0.0000588251   0.0000202772   0.0001290217
       -0.0000952770  -0.0001247365  -0.0003425804   0.0000588165   0.0001180207
        0.0633633959  -0.0402288386   0.0266524853   0.0007578012   0.0033812098
       -0.0039847235   0.0005899970   0.0001945494   0.0004288601   0.0002819355
       -0.0003806798   0.0002025900  -0.0029770486  -0.0039797828  -0.0004269096
       -0.0000232135   0.0000485048  -0.0000255388   0.0000225436  -0.0000026053
        0.0000014462   0.0006173492  -0.0000926746   0.0004290242   0.0015257120
       -0.0016086670  -0.0021215329  -0.0006055797   0.0005579292  -0.0002951931
        0.0128517566  -0.0135993349   0.0068004116   0.0306244395  -0.1905426939
        0.1078449691  -0.0009127569  -0.0205215308   0.0127033493  -0.0000073780
        0.0000109833  -0.0000104430  -0.0000220173  -0.0000091135   0.0000003764
        0.0000259614  -0.0000317696   0.0000038109   0.0000407105  -0.0000028740
        0.0000198372   0.0000077176   0.0000155190  -0.0000203669  -0.0000804773
        0.0000048854   0.0000756698   0.0001303815  -0.0000434026  -0.0000748545
       -0.0402288386   0.2236685202  -0.1236279363  -0.0010253955   0.0045449082
       -0.0015890112   0.0006227127   0.0002846128   0.0002556644   0.0004145119
        0.0005073580   0.0000703369  -0.0039781399  -0.0031885550  -0.0004400191
       -0.0000233882   0.0000041993   0.0000220848   0.0000378175  -0.0000053442
        0.0000149980   0.0005402947  -0.0000733978   0.0003669718   0.0013110939
        0.0002446358  -0.0023711251  -0.0010582739   0.0000761983   0.0011964258
        0.0032467336  -0.0084417376   0.0065279503  -0.0260624254   0.1104860404
       -0.1226737803   0.0011228574  -0.0005984698   0.0017961235  -0.0000247348
       -0.0000131573  -0.0000008924   0.0000268487  -0.0000198374  -0.0000103847
        0.0000084686   0.0000354976  -0.0000769721  -0.0000014712  -0.0000301561
        0.0000623287   0.0000136734  -0.0000145607  -0.0000078964  -0.0000247517
       -0.0000051561   0.0000431726   0.0001413902  -0.0000670317  -0.0000218050
        0.0266524853  -0.1236279363   0.1339452216  -0.0058187719   0.0233805630
       -0.0203738869  -0.0001919830  -0.0008579348   0.0005236925   0.0002365707
        0.0000556307  -0.0000064851  -0.0001324339  -0.0005280454   0.0010442584
       -0.0000886444   0.0000598670   0.0000158985  -0.0001366592   0.0000147390
        0.0000855811  -0.0002462568  -0.0004201175  -0.0001020272   0.0009128460
        0.0003818094   0.0021071461  -0.0001690117  -0.0004847272  -0.0004592063
       -0.0103098941   0.0139147058   0.0324580582  -0.0423008768  -0.0072898912
       -0.0326271075  -0.0054855469  -0.0087560913  -0.0206886183   0.0000456728
       -0.0000006754  -0.0000276439   0.0000287106  -0.0000208511  -0.0000123720
       -0.0000955187  -0.0000366977   0.0000071808   0.0000708456   0.0001090143
       -0.0000350755   0.0000075067  -0.0000171051  -0.0000465163   0.0000782685
       -0.0001283728  -0.0001820754   0.0000613075  -0.0000905969  -0.0000719780
        0.0007578012  -0.0010253955  -0.0058187719   0.0594419867   0.0071298685
        0.0265864797  -0.0033050017  -0.0039116422  -0.0006842173   0.0000687935
       -0.0000984305  -0.0003658749   0.0006636713   0.0006705907  -0.0001388598
       -0.0000681263   0.0000047433   0.0000748319   0.0000600991   0.0000502977
       -0.0000021511  -0.0000084322   0.0003515475   0.0002516464   0.0001023084
        0.0015792451  -0.0035327731  -0.0007830031  -0.0008388618   0.0012776401
        0.0071421959  -0.0059541709  -0.0151029175  -0.0070816865  -0.0552571048
       -0.0479319202  -0.0066665608  -0.0072493366  -0.0205922534  -0.0000254567
       -0.0000232392   0.0000035928   0.0000374468  -0.0000239545  -0.0000067720
        0.0000339499   0.0000401533  -0.0000480483  -0.0000197473  -0.0000650990
        0.0000526921  -0.0000152030  -0.0000264056  -0.0000125941  -0.0000658772
        0.0000310507   0.0000903408  -0.0000166877   0.0000168094   0.0000306803
        0.0033812098   0.0045449082   0.0233805630   0.0071298685   0.0651363122
        0.0639613902  -0.0038712223  -0.0028867019  -0.0011585378   0.0004063996
        0.0003410574   0.0000077365   0.0003285253   0.0002287495  -0.0007431468
        0.0000033812   0.0000161558   0.0000166001  -0.0000255976  -0.0000659056
        0.0000266874   0.0000043679   0.0000626107  -0.0002683138  -0.0013404247
        0.0015285430   0.0000136346  -0.0007450436  -0.0001095959   0.0009399409
        0.0137555212  -0.0093557714  -0.0182474925  -0.0302599591  -0.0512020839
       -0.2490041524  -0.0035079458  -0.0032815334  -0.0051796699   0.0000049105
        0.0000226879  -0.0000020755  -0.0000263116   0.0000140492   0.0000228500
        0.0000951277  -0.0000030115   0.0000638171  -0.0000629202  -0.0000838981
       -0.0000516362  -0.0000103942   0.0000098541  -0.0000060820  -0.0000388588
        0.0000685834   0.0000530096  -0.0000603782   0.0000387928   0.0000819124
       -0.0039847235  -0.0015890112  -0.0203738869   0.0265864797   0.0639613902
        0.2901617462  -0.0009341206  -0.0007542910   0.0009030567  -0.0000411235
        0.0002816195   0.0001635518   0.0005880132   0.0004408154   0.0006865026
       -0.0000120541   0.0000156288   0.0000195961  -0.0000191632  -0.0000332063
        0.0000231473   0.0000373555   0.0000149327  -0.0000026590  -0.0005811455
        0.0000532056  -0.0006328729   0.0001667981  -0.0000671695   0.0004421186
        0.0025356017   0.0005938152  -0.0002597731  -0.0051722778  -0.0095268120
       -0.0224879078  -0.0439726411  -0.0033492835  -0.0156849532   0.0000125898
        0.0000158550   0.0000051453   0.0000050452  -0.0000064240   0.0000118124
        0.0000243839  -0.0000067116  -0.0000058005  -0.0000265023  -0.0000381211
       -0.0000227570   0.0000163700   0.0000109081  -0.0000118283  -0.0001127123
        0.0000352025   0.0000303228   0.0000539167  -0.0000217778   0.0000227457
        0.0005899970   0.0006227127  -0.0001919830  -0.0033050017  -0.0038712223
       -0.0009341206   0.0491951648   0.0077453605   0.0205261492   0.0004205870
        0.0087134403   0.0271690601   0.0001436882  -0.0009003333  -0.0080154421
       -0.0000278429   0.0000051567   0.0000275944  -0.0000006537   0.0000429673
       -0.0000008593   0.0000112261  -0.0000917483   0.0000066428   0.0000236553
       -0.0001394417   0.0000435243   0.0001206833  -0.0000000503   0.0002403153
        0.0012510208   0.0009067999   0.0003979417  -0.0045667674  -0.0084575565
       -0.0217690929  -0.0040244788  -0.0631698441  -0.0646844362  -0.0000086692
       -0.0000065723  -0.0000096009   0.0000024692   0.0000078113   0.0000024996
        0.0000356878  -0.0000077654  -0.0000182673  -0.0000145261  -0.0000305461
       -0.0000163863  -0.0000033627  -0.0000067515   0.0000051376   0.0000473408
        0.0000178612  -0.0000025190   0.0000241182  -0.0000140311   0.0000014172
        0.0001945494   0.0002846128  -0.0008579348  -0.0039116422  -0.0028867019
       -0.0007542910   0.0077453605   0.0719102912   0.0773016463   0.0011136575
       -0.0041476841  -0.0147108255   0.0019881742   0.0057831930   0.0247974942
        0.0000022359   0.0000052073   0.0000288771   0.0000376033   0.0000273224
       -0.0000088643   0.0000086357   0.0000061816   0.0001143938  -0.0001242393
       -0.0004009357  -0.0004792986  -0.0000745315   0.0000495221   0.0001825116
       -0.0000188424   0.0009452270   0.0003664443  -0.0035727262  -0.0041634464
       -0.0052231718  -0.0164887292  -0.0657834596  -0.2677178885   0.0000030406
       -0.0000079311   0.0000107874   0.0000018664   0.0000043081  -0.0000059544
        0.0000182767  -0.0000070443  -0.0000212486  -0.0000035970  -0.0000290960
        0.0000073249   0.0000082464   0.0000114216   0.0000115876  -0.0000514820
        0.0000360070   0.0000835588   0.0000431157  -0.0000041462  -0.0000145324
        0.0004288601   0.0002556644   0.0005236925  -0.0006842173  -0.0011585378
        0.0009030567   0.0205261492   0.0773016463   0.3068173891   0.0016729220
       -0.0042930599  -0.0125425231  -0.0017325871  -0.0027948509  -0.0230361420
       -0.0000664384  -0.0000225363   0.0000033538   0.0000194100   0.0000677259
       -0.0000645465  -0.0000937507   0.0002889832   0.0000395525   0.0001764401
       -0.0008260921   0.0014346645   0.0001701206  -0.0001382327  -0.0006216090
       -0.0069999014  -0.0033052759  -0.0005433725  -0.0215273849   0.0079987967
        0.0064751416  -0.2249563685   0.0891247052   0.0634374019  -0.0000087029
       -0.0000123037   0.0000051361   0.0000158368   0.0000082454   0.0000081178
        0.0000162914   0.0000301644   0.0000183844   0.0000430038   0.0000265157
       -0.0000217054  -0.0000075239   0.0000030493  -0.0000105596   0.0000103916
       -0.0000325121  -0.0000442835  -0.0000183791   0.0000095910   0.0000232839
        0.0002819355   0.0004145119   0.0002365707   0.0000687935   0.0004063996
       -0.0000411235   0.0004205870   0.0011136575   0.0016729220   0.2605585469
       -0.1017347019  -0.0735880280  -0.0081029075   0.0065793087   0.0015806988
       -0.0000304375   0.0000119223  -0.0000023437   0.0000198430   0.0000320797
       -0.0000391792  -0.0000335512   0.0002839190  -0.0000189992  -0.0006472010
       -0.0003065716   0.0003888519   0.0001993965  -0.0000727742  -0.0001684833
       -0.0054751847  -0.0013997889   0.0004309063  -0.0148267710   0.0065478377
        0.0048476954   0.0902936115  -0.0848650819  -0.0309187456   0.0000005495
        0.0000115566   0.0000035918   0.0000043090  -0.0000002244   0.0000090676
        0.0000121933   0.0000019111   0.0000104194   0.0000261524  -0.0000001589
       -0.0000058790   0.0000083142   0.0000175848  -0.0000142237  -0.0000554034
        0.0000011004   0.0000378834  -0.0000354569   0.0000173656   0.0000069314
       -0.0003806798   0.0005073580   0.0000556307  -0.0000984305   0.0003410574
        0.0002816195   0.0087134403  -0.0041476841  -0.0042930599  -0.1017347019
        0.0964020298   0.0356461843   0.0240400084  -0.0133834384  -0.0062578681
       -0.0000061822   0.0000026605   0.0000094072  -0.0000144083  -0.0000285019
        0.0000211946   0.0000257107   0.0000222840  -0.0000145797  -0.0001218925
        0.0000877136   0.0000343440   0.0000943170  -0.0000692973  -0.0000428370
       -0.0004521691   0.0000647762   0.0006423630  -0.0011301980   0.0008179989
        0.0005176376   0.0639134123  -0.0306703839  -0.0648019948   0.0000034690
        0.0000084882   0.0000055256  -0.0000030370  -0.0000013236   0.0000067438
        0.0000016292   0.0000023791   0.0000025444  -0.0000052392  -0.0000080657
       -0.0000080946   0.0000064113   0.0000022094  -0.0000033780  -0.0000244787
        0.0000006058   0.0000004682   0.0000107365  -0.0000000039   0.0000040132
        0.0002025900   0.0000703369  -0.0000064851  -0.0003658749   0.0000077365
        0.0001635518   0.0271690601  -0.0147108255  -0.0125425231  -0.0735880280
        0.0356461843   0.0709641244  -0.0157158282   0.0087550283   0.0050479744
       -0.0000002623   0.0000324972  -0.0000152988   0.0000053383  -0.0000545499
        0.0000093206   0.0001036664   0.0000430862  -0.0000934556  -0.0006945609
       -0.0005811821   0.0009371526   0.0002614002   0.0003510488  -0.0006902456
        0.0020503666   0.0003512108  -0.0002147355   0.0020229867  -0.0203454842
        0.0125757715  -0.0537758903   0.0410325198  -0.0284848979   0.0000214859
        0.0000195980  -0.0000021550  -0.0000179526  -0.0000050500   0.0000032028
       -0.0000038840  -0.0000355540   0.0000078449   0.0000124931   0.0000000862
       -0.0000071376   0.0000342831   0.0000268118  -0.0000180577  -0.0000121459
       -0.0000154075   0.0000377400  -0.0000131187  -0.0000010667  -0.0000314289
       -0.0029770486  -0.0039781399  -0.0001324339   0.0006636713   0.0003285253
        0.0005880132   0.0001436882   0.0019881742  -0.0017325871  -0.0081029075
        0.0240400084  -0.0157158282   0.0602783910  -0.0431971323   0.0329792163
       -0.0000155110   0.0000390318  -0.0000025618   0.0000068107   0.0000554018
        0.0000029922   0.0000579108  -0.0001105847  -0.0001182453  -0.0005285442
       -0.0003556949   0.0008456393   0.0007068405   0.0001130250  -0.0004608999
        0.0008449094   0.0015162095  -0.0003717435  -0.0001059748  -0.0226955137
        0.0128203972   0.0397637580  -0.1947038062   0.1091690112   0.0000175778
       -0.0000091695  -0.0000050150  -0.0000112265   0.0000117524  -0.0000065560
        0.0000054350  -0.0000558972   0.0000039200   0.0000224724  -0.0000434790
        0.0000166107   0.0000064985   0.0000013436   0.0000037966   0.0000170870
       -0.0000084057  -0.0000019449   0.0000393055  -0.0000004882  -0.0000200841
       -0.0039797828  -0.0031885550  -0.0005280454   0.0006705907   0.0002287495
        0.0004408154  -0.0009003333   0.0057831930  -0.0027948509   0.0065793087
       -0.0133834384   0.0087550283  -0.0431971323   0.2268063259  -0.1277482641
       -0.0000217387  -0.0000213519   0.0000136473  -0.0000130900  -0.0000125846
        0.0000117887   0.0000191300  -0.0000258316  -0.0001160119   0.0003946094
        0.0001606556   0.0008006397   0.0000552913  -0.0001489405  -0.0003574490
       -0.0001980021   0.0001112255  -0.0005891354   0.0021897023  -0.0000299679
        0.0017978093  -0.0284352354   0.1103579535  -0.1255796987  -0.0000115335
       -0.0000048218  -0.0000038265  -0.0000011568  -0.0000084808   0.0000067861
        0.0000050829   0.0000100642   0.0000088441  -0.0000090614   0.0000208450
       -0.0000195775  -0.0000052875  -0.0000063733  -0.0000105799   0.0000824920
       -0.0000141017  -0.0001119383  -0.0000299060   0.0000035140   0.0000072086
       -0.0004269096  -0.0004400191   0.0010442584  -0.0001388598  -0.0007431468
        0.0006865026  -0.0080154421   0.0247974942  -0.0230361420   0.0015806988
       -0.0062578681   0.0050479744   0.0329792163  -0.1277482641   0.1403988999
