           1           2   1.02159405058527     
           2           3  0.983469249181524     
           3           4  0.977973226666986     
           4           5   1.69513951800219     
           4           6   1.16701988917154     
           5           6  0.169863464593108     
           6           7  0.921529366374747     
           7           8   1.01342073913077     
           1           9  0.985646896366880     
           1          10  0.986600109891961     
           1          11  0.987469003289849     
           2          12  0.976885088184459     
           2          13  0.975060908342332     
           3          14  0.953610180082019     
           3          15  0.972915013492681     
           7          16  0.969158780203632     
           7          17  0.970407004702085     
           8          18  0.984556069644735     
           8          19  0.980308821169408     
           8          20  0.985795640477320     
