           1           2   1.02151127134356     
           2           3  0.985349804980140     
           3           4  0.978073126607467     
           4           5   1.69431986713651     
           4           6   1.16727314649928     
           5           6  0.169709150948327     
           6           7  0.921564395496266     
           7           8   1.01336874011583     
           1           9  0.985692531002273     
           1          10  0.987065536995274     
           1          11  0.986717590403601     
           2          12  0.975411089462290     
           2          13  0.976541060355533     
           3          14  0.973021320116313     
           3          15  0.951308968072991     
           7          16  0.969096713827275     
           7          17  0.970228526247894     
           8          18  0.984534042657663     
           8          19  0.980358740409267     
           8          20  0.985904515175979     
