           1           2   1.97734053546313     
           2           3   1.01153531406481     
           3           4   1.01152781353519     
           4           5   1.97733860394076     
           1           6  0.976055830632183     
           1           7  0.975075751362833     
           2           8  0.966380794661014     
           3           9  0.942718382789956     
           3          10  0.972812156789958     
           4          11  0.966380317250646     
           5          12  0.976055281715284     
           5          13  0.975075855231208     
