           1           2   1.01998822948684     
           2           3   1.00739637705239     
           3           4   1.00790461018814     
           4           5   1.01943176150287     
           5           6  0.916456566132833     
           1           7  0.985920346828313     
           1           8  0.987257407240886     
           1           9  0.987152190923011     
           2          10  0.978187627482005     
           2          11  0.977984799761849     
           3          12  0.975611385381059     
           3          13  0.976483952988261     
           4          14  0.961569725293684     
           4          15  0.973600233986359     
           5          16  0.976903482285917     
           5          17  0.976540695770053     
