           1           2   1.01547803225156     
           2           3   1.01543457737485     
           2           4  0.956789629281110     
           4           5  0.956808152448056     
           5           6   1.01549671530320     
           5           7   1.01541172973766     
           1           8  0.980569064807763     
           1           9  0.978778801613796     
           1          10  0.985244625994772     
           2          11  0.955871883366449     
           3          12  0.978810765030980     
           3          13  0.985265581413314     
           3          14  0.980548058613443     
           5          15  0.955869309331054     
           6          16  0.985270837453156     
           6          17  0.980550305495713     
           6          18  0.978763267110373     
           7          19  0.985261372816344     
           7          20  0.980566961099985     
           7          21  0.978818059871353     
