           1           2   1.01982027686804     
           2           3   1.00848080755250     
           3           4  0.982118611254794     
           4           5  0.979544702150635     
           5           6   1.69799194235504     
           5           7   1.16073695446933     
           6           7  0.169930663802614     
           7           8  0.940080478314042     
           1           9  0.986841930222347     
           1          10  0.986663596468510     
           1          11  0.985713350613599     
           2          12  0.977203479928384     
           2          13  0.977765226672202     
           3          14  0.977281807341496     
           3          15  0.973774446326570     
           4          16  0.952265621985784     
           4          17  0.970571199280102     
           8          18  0.976413810015641     
           8          19  0.976961347822886     
           8          20  0.976661076695739     
