$hessian                                                                        
        0.5225978787  -0.0081064411   0.0023973254  -0.0684561338  -0.0185772805
        0.0015258354  -0.0087400654  -0.0257908082  -0.0037997797   0.0003220057
       -0.0012522299  -0.0004166466  -0.0002088033  -0.0002275836   0.0001048510
       -0.0000675794  -0.0000591110  -0.0000297660   0.0005114389  -0.0000367603
       -0.0000862553   0.0000192893   0.0001145524   0.0000340944  -0.2232069919
       -0.0362717562  -0.0993289227  -0.1768901563   0.0783398237   0.0875909650
       -0.0452579442  -0.0038710073   0.0116742026   0.0025616273   0.0219393698
        0.0012919145   0.0003472975  -0.0035456401   0.0005776234   0.0007972229
       -0.0002249923   0.0008779101  -0.0041959920  -0.0022774025  -0.0024147689
       -0.0000314958  -0.0000195895   0.0000016457  -0.0000553437  -0.0000537328
        0.0000085339   0.0000069661  -0.0000209712  -0.0000231238  -0.0000009988
       -0.0000306014   0.0000093982  -0.0000522217  -0.0000278382   0.0000049633
       -0.0081064411   0.4598724713  -0.0029452846  -0.0185636790  -0.2013755955
       -0.0026956716  -0.0082771409  -0.0116543413  -0.0036289870   0.0007897923
        0.0003803922   0.0006673876  -0.0001462899  -0.0000578751  -0.0002006379
       -0.0002064108   0.0002220409  -0.0002541711   0.0000839984  -0.0001492631
       -0.0000141371   0.0000110803  -0.0000806538   0.0000091431  -0.0368370988
       -0.0491496775  -0.0206020335   0.0788512846  -0.0883892861  -0.0517826323
       -0.0040193061  -0.0741805362   0.0813282409  -0.0000962945  -0.0198674468
       -0.0024301804  -0.0031327922  -0.0169127372   0.0027452853   0.0009011978
        0.0009621425   0.0004028875  -0.0012583125   0.0002506215  -0.0005869812
       -0.0000275118   0.0000206521   0.0000009162   0.0000203699   0.0000381384
        0.0000017904   0.0000068981   0.0000413797  -0.0000220480   0.0000145274
        0.0000180743   0.0000101549  -0.0000078715   0.0000114997  -0.0000030412
        0.0023973254  -0.0029452846   0.5244144316   0.0018987672  -0.0028268410
       -0.0677012145  -0.0054033838  -0.0138350541  -0.0015745525   0.0009227247
        0.0002333545  -0.0012730652   0.0001716374  -0.0002187322   0.0011387716
       -0.0000452624   0.0000121314   0.0002539877   0.0002037530  -0.0000635411
       -0.0001431507  -0.0000534020   0.0000122825  -0.0000335114  -0.0993112068
       -0.0202307452  -0.0997907607   0.0873596820  -0.0513073065  -0.1037792225
        0.0116295884   0.0810090261  -0.2505693626  -0.0008196846  -0.0154050380
       -0.0003044066   0.0040645233   0.0281698338  -0.0007729394  -0.0000785709
       -0.0012483772   0.0008661098  -0.0029660282  -0.0013730548  -0.0007772094
        0.0000026365  -0.0000043149   0.0000205624   0.0000193860   0.0000388271
       -0.0000025264   0.0000045314  -0.0000105635   0.0000027407   0.0000188064
        0.0000024312   0.0000089722  -0.0000158229  -0.0000090334   0.0000163458
       -0.0684561338  -0.0185636790   0.0018987672   0.4891296840  -0.0241156050
       -0.0366684839  -0.1520377414  -0.0250474367  -0.0548451333  -0.0320296415
       -0.0015148568  -0.0026814395   0.0010515440   0.0010721781  -0.0047497397
       -0.0037822047   0.0008092142   0.0022462865  -0.0009423395   0.0011549623
       -0.0004388974   0.0002091064  -0.0000785564  -0.0000592466  -0.0062274940
       -0.0262254657  -0.0020870676   0.0028255459   0.0230383499   0.0012972360
       -0.0002259476  -0.0030551776   0.0004360013  -0.1767125531   0.0797008578
        0.0864126964  -0.0445948754  -0.0043015820   0.0170624781  -0.0024377569
        0.0005024930  -0.0039295880  -0.0054040072  -0.0035745730  -0.0039477914
       -0.0003055560   0.0000997837   0.0001592094  -0.0000623540   0.0000089983
       -0.0001024181  -0.0000214239   0.0000392285  -0.0000496651   0.0000047997
        0.0000416857   0.0000656751   0.0000193489   0.0000091807  -0.0000188795
       -0.0185772805  -0.2013755955  -0.0028268410  -0.0241156050   0.4756288306
       -0.0089929904  -0.0209733168  -0.0642719374  -0.0100875678   0.0081039386
        0.0020698118   0.0025212877  -0.0002753552  -0.0001405401   0.0015988571
        0.0014614282  -0.0005417394  -0.0013472891   0.0008578723  -0.0007744996
        0.0000572832  -0.0000300954  -0.0000795588   0.0000196859  -0.0034193408
       -0.0089766825  -0.0012741916   0.0004339844  -0.0203378489  -0.0031257239
       -0.0028236751  -0.0169215609   0.0038445457   0.0796883884  -0.0871404047
       -0.0481441678  -0.0047431725  -0.0706790404   0.0762064760   0.0092681204
        0.0023422987   0.0058409327  -0.0249838586  -0.0088660466  -0.0142765160
        0.0001281793  -0.0000352216  -0.0000255003   0.0000116060   0.0000493720
        0.0000124731  -0.0000097226   0.0000371412  -0.0000097489   0.0000121642
        0.0000089179   0.0000030983  -0.0000142594   0.0000043044   0.0000058972
        0.0015258354  -0.0026956716  -0.0677012145  -0.0366684839  -0.0089929904
        0.5224827621  -0.0489486064  -0.0105435758  -0.1001888154   0.0039353375
        0.0067314399   0.0093881971   0.0013150328  -0.0007781942  -0.0008881580
        0.0044303986  -0.0027108269   0.0005853316   0.0002002898  -0.0006639867
        0.0004201921   0.0000489515  -0.0000349025  -0.0000635007  -0.0035314100
       -0.0142887125  -0.0007885518  -0.0014312638  -0.0162129884  -0.0006528927
        0.0042525627   0.0291855244  -0.0011949257   0.0855057376  -0.0480819202
       -0.0972511697   0.0180068906   0.0753822187  -0.2460907994  -0.0235769931
       -0.0037395470  -0.0160399212  -0.0052023713  -0.0024514266  -0.0019903019
        0.0002454846  -0.0001480999  -0.0000933195  -0.0000784625   0.0000136170
        0.0000250166  -0.0000475885   0.0000113070   0.0000190117  -0.0000084898
        0.0000343886   0.0000240229   0.0000271481  -0.0000156529  -0.0000009638
       -0.0087400654  -0.0082771409  -0.0054033838  -0.1520377414  -0.0209733168
       -0.0489486064   0.4423208468  -0.0021847129   0.0098353735  -0.1279395830
        0.0197693993   0.0500452024  -0.0033966422   0.0058487394   0.0148341974
       -0.0454318610   0.0222835544   0.0040019433   0.0012979921   0.0030403679
       -0.0032229002  -0.0002182207  -0.0001383570   0.0000478160   0.0003807672
       -0.0019728416  -0.0002418124   0.0008290363   0.0003953679   0.0003037595
        0.0004512593   0.0007566068   0.0000339434  -0.0266689022  -0.0034672915
       -0.0125122287  -0.0020339224   0.0003660497  -0.0047505411  -0.0424274240
        0.0006921091  -0.0037469337  -0.0346923138  -0.0167496518  -0.0011390140
       -0.0014482439   0.0006001898   0.0007135874  -0.0002401823  -0.0000109142
        0.0000994564   0.0000677645   0.0000811313  -0.0000098183   0.0000729238
        0.0000434832   0.0000095600  -0.0001454875  -0.0001027720   0.0000503993
       -0.0257908082  -0.0116543413  -0.0138350541  -0.0250474367  -0.0642719374
       -0.0105435758  -0.0021847129   0.4941539753  -0.0341804042   0.0182917160
       -0.0771843465  -0.0167322422   0.0032561699   0.0145332059  -0.0020305656
        0.0239675610  -0.0031606255   0.0003494162   0.0015438487   0.0054031525
        0.0021132421   0.0014230559  -0.0004578855  -0.0006346595  -0.0022164968
       -0.0060975532  -0.0009548983  -0.0005457331   0.0013395672   0.0000357723
       -0.0004388882   0.0009157096  -0.0010838020   0.0086785303   0.0020360884
        0.0046242973   0.0081074152   0.0022550019   0.0050957227   0.0023040527
       -0.0879392294   0.0951077420  -0.0109932654  -0.2704906847  -0.0273030168
       -0.0001562843   0.0001230913   0.0000526530  -0.0005583686   0.0003176625
       -0.0000089204  -0.0000115202  -0.0001308558  -0.0000247251   0.0000170943
       -0.0000631802   0.0000563971   0.0003540705   0.0003731849  -0.0001033786
       -0.0037997797  -0.0036289870  -0.0015745525  -0.0548451333  -0.0100875678
       -0.1001888154   0.0098353735  -0.0341804042   0.5153812140   0.0465004995
       -0.0165528041  -0.0930651242   0.0362672336  -0.0115368477  -0.0438601722
       -0.0104308120   0.0041351631   0.0101875450  -0.0019084507   0.0026187560
       -0.0014541877   0.0001333983   0.0000513294  -0.0000840878   0.0001169138
       -0.0002917375   0.0006237579  -0.0002250260   0.0002483153   0.0001236891
        0.0010506586   0.0005926822   0.0010602556   0.0104185773   0.0016827391
        0.0059442647  -0.0266364137  -0.0049020400  -0.0189983136  -0.0055245162
        0.0956767317  -0.2317776361   0.0001045585  -0.0242290641  -0.0425253917
       -0.0008363479   0.0003250786   0.0003547511  -0.0002076841   0.0002393640
       -0.0001729258  -0.0000416084  -0.0001243326  -0.0000909594   0.0000706144
        0.0000023326   0.0000994372  -0.0000420557  -0.0000387069   0.0000172518
        0.0003220057   0.0007897923   0.0009227247  -0.0320296415   0.0081039386
        0.0039353375  -0.1279395830   0.0182917160   0.0465004995   0.4413516587
       -0.0954159504  -0.0722732397  -0.0826274817  -0.0010579895   0.0890493425
       -0.1542881495   0.0450113907  -0.0589781381  -0.0414137306   0.0210728183
       -0.0100634809   0.0015979574   0.0011997081  -0.0014404958   0.0004252858
        0.0003820445   0.0002205165   0.0002324509  -0.0010211710  -0.0000597943
       -0.0000738660  -0.0002427945  -0.0002996031  -0.0033657775  -0.0013333567
       -0.0017722255  -0.0005037797   0.0001118083   0.0004208315   0.0012635237
        0.0011564252   0.0030238672   0.0006469514   0.0034146561   0.0007236033
       -0.0039522376   0.0010475486   0.0012007160   0.0007894277  -0.0005603809
       -0.0015140741  -0.0003382776  -0.0003949586   0.0005457839  -0.0006448044
       -0.0000843475  -0.0000277895   0.0005480678  -0.0004708976  -0.0001143816
       -0.0012522299   0.0003803922   0.0002333545  -0.0015148568   0.0020698118
        0.0067314399   0.0197693993  -0.0771843465  -0.0165528041  -0.0954159504
        0.2350497313  -0.0332787463   0.0015833814  -0.0662126204   0.0185192528
        0.0447700121  -0.0730827412   0.0321269025   0.0184175558  -0.0095100998
        0.0019203321  -0.0020574609   0.0006680868   0.0005278597  -0.0000140975
       -0.0005192007  -0.0001206181  -0.0001096358  -0.0003730820  -0.0006710035
       -0.0001553688  -0.0001348731   0.0003823053  -0.0018738018   0.0004570655
       -0.0009203606   0.0012663466   0.0002937372   0.0004963682  -0.0113878811
        0.0032624559   0.0077032268   0.0241949747  -0.0143921240  -0.0180046842
        0.0040352448  -0.0011579089  -0.0002510913   0.0008192628   0.0012589718
        0.0009531264  -0.0003710226  -0.0002577492   0.0004517577  -0.0001830246
       -0.0002143305  -0.0004491327  -0.0005208475  -0.0004011765   0.0002025148
       -0.0004166466   0.0006673876  -0.0012730652  -0.0026814395   0.0025212877
        0.0093881971   0.0500452024  -0.0167322422  -0.0930651242  -0.0722732397
       -0.0332787463   0.8658170052   0.0697638213   0.0241222602  -0.6255526148
       -0.0672944004   0.0358239349  -0.1460447499  -0.0063938614   0.0038013268
        0.0188217545   0.0025508717  -0.0012536630  -0.0023781236  -0.0005072884
       -0.0006460534  -0.0000790438  -0.0002804372  -0.0013754001   0.0008809402
        0.0004744860   0.0002196473  -0.0006544297  -0.0036290562  -0.0004289598
       -0.0015810448  -0.0020598379   0.0012750469  -0.0005813875   0.0196145069
       -0.0061185469  -0.0193497329   0.0059543250  -0.0051420692  -0.0018470320
        0.0030020691  -0.0020133268  -0.0026023634   0.0024074322  -0.0032642714
        0.0002354837   0.0009180501   0.0011891713   0.0004377272  -0.0006163766
       -0.0000837387  -0.0003434001   0.0014218192   0.0007169551  -0.0002289960
       -0.0002088033  -0.0001462899   0.0001716374   0.0010515440  -0.0002753552
        0.0013150328  -0.0033966422   0.0032561699   0.0362672336  -0.0826274817
        0.0015833814   0.0697638213   0.0895297495  -0.0196272995  -0.0627398369
        0.0006063402   0.0144911472  -0.0460105086   0.0008261924  -0.0009128144
       -0.0037990679  -0.0007366638  -0.0004427490   0.0000916144  -0.0000232532
        0.0000603170  -0.0000687971  -0.0004071165   0.0002018889  -0.0000394033
        0.0000083694   0.0000746180   0.0001918816   0.0004019657   0.0000368326
        0.0001874088   0.0004221240  -0.0003034458   0.0004525069  -0.0047071153
        0.0020910290   0.0041427640  -0.0015909404   0.0002667450   0.0015374642
        0.0006522426  -0.0007689246  -0.0008554641  -0.0001579702  -0.0005463977
       -0.0005350586   0.0000594453   0.0006110019  -0.0000451314   0.0001912336
        0.0001464282  -0.0000965948   0.0001067798   0.0002037170   0.0000684975
       -0.0002275836  -0.0000578751  -0.0002187322   0.0010721781  -0.0001405401
       -0.0007781942   0.0058487394   0.0145332059  -0.0115368477  -0.0010579895
       -0.0662126204   0.0241222602  -0.0196272995   0.0391811438  -0.0457901054
        0.0162581586   0.0149119829   0.0317099571  -0.0017486390  -0.0030087586
        0.0014955929  -0.0006791944   0.0002556037   0.0005152528   0.0000154972
       -0.0000079071  -0.0000216730  -0.0002605533   0.0002284982   0.0000838139
       -0.0000288829   0.0000273659   0.0000617239   0.0002088812  -0.0000155511
        0.0002632031  -0.0004835225  -0.0005321329  -0.0002661389   0.0028917074
        0.0002070785  -0.0016578751  -0.0014461780   0.0009572045   0.0019419655
       -0.0003607936   0.0003721616   0.0000926341  -0.0004411985  -0.0008106617
        0.0001788123   0.0002085590   0.0001354797  -0.0002308910   0.0000464076
        0.0000765709   0.0000566442  -0.0001882935  -0.0001002488  -0.0000214024
        0.0001048510  -0.0002006379   0.0011387716  -0.0047497397   0.0015988571
       -0.0008881580   0.0148341974  -0.0020305656  -0.0438601722   0.0890493425
        0.0185192528  -0.6255526148  -0.0627398369  -0.0457901054   0.7683369379
       -0.0440084478   0.0314506889  -0.0993765221   0.0024492362  -0.0036713195
        0.0004431329  -0.0007871859   0.0005604303   0.0017273432   0.0001687696
        0.0003167925   0.0000940334   0.0002739406   0.0010501690  -0.0002807625
       -0.0002097627  -0.0002063103   0.0000366304   0.0000274916  -0.0001186815
        0.0004434751   0.0005642126  -0.0006313087   0.0011274851   0.0062284068
       -0.0023445711  -0.0042749327  -0.0002462732   0.0007013420  -0.0013185673
        0.0003345471  -0.0000637493   0.0013007089  -0.0004808806   0.0015447001
        0.0008780405  -0.0006660656  -0.0007203081  -0.0001535417   0.0004062977
        0.0002824944   0.0001098688  -0.0005531006  -0.0002471700   0.0000688433
       -0.0000675794  -0.0002064108  -0.0000452624  -0.0037822047   0.0014614282
        0.0044303986  -0.0454318610   0.0239675610  -0.0104308120  -0.1542881495
        0.0447700121  -0.0672944004   0.0006063402   0.0162581586  -0.0440084478
        0.4012873158  -0.1288659233   0.0290235951  -0.1224481862   0.0241736159
        0.0532324456  -0.0396803142   0.0014876867   0.0169976367   0.0000277352
       -0.0000570953  -0.0001395010   0.0002018719   0.0000954097  -0.0002953271
        0.0000185610   0.0000038441   0.0003498756  -0.0022017762  -0.0000465029
       -0.0005727528   0.0010632990   0.0001733648  -0.0000451055   0.0001083423
       -0.0010289543  -0.0007763258  -0.0024991095   0.0017056703   0.0007962461
       -0.0233468597   0.0129017884   0.0058594467  -0.0080034128   0.0069204624
        0.0129085316   0.0018089950   0.0007777822  -0.0005886707   0.0021673682
        0.0014368990  -0.0005859473  -0.0055403752  -0.0059287968   0.0011843768
       -0.0000591110   0.0002220409   0.0000121314   0.0008092142  -0.0005417394
       -0.0027108269   0.0222835544  -0.0031606255   0.0041351631   0.0450113907
       -0.0730827412   0.0358239349   0.0144911472   0.0149119829   0.0314506889
       -0.1288659233   0.1290060663  -0.0407099221   0.0267221090  -0.0625355122
       -0.0169777104  -0.0177094500   0.0097866533   0.0068370460  -0.0000979200
        0.0001493790   0.0000291870   0.0000316781  -0.0001022464   0.0004616808
        0.0002382569   0.0000370508  -0.0002993839   0.0010036086   0.0000244895
        0.0003942700  -0.0005761218   0.0000008208  -0.0000639852   0.0005898024
       -0.0003388893  -0.0001411484   0.0000143693  -0.0000578553  -0.0003471458
        0.0219762691  -0.0083792011  -0.0080618809   0.0169457662  -0.0062936080
       -0.0111592649   0.0003013845   0.0015700072  -0.0003105509   0.0007980071
        0.0013837157   0.0006908295  -0.0039080315  -0.0025997881   0.0009468879
       -0.0000297660  -0.0002541711   0.0002539877   0.0022462865  -0.0013472891
        0.0005853316   0.0040019433   0.0003494162   0.0101875450  -0.0589781381
        0.0321269025  -0.1460447499  -0.0460105086   0.0317099571  -0.0993765221
        0.0290235951  -0.0407099221   0.3538857753   0.0422297640  -0.0148882078
       -0.1075793101   0.0110826936   0.0011528462  -0.0000184024   0.0001593027
       -0.0000419035  -0.0001161817   0.0000065550   0.0001891413  -0.0004198681
       -0.0001553466  -0.0000422785   0.0002467983   0.0002299587   0.0002254766
        0.0002390423   0.0006599168  -0.0000866277  -0.0001332948   0.0000612017
       -0.0011333038   0.0005891461  -0.0000057694  -0.0004029370  -0.0005321595
       -0.0151981119   0.0057938317   0.0080537509   0.0311249755  -0.0133397772
       -0.0201416115  -0.0004349899  -0.0008283002  -0.0003730534  -0.0006653671
        0.0000467851   0.0003088730   0.0006518047   0.0014803616   0.0003849035
        0.0005114389   0.0000839984   0.0002037530  -0.0009423395   0.0008578723
        0.0002002898   0.0012979921   0.0015438487  -0.0019084507  -0.0414137306
        0.0184175558  -0.0063938614   0.0008261924  -0.0017486390   0.0024492362
       -0.1224481862   0.0267221090   0.0422297640   0.3987889955   0.0002723749
        0.0602574063  -0.1032900168  -0.0645088747   0.0014119991   0.0000765340
       -0.0000126410   0.0000770642  -0.0002039396  -0.0000655493  -0.0001411849
       -0.0001641662   0.0000022170  -0.0000412773  -0.0002347420  -0.0001815199
       -0.0003180901  -0.0001393474  -0.0000324624   0.0001968374  -0.0001496880
        0.0001818749  -0.0005231335  -0.0013419893   0.0002145710   0.0003263550
       -0.0645451107   0.0544063845  -0.0587037471  -0.0479920555  -0.0174378166
       -0.0420365302   0.0058883961   0.0059430426   0.0007790044  -0.0054164673
       -0.0067675862  -0.0018321988  -0.0191077698  -0.0178907598   0.0037667647
       -0.0000367603  -0.0001492631  -0.0000635411   0.0011549623  -0.0007744996
       -0.0006639867   0.0030403679   0.0054031525   0.0026187560   0.0210728183
       -0.0095100998   0.0038013268  -0.0009128144  -0.0030087586  -0.0036713195
        0.0241736159  -0.0625355122  -0.0148882078   0.0002723749   0.4787727402
       -0.0235738078  -0.0622346298  -0.1537441392   0.0091601611  -0.0000146394
       -0.0000236061  -0.0000215216  -0.0000745981  -0.0000317761  -0.0000800291
       -0.0000019359  -0.0000166787   0.0000760504   0.0003647658   0.0000995744
        0.0002234311   0.0000279524   0.0000577597  -0.0000827754  -0.0001089113
        0.0001077986   0.0000004671  -0.0008102860   0.0003834956   0.0004434590
        0.0536018307  -0.1457945224   0.1042863484  -0.0184247948  -0.0783376479
       -0.0806361324  -0.0141017719  -0.0220456164   0.0056501279  -0.0120237427
       -0.0147858995  -0.0018257528   0.0050361965   0.0059334988  -0.0007530535
       -0.0000862553  -0.0000141371  -0.0001431507  -0.0004388974   0.0000572832
        0.0004201921  -0.0032229002   0.0021132421  -0.0014541877  -0.0100634809
        0.0019203321   0.0188217545  -0.0037990679   0.0014955929   0.0004431329
        0.0532324456  -0.0169777104  -0.1075793101   0.0602574063  -0.0235738078
        0.5246091444   0.0008902537   0.0085434833  -0.0676501998  -0.0000176028
       -0.0000015991  -0.0000084083  -0.0000318191  -0.0000356482   0.0000425100
        0.0000612844  -0.0000319517   0.0000603124  -0.0002256864   0.0000118077
       -0.0000084862   0.0001207704   0.0000843469  -0.0000188766   0.0002367505
       -0.0001416202   0.0001682065  -0.0000902541   0.0002648310   0.0002902564
       -0.0543406242   0.1020848826  -0.1450625708  -0.0448049963  -0.0777752529
       -0.2203023921   0.0123760575   0.0177392426  -0.0026948329  -0.0170894237
       -0.0225601500   0.0013656882   0.0070360400   0.0067968332  -0.0012987823
        0.0000192893   0.0000110803  -0.0000534020   0.0002091064  -0.0000300954
        0.0000489515  -0.0002182207   0.0014230559   0.0001333983   0.0015979574
       -0.0020574609   0.0025508717  -0.0007366638  -0.0006791944  -0.0007871859
       -0.0396803142  -0.0177094500   0.0110826936  -0.1032900168  -0.0622346298
        0.0008902537   0.5024881646  -0.0380135946   0.0014107284  -0.0000704309
       -0.0000248549  -0.0000200264   0.0000096839   0.0000429197   0.0000372098
        0.0000197307   0.0000139816   0.0000007410  -0.0000831970  -0.0000014472
       -0.0000047787  -0.0000036938  -0.0000151625  -0.0000115004   0.0000188081
        0.0000614266  -0.0001910943  -0.0002541996   0.0000494976   0.0000841799
        0.0050426104   0.0046052178   0.0001371897  -0.0053248264  -0.0088797582
       -0.0015248983  -0.0798788582   0.0612990323  -0.0607659376  -0.0470122597
       -0.0125015445  -0.0279284191  -0.2328526698   0.0746409807   0.0749110250
        0.0001145524  -0.0000806538   0.0000122825  -0.0000785564  -0.0000795588
       -0.0000349025  -0.0001383570  -0.0004578855   0.0000513294   0.0011997081
        0.0006680868  -0.0012536630  -0.0004427490   0.0002556037   0.0005604303
        0.0014876867   0.0097866533   0.0011528462  -0.0645088747  -0.1537441392
        0.0085434833  -0.0380135946   0.4829570083   0.0091508745  -0.0000241012
        0.0000361749   0.0000071058  -0.0000168827   0.0000421951   0.0000374718
        0.0000012547   0.0000282464  -0.0000281289  -0.0000120952   0.0000387697
       -0.0000006270  -0.0000136984   0.0000197711  -0.0000140877   0.0000176897
       -0.0000151379  -0.0000335058   0.0000668435   0.0000001874  -0.0000151436
       -0.0128747250  -0.0199828556   0.0044671647  -0.0110205865  -0.0133778773
       -0.0011689533   0.0626248787  -0.1465793778   0.1025216029  -0.0118539368
       -0.0898528872  -0.0952179407   0.0734855434  -0.0696623238  -0.0287376390
        0.0000340944   0.0000091431  -0.0000335114  -0.0000592466   0.0000196859
       -0.0000635007   0.0000478160  -0.0006346595  -0.0000840878  -0.0014404958
        0.0005278597  -0.0023781236   0.0000916144   0.0005152528   0.0017273432
        0.0169976367   0.0068370460  -0.0000184024   0.0014119991   0.0091601611
       -0.0676501998   0.0014107284   0.0091508745   0.5270667807   0.0000071859
        0.0000134868   0.0000192200   0.0000101083  -0.0000091113   0.0000003262
       -0.0000179788  -0.0000100957   0.0000114340   0.0000134912   0.0000114737
        0.0000114845  -0.0000008061  -0.0000161737   0.0000234195  -0.0000282180
        0.0000166188   0.0001104378   0.0000747667  -0.0000095156   0.0000225455
        0.0106106769   0.0171401351  -0.0021892110  -0.0156108415  -0.0210633435
        0.0009175257  -0.0608125236   0.1014782084  -0.1474411693  -0.0273941660
       -0.0939805128  -0.2379533267   0.0746541582  -0.0291565338  -0.0720989845
       -0.2232069919  -0.0368370988  -0.0993112068  -0.0062274940  -0.0034193408
       -0.0035314100   0.0003807672  -0.0022164968   0.0001169138   0.0004252858
       -0.0000140975  -0.0005072884  -0.0000232532   0.0000154972   0.0001687696
        0.0000277352  -0.0000979200   0.0001593027   0.0000765340  -0.0000146394
       -0.0000176028  -0.0000704309  -0.0000241012   0.0000071859   0.2569789341
        0.0438864198   0.1160414386  -0.0278036285  -0.0021101252  -0.0114677722
       -0.0007335573   0.0006251552  -0.0019547711   0.0005755203   0.0003493008
       -0.0000083731  -0.0000969565   0.0000568667   0.0002299702   0.0001350019
        0.0000215514   0.0003247138  -0.0005104515  -0.0002365149  -0.0002387828
        0.0000133455  -0.0000013137   0.0000072370   0.0000344549   0.0000080239
       -0.0000122665   0.0000146859   0.0000033430  -0.0000134723   0.0000198128
        0.0000021044   0.0000037041  -0.0000093138   0.0000033857   0.0000037103
       -0.0362717562  -0.0491496775  -0.0202307452  -0.0262254657  -0.0089766825
       -0.0142887125  -0.0019728416  -0.0060975532  -0.0002917375   0.0003820445
       -0.0005192007  -0.0006460534   0.0000603170  -0.0000079071   0.0003167925
       -0.0000570953   0.0001493790  -0.0000419035  -0.0000126410  -0.0000236061
       -0.0000015991  -0.0000248549   0.0000361749   0.0000134868   0.0438864198
        0.0592322192   0.0242384101   0.0126879979   0.0026201005   0.0060632569
        0.0094834685   0.0023397615   0.0058814041  -0.0003460558   0.0005884024
       -0.0002451733  -0.0003039972   0.0005455196  -0.0001723247   0.0001866002
       -0.0001216946   0.0001445507  -0.0014888723  -0.0006032570  -0.0007446534
       -0.0000022367   0.0000025974  -0.0000089517  -0.0000104040  -0.0000118080
        0.0000206562   0.0000147401  -0.0000097898  -0.0000098757   0.0000140833
       -0.0000024791   0.0000010621   0.0000005492   0.0000095011   0.0000021105
       -0.0993289227  -0.0206020335  -0.0997907607  -0.0020870676  -0.0012741916
       -0.0007885518  -0.0002418124  -0.0009548983   0.0006237579   0.0002205165
       -0.0001206181  -0.0000790438  -0.0000687971  -0.0000216730   0.0000940334
       -0.0001395010   0.0000291870  -0.0001161817   0.0000770642  -0.0000215216
       -0.0000084083  -0.0000200264   0.0000071058   0.0000192200   0.1160414386
        0.0242384101   0.1118358369   0.0137097313   0.0020432302   0.0071662684
       -0.0283341468  -0.0034225055  -0.0194185013  -0.0001317818  -0.0001650436
       -0.0002000242   0.0003317736   0.0003137250   0.0003619874   0.0001799652
        0.0000554020   0.0002058388  -0.0002059162  -0.0001071118   0.0000819732
        0.0000026274   0.0000082288   0.0000001773  -0.0000147348  -0.0000022855
        0.0000172094   0.0000067313  -0.0000055324  -0.0000015867   0.0000118893
       -0.0000008745  -0.0000074624  -0.0000090306   0.0000030004   0.0000042182
       -0.1768901563   0.0788512846   0.0873596820   0.0028255459   0.0004339844
       -0.0014312638   0.0008290363  -0.0005457331  -0.0002250260   0.0002324509
       -0.0001096358  -0.0002804372  -0.0004071165  -0.0002605533   0.0002739406
        0.0002018719   0.0000316781   0.0000065550  -0.0002039396  -0.0000745981
       -0.0000318191   0.0000096839  -0.0000168827   0.0000101083  -0.0278036285
        0.0126879979   0.0137097313   0.2034334465  -0.0918362973  -0.1024889111
       -0.0030385829   0.0011236090   0.0035434627   0.0009276573  -0.0004940996
       -0.0003088987   0.0000773958   0.0001252872  -0.0002851345  -0.0000627864
        0.0000592963   0.0000428960  -0.0001107830  -0.0000702599   0.0000253455
        0.0000162930   0.0000154875   0.0000047364  -0.0000652254   0.0000258258
        0.0000612360  -0.0000039959   0.0000068218   0.0000046643   0.0000151756
        0.0000338617   0.0000102064   0.0000176578   0.0000129254  -0.0000010744
        0.0783398237  -0.0883892861  -0.0513073065   0.0230383499  -0.0203378489
       -0.0162129884   0.0003953679   0.0013395672   0.0002483153  -0.0010211710
       -0.0003730820  -0.0013754001   0.0002018889   0.0002284982   0.0010501690
        0.0000954097  -0.0001022464   0.0001891413  -0.0000655493  -0.0000317761
       -0.0000356482   0.0000429197   0.0000421951  -0.0000091113  -0.0021101252
        0.0026201005   0.0020432302  -0.0918362973   0.1065726423   0.0612008901
       -0.0073392590   0.0050933631   0.0050320500  -0.0004396167  -0.0076240617
       -0.0006833938   0.0004980191   0.0008167232  -0.0002955799   0.0000428049
       -0.0000900089  -0.0000573177   0.0001310405   0.0002909697   0.0001860236
        0.0000595085  -0.0000158142   0.0000142517  -0.0000283710   0.0000239045
        0.0000005832  -0.0000208337  -0.0000509235   0.0000176847  -0.0000052461
       -0.0000161490  -0.0000047587   0.0000213365   0.0000032330  -0.0000008344
        0.0875909650  -0.0517826323  -0.1037792225   0.0012972360  -0.0031257239
       -0.0006528927   0.0003037595   0.0000357723   0.0001236891  -0.0000597943
       -0.0006710035   0.0008809402  -0.0000394033   0.0000838139  -0.0002807625
       -0.0002953271   0.0004616808  -0.0004198681  -0.0001411849  -0.0000800291
        0.0000425100   0.0000372098   0.0000374718   0.0000003262  -0.0114677722
        0.0060632569   0.0071662684  -0.1024889111   0.0612008901   0.1160674881
        0.0256133353  -0.0123140396  -0.0202533551  -0.0001059932  -0.0006104794
        0.0009654118  -0.0004863291   0.0006096945   0.0005287541   0.0001910574
       -0.0000602468  -0.0003296152   0.0000239619   0.0001771844  -0.0000462685
       -0.0000165322  -0.0000059722  -0.0000442689   0.0000271474  -0.0000303998
        0.0000466818   0.0000037724   0.0000076067   0.0000041409  -0.0000036233
       -0.0000082210  -0.0000165075   0.0000164260   0.0000113762  -0.0000034495
       -0.0452579442  -0.0040193061   0.0116295884  -0.0002259476  -0.0028236751
        0.0042525627   0.0004512593  -0.0004388882   0.0010506586  -0.0000738660
       -0.0001553688   0.0004744860   0.0000083694  -0.0000288829  -0.0002097627
        0.0000185610   0.0002382569  -0.0001553466  -0.0001641662  -0.0000019359
        0.0000612844   0.0000197307   0.0000012547  -0.0000179788  -0.0007335573
        0.0094834685  -0.0283341468  -0.0030385829  -0.0073392590   0.0256133353
        0.0484731811   0.0059417344  -0.0134653762   0.0001043718   0.0005325408
       -0.0004206484   0.0005227123  -0.0011849988   0.0000368593  -0.0001325484
       -0.0003129555  -0.0003958422  -0.0000243174   0.0001110245  -0.0000867183
       -0.0000078885  -0.0000090422  -0.0000188793   0.0000406585  -0.0000153447
       -0.0000063681   0.0000025060   0.0000145943  -0.0000033036  -0.0000043798
       -0.0000004776   0.0000010374   0.0000218483   0.0000072604  -0.0000054411
       -0.0038710073  -0.0741805362   0.0810090261  -0.0030551776  -0.0169215609
        0.0291855244   0.0007566068   0.0009157096   0.0005926822  -0.0002427945
       -0.0001348731   0.0002196473   0.0000746180   0.0000273659  -0.0002063103
        0.0000038441   0.0000370508  -0.0000422785   0.0000022170  -0.0000166787
       -0.0000319517   0.0000139816   0.0000282464  -0.0000100957   0.0006251552
        0.0023397615  -0.0034225055   0.0011236090   0.0050933631  -0.0123140396
        0.0059417344   0.0891973229  -0.0955851619   0.0000103516   0.0006915348
        0.0005694724  -0.0011457526  -0.0072661159   0.0005176123  -0.0005162394
       -0.0000139988  -0.0004946473   0.0002347719   0.0002398246   0.0000195650
        0.0000254361   0.0000004540  -0.0000091969   0.0000083249  -0.0000157814
       -0.0000030768   0.0000053937  -0.0000202943   0.0000121849  -0.0000037364
       -0.0000051360  -0.0000058155   0.0000086637   0.0000043417  -0.0000006348
        0.0116742026   0.0813282409  -0.2505693626   0.0004360013   0.0038445457
       -0.0011949257   0.0000339434  -0.0010838020   0.0010602556  -0.0002996031
        0.0003823053  -0.0006544297   0.0001918816   0.0000617239   0.0000366304
        0.0003498756  -0.0002993839   0.0002467983  -0.0000412773   0.0000760504
        0.0000603124   0.0000007410  -0.0000281289   0.0000114340  -0.0019547711
        0.0058814041  -0.0194185013   0.0035434627   0.0050320500  -0.0202533551
       -0.0134653762  -0.0955851619   0.2890383803  -0.0002383211  -0.0002463569
        0.0004721877  -0.0003078505   0.0007018916   0.0009770162   0.0002241789
        0.0001098723   0.0002541929  -0.0000977281  -0.0001840167  -0.0000518545
        0.0000050247  -0.0000009683   0.0000225526  -0.0000318066   0.0000126712
       -0.0000314791  -0.0000132094   0.0000002699  -0.0000113659  -0.0000070076
        0.0000016174   0.0000132290  -0.0000023608  -0.0000048239  -0.0000077154
        0.0025616273  -0.0000962945  -0.0008196846  -0.1767125531   0.0796883884
        0.0855057376  -0.0266689022   0.0086785303   0.0104185773  -0.0033657775
       -0.0018738018  -0.0036290562   0.0004019657   0.0002088812   0.0000274916
       -0.0022017762   0.0010036086   0.0002299587  -0.0002347420   0.0003647658
       -0.0002256864  -0.0000831970  -0.0000120952   0.0000134912   0.0005755203
       -0.0003460558  -0.0001317818   0.0009276573  -0.0004396167  -0.0001059932
        0.0001043718   0.0000103516  -0.0002383211   0.2073812750  -0.0895368148
       -0.0966806378  -0.0032805553   0.0018283817   0.0047913523   0.0002737666
        0.0002863404   0.0002668538   0.0003316304   0.0001682160   0.0005506748
       -0.0001232310   0.0000605691   0.0000462010   0.0000470820  -0.0000225131
       -0.0000101117   0.0000412031   0.0000181319  -0.0000192225   0.0000292116
        0.0000023371   0.0000023534  -0.0000045766   0.0000086896   0.0000078035
        0.0219393698  -0.0198674468  -0.0154050380   0.0797008578  -0.0871404047
       -0.0480819202  -0.0034672915   0.0020360884   0.0016827391  -0.0013333567
        0.0004570655  -0.0004289598   0.0000368326  -0.0000155511  -0.0001186815
       -0.0000465029   0.0000244895   0.0002254766  -0.0001815199   0.0000995744
        0.0000118077  -0.0000014472   0.0000387697   0.0000114737   0.0003493008
        0.0005884024  -0.0001650436  -0.0004940996  -0.0076240617  -0.0006104794
        0.0005325408   0.0006915348  -0.0002463569  -0.0895368148   0.1054439413
        0.0580723623  -0.0068043815   0.0048762948   0.0048581418   0.0002479883
       -0.0001036565   0.0000592541  -0.0008756483   0.0005333470   0.0001406523
       -0.0000337831  -0.0000035796  -0.0000065762  -0.0000274666  -0.0000303110
        0.0000038570   0.0000057465  -0.0000016966  -0.0000092023  -0.0000008802
        0.0000042616   0.0000090248  -0.0000094443  -0.0000070614  -0.0000025314
        0.0012919145  -0.0024301804  -0.0003044066   0.0864126964  -0.0481441678
       -0.0972511697  -0.0125122287   0.0046242973   0.0059442647  -0.0017722255
       -0.0009203606  -0.0015810448   0.0001874088   0.0002632031   0.0004434751
       -0.0005727528   0.0003942700   0.0002390423  -0.0003180901   0.0002234311
       -0.0000084862  -0.0000047787  -0.0000006270   0.0000114845  -0.0000083731
       -0.0002451733  -0.0002000242  -0.0003088987  -0.0006833938   0.0009654118
       -0.0004206484   0.0005694724   0.0004721877  -0.0966806378   0.0580723623
        0.1097959624   0.0248768216  -0.0121491791  -0.0192390293  -0.0002897458
        0.0000994390   0.0002659095   0.0001701085   0.0003007488   0.0004244117
       -0.0000431628   0.0000167173   0.0000328540  -0.0000190455   0.0000030173
       -0.0000057868  -0.0000051870  -0.0000045998  -0.0000190373   0.0000123320
        0.0000073053   0.0000165473   0.0000044930   0.0000034180  -0.0000025663
        0.0003472975  -0.0031327922   0.0040645233  -0.0445948754  -0.0047431725
        0.0180068906  -0.0020339224   0.0081074152  -0.0266364137  -0.0005037797
        0.0012663466  -0.0020598379   0.0004221240  -0.0004835225   0.0005642126
        0.0010632990  -0.0005761218   0.0006599168  -0.0001393474   0.0000279524
        0.0001207704  -0.0000036938  -0.0000136984  -0.0000008061  -0.0000969565
       -0.0003039972   0.0003317736   0.0000773958   0.0004980191  -0.0004863291
        0.0005227123  -0.0011457526  -0.0003078505  -0.0032805553  -0.0068043815
        0.0248768216   0.0524428098   0.0078667583  -0.0157443114  -0.0046515131
       -0.0007024847  -0.0034608866   0.0004011010   0.0001596531   0.0000621739
        0.0000567368  -0.0000360106   0.0000104731  -0.0000323904   0.0000270945
       -0.0000079946  -0.0000382928  -0.0000169414  -0.0000076009   0.0000153098
        0.0000064149   0.0000156330   0.0000265409  -0.0000007787  -0.0000011581
       -0.0035456401  -0.0169127372   0.0281698338  -0.0043015820  -0.0706790404
        0.0753822187   0.0003660497   0.0022550019  -0.0049020400   0.0001118083
        0.0002937372   0.0012750469  -0.0003034458  -0.0005321329  -0.0006313087
        0.0001733648   0.0000008208  -0.0000866277  -0.0000324624   0.0000577597
        0.0000843469  -0.0000151625   0.0000197711  -0.0000161737   0.0000568667
        0.0005455196   0.0003137250   0.0001252872   0.0008167232   0.0006096945
       -0.0011849988  -0.0072661159   0.0007018916   0.0018283817   0.0048762948
       -0.0121491791   0.0078667583   0.0859953081  -0.0879178100  -0.0010390067
        0.0003764006  -0.0003515090  -0.0000916194   0.0001855803  -0.0004708573
       -0.0000118563  -0.0000159202  -0.0000140452   0.0000052744  -0.0000177317
       -0.0000000385   0.0000017777   0.0000133961  -0.0000006567  -0.0000067640
       -0.0000033905  -0.0000007938  -0.0000030307  -0.0000092444   0.0000042824
        0.0005776234   0.0027452853  -0.0007729394   0.0170624781   0.0762064760
       -0.2460907994  -0.0047505411   0.0050957227  -0.0189983136   0.0004208315
        0.0004963682  -0.0005813875   0.0004525069  -0.0002661389   0.0011274851
       -0.0000451055  -0.0000639852  -0.0001332948   0.0001968374  -0.0000827754
       -0.0000188766  -0.0000115004  -0.0000140877   0.0000234195   0.0002299702
       -0.0001723247   0.0003619874  -0.0002851345  -0.0002955799   0.0005287541
        0.0000368593   0.0005176123   0.0009770162   0.0047913523   0.0048581418
       -0.0192390293  -0.0157443114  -0.0879178100   0.2845491580  -0.0031303126
       -0.0010438909  -0.0016674437   0.0001461145  -0.0000530981  -0.0001024560
        0.0000411450  -0.0000081719   0.0000033096   0.0000017502   0.0000160681
        0.0000372067  -0.0000169122  -0.0000157791   0.0000131912   0.0000168495
       -0.0000048652  -0.0000209396   0.0000094992   0.0000028327   0.0000039520
        0.0007972229   0.0009011978  -0.0000785709  -0.0024377569   0.0092681204
       -0.0235769931  -0.0424274240   0.0023040527  -0.0055245162   0.0012635237
       -0.0113878811   0.0196145069  -0.0047071153   0.0028917074   0.0062284068
        0.0001083423   0.0005898024   0.0000612017  -0.0001496880  -0.0001089113
        0.0002367505   0.0000188081   0.0000176897  -0.0000282180   0.0001350019
        0.0001866002   0.0001799652  -0.0000627864   0.0000428049   0.0001910574
       -0.0001325484  -0.0005162394   0.0002241789   0.0002737666   0.0002479883
       -0.0002897458  -0.0046515131  -0.0010390067  -0.0031303126   0.0500666134
       -0.0023809401   0.0047012598   0.0016285310  -0.0009559760   0.0014172286
        0.0000539775  -0.0000020297  -0.0000430776   0.0001508194  -0.0000953619
       -0.0001366772   0.0000629265   0.0000361669  -0.0000081985  -0.0000388378
       -0.0000285424  -0.0000085197   0.0000481367   0.0000287577  -0.0000297262
       -0.0002249923   0.0009621425  -0.0012483772   0.0005024930   0.0023422987
       -0.0037395470   0.0006921091  -0.0879392294   0.0956767317   0.0011564252
        0.0032624559  -0.0061185469   0.0020910290   0.0002070785  -0.0023445711
       -0.0010289543  -0.0003388893  -0.0011333038   0.0001818749   0.0001077986
       -0.0001416202   0.0000614266  -0.0000151379   0.0000166188   0.0000215514
       -0.0001216946   0.0000554020   0.0000592963  -0.0000900089  -0.0000602468
       -0.0003129555  -0.0000139988   0.0001098723   0.0002863404  -0.0001036565
        0.0000994390  -0.0007024847   0.0003764006  -0.0010438909  -0.0023809401
        0.0997647304  -0.1084801992  -0.0004398202  -0.0183529648   0.0284166300
        0.0000346238   0.0000197010  -0.0000009438   0.0000264735  -0.0000199952
       -0.0000407085   0.0000103631  -0.0000253951   0.0000091451  -0.0000454470
       -0.0000190754  -0.0000163072   0.0000115878  -0.0000025603  -0.0000155763
        0.0008779101   0.0004028875   0.0008661098  -0.0039295880   0.0058409327
       -0.0160399212  -0.0037469337   0.0951077420  -0.2317776361   0.0030238672
        0.0077032268  -0.0193497329   0.0041427640  -0.0016578751  -0.0042749327
       -0.0007763258  -0.0001411484   0.0005891461  -0.0005231335   0.0000004671
        0.0001682065  -0.0001910943  -0.0000335058   0.0001104378   0.0003247138
        0.0001445507   0.0002058388   0.0000428960  -0.0000573177  -0.0003296152
       -0.0003958422  -0.0004946473   0.0002541929   0.0002668538   0.0000592541
        0.0002659095  -0.0034608866  -0.0003515090  -0.0016674437   0.0047012598
       -0.1084801992   0.2697931045  -0.0000210259   0.0018607366   0.0010295680
       -0.0000972652   0.0000448042   0.0000840055  -0.0001225837   0.0000820650
        0.0000570792  -0.0000489603  -0.0000013087  -0.0000393659   0.0000138170
        0.0000148113   0.0000353654  -0.0000804425  -0.0000439667   0.0000196839
       -0.0041959920  -0.0012583125  -0.0029660282  -0.0054040072  -0.0249838586
       -0.0052023713  -0.0346923138  -0.0109932654   0.0001045585   0.0006469514
        0.0241949747   0.0059543250  -0.0015909404  -0.0014461780  -0.0002462732
       -0.0024991095   0.0000143693  -0.0000057694  -0.0013419893  -0.0008102860
       -0.0000902541  -0.0002541996   0.0000668435   0.0000747667  -0.0005104515
       -0.0014888723  -0.0002059162  -0.0001107830   0.0001310405   0.0000239619
       -0.0000243174   0.0002347719  -0.0000977281   0.0003316304  -0.0008756483
        0.0001701085   0.0004011010  -0.0000916194   0.0001461145   0.0016285310
       -0.0004398202  -0.0000210259   0.0474557415   0.0179535864   0.0024132134
        0.0001098727  -0.0000640504  -0.0000064856   0.0001756608  -0.0000887462
       -0.0000917299  -0.0000356019   0.0000384939   0.0000976946  -0.0000709702
        0.0000251424  -0.0000604777  -0.0000188128  -0.0001185652   0.0000093166
       -0.0022774025   0.0002506215  -0.0013730548  -0.0035745730  -0.0088660466
       -0.0024514266  -0.0167496518  -0.2704906847  -0.0242290641   0.0034146561
       -0.0143921240  -0.0051420692   0.0002667450   0.0009572045   0.0007013420
        0.0017056703  -0.0000578553  -0.0004029370   0.0002145710   0.0003834956
        0.0002648310   0.0000494976   0.0000001874  -0.0000095156  -0.0002365149
       -0.0006032570  -0.0001071118  -0.0000702599   0.0002909697   0.0001771844
        0.0001110245   0.0002398246  -0.0001840167   0.0001682160   0.0005333470
        0.0003007488   0.0001596531   0.0001855803  -0.0000530981  -0.0009559760
       -0.0183529648   0.0018607366   0.0179535864   0.3097896080   0.0305717905
       -0.0000989189   0.0000262474  -0.0000149570  -0.0001516441   0.0000297254
        0.0001024525   0.0000442580   0.0000093850  -0.0000647222   0.0000495555
        0.0000114436   0.0000470357  -0.0000224923   0.0000552922   0.0000058516
       -0.0024147689  -0.0005869812  -0.0007772094  -0.0039477914  -0.0142765160
       -0.0019903019  -0.0011390140  -0.0273030168  -0.0425253917   0.0007236033
       -0.0180046842  -0.0018470320   0.0015374642   0.0019419655  -0.0013185673
        0.0007962461  -0.0003471458  -0.0005321595   0.0003263550   0.0004434590
        0.0002902564   0.0000841799  -0.0000151436   0.0000225455  -0.0002387828
       -0.0007446534   0.0000819732   0.0000253455   0.0001860236  -0.0000462685
       -0.0000867183   0.0000195650  -0.0000518545   0.0005506748   0.0001406523
        0.0004244117   0.0000621739  -0.0004708573  -0.0001024560   0.0014172286
        0.0284166300   0.0010295680   0.0024132134   0.0305717905   0.0473897107
       -0.0000151422   0.0000232216  -0.0000068421  -0.0001036508   0.0000207495
        0.0000010374   0.0000346173  -0.0000376511  -0.0000326275  -0.0000271098
       -0.0000066283   0.0000162699   0.0000018760   0.0000292206  -0.0000250625
       -0.0000314958  -0.0000275118   0.0000026365  -0.0003055560   0.0001281793
        0.0002454846  -0.0014482439  -0.0001562843  -0.0008363479  -0.0039522376
        0.0040352448   0.0030020691   0.0006522426  -0.0003607936   0.0003345471
       -0.0233468597   0.0219762691  -0.0151981119  -0.0645451107   0.0536018307
       -0.0543406242   0.0050426104  -0.0128747250   0.0106106769   0.0000133455
       -0.0000022367   0.0000026274   0.0000162930   0.0000595085  -0.0000165322
       -0.0000078885   0.0000254361   0.0000050247  -0.0001232310  -0.0000337831
       -0.0000431628   0.0000567368  -0.0000118563   0.0000411450   0.0000539775
        0.0000346238  -0.0000972652   0.0001098727  -0.0000989189  -0.0000151422
        0.0899433600  -0.0665574806   0.0617354053  -0.0011997732   0.0042001125
       -0.0065592361  -0.0017575493  -0.0037492093   0.0005505959   0.0004923294
        0.0001883194   0.0003602157   0.0003371777  -0.0003767246   0.0002159942
       -0.0000195895   0.0000206521  -0.0000043149   0.0000997837  -0.0000352216
       -0.0001480999   0.0006001898   0.0001230913   0.0003250786   0.0010475486
       -0.0011579089  -0.0020133268  -0.0007689246   0.0003721616  -0.0000637493
        0.0129017884  -0.0083792011   0.0057938317   0.0544063845  -0.1457945224
        0.1020848826   0.0046052178  -0.0199828556   0.0171401351  -0.0000013137
        0.0000025974   0.0000082288   0.0000154875  -0.0000158142  -0.0000059722
       -0.0000090422   0.0000004540  -0.0000009683   0.0000605691  -0.0000035796
        0.0000167173  -0.0000360106  -0.0000159202  -0.0000081719  -0.0000020297
        0.0000197010   0.0000448042  -0.0000640504   0.0000262474   0.0000232216
       -0.0665574806   0.1709320906  -0.1180592561  -0.0036773006   0.0073172279
       -0.0061411458  -0.0036755383  -0.0043036774   0.0007678640   0.0006567531
        0.0003239681   0.0002707055   0.0004175576   0.0005505094  -0.0000304639
        0.0000016457   0.0000009162   0.0000205624   0.0001592094  -0.0000255003
       -0.0000933195   0.0007135874   0.0000526530   0.0003547511   0.0012007160
       -0.0002510913  -0.0026023634  -0.0008554641   0.0000926341   0.0013007089
        0.0058594467  -0.0080618809   0.0080537509  -0.0587037471   0.1042863484
       -0.1450625708   0.0001371897   0.0044671647  -0.0021892110   0.0000072370
       -0.0000089517   0.0000001773   0.0000047364   0.0000142517  -0.0000442689
       -0.0000188793  -0.0000091969   0.0000225526   0.0000462010  -0.0000065762
        0.0000328540   0.0000104731  -0.0000140452   0.0000033096  -0.0000430776
       -0.0000009438   0.0000840055  -0.0000064856  -0.0000149570  -0.0000068421
        0.0617354053  -0.1180592561   0.1598042746  -0.0110743590   0.0176163660
       -0.0211725212   0.0008583403   0.0007278969   0.0009646331  -0.0001572743
       -0.0008628388   0.0005830055   0.0001250989   0.0000570071  -0.0000534886
       -0.0000553437   0.0000203699   0.0000193860  -0.0000623540   0.0000116060
       -0.0000784625  -0.0002401823  -0.0005583686  -0.0002076841   0.0007894277
        0.0008192628   0.0024074322  -0.0001579702  -0.0004411985  -0.0004808806
       -0.0080034128   0.0169457662   0.0311249755  -0.0479920555  -0.0184247948
       -0.0448049963  -0.0053248264  -0.0110205865  -0.0156108415   0.0000344549
       -0.0000104040  -0.0000147348  -0.0000652254  -0.0000283710   0.0000271474
        0.0000406585   0.0000083249  -0.0000318066   0.0000470820  -0.0000274666
       -0.0000190455  -0.0000323904   0.0000052744   0.0000017502   0.0001508194
        0.0000264735  -0.0001225837   0.0001756608  -0.0001516441  -0.0001036508
       -0.0011997732  -0.0036773006  -0.0110743590   0.0635244570   0.0197148383
        0.0389363156   0.0005668433   0.0007592286  -0.0001243854  -0.0021841270
       -0.0038083829   0.0004656686  -0.0000117428  -0.0001626269  -0.0003092445
       -0.0000537328   0.0000381384   0.0000388271   0.0000089983   0.0000493720
        0.0000136170  -0.0000109142   0.0003176625   0.0002393640  -0.0005603809
        0.0012589718  -0.0032642714  -0.0005463977  -0.0008106617   0.0015447001
        0.0069204624  -0.0062936080  -0.0133397772  -0.0174378166  -0.0783376479
       -0.0777752529  -0.0088797582  -0.0133778773  -0.0210633435   0.0000080239
       -0.0000118080  -0.0000022855   0.0000258258   0.0000239045  -0.0000303998
       -0.0000153447  -0.0000157814   0.0000126712  -0.0000225131  -0.0000303110
        0.0000030173   0.0000270945  -0.0000177317   0.0000160681  -0.0000953619
       -0.0000199952   0.0000820650  -0.0000887462   0.0000297254   0.0000207495
        0.0042001125   0.0073172279   0.0176163660   0.0197148383   0.0932680008
        0.0967657568   0.0003587418   0.0003539204  -0.0007520914  -0.0038843042
       -0.0041579849  -0.0000088632   0.0003311727   0.0004164832  -0.0001169171
        0.0000085339   0.0000017904  -0.0000025264  -0.0001024181   0.0000124731
        0.0000250166   0.0000994564  -0.0000089204  -0.0001729258  -0.0015140741
        0.0009531264   0.0002354837  -0.0005350586   0.0001788123   0.0008780405
        0.0129085316  -0.0111592649  -0.0201416115  -0.0420365302  -0.0806361324
       -0.2203023921  -0.0015248983  -0.0011689533   0.0009175257  -0.0000122665
        0.0000206562   0.0000172094   0.0000612360   0.0000005832   0.0000466818
       -0.0000063681  -0.0000030768  -0.0000314791  -0.0000101117   0.0000038570
       -0.0000057868  -0.0000079946  -0.0000000385   0.0000372067  -0.0001366772
       -0.0000407085   0.0000570792  -0.0000917299   0.0001024525   0.0000010374
       -0.0065592361  -0.0061411458  -0.0211725212   0.0389363156   0.0967657568
        0.2576441529   0.0004803961   0.0004980891   0.0006899900   0.0001610681
        0.0003791312   0.0010896294  -0.0001181742   0.0002415125   0.0001901898
        0.0000069661   0.0000068981   0.0000045314  -0.0000214239  -0.0000097226
       -0.0000475885   0.0000677645  -0.0000115202  -0.0000416084  -0.0003382776
       -0.0003710226   0.0009180501   0.0000594453   0.0002085590  -0.0006660656
        0.0018089950   0.0003013845  -0.0004349899   0.0058883961  -0.0141017719
        0.0123760575  -0.0798788582   0.0626248787  -0.0608125236   0.0000146859
        0.0000147401   0.0000067313  -0.0000039959  -0.0000208337   0.0000037724
        0.0000025060   0.0000053937  -0.0000132094   0.0000412031   0.0000057465
       -0.0000051870  -0.0000382928   0.0000017777  -0.0000169122   0.0000629265
        0.0000103631  -0.0000489603  -0.0000356019   0.0000442580   0.0000346173
       -0.0017575493  -0.0036755383   0.0008583403   0.0005668433   0.0003587418
        0.0004803961   0.0893699864  -0.0690192308   0.0698825226  -0.0015351425
        0.0029455096  -0.0041082883  -0.0142805762   0.0206813892  -0.0183696859
       -0.0000209712   0.0000413797  -0.0000105635   0.0000392285   0.0000371412
        0.0000113070   0.0000811313  -0.0001308558  -0.0001243326  -0.0003949586
       -0.0002577492   0.0011891713   0.0006110019   0.0001354797  -0.0007203081
        0.0007777822   0.0015700072  -0.0008283002   0.0059430426  -0.0220456164
        0.0177392426   0.0612990323  -0.1465793778   0.1014782084   0.0000033430
       -0.0000097898  -0.0000055324   0.0000068218  -0.0000509235   0.0000076067
        0.0000145943  -0.0000202943   0.0000002699   0.0000181319  -0.0000016966
       -0.0000045998  -0.0000169414   0.0000133961  -0.0000157791   0.0000361669
       -0.0000253951  -0.0000013087   0.0000384939   0.0000093850  -0.0000376511
       -0.0037492093  -0.0043036774   0.0007278969   0.0007592286   0.0003539204
        0.0004980891  -0.0690192308   0.1715888079  -0.1201750411  -0.0043378816
        0.0082949742  -0.0076091668   0.0079111937  -0.0086191156   0.0078807913
       -0.0000231238  -0.0000220480   0.0000027407  -0.0000496651  -0.0000097489
        0.0000190117  -0.0000098183  -0.0000247251  -0.0000909594   0.0005457839
        0.0004517577   0.0004377272  -0.0000451314  -0.0002308910  -0.0001535417
       -0.0005886707  -0.0003105509  -0.0003730534   0.0007790044   0.0056501279
       -0.0026948329  -0.0607659376   0.1025216029  -0.1474411693  -0.0000134723
       -0.0000098757  -0.0000015867   0.0000046643   0.0000176847   0.0000041409
       -0.0000033036   0.0000121849  -0.0000113659  -0.0000192225  -0.0000092023
       -0.0000190373  -0.0000076009  -0.0000006567   0.0000131912  -0.0000081985
        0.0000091451  -0.0000393659   0.0000976946  -0.0000647222  -0.0000326275
        0.0005505959   0.0007678640   0.0009646331  -0.0001243854  -0.0007520914
        0.0006899900   0.0698825226  -0.1201750411   0.1661471288  -0.0135853143
        0.0182033337  -0.0238720927   0.0033835787  -0.0060241476   0.0064510690
       -0.0000009988   0.0000145274   0.0000188064   0.0000047997   0.0000121642
       -0.0000084898   0.0000729238   0.0000170943   0.0000706144  -0.0006448044
       -0.0001830246  -0.0006163766   0.0001912336   0.0000464076   0.0004062977
        0.0021673682   0.0007980071  -0.0006653671  -0.0054164673  -0.0120237427
       -0.0170894237  -0.0470122597  -0.0118539368  -0.0273941660   0.0000198128
        0.0000140833   0.0000118893   0.0000151756  -0.0000052461  -0.0000036233
       -0.0000043798  -0.0000037364  -0.0000070076   0.0000292116  -0.0000008802
        0.0000123320   0.0000153098  -0.0000067640   0.0000168495  -0.0000388378
       -0.0000454470   0.0000138170  -0.0000709702   0.0000495555  -0.0000271098
        0.0004923294   0.0006567531  -0.0001572743  -0.0021841270  -0.0038843042
        0.0001610681  -0.0015351425  -0.0043378816  -0.0135853143   0.0518987542
        0.0177487133   0.0330158422   0.0020010689   0.0129876579   0.0258266358
       -0.0000306014   0.0000180743   0.0000024312   0.0000416857   0.0000089179
        0.0000343886   0.0000434832  -0.0000631802   0.0000023326  -0.0000843475
       -0.0002143305  -0.0000837387   0.0001464282   0.0000765709   0.0002824944
        0.0014368990   0.0013837157   0.0000467851  -0.0067675862  -0.0147858995
       -0.0225601500  -0.0125015445  -0.0898528872  -0.0939805128   0.0000021044
       -0.0000024791  -0.0000008745   0.0000338617  -0.0000161490  -0.0000082210
       -0.0000004776  -0.0000051360   0.0000016174   0.0000023371   0.0000042616
        0.0000073053   0.0000064149  -0.0000033905  -0.0000048652  -0.0000285424
       -0.0000190754   0.0000148113   0.0000251424   0.0000114436  -0.0000066283
        0.0001883194   0.0003239681  -0.0008628388  -0.0038083829  -0.0041579849
        0.0003791312   0.0029455096   0.0082949742   0.0182033337   0.0177487133
        0.1042546356   0.1106213907   0.0006005836  -0.0052560495  -0.0120881924
        0.0000093982   0.0000101549   0.0000089722   0.0000656751   0.0000030983
        0.0000240229   0.0000095600   0.0000563971   0.0000994372  -0.0000277895
       -0.0004491327  -0.0003434001  -0.0000965948   0.0000566442   0.0001098688
       -0.0005859473   0.0006908295   0.0003088730  -0.0018321988  -0.0018257528
        0.0013656882  -0.0279284191  -0.0952179407  -0.2379533267   0.0000037041
        0.0000010621  -0.0000074624   0.0000102064  -0.0000047587  -0.0000165075
        0.0000010374  -0.0000058155   0.0000132290   0.0000023534   0.0000090248
        0.0000165473   0.0000156330  -0.0000007938  -0.0000209396  -0.0000085197
       -0.0000163072   0.0000353654  -0.0000604777   0.0000470357   0.0000162699
        0.0003602157   0.0002707055   0.0005830055   0.0004656686  -0.0000088632
        0.0010896294  -0.0041082883  -0.0076091668  -0.0238720927   0.0330158422
        0.1106213907   0.2715122811   0.0006889412  -0.0066278114  -0.0129694609
       -0.0000522217  -0.0000078715  -0.0000158229   0.0000193489  -0.0000142594
        0.0000271481  -0.0001454875   0.0003540705  -0.0000420557   0.0005480678
       -0.0005208475   0.0014218192   0.0001067798  -0.0001882935  -0.0005531006
       -0.0055403752  -0.0039080315   0.0006518047  -0.0191077698   0.0050361965
        0.0070360400  -0.2328526698   0.0734855434   0.0746541582  -0.0000093138
        0.0000005492  -0.0000090306   0.0000176578   0.0000213365   0.0000164260
        0.0000218483   0.0000086637  -0.0000023608  -0.0000045766  -0.0000094443
        0.0000044930   0.0000265409  -0.0000030307   0.0000094992   0.0000481367
        0.0000115878  -0.0000804425  -0.0000188128  -0.0000224923   0.0000018760
        0.0003371777   0.0004175576   0.0001250989  -0.0000117428   0.0003311727
       -0.0001181742  -0.0142805762   0.0079111937   0.0033835787   0.0020010689
        0.0006005836   0.0006889412   0.2688969196  -0.0835041845  -0.0871998959
       -0.0000278382   0.0000114997  -0.0000090334   0.0000091807   0.0000043044
       -0.0000156529  -0.0001027720   0.0003731849  -0.0000387069  -0.0004708976
       -0.0004011765   0.0007169551   0.0002037170  -0.0001002488  -0.0002471700
       -0.0059287968  -0.0025997881   0.0014803616  -0.0178907598   0.0059334988
        0.0067968332   0.0746409807  -0.0696623238  -0.0291565338   0.0000033857
        0.0000095011   0.0000030004   0.0000129254   0.0000032330   0.0000113762
        0.0000072604   0.0000043417  -0.0000048239   0.0000086896  -0.0000070614
        0.0000034180  -0.0000007787  -0.0000092444   0.0000028327   0.0000287577
       -0.0000025603  -0.0000439667  -0.0001185652   0.0000552922   0.0000292206
       -0.0003767246   0.0005505094   0.0000570071  -0.0001626269   0.0004164832
        0.0002415125   0.0206813892  -0.0086191156  -0.0060241476   0.0129876579
       -0.0052560495  -0.0066278114  -0.0835041845   0.0792957201   0.0328253293
        0.0000049633  -0.0000030412   0.0000163458  -0.0000188795   0.0000058972
       -0.0000009638   0.0000503993  -0.0001033786   0.0000172518  -0.0001143816
        0.0002025148  -0.0002289960   0.0000684975  -0.0000214024   0.0000688433
        0.0011843768   0.0009468879   0.0003849035   0.0037667647  -0.0007530535
       -0.0012987823   0.0749110250  -0.0287376390  -0.0720989845   0.0000037103
        0.0000021105   0.0000042182  -0.0000010744  -0.0000008344  -0.0000034495
       -0.0000054411  -0.0000006348  -0.0000077154   0.0000078035  -0.0000025314
       -0.0000025663  -0.0000011581   0.0000042824   0.0000039520  -0.0000297262
       -0.0000155763   0.0000196839   0.0000093166   0.0000058516  -0.0000250625
        0.0002159942  -0.0000304639  -0.0000534886  -0.0003092445  -0.0001169171
        0.0001901898  -0.0183696859   0.0078807913   0.0064510690   0.0258266358
       -0.0120881924  -0.0129694609  -0.0871998959   0.0328253293   0.0795330126
