           1           2   1.02088577625660     
           2           3  0.997263002681226     
           3           4  0.979330707940167     
           4           5   1.69767573230483     
           4           6   1.16121415668788     
           5           6  0.169163458375758     
           6           7  0.920070012125094     
           7           8   1.01362969831249     
           1           9  0.986164926961707     
           1          10  0.987856455815903     
           1          11  0.986559591689140     
           2          12  0.976248574422126     
           2          13  0.976423603565357     
           3          14  0.967490998851956     
           3          15  0.939744128930678     
           7          16  0.969248269137893     
           7          17  0.970238494359853     
           8          18  0.985838179957064     
           8          19  0.984530220648794     
           8          20  0.980290914176588     
