           1           2  0.995571894758756     
           2           3   1.00226522181751     
           2           4   1.00122797415388     
           4           5   1.00027555435127     
           5           6   1.00550970710664     
           5           7   1.00454586393486     
           1           8  0.986762798245236     
           1           9  0.985648507755581     
           1          10  0.985185174880488     
           2          11  0.969091644421079     
           3          12  0.981736832603159     
           3          13  0.985483109390107     
           3          14  0.986538956694129     
           4          15  0.953494763387338     
           5          16  0.958020728917594     
           6          17  0.985402831590211     
           6          18  0.985286825470395     
           6          19  0.986076268883764     
           7          20  0.985831146123418     
           7          21  0.981944817656238     
           7          22  0.984952024105780     
