$hessian                                                                        
        0.4789699829  -0.0155664213   0.0256841470  -0.1638505083  -0.0333005641
        0.0550187112  -0.0286716066  -0.0076927963   0.0062812358  -0.0021860524
        0.0001485270  -0.0028584278   0.0003378632   0.0001754784  -0.0002035835
       -0.0019978362  -0.0003762270   0.0000519038  -0.0002052846   0.0000500878
       -0.0002314131  -0.0000157391   0.0000045610   0.0000471695  -0.0544065132
        0.0345603120   0.0385889087  -0.1738780889   0.0026617508  -0.1225271069
       -0.0450786159   0.0232171242  -0.0097174684  -0.0009184673  -0.0022664528
        0.0013821366  -0.0098789175  -0.0014922694   0.0070894979   0.0008467166
       -0.0003328220   0.0006628458   0.0010687551   0.0002498334   0.0007458809
        0.0000207605   0.0000297203  -0.0000111418  -0.0001376090  -0.0000434885
        0.0000279420  -0.0000391766   0.0000161721   0.0000132060   0.0000064331
       -0.0000141837  -0.0000033338   0.0000139040  -0.0000283419  -0.0000411097
       -0.0155664213   0.5186798930   0.0081041715  -0.0331028365  -0.0788422808
        0.0175258622  -0.0021118573  -0.0001738464  -0.0002912408  -0.0002478104
        0.0001273452   0.0004863294  -0.0000057674   0.0002065868  -0.0003984965
       -0.0000068016   0.0000584124  -0.0000708237   0.0000298253  -0.0000345589
        0.0000072192   0.0000020206  -0.0000429986   0.0000039284   0.0342081938
       -0.1410698520  -0.1125802050   0.0024818303  -0.0443371058   0.0010727419
        0.0235593739  -0.2497537523   0.0804891103  -0.0246502417  -0.0107229376
        0.0143053572   0.0149451863   0.0049184610  -0.0088189346   0.0008196234
        0.0007115909  -0.0002419812  -0.0003442881   0.0002019585   0.0004092013
        0.0000168911   0.0000272287  -0.0000024250  -0.0000069203   0.0000142805
        0.0000037318  -0.0000015748   0.0000139917   0.0000032104  -0.0000076437
        0.0000193290   0.0000005232  -0.0000107815  -0.0000017453  -0.0000072800
        0.0256841470   0.0081041715   0.5126798057   0.0545226295   0.0174587756
       -0.0934839077  -0.0153414874  -0.0048489288   0.0066970276  -0.0013882884
        0.0007754676  -0.0036596044   0.0001559631  -0.0003525181   0.0013207524
       -0.0018499574  -0.0003781707   0.0002366796  -0.0002718958   0.0000811842
       -0.0002653578  -0.0001149270  -0.0000036291  -0.0000197088   0.0385514954
       -0.1127968038  -0.1757595536  -0.1217382359   0.0012563920  -0.1548028040
       -0.0096755258   0.0806548579  -0.0764281764   0.0111228205   0.0055793889
       -0.0056588147   0.0216952978   0.0049332527  -0.0124113135  -0.0004005598
       -0.0006485875   0.0004916256  -0.0009201888   0.0002351709   0.0009784225
        0.0000164833  -0.0000264548   0.0000102354  -0.0000692357  -0.0000284354
        0.0000301026  -0.0000140334   0.0000086798   0.0000300571   0.0000273618
       -0.0000128328   0.0000001761   0.0000081368   0.0000090199   0.0000143564
       -0.1638505083  -0.0331028365   0.0545226295   0.4607037001  -0.0112658397
       -0.0149864580  -0.1308807022   0.0031081237  -0.0667023106  -0.0267802199
       -0.0038216200  -0.0096069533   0.0004042235   0.0020886656  -0.0047386747
       -0.0060545116  -0.0018124231   0.0010398667  -0.0008438049  -0.0000345752
       -0.0008378200   0.0000008161   0.0000160235   0.0000543412  -0.0098141700
       -0.0008049517   0.0075105269  -0.0240601240  -0.0072155169   0.0088789080
       -0.0002761465  -0.0029431553   0.0013438879  -0.0431399303   0.0227167872
       -0.0081640091  -0.0517419702   0.0320176599   0.0370676498  -0.0055644766
        0.0023928504  -0.0054822793   0.0022689878  -0.0012913356   0.0000769091
        0.0000286319   0.0000680880  -0.0000777607  -0.0003354171  -0.0000846951
        0.0001180657  -0.0000297471   0.0000524332   0.0000290682  -0.0000054653
       -0.0000516332   0.0000085999  -0.0000291653  -0.0000320492  -0.0000541874
       -0.0333005641  -0.0788422808   0.0174587756  -0.0112658397   0.5337447848
        0.0056666871   0.0027888947  -0.0683219501   0.0011662816  -0.0055069866
       -0.0002404963  -0.0043596208  -0.0003626717  -0.0001188852  -0.0010951681
       -0.0030487651   0.0004998014   0.0001517353  -0.0002895080   0.0004958159
       -0.0001671820  -0.0001716054  -0.0001043198   0.0000439225   0.0155801866
        0.0052864227  -0.0086194716  -0.0011994050   0.0000563546   0.0000838535
       -0.0249462405  -0.0112440980   0.0146672292   0.0221374183  -0.2423346731
        0.0766435573   0.0325902164  -0.1367572443  -0.1069410476   0.0199372584
       -0.0019431743   0.0183044955  -0.0129638025  -0.0002782634  -0.0130181025
        0.0000867694   0.0000522840  -0.0000222569  -0.0000540615  -0.0000186012
        0.0000071987  -0.0000415201   0.0000419906   0.0000305060  -0.0000054812
        0.0000140752   0.0000069922   0.0000357075   0.0000124573  -0.0000083850
        0.0550187112   0.0175258622  -0.0934839077  -0.0149864580   0.0056666871
        0.5014323951  -0.0659681547   0.0013559334  -0.1268017338   0.0006972757
       -0.0012051571   0.0066434683   0.0024374244   0.0002503306   0.0004993125
        0.0052469789   0.0008795780   0.0007837052   0.0005424952  -0.0001826649
        0.0005507918   0.0000845198   0.0000191458  -0.0001083547   0.0215251282
        0.0046585644  -0.0134355327  -0.0160931139  -0.0051130549   0.0075940920
        0.0106402779   0.0062031650  -0.0064413528  -0.0085918097   0.0772966018
       -0.0762115478   0.0371940197  -0.1078435939  -0.1728734818  -0.0102730838
        0.0030335780  -0.0091619103  -0.0176003784  -0.0026824834  -0.0190412623
       -0.0001422508   0.0000119013   0.0000100718   0.0002695833   0.0001361337
       -0.0000119177   0.0000438286   0.0000012942  -0.0000086792  -0.0000185236
       -0.0000411085   0.0000340890  -0.0000264700   0.0000292871   0.0000317551
       -0.0286716066  -0.0021118573  -0.0153414874  -0.1308807022   0.0027888947
       -0.0659681547   0.4598675316  -0.0128567601   0.0119665958  -0.1396677217
       -0.0287769316   0.0477300648  -0.0054896501  -0.0093017489   0.0123105606
       -0.0532390113  -0.0098144872  -0.0012373568   0.0004320592   0.0001248876
       -0.0041073292  -0.0005290207   0.0000195303   0.0001854838   0.0010361000
       -0.0000465920  -0.0008531560  -0.0055522205  -0.0016952914   0.0017344639
        0.0011645995   0.0006176270  -0.0004935281  -0.0061950025   0.0030871753
       -0.0065522799   0.0018150460  -0.0016325992  -0.0005988432  -0.0435403483
        0.0296913455  -0.0146313301  -0.0489615547   0.0303506331   0.0351659690
       -0.0000708512   0.0000558330   0.0000995581  -0.0014196796  -0.0005291451
        0.0004782650  -0.0001772687   0.0001721178   0.0001736768   0.0000385025
       -0.0000471135  -0.0000292462   0.0000407993  -0.0000955179  -0.0000319262
       -0.0076927963  -0.0001738464  -0.0048489288   0.0031081237  -0.0683219501
        0.0013559334  -0.0128567601   0.4994975058  -0.0028961688  -0.0253920844
       -0.0810730264   0.0114747363  -0.0175546235   0.0085400336   0.0212293619
       -0.0059591863   0.0044776795  -0.0016168131   0.0007847063   0.0047882941
        0.0015253060  -0.0010342991  -0.0003281839   0.0003628083   0.0005849264
        0.0003619114   0.0003200958  -0.0021359066   0.0001224536   0.0005015842
       -0.0007248344   0.0007238002  -0.0007450853   0.0214679729  -0.0020005550
        0.0200743765  -0.0142221147  -0.0003936546  -0.0143675761   0.0280481219
       -0.2400890759   0.0801244618   0.0326158791  -0.1266051827  -0.1126209363
        0.0005699965   0.0001086605   0.0002221518   0.0005930529   0.0002794756
       -0.0001750206  -0.0001632694   0.0002116516   0.0001708735  -0.0000170330
        0.0000156412  -0.0000903282  -0.0000198719  -0.0001416323  -0.0000008324
        0.0062812358  -0.0002912408   0.0066970276  -0.0667023106   0.0011662816
       -0.1268017338   0.0119665958  -0.0028961688   0.4935749258   0.0332922796
        0.0084711868  -0.0778926572   0.0339117892   0.0251277810  -0.0353882731
       -0.0129533028  -0.0040309525   0.0123251617  -0.0029576296   0.0015815071
       -0.0019269215  -0.0003925643  -0.0001821335   0.0001018825   0.0007851852
        0.0005166527   0.0010636271   0.0031801280   0.0007789645   0.0001895749
        0.0006636318  -0.0003461911   0.0005530449  -0.0114622838   0.0028616151
       -0.0107256659  -0.0191707331  -0.0019544219  -0.0202349631  -0.0131469900
        0.0782067336  -0.0686406336   0.0374156083  -0.1091157425  -0.1730332421
        0.0001192739   0.0000301065  -0.0001939040  -0.0006645316  -0.0001632959
        0.0001844268  -0.0001028226   0.0001940401   0.0001184348  -0.0000013753
       -0.0000695364   0.0000366098  -0.0000611840   0.0001148144  -0.0000067214
       -0.0021860524  -0.0002478104  -0.0013882884  -0.0267802199  -0.0055069866
        0.0006972757  -0.1396677217  -0.0253920844   0.0332922796   0.4716712638
        0.0697855148  -0.0465692369  -0.0849541090  -0.0350864553   0.0854546042
       -0.1637089886   0.0051185726  -0.0669262334  -0.0478211672  -0.0065909516
       -0.0157511819   0.0016453932  -0.0005973838  -0.0018919957  -0.0001784995
       -0.0002362122  -0.0005517883  -0.0003148171  -0.0002922695   0.0006587658
       -0.0003155269   0.0003898723  -0.0003974802  -0.0005284191  -0.0001586045
        0.0000437698  -0.0000171442   0.0000258399   0.0002426298   0.0034775517
        0.0003470217   0.0036094091  -0.0062186668  -0.0026617057   0.0091320072
        0.0008127733   0.0013302837  -0.0012383020  -0.0048511832  -0.0007848650
        0.0009294016   0.0006936578   0.0003060748  -0.0000292579  -0.0005623249
        0.0001186845   0.0001184394  -0.0001957990   0.0001334646   0.0005651824
        0.0001485270   0.0001273452   0.0007754676  -0.0038216200  -0.0002404963
       -0.0012051571  -0.0287769316  -0.0810730264   0.0084711868   0.0697855148
        0.2864150597  -0.2218987419  -0.0284016361  -0.1400284989   0.1921333184
        0.0094154687  -0.0596951490   0.0221319792  -0.0059369357   0.0023882589
       -0.0078765343   0.0003391213  -0.0002138284   0.0008050164  -0.0001788548
       -0.0000398524  -0.0001837085   0.0003665480   0.0002973162   0.0001795929
       -0.0000802650   0.0000348513  -0.0000890533   0.0013980115  -0.0001939413
        0.0000872593  -0.0004053251   0.0005309125  -0.0000413228  -0.0238421916
       -0.0124427898   0.0154725669   0.0161425657   0.0051895969  -0.0084509394
       -0.0020159110   0.0003020211  -0.0006257089  -0.0043638113  -0.0012603797
        0.0005730079  -0.0003036288  -0.0000371652  -0.0000711226   0.0004716182
       -0.0005383557   0.0003325183   0.0000597357   0.0004781213  -0.0005196250
       -0.0028584278   0.0004863294  -0.0036596044  -0.0096069533  -0.0043596208
        0.0066434683   0.0477300648   0.0114747363  -0.0778926572  -0.0465692369
       -0.2218987419   0.7851500712   0.0668781623   0.1892676107  -0.5535726775
       -0.0778209981   0.0214257606  -0.1469090060  -0.0118907894  -0.0105408046
        0.0136810034   0.0031665242   0.0016632380  -0.0016534141   0.0003162972
       -0.0000312253   0.0001154592  -0.0018069929  -0.0003589147   0.0001957715
        0.0002922133   0.0000907183   0.0000936006  -0.0019079560   0.0011429866
        0.0006804562  -0.0017978594  -0.0019201847  -0.0002699193   0.0085916347
        0.0067353373  -0.0064674627   0.0217292854   0.0041563239  -0.0146106291
        0.0023729336   0.0027095824   0.0012686409   0.0015561975   0.0020356078
       -0.0015937002   0.0012271491  -0.0008612629  -0.0007000503  -0.0003971838
        0.0001074726  -0.0000755573   0.0007959355  -0.0013249491  -0.0004237932
        0.0003378632  -0.0000057674   0.0001559631   0.0004042235  -0.0003626717
        0.0024374244  -0.0054896501  -0.0175546235   0.0339117892  -0.0849541090
       -0.0284016361   0.0668781623   0.0978996483   0.0337863467  -0.0543117361
       -0.0033342994   0.0124484367  -0.0491736526   0.0011891610   0.0017061195
       -0.0036008389  -0.0004582025   0.0005489556   0.0002218965   0.0000379323
       -0.0000378816   0.0000408102   0.0000102044   0.0000596375  -0.0001597216
        0.0000090576  -0.0000104816   0.0000770685   0.0003644954  -0.0003503508
        0.0001613187   0.0002369431   0.0003318333   0.0001709412  -0.0044577270
       -0.0018747491   0.0027924678  -0.0028066524  -0.0010393291   0.0016878019
       -0.0000008591   0.0006276140  -0.0003299937   0.0008629811   0.0009947249
       -0.0004972701   0.0001052004  -0.0002524214  -0.0000493157   0.0001418717
       -0.0000976951  -0.0001645409  -0.0000980824  -0.0005160609  -0.0002485742
        0.0001754784   0.0002065868  -0.0003525181   0.0020886656  -0.0001188852
        0.0002503306  -0.0093017489   0.0085400336   0.0251277810  -0.0350864553
       -0.1400284989   0.1892676107   0.0337863467   0.1207024981  -0.2458731922
        0.0106992486   0.0152420256   0.0340172912  -0.0006683242  -0.0037407286
       -0.0027348054   0.0011834159   0.0006653452  -0.0010340705   0.0000838513
       -0.0000140234   0.0001289858  -0.0001164060  -0.0000466105  -0.0001418341
        0.0000860747   0.0000464673   0.0000521971  -0.0006302312   0.0002269716
       -0.0001125652   0.0003298478  -0.0001391408  -0.0001626156  -0.0001243687
        0.0001343513  -0.0000827732  -0.0034492485  -0.0018608330   0.0023749692
        0.0006311161  -0.0000609859  -0.0004956541   0.0000811140   0.0003605912
       -0.0003733153   0.0003645712  -0.0001991812  -0.0001132058  -0.0001949037
        0.0002774054   0.0000490612   0.0000619562  -0.0001933888   0.0002083224
       -0.0002035835  -0.0003984965   0.0013207524  -0.0047386747  -0.0010951681
        0.0004993125   0.0123105606   0.0212293619  -0.0353882731   0.0854546042
        0.1921333184  -0.5535726775  -0.0543117361  -0.2458731922   0.6813670217
       -0.0473958220   0.0328837077  -0.0949531818   0.0032687636   0.0012107483
        0.0006727734  -0.0004304957  -0.0008714682   0.0010729093  -0.0002798233
        0.0000452382  -0.0001917437   0.0004278177   0.0000055011   0.0002665118
       -0.0002582607  -0.0000365327  -0.0002027966   0.0007660830  -0.0012034623
       -0.0000236436   0.0005461086   0.0012951398   0.0005767691   0.0041340985
        0.0011636840  -0.0022615451   0.0014990105   0.0010928215  -0.0007243644
       -0.0005610513  -0.0018380892  -0.0000239330   0.0004149631  -0.0004677277
        0.0011045840  -0.0003769335   0.0002099457   0.0001675445   0.0002829669
       -0.0002778893  -0.0000479915  -0.0005485960   0.0007925593   0.0003419716
       -0.0019978362  -0.0000068016  -0.0018499574  -0.0060545116  -0.0030487651
        0.0052469789  -0.0532390113  -0.0059591863  -0.0129533028  -0.1637089886
        0.0094154687  -0.0778209981  -0.0033342994   0.0106992486  -0.0473958220
        0.4380198784   0.0413123025   0.0603344145  -0.1308353556  -0.0338651561
        0.0453013832  -0.0348937568   0.0001835624   0.0166765326   0.0002005267
        0.0001597206   0.0001530427  -0.0007748045  -0.0001468503   0.0000091416
        0.0002334624  -0.0001267947   0.0000934420   0.0007645820   0.0001753717
        0.0000277333   0.0004949766   0.0000205435  -0.0000972472  -0.0008725433
       -0.0009099933  -0.0016369214  -0.0010595249   0.0009639359  -0.0009146983
       -0.0131983688  -0.0116589499   0.0109015112  -0.0295014376  -0.0108440572
        0.0024801672  -0.0035634878   0.0051491671   0.0035181655   0.0017181343
       -0.0010377835  -0.0013029269   0.0016023660  -0.0004749826  -0.0007706386
       -0.0003762270   0.0000584124  -0.0003781707  -0.0018124231   0.0004998014
        0.0008795780  -0.0098144872   0.0044776795  -0.0040309525   0.0051185726
       -0.0596951490   0.0214257606   0.0124484367   0.0152420256   0.0328837077
        0.0413123025   0.1102792045  -0.0826994522  -0.0313788927  -0.0683652919
        0.0243447373   0.0193987032   0.0089568761  -0.0054451205   0.0000048502
       -0.0000156657   0.0000087647  -0.0001846471  -0.0000696535   0.0000161740
        0.0000587558   0.0000451410  -0.0000200334  -0.0001894669   0.0000479731
        0.0000083270   0.0001410777  -0.0000937178   0.0001940855   0.0009128938
        0.0009582164  -0.0000098366  -0.0012887745   0.0003070984   0.0000719734
       -0.0284404548  -0.0109334467   0.0123031664  -0.0087413983  -0.0017197417
        0.0018439524   0.0035390900  -0.0025925272  -0.0025488623  -0.0005174572
        0.0017517038   0.0001195191  -0.0001904537   0.0008610613   0.0010326822
        0.0000519038  -0.0000708237   0.0002366796   0.0010398667   0.0001517353
        0.0007837052  -0.0012373568  -0.0016168131   0.0123251617  -0.0669262334
        0.0221319792  -0.1469090060  -0.0491736526   0.0340172912  -0.0949531818
        0.0603344145  -0.0826994522   0.3288990264   0.0340264424   0.0238738895
       -0.0916242851   0.0208492617   0.0009844836  -0.0039239267  -0.0000103569
        0.0001080280   0.0000726374   0.0001601638   0.0000554322  -0.0000709979
        0.0000503846  -0.0001243856   0.0000253535   0.0005350536  -0.0000908880
       -0.0003152900   0.0003680749   0.0003268053  -0.0001622614   0.0000506535
       -0.0007359244  -0.0007495393  -0.0013952173   0.0008906562  -0.0002429466
        0.0229911923   0.0109576707  -0.0102716074  -0.0224560147  -0.0074375391
        0.0075262512   0.0020648761  -0.0029925129  -0.0015752978  -0.0009627387
        0.0007676304   0.0003830480  -0.0003607176   0.0015027373   0.0005464770
       -0.0002052846   0.0000298253  -0.0002718958  -0.0008438049  -0.0002895080
        0.0005424952   0.0004320592   0.0007847063  -0.0029576296  -0.0478211672
       -0.0059369357  -0.0118907894   0.0011891610  -0.0006683242   0.0032687636
       -0.1308353556  -0.0313788927   0.0340264424   0.3997086222  -0.0137319819
        0.0625517859  -0.0807632362   0.0452676361   0.0211167619  -0.0000582653
       -0.0000408446  -0.0000849982  -0.0001646660  -0.0000670314   0.0001316558
       -0.0000745214   0.0000443699  -0.0000634794  -0.0000800116  -0.0002191011
        0.0000715206  -0.0001211581   0.0001210410   0.0001488872  -0.0003633588
        0.0001733584  -0.0000128343  -0.0003581591  -0.0002352464  -0.0001388761
       -0.0415908166   0.0183690419  -0.0168938689  -0.0865738310  -0.0247003079
       -0.0977483299  -0.0157649000   0.0184781086   0.0129833659  -0.0019944704
        0.0041890311   0.0003900347   0.0062831646  -0.0101889447  -0.0051690116
        0.0000500878  -0.0000345589   0.0000811842  -0.0000345752   0.0004958159
       -0.0001826649   0.0001248876   0.0047882941   0.0015815071  -0.0065909516
        0.0023882589  -0.0105408046   0.0017061195  -0.0037407286   0.0012107483
       -0.0338651561  -0.0683652919   0.0238738895  -0.0137319819   0.4759417083
       -0.0129093499   0.0434159868  -0.1492996653  -0.0479853729  -0.0000021454
       -0.0000202923  -0.0000568095   0.0000329357  -0.0000235662   0.0000075102
       -0.0000460994  -0.0000036925  -0.0000021244  -0.0000225257  -0.0000881262
        0.0000056607  -0.0000699052   0.0000078961  -0.0000045690   0.0002679136
        0.0003694870  -0.0004089774  -0.0005589061  -0.0003668697   0.0003710717
        0.0206639217  -0.1773774938   0.1084490092  -0.0260861875  -0.0554273582
       -0.0473219916  -0.0029849775   0.0048569332   0.0029128305   0.0139044399
       -0.0252889327  -0.0104847962   0.0038271192  -0.0088118173  -0.0085959511
       -0.0002314131   0.0000072192  -0.0002653578  -0.0008378200  -0.0001671820
        0.0005507918  -0.0041073292   0.0015253060  -0.0019269215  -0.0157511819
       -0.0078765343   0.0136810034  -0.0036008389  -0.0027348054   0.0006727734
        0.0453013832   0.0243447373  -0.0916242851   0.0625517859  -0.0129093499
        0.5252194242   0.0198354011  -0.0472708836  -0.0946217338   0.0000390351
        0.0000068187   0.0000333545  -0.0000794110  -0.0000260164  -0.0000026527
        0.0000325366  -0.0000115303   0.0000282378   0.0000349346   0.0000627913
        0.0000433695   0.0000509001  -0.0000675575   0.0000120732   0.0003678588
       -0.0000220712  -0.0000277169   0.0000282570   0.0000323956   0.0003095643
       -0.0195045191   0.1061907883  -0.1276282932  -0.0932007430  -0.0460690447
       -0.2130179827   0.0045565218  -0.0048743397  -0.0035463925  -0.0070420432
        0.0127885218   0.0084448860   0.0115566850  -0.0229292631  -0.0163341419
       -0.0000157391   0.0000020206  -0.0001149270   0.0000008161  -0.0001716054
        0.0000845198  -0.0005290207  -0.0010342991  -0.0003925643   0.0016453932
        0.0003391213   0.0031665242  -0.0004582025   0.0011834159  -0.0004304957
       -0.0348937568   0.0193987032   0.0208492617  -0.0807632362   0.0434159868
        0.0198354011   0.5163652491   0.0286368043   0.0133476055  -0.0000053798
        0.0000106159   0.0000292251  -0.0000895567  -0.0000044745  -0.0000095408
        0.0000114422   0.0000067764   0.0000088158  -0.0000151651   0.0000286552
       -0.0000020301  -0.0000161886   0.0000044313   0.0000320339  -0.0000590055
        0.0000809275  -0.0000289136   0.0000774475  -0.0000228827  -0.0001621875
       -0.0016475938   0.0062145681   0.0015453213   0.0055862521  -0.0082876232
       -0.0047324576  -0.2567636096  -0.0673492586   0.0530867719  -0.0438214191
        0.0048629087  -0.0049574513  -0.1046087267  -0.0273147919  -0.1011549125
        0.0000045610  -0.0000429986  -0.0000036291   0.0000160235  -0.0001043198
        0.0000191458   0.0000195303  -0.0003281839  -0.0001821335  -0.0005973838
       -0.0002138284   0.0016632380   0.0005489556   0.0006653452  -0.0008714682
        0.0001835624   0.0089568761   0.0009844836   0.0452676361  -0.1492996653
       -0.0472708836   0.0286368043   0.4869313633  -0.0281651586  -0.0000153920
        0.0000148648   0.0000225895   0.0000079372   0.0000079202   0.0000001454
        0.0000170303   0.0000240416  -0.0000152722  -0.0000075525   0.0000401542
       -0.0000264179   0.0000219480   0.0000344181   0.0000555158  -0.0000010446
        0.0000034709  -0.0000277727  -0.0000272731   0.0000337054   0.0000360332
        0.0126626778  -0.0234711867  -0.0101130283   0.0039218316  -0.0080343451
       -0.0071661255  -0.0662278812  -0.0621508057   0.0170167956   0.0041648384
       -0.1968690916   0.1187094249  -0.0285968092  -0.0561977347  -0.0446654824
        0.0000471695   0.0000039284  -0.0000197088   0.0000543412   0.0000439225
       -0.0001083547   0.0001854838   0.0003628083   0.0001018825  -0.0018919957
        0.0008050164  -0.0016534141   0.0002218965  -0.0010340705   0.0010729093
        0.0166765326  -0.0054451205  -0.0039239267   0.0211167619  -0.0479853729
       -0.0946217338   0.0133476055  -0.0281651586   0.5092952076  -0.0000160854
        0.0000016180   0.0000135850   0.0000224850   0.0000033460   0.0000077255
       -0.0000072302  -0.0000097411   0.0000132880   0.0000021774   0.0000010059
        0.0000202733  -0.0000264213  -0.0000022092   0.0000430922   0.0000439350
       -0.0000540631   0.0000274846  -0.0000791689  -0.0000006983   0.0001127938
       -0.0063031363   0.0121187069   0.0073479287   0.0097723290  -0.0218811794
       -0.0147381216   0.0534451249   0.0174824804  -0.0556436938  -0.0049974912
        0.1173756696  -0.1340961990  -0.1016143133  -0.0436208888  -0.2132510182
       -0.0544065132   0.0342081938   0.0385514954  -0.0098141700   0.0155801866
        0.0215251282   0.0010361000   0.0005849264   0.0007851852  -0.0001784995
       -0.0001788548   0.0003162972   0.0000379323   0.0000838513  -0.0002798233
        0.0002005267   0.0000048502  -0.0000103569  -0.0000582653  -0.0000021454
        0.0000390351  -0.0000053798  -0.0000153920  -0.0000160854   0.0642303967
       -0.0386845814  -0.0479963370   0.0041289196  -0.0149630200  -0.0187500125
       -0.0003343944   0.0044838480   0.0031041604   0.0007328657   0.0004524071
       -0.0003539884  -0.0050294711  -0.0012642523   0.0034375449  -0.0000820662
        0.0000970679   0.0000330415  -0.0005086152  -0.0004192344  -0.0003754636
        0.0000123628   0.0000171071   0.0000015021   0.0000161612   0.0000154725
       -0.0000098871   0.0000128801  -0.0000046698  -0.0000072994   0.0000004229
       -0.0000006448   0.0000075161   0.0000088067   0.0000048841  -0.0000016527
        0.0345603120  -0.1410698520  -0.1127968038  -0.0008049517   0.0052864227
        0.0046585644  -0.0000465920   0.0003619114   0.0005166527  -0.0002362122
       -0.0000398524  -0.0000312253  -0.0000378816  -0.0000140234   0.0000452382
        0.0001597206  -0.0000156657   0.0001080280  -0.0000408446  -0.0000202923
        0.0000068187   0.0000106159   0.0000148648   0.0000016180  -0.0386845814
        0.1601399979   0.1312286220  -0.0004049706  -0.0007650157  -0.0020329744
        0.0070496712  -0.0253162866  -0.0229280927  -0.0002450936   0.0007295810
        0.0004868087  -0.0015455499   0.0007923944   0.0008514481   0.0000694714
       -0.0003264614  -0.0001337882   0.0002206417   0.0002563415   0.0000153835
       -0.0000138812   0.0000018916   0.0000001936   0.0000006071   0.0000041916
        0.0000069058   0.0000026648   0.0000016591  -0.0000031443  -0.0000076701
       -0.0000125775   0.0000015647  -0.0000054760  -0.0000092287  -0.0000018177
        0.0385889087  -0.1125802050  -0.1757595536   0.0075105269  -0.0086194716
       -0.0134355327  -0.0008531560   0.0003200958   0.0010636271  -0.0005517883
       -0.0001837085   0.0001154592   0.0000408102   0.0001289858  -0.0001917437
        0.0001530427   0.0000087647   0.0000726374  -0.0000849982  -0.0000568095
        0.0000333545   0.0000292251   0.0000225895   0.0000135850  -0.0479963370
        0.1312286220   0.2032666022   0.0019778235  -0.0168369439  -0.0212339481
       -0.0022304722   0.0057335603   0.0074517573  -0.0003313661  -0.0002493798
       -0.0000526437   0.0035058289   0.0010480832  -0.0014963451   0.0000480608
        0.0000065283  -0.0001155916   0.0002334160   0.0000441719   0.0002887030
       -0.0000098184   0.0000036304  -0.0000173492  -0.0000067974  -0.0000053819
        0.0000135721   0.0000056001   0.0000019915  -0.0000037931  -0.0000097819
       -0.0000051891  -0.0000019793  -0.0000187275  -0.0000099341  -0.0000108175
       -0.1738780889   0.0024818303  -0.1217382359  -0.0240601240  -0.0011994050
       -0.0160931139  -0.0055522205  -0.0021359066   0.0031801280  -0.0003148171
        0.0003665480  -0.0018069929   0.0000102044  -0.0001164060   0.0004278177
       -0.0007748045  -0.0001846471   0.0001601638  -0.0001646660   0.0000329357
       -0.0000794110  -0.0000895567   0.0000079372   0.0000224850   0.0041289196
       -0.0004049706   0.0019778235   0.2037092891  -0.0013087827   0.1400265914
       -0.0041850419   0.0021786637  -0.0057410291   0.0005234369   0.0000028568
       -0.0004225232   0.0002615132   0.0003559780  -0.0004028168   0.0002211562
       -0.0001701865   0.0001938901   0.0001357992   0.0001226495   0.0002950737
        0.0000256850  -0.0000051291   0.0000059354  -0.0000314308  -0.0000115666
        0.0000058690  -0.0000094200  -0.0000031522   0.0000048459   0.0000247662
       -0.0000082238  -0.0000006858   0.0000194007  -0.0000010229  -0.0000158150
        0.0026617508  -0.0443371058   0.0012563920  -0.0072155169   0.0000563546
       -0.0051130549  -0.0016952914   0.0001224536   0.0007789645  -0.0002922695
        0.0002973162  -0.0003589147   0.0000596375  -0.0000466105   0.0000055011
       -0.0001468503  -0.0000696535   0.0000554322  -0.0000670314  -0.0000235662
       -0.0000260164  -0.0000044745   0.0000079202   0.0000033460  -0.0149630200
       -0.0007650157  -0.0168369439  -0.0013087827   0.0478455486  -0.0021384371
        0.0229284937  -0.0032201521   0.0226743466  -0.0003875912   0.0000379215
       -0.0003647503   0.0004815293   0.0001130681  -0.0000253416  -0.0001165419
       -0.0000017873   0.0000112292   0.0000720467  -0.0000068631   0.0000818321
        0.0000038433   0.0000016787  -0.0000018613  -0.0000118694  -0.0000063342
        0.0000018892  -0.0000001401  -0.0000007219  -0.0000018024   0.0000000539
       -0.0000040790   0.0000014071   0.0000020241  -0.0000003723  -0.0000032172
       -0.1225271069   0.0010727419  -0.1548028040   0.0088789080   0.0000838535
        0.0075940920   0.0017344639   0.0005015842   0.0001895749   0.0006587658
        0.0001795929   0.0001957715  -0.0001597216  -0.0001418341   0.0002665118
        0.0000091416   0.0000161740  -0.0000709979   0.0001316558   0.0000075102
       -0.0000026527  -0.0000095408   0.0000001454   0.0000077255  -0.0187500125
       -0.0020329744  -0.0212339481   0.1400265914  -0.0021384371   0.1773338356
       -0.0107067330   0.0025309081  -0.0104823962   0.0000992609  -0.0003059359
        0.0003567423   0.0002294471   0.0001601068   0.0005614251   0.0002151459
       -0.0001403707  -0.0000106997   0.0001659061   0.0002147726   0.0000915019
       -0.0000069602  -0.0000142084   0.0000102818   0.0000051298   0.0000004796
       -0.0000033302  -0.0000074890  -0.0000016985   0.0000033164   0.0000104301
        0.0000035284  -0.0000060279   0.0000027176   0.0000040614   0.0000020778
       -0.0450786159   0.0235593739  -0.0096755258  -0.0002761465  -0.0249462405
        0.0106402779   0.0011645995  -0.0007248344   0.0006636318  -0.0003155269
       -0.0000802650   0.0002922133   0.0000090576   0.0000860747  -0.0002582607
        0.0002334624   0.0000587558   0.0000503846  -0.0000745214  -0.0000460994
        0.0000325366   0.0000114422   0.0000170303  -0.0000072302  -0.0003343944
        0.0070496712  -0.0022304722  -0.0041850419   0.0229284937  -0.0107067330
        0.0530975223  -0.0252498769   0.0088713440  -0.0044870758  -0.0026418530
        0.0028759754   0.0007339935  -0.0002677253  -0.0003759993  -0.0004684597
        0.0002325084  -0.0001356330  -0.0000622721   0.0000091932  -0.0000193119
        0.0000132610   0.0000146840  -0.0000130695   0.0000203096   0.0000102397
       -0.0000011289   0.0000193518   0.0000029333  -0.0000069326  -0.0000158431
       -0.0000018728  -0.0000023052  -0.0000051021  -0.0000101909   0.0000062388
        0.0232171242  -0.2497537523   0.0806548579  -0.0029431553  -0.0112440980
        0.0062031650   0.0006176270   0.0007238002  -0.0003461911   0.0003898723
        0.0000348513   0.0000907183  -0.0000104816   0.0000464673  -0.0000365327
       -0.0001267947   0.0000451410  -0.0001243856   0.0000443699  -0.0000036925
       -0.0000115303   0.0000067764   0.0000240416  -0.0000097411   0.0044838480
       -0.0253162866   0.0057335603   0.0021786637  -0.0032201521   0.0025309081
       -0.0252498769   0.2881724522  -0.0959410020  -0.0024621729  -0.0000544274
        0.0016211595   0.0003953122   0.0006891987  -0.0002498459  -0.0005972288
        0.0002608891  -0.0001044311   0.0000215954  -0.0003885819  -0.0000046633
        0.0000184658  -0.0000099705  -0.0000021859   0.0000077718  -0.0000039944
       -0.0000091127   0.0000099951  -0.0000048565  -0.0000010667  -0.0000043738
        0.0000094622  -0.0000077403   0.0000026624  -0.0000064912   0.0000140595
       -0.0097174684   0.0804891103  -0.0764281764   0.0013438879   0.0146672292
       -0.0064413528  -0.0004935281  -0.0007450853   0.0005530449  -0.0003974802
       -0.0000890533   0.0000936006   0.0000770685   0.0000521971  -0.0002027966
        0.0000934420  -0.0000200334   0.0000253535  -0.0000634794  -0.0000021244
        0.0000282378   0.0000088158  -0.0000152722   0.0000132880   0.0031041604
       -0.0229280927   0.0074517573  -0.0057410291   0.0226743466  -0.0104823962
        0.0088713440  -0.0959410020   0.0864359444   0.0031082021   0.0014471784
       -0.0011235078  -0.0003138004   0.0004877323  -0.0000608059   0.0000653376
        0.0000196845   0.0002506705   0.0000676046  -0.0001136669  -0.0001007567
       -0.0000057884   0.0000098724  -0.0000095590  -0.0000018017   0.0000002125
        0.0000042242  -0.0000008017   0.0000006589  -0.0000043630  -0.0000011605
       -0.0000012673   0.0000116278  -0.0000035251   0.0000073751  -0.0000140345
       -0.0009184673  -0.0246502417   0.0111228205  -0.0431399303   0.0221374183
       -0.0085918097  -0.0061950025   0.0214679729  -0.0114622838  -0.0005284191
        0.0013980115  -0.0019079560   0.0003644954  -0.0006302312   0.0007660830
        0.0007645820  -0.0001894669   0.0005350536  -0.0000800116  -0.0000225257
        0.0000349346  -0.0000151651  -0.0000075525   0.0000021774   0.0007328657
       -0.0002450936  -0.0003313661   0.0005234369  -0.0003875912   0.0000992609
       -0.0044870758  -0.0024621729   0.0031082021   0.0558019429  -0.0247289767
        0.0113275445   0.0002356853   0.0079285465  -0.0016295302  -0.0037461976
        0.0003274356  -0.0035486909   0.0006553799   0.0000827825   0.0004430918
       -0.0000528356  -0.0000184416   0.0000101669   0.0000420359   0.0000080210
        0.0000152138   0.0000163438  -0.0000159802  -0.0000055494   0.0000322075
       -0.0000241501   0.0000182813  -0.0000058705   0.0000322360  -0.0000056441
       -0.0022664528  -0.0107229376   0.0055793889   0.0227167872  -0.2423346731
        0.0772966018   0.0030871753  -0.0020005550   0.0028616151  -0.0001586045
       -0.0001939413   0.0011429866  -0.0003503508   0.0002269716  -0.0012034623
        0.0001753717   0.0000479731  -0.0000908880  -0.0002191011  -0.0000881262
        0.0000627913   0.0000286552   0.0000401542   0.0000010059   0.0004524071
        0.0007295810  -0.0002493798   0.0000028568   0.0000379215  -0.0003059359
       -0.0026418530  -0.0000544274   0.0014471784  -0.0247289767   0.2790219757
       -0.0917613858   0.0039921921  -0.0260614070   0.0047424150   0.0003019482
        0.0008539487   0.0007408820  -0.0003302421   0.0005200446  -0.0002263235
       -0.0000103082   0.0000247046  -0.0000152036  -0.0000178634   0.0000015225
       -0.0000056757   0.0000006983   0.0000045014  -0.0000059456  -0.0000294051
       -0.0000142491  -0.0000074960  -0.0000049342  -0.0000389822  -0.0000031687
        0.0013821366   0.0143053572  -0.0056588147  -0.0081640091   0.0766435573
       -0.0762115478  -0.0065522799   0.0200743765  -0.0107256659   0.0000437698
        0.0000872593   0.0006804562   0.0001613187  -0.0001125652  -0.0000236436
        0.0000277333   0.0000083270  -0.0003152900   0.0000715206   0.0000056607
        0.0000433695  -0.0000020301  -0.0000264179   0.0000202733  -0.0003539884
        0.0004868087  -0.0000526437  -0.0004225232  -0.0003647503   0.0003567423
        0.0028759754   0.0016211595  -0.0011235078   0.0113275445  -0.0917613858
        0.0886676627   0.0030186334  -0.0224767771   0.0070887653  -0.0036552714
        0.0008570300  -0.0028810747   0.0002049785   0.0006378113   0.0001357598
        0.0000058323  -0.0000007112   0.0000329391   0.0000135391   0.0000112784
       -0.0000140297   0.0000035893  -0.0000070356  -0.0000007926   0.0000195712
        0.0000088422  -0.0000108747  -0.0000060406   0.0000021750  -0.0000080830
       -0.0098789175   0.0149451863   0.0216952978  -0.0517419702   0.0325902164
        0.0371940197   0.0018150460  -0.0142221147  -0.0191707331  -0.0000171442
       -0.0004053251  -0.0017978594   0.0002369431   0.0003298478   0.0005461086
        0.0004949766   0.0001410777   0.0003680749  -0.0001211581  -0.0000699052
        0.0000509001  -0.0000161886   0.0000219480  -0.0000264213  -0.0050294711
       -0.0015455499   0.0035058289   0.0002615132   0.0004815293   0.0002294471
        0.0007339935   0.0003953122  -0.0003138004   0.0002356853   0.0039921921
        0.0030186334   0.0656913368  -0.0358879818  -0.0419979401   0.0006559825
       -0.0002647796   0.0002111803  -0.0033455877  -0.0005292772  -0.0035664608
       -0.0000046844  -0.0000077065  -0.0000109247   0.0000498245   0.0000222903
        0.0000184092   0.0000302544   0.0000106296   0.0000127420  -0.0000048419
       -0.0000006231  -0.0000012740  -0.0000455920   0.0000030335   0.0000347716
       -0.0014922694   0.0049184610   0.0049332527   0.0320176599  -0.1367572443
       -0.1078435939  -0.0016325992  -0.0003936546  -0.0019544219   0.0000258399
        0.0005309125  -0.0019201847   0.0003318333  -0.0001391408   0.0012951398
        0.0000205435  -0.0000937178   0.0003268053   0.0001210410   0.0000078961
       -0.0000675575   0.0000044313   0.0000344181  -0.0000022092  -0.0012642523
        0.0007923944   0.0010480832   0.0003559780   0.0001130681   0.0001601068
       -0.0002677253   0.0006891987   0.0004877323   0.0079285465  -0.0260614070
       -0.0224767771  -0.0358879818   0.1547434024   0.1254681694   0.0001556552
        0.0006214903   0.0006164695  -0.0004337182   0.0010339403  -0.0000930028
       -0.0000033939  -0.0000409445  -0.0000140978   0.0000191525  -0.0000195770
        0.0000192628   0.0000092386  -0.0000080016   0.0000001479   0.0000154582
       -0.0000000784   0.0000020850  -0.0000234377   0.0000285842   0.0000145900
        0.0070894979  -0.0088189346  -0.0124113135   0.0370676498  -0.1069410476
       -0.1728734818  -0.0005988432  -0.0143675761  -0.0202349631   0.0002426298
       -0.0000413228  -0.0002699193   0.0001709412  -0.0001626156   0.0005767691
       -0.0000972472   0.0001940855  -0.0001622614   0.0001488872  -0.0000045690
        0.0000120732   0.0000320339   0.0000555158   0.0000430922   0.0034375449
        0.0008514481  -0.0014963451  -0.0004028168  -0.0000253416   0.0005614251
       -0.0003759993  -0.0002498459  -0.0000608059  -0.0016295302   0.0047424150
        0.0070887653  -0.0419979401   0.1254681694   0.2024986894   0.0005455770
       -0.0002700216   0.0001447199  -0.0036645706  -0.0003932043  -0.0034086343
        0.0000112011  -0.0000231544  -0.0000096011   0.0000392586  -0.0000141485
        0.0000026562   0.0000228866  -0.0000003022  -0.0000071749  -0.0000109340
        0.0000110332  -0.0000297461  -0.0000302265  -0.0000105829   0.0000360560
        0.0008467166   0.0008196234  -0.0004005598  -0.0055644766   0.0199372584
       -0.0102730838  -0.0435403483   0.0280481219  -0.0131469900   0.0034775517
       -0.0238421916   0.0085916347  -0.0044577270  -0.0001243687   0.0041340985
       -0.0008725433   0.0009128938   0.0000506535  -0.0003633588   0.0002679136
        0.0003678588  -0.0000590055  -0.0000010446   0.0000439350  -0.0000820662
        0.0000694714   0.0000480608   0.0002211562  -0.0001165419   0.0002151459
       -0.0004684597  -0.0005972288   0.0000653376  -0.0037461976   0.0003019482
       -0.0036552714   0.0006559825   0.0001556552   0.0005455770   0.0528651312
       -0.0342801377   0.0150996696   0.0008911646   0.0083190907  -0.0016256636
        0.0001243631   0.0000643726  -0.0000474917   0.0001552029   0.0000318832
       -0.0000214777   0.0000405253   0.0000441097  -0.0000063288  -0.0001262263
        0.0000422623  -0.0000346812   0.0000026152  -0.0000530909   0.0000495767
       -0.0003328220   0.0007115909  -0.0006485875   0.0023928504  -0.0019431743
        0.0030335780   0.0296913455  -0.2400890759   0.0782067336   0.0003470217
       -0.0124427898   0.0067353373  -0.0018747491   0.0001343513   0.0011636840
       -0.0009099933   0.0009582164  -0.0007359244   0.0001733584   0.0003694870
       -0.0000220712   0.0000809275   0.0000034709  -0.0000540631   0.0000970679
       -0.0003264614   0.0000065283  -0.0001701865  -0.0000017873  -0.0001403707
        0.0002325084   0.0002608891   0.0000196845   0.0003274356   0.0008539487
        0.0008570300  -0.0002647796   0.0006214903  -0.0002700216  -0.0342801377
        0.2750565863  -0.0922131735   0.0041126576  -0.0242838850   0.0041867901
        0.0002204515   0.0000685235  -0.0001024820   0.0001272945   0.0000098204
       -0.0000271299   0.0000519816  -0.0000084182  -0.0000087099  -0.0000178889
        0.0000729210  -0.0000323556  -0.0000043435  -0.0000257039   0.0000455236
        0.0006628458  -0.0002419812   0.0004916256  -0.0054822793   0.0183044955
       -0.0091619103  -0.0146313301   0.0801244618  -0.0686406336   0.0036094091
        0.0154725669  -0.0064674627   0.0027924678  -0.0000827732  -0.0022615451
       -0.0016369214  -0.0000098366  -0.0007495393  -0.0000128343  -0.0004089774
       -0.0000277169  -0.0000289136  -0.0000277727   0.0000274846   0.0000330415
       -0.0001337882  -0.0001155916   0.0001938901   0.0000112292  -0.0000106997
       -0.0001356330  -0.0001044311   0.0002506705  -0.0035486909   0.0007408820
       -0.0028810747   0.0002111803   0.0006164695   0.0001447199   0.0150996696
       -0.0922131735   0.0822967853   0.0030552346  -0.0219690724   0.0071419554
       -0.0000981243  -0.0000285270  -0.0000027919  -0.0001149157  -0.0000592193
        0.0000070705  -0.0000493944  -0.0000277584  -0.0000106564   0.0000415774
       -0.0000064621   0.0000606441   0.0000397209   0.0000436680  -0.0000913337
        0.0010687551  -0.0003442881  -0.0009201888   0.0022689878  -0.0129638025
       -0.0176003784  -0.0489615547   0.0326158791   0.0374156083  -0.0062186668
        0.0161425657   0.0217292854  -0.0028066524  -0.0034492485   0.0014990105
       -0.0010595249  -0.0012887745  -0.0013952173  -0.0003581591  -0.0005589061
        0.0000282570   0.0000774475  -0.0000272731  -0.0000791689  -0.0005086152
        0.0002206417   0.0002334160   0.0001357992   0.0000720467   0.0001659061
       -0.0000622721   0.0000215954   0.0000676046   0.0006553799  -0.0003302421
        0.0002049785  -0.0033455877  -0.0004337182  -0.0036645706   0.0008911646
        0.0041126576   0.0030552346   0.0581454116  -0.0337360256  -0.0406069316
        0.0000273079   0.0000639148  -0.0000383483  -0.0000744924  -0.0000116441
       -0.0000048385   0.0000318583  -0.0000569403  -0.0000476490   0.0000332357
       -0.0000231229   0.0000239867   0.0000601777  -0.0000253151  -0.0000659964
        0.0002498334   0.0002019585   0.0002351709  -0.0012913356  -0.0002782634
       -0.0026824834   0.0303506331  -0.1266051827  -0.1091157425  -0.0026617057
        0.0051895969   0.0041563239  -0.0010393291  -0.0018608330   0.0010928215
        0.0009639359   0.0003070984   0.0008906562  -0.0002352464  -0.0003668697
        0.0000323956  -0.0000228827   0.0000337054  -0.0000006983  -0.0004192344
        0.0002563415   0.0000441719   0.0001226495  -0.0000068631   0.0002147726
        0.0000091932  -0.0003885819  -0.0001136669   0.0000827825   0.0005200446
        0.0006378113  -0.0005292772   0.0010339403  -0.0003932043   0.0083190907
       -0.0242838850  -0.0219690724  -0.0337360256   0.1462934796   0.1268909974
       -0.0000980045  -0.0000243594   0.0000505398  -0.0000368677   0.0000130572
        0.0000165250  -0.0000043917   0.0000108791   0.0000035582  -0.0000122507
       -0.0000313778  -0.0000081790  -0.0000115669  -0.0000138856   0.0000173023
        0.0007458809   0.0004092013   0.0009784225   0.0000769091  -0.0130181025
       -0.0190412623   0.0351659690  -0.1126209363  -0.1730332421   0.0091320072
       -0.0084509394  -0.0146106291   0.0016878019   0.0023749692  -0.0007243644
       -0.0009146983   0.0000719734  -0.0002429466  -0.0001388761   0.0003710717
        0.0003095643  -0.0001621875   0.0000360332   0.0001127938  -0.0003754636
        0.0000153835   0.0002887030   0.0002950737   0.0000818321   0.0000915019
       -0.0000193119  -0.0000046633  -0.0001007567   0.0004430918  -0.0002263235
        0.0001357598  -0.0035664608  -0.0000930028  -0.0034086343  -0.0016256636
        0.0041867901   0.0071419554  -0.0406069316   0.1268909974   0.2020725437
       -0.0000080748  -0.0000405210   0.0000004126  -0.0000271358  -0.0000101502
        0.0000109410  -0.0000470397   0.0000373019   0.0000368945  -0.0000134478
        0.0000006785  -0.0000087311  -0.0000414420  -0.0000115934  -0.0000089261
        0.0000207605   0.0000168911   0.0000164833   0.0000286319   0.0000867694
       -0.0001422508  -0.0000708512   0.0005699965   0.0001192739   0.0008127733
       -0.0020159110   0.0023729336  -0.0000008591   0.0006311161  -0.0005610513
       -0.0131983688  -0.0284404548   0.0229911923  -0.0415908166   0.0206639217
       -0.0195045191  -0.0016475938   0.0126626778  -0.0063031363   0.0000123628
       -0.0000138812  -0.0000098184   0.0000256850   0.0000038433  -0.0000069602
        0.0000132610   0.0000184658  -0.0000057884  -0.0000528356  -0.0000103082
        0.0000058323  -0.0000046844  -0.0000033939   0.0000112011   0.0001243631
        0.0002204515  -0.0000981243   0.0000273079  -0.0000980045  -0.0000080748
        0.0567047717  -0.0174375246   0.0102010248  -0.0007302531   0.0108313462
       -0.0103817671  -0.0000295401   0.0003557572  -0.0001417488  -0.0007796175
        0.0026375874   0.0017517765   0.0003355031  -0.0006793457  -0.0003064785
        0.0000297203   0.0000272287  -0.0000264548   0.0000680880   0.0000522840
        0.0000119013   0.0000558330   0.0001086605   0.0000301065   0.0013302837
        0.0003020211   0.0027095824   0.0006276140  -0.0000609859  -0.0018380892
       -0.0116589499  -0.0109334467   0.0109576707   0.0183690419  -0.1773774938
        0.1061907883   0.0062145681  -0.0234711867   0.0121187069   0.0000171071
        0.0000018916   0.0000036304  -0.0000051291   0.0000016787  -0.0000142084
        0.0000146840  -0.0000099705   0.0000098724  -0.0000184416   0.0000247046
       -0.0000007112  -0.0000077065  -0.0000409445  -0.0000231544   0.0000643726
        0.0000685235  -0.0000285270   0.0000639148  -0.0000243594  -0.0000405210
       -0.0174375246   0.2098123493  -0.1259086199   0.0000357795   0.0047523688
       -0.0025348900  -0.0001496144   0.0003938737   0.0002800717   0.0028660582
       -0.0041586372  -0.0025764622  -0.0004796990   0.0005314402   0.0006793077
       -0.0000111418  -0.0000024250   0.0000102354  -0.0000777607  -0.0000222569
        0.0000100718   0.0000995581   0.0002221518  -0.0001939040  -0.0012383020
       -0.0006257089   0.0012686409  -0.0003299937  -0.0004956541  -0.0000239330
        0.0109015112   0.0123031664  -0.0102716074  -0.0168938689   0.1084490092
       -0.1276282932   0.0015453213  -0.0101130283   0.0073479287   0.0000015021
        0.0000001936  -0.0000173492   0.0000059354  -0.0000018613   0.0000102818
       -0.0000130695  -0.0000021859  -0.0000095590   0.0000101669  -0.0000152036
        0.0000329391  -0.0000109247  -0.0000140978  -0.0000096011  -0.0000474917
       -0.0001024820  -0.0000027919  -0.0000383483   0.0000505398   0.0000004126
        0.0102010248  -0.1259086199   0.1478849047  -0.0054901559   0.0199560007
       -0.0190306030  -0.0002474110  -0.0001105015   0.0002088029   0.0014503545
       -0.0029013253  -0.0003219571   0.0001830938  -0.0006657108   0.0007353808
       -0.0001376090  -0.0000069203  -0.0000692357  -0.0003354171  -0.0000540615
        0.0002695833  -0.0014196796   0.0005930529  -0.0006645316  -0.0048511832
       -0.0043638113   0.0015561975   0.0008629811   0.0000811140   0.0004149631
       -0.0295014376  -0.0087413983  -0.0224560147  -0.0865738310  -0.0260861875
       -0.0932007430   0.0055862521   0.0039218316   0.0097723290   0.0000161612
        0.0000006071  -0.0000067974  -0.0000314308  -0.0000118694   0.0000051298
        0.0000203096   0.0000077718  -0.0000018017   0.0000420359  -0.0000178634
        0.0000135391   0.0000498245   0.0000191525   0.0000392586   0.0001552029
        0.0001272945  -0.0001149157  -0.0000744924  -0.0000368677  -0.0000271358
       -0.0007302531   0.0000357795  -0.0054901559   0.1167105304   0.0320300943
        0.1077672475   0.0003286578   0.0002837742   0.0003825629   0.0003200399
       -0.0003044061   0.0001847703  -0.0004366615   0.0025229130   0.0016257502
       -0.0000434885   0.0000142805  -0.0000284354  -0.0000846951  -0.0000186012
        0.0001361337  -0.0005291451   0.0002794756  -0.0001632959  -0.0007848650
       -0.0012603797   0.0020356078   0.0009947249   0.0003605912  -0.0004677277
       -0.0108440572  -0.0017197417  -0.0074375391  -0.0247003079  -0.0554273582
       -0.0460690447  -0.0082876232  -0.0080343451  -0.0218811794   0.0000154725
        0.0000041916  -0.0000053819  -0.0000115666  -0.0000063342   0.0000004796
        0.0000102397  -0.0000039944   0.0000002125   0.0000080210   0.0000015225
        0.0000112784   0.0000222903  -0.0000195770  -0.0000141485   0.0000318832
        0.0000098204  -0.0000592193  -0.0000116441   0.0000130572  -0.0000101502
        0.0108313462   0.0047523688   0.0199560007   0.0320300943   0.0640135570
        0.0573444974  -0.0003923774   0.0004705331   0.0002344177  -0.0005996668
        0.0003078333  -0.0004847584   0.0023453647  -0.0037368997  -0.0030977472
        0.0000279420   0.0000037318   0.0000301026   0.0001180657   0.0000071987
       -0.0000119177   0.0004782650  -0.0001750206   0.0001844268   0.0009294016
        0.0005730079  -0.0015937002  -0.0004972701  -0.0003733153   0.0011045840
        0.0024801672   0.0018439524   0.0075262512  -0.0977483299  -0.0473219916
       -0.2130179827  -0.0047324576  -0.0071661255  -0.0147381216  -0.0000098871
        0.0000069058   0.0000135721   0.0000058690   0.0000018892  -0.0000033302
       -0.0000011289  -0.0000091127   0.0000042242   0.0000152138  -0.0000056757
       -0.0000140297   0.0000184092   0.0000192628   0.0000026562  -0.0000214777
       -0.0000271299   0.0000070705  -0.0000048385   0.0000165250   0.0000109410
       -0.0103817671  -0.0025348900  -0.0190306030   0.1077672475   0.0573444974
        0.2396440186  -0.0000539076   0.0001765119   0.0000298820  -0.0002710035
        0.0007415687   0.0007786647   0.0018814871  -0.0031217903  -0.0009267088
       -0.0000391766  -0.0000015748  -0.0000140334  -0.0000297471  -0.0000415201
        0.0000438286  -0.0001772687  -0.0001632694  -0.0001028226   0.0006936578
       -0.0003036288   0.0012271491   0.0001052004   0.0003645712  -0.0003769335
       -0.0035634878   0.0035390900   0.0020648761  -0.0157649000  -0.0029849775
        0.0045565218  -0.2567636096  -0.0662278812   0.0534451249   0.0000128801
        0.0000026648   0.0000056001  -0.0000094200  -0.0000001401  -0.0000074890
        0.0000193518   0.0000099951  -0.0000008017   0.0000163438   0.0000006983
        0.0000035893   0.0000302544   0.0000092386   0.0000228866   0.0000405253
        0.0000519816  -0.0000493944   0.0000318583  -0.0000043917  -0.0000470397
       -0.0000295401  -0.0001496144  -0.0002474110   0.0003286578  -0.0003923774
       -0.0000539076   0.2957043566   0.0755327598  -0.0630441594  -0.0012263534
       -0.0022900567   0.0012283827  -0.0193795829  -0.0069515675   0.0013460333
        0.0000161721   0.0000139917   0.0000086798   0.0000524332   0.0000419906
        0.0000012942   0.0001721178   0.0002116516   0.0001940401   0.0003060748
       -0.0000371652  -0.0008612629  -0.0002524214  -0.0001991812   0.0002099457
        0.0051491671  -0.0025925272  -0.0029925129   0.0184781086   0.0048569332
       -0.0048743397  -0.0673492586  -0.0621508057   0.0174824804  -0.0000046698
        0.0000016591   0.0000019915  -0.0000031522  -0.0000007219  -0.0000016985
        0.0000029333  -0.0000048565   0.0000006589  -0.0000159802   0.0000045014
       -0.0000070356   0.0000106296  -0.0000080016  -0.0000003022   0.0000441097
       -0.0000084182  -0.0000277584  -0.0000569403   0.0000108791   0.0000373019
        0.0003557572   0.0003938737  -0.0001105015   0.0002837742   0.0004705331
        0.0001765119   0.0755327598   0.0702330342  -0.0181504728  -0.0246196495
       -0.0093680743   0.0077885153  -0.0081019655  -0.0018692956   0.0011244646
        0.0000132060   0.0000032104   0.0000300571   0.0000290682   0.0000305060
       -0.0000086792   0.0001736768   0.0001708735   0.0001184348  -0.0000292579
       -0.0000711226  -0.0007000503  -0.0000493157  -0.0001132058   0.0001675445
        0.0035181655  -0.0025488623  -0.0015752978   0.0129833659   0.0029128305
       -0.0035463925   0.0530867719   0.0170167956  -0.0556436938  -0.0000072994
       -0.0000031443  -0.0000037931   0.0000048459  -0.0000018024   0.0000033164
       -0.0000069326  -0.0000010667  -0.0000043630  -0.0000055494  -0.0000059456
       -0.0000007926   0.0000127420   0.0000001479  -0.0000071749  -0.0000063288
       -0.0000087099  -0.0000106564  -0.0000476490   0.0000035582   0.0000368945
       -0.0001417488   0.0002800717   0.0002088029   0.0003825629   0.0002344177
        0.0000298820  -0.0630441594  -0.0181504728   0.0617480058   0.0190402829
        0.0083543208  -0.0056503128  -0.0259064469  -0.0081024000   0.0048082684
        0.0000064331  -0.0000076437   0.0000273618  -0.0000054653  -0.0000054812
       -0.0000185236   0.0000385025  -0.0000170330  -0.0000013753  -0.0005623249
        0.0004716182  -0.0003971838   0.0001418717  -0.0001949037   0.0002829669
        0.0017181343  -0.0005174572  -0.0009627387  -0.0019944704   0.0139044399
       -0.0070420432  -0.0438214191   0.0041648384  -0.0049974912   0.0000004229
       -0.0000076701  -0.0000097819   0.0000247662   0.0000000539   0.0000104301
       -0.0000158431  -0.0000043738  -0.0000011605   0.0000322075  -0.0000294051
        0.0000195712  -0.0000048419   0.0000154582  -0.0000109340  -0.0001262263
       -0.0000178889   0.0000415774   0.0000332357  -0.0000122507  -0.0000134478
       -0.0007796175   0.0028660582   0.0014503545   0.0003200399  -0.0005996668
       -0.0002710035  -0.0012263534  -0.0246196495   0.0190402829   0.0468976467
       -0.0080844293   0.0052055712  -0.0006766985   0.0126953862  -0.0123524325
       -0.0000141837   0.0000193290  -0.0000128328  -0.0000516332   0.0000140752
       -0.0000411085  -0.0000471135   0.0000156412  -0.0000695364   0.0001186845
       -0.0005383557   0.0001074726  -0.0000976951   0.0002774054  -0.0002778893
       -0.0010377835   0.0017517038   0.0007676304   0.0041890311  -0.0252889327
        0.0127885218   0.0048629087  -0.1968690916   0.1173756696  -0.0000006448
       -0.0000125775  -0.0000051891  -0.0000082238  -0.0000040790   0.0000035284
       -0.0000018728   0.0000094622  -0.0000012673  -0.0000241501  -0.0000142491
        0.0000088422  -0.0000006231  -0.0000000784   0.0000110332   0.0000422623
        0.0000729210  -0.0000064621  -0.0000231229  -0.0000313778   0.0000006785
        0.0026375874  -0.0041586372  -0.0029013253  -0.0003044061   0.0003078333
        0.0007415687  -0.0022900567  -0.0093680743   0.0083543208  -0.0080844293
        0.2294513251  -0.1353327105   0.0001354647   0.0043657570  -0.0015109451
       -0.0000033338   0.0000005232   0.0000001761   0.0000085999   0.0000069922
        0.0000340890  -0.0000292462  -0.0000903282   0.0000366098   0.0001184394
        0.0003325183  -0.0000755573  -0.0001645409   0.0000490612  -0.0000479915
       -0.0013029269   0.0001195191   0.0003830480   0.0003900347  -0.0104847962
        0.0084448860  -0.0049574513   0.1187094249  -0.1340961990   0.0000075161
        0.0000015647  -0.0000019793  -0.0000006858   0.0000014071  -0.0000060279
       -0.0000023052  -0.0000077403   0.0000116278   0.0000182813  -0.0000074960
       -0.0000108747  -0.0000012740   0.0000020850  -0.0000297461  -0.0000346812
       -0.0000323556   0.0000606441   0.0000239867  -0.0000081790  -0.0000087311
        0.0017517765  -0.0025764622  -0.0003219571   0.0001847703  -0.0004847584
        0.0007786647   0.0012283827   0.0077885153  -0.0056503128   0.0052055712
       -0.1353327105   0.1512938508  -0.0024409134   0.0220132156  -0.0207942195
        0.0000139040  -0.0000107815   0.0000081368  -0.0000291653   0.0000357075
       -0.0000264700   0.0000407993  -0.0000198719  -0.0000611840  -0.0001957990
        0.0000597357   0.0007959355  -0.0000980824   0.0000619562  -0.0005485960
        0.0016023660  -0.0001904537  -0.0003607176   0.0062831646   0.0038271192
        0.0115566850  -0.1046087267  -0.0285968092  -0.1016143133   0.0000088067
       -0.0000054760  -0.0000187275   0.0000194007   0.0000020241   0.0000027176
       -0.0000051021   0.0000026624  -0.0000035251  -0.0000058705  -0.0000049342
       -0.0000060406  -0.0000455920  -0.0000234377  -0.0000302265   0.0000026152
       -0.0000043435   0.0000397209   0.0000601777  -0.0000115669  -0.0000414420
        0.0003355031  -0.0004796990   0.0001830938  -0.0004366615   0.0023453647
        0.0018814871  -0.0193795829  -0.0081019655  -0.0259064469  -0.0006766985
        0.0001354647  -0.0024409134   0.1171145437   0.0309793046   0.1165908263
       -0.0000283419  -0.0000017453   0.0000090199  -0.0000320492   0.0000124573
        0.0000292871  -0.0000955179  -0.0001416323   0.0001148144   0.0001334646
        0.0004781213  -0.0013249491  -0.0005160609  -0.0001933888   0.0007925593
       -0.0004749826   0.0008610613   0.0015027373  -0.0101889447  -0.0088118173
       -0.0229292631  -0.0273147919  -0.0561977347  -0.0436208888   0.0000048841
       -0.0000092287  -0.0000099341  -0.0000010229  -0.0000003723   0.0000040614
       -0.0000101909  -0.0000064912   0.0000073751   0.0000322360  -0.0000389822
        0.0000021750   0.0000030335   0.0000285842  -0.0000105829  -0.0000530909
       -0.0000257039   0.0000436680  -0.0000253151  -0.0000138856  -0.0000115934
       -0.0006793457   0.0005314402  -0.0006657108   0.0025229130  -0.0037368997
       -0.0031217903  -0.0069515675  -0.0018692956  -0.0081024000   0.0126953862
        0.0043657570   0.0220132156   0.0309793046   0.0647697564   0.0552781994
       -0.0000411097  -0.0000072800   0.0000143564  -0.0000541874  -0.0000083850
        0.0000317551  -0.0000319262  -0.0000008324  -0.0000067214   0.0005651824
       -0.0005196250  -0.0004237932  -0.0002485742   0.0002083224   0.0003419716
       -0.0007706386   0.0010326822   0.0005464770  -0.0051690116  -0.0085959511
       -0.0163341419  -0.1011549125  -0.0446654824  -0.2132510182  -0.0000016527
       -0.0000018177  -0.0000108175  -0.0000158150  -0.0000032172   0.0000020778
        0.0000062388   0.0000140595  -0.0000140345  -0.0000056441  -0.0000031687
       -0.0000080830   0.0000347716   0.0000145900   0.0000360560   0.0000495767
        0.0000455236  -0.0000913337  -0.0000659964   0.0000173023  -0.0000089261
       -0.0003064785   0.0006793077   0.0007353808   0.0016257502  -0.0030977472
       -0.0009267088   0.0013460333   0.0011244646   0.0048082684  -0.0123524325
       -0.0015109451  -0.0207942195   0.1165908263   0.0552781994   0.2453534546
