           1           2   1.01967551413757     
           2           3   1.00698423707578     
           3           4  0.981945947009324     
           4           5   1.70013334250349     
           4           6   1.15674621569735     
           5           6  0.167635539564485     
           6           7  0.919799861650528     
           7           8   1.01372169912288     
           1           9  0.986896364723502     
           1          10  0.986294289307064     
           1          11  0.986832125068137     
           2          12  0.977249764439138     
           2          13  0.977688522528732     
           3          14  0.950091828351004     
           3          15  0.943805795242753     
           7          16  0.970333790393538     
           7          17  0.969110344541066     
           8          18  0.980229568328486     
           8          19  0.984524153355772     
           8          20  0.985791644741456     
