$hessian                                                                        
        0.4637150934   0.0124220306   0.0132845476  -0.1907583246   0.0253739426
        0.0288695333  -0.0122305074   0.0083134047   0.0008603974   0.0002165686
        0.0013812865  -0.0004575977   0.0000949012  -0.0001799473   0.0000044912
       -0.0001474538   0.0001769811  -0.0000821362  -0.0510853811   0.0440937974
       -0.0146827920  -0.1295192543  -0.0914099898  -0.0697544822  -0.0477359155
       -0.0035409767   0.0338449444  -0.0248066096   0.0026885358   0.0029731950
       -0.0090691343   0.0021982071   0.0047744469   0.0004742888  -0.0006393081
        0.0001310828   0.0012380367  -0.0010237119   0.0002911203  -0.0004050960
        0.0001443423   0.0001375164   0.0000442279   0.0000338430  -0.0002862548
        0.0000228328  -0.0000121134  -0.0000066496  -0.0000482728  -0.0000203238
        0.0000986370
        0.0124220306   0.5202869007  -0.0035698428   0.0261883412  -0.0699377866
       -0.0074211212   0.0267354543  -0.0115911577  -0.0042894523   0.0014092891
       -0.0049761989   0.0015830586  -0.0000177401  -0.0002886212  -0.0000326631
       -0.0002671096   0.0002006991  -0.0000442659   0.0437734743  -0.2538562231
        0.0651628460  -0.0915800578  -0.1391524492  -0.0719982611  -0.0037511947
       -0.0460688477   0.0184179246  -0.0178432894   0.0036306662   0.0031309961
       -0.0005460856   0.0010056008  -0.0001968080   0.0003187823   0.0004560456
       -0.0006012988   0.0016307830   0.0009977469   0.0000055838   0.0014098171
       -0.0007378595  -0.0003275529  -0.0000354251  -0.0000463867   0.0001109944
        0.0001238473   0.0001268086   0.0000592697   0.0000290831  -0.0000489373
        0.0000105930
        0.0132845476  -0.0035698428   0.5176453347   0.0281043676  -0.0069654520
       -0.0743701566  -0.0066337384   0.0016560579   0.0015101102  -0.0003670601
        0.0012926766  -0.0002031682  -0.0000019877  -0.0000087384  -0.0000983014
       -0.0001012898   0.0000257002   0.0000591163  -0.0146040211   0.0650742801
       -0.0647118930  -0.0695083361  -0.0720577841  -0.0999658045   0.0338439378
        0.0183900480  -0.2752594764  -0.0131944977   0.0019524675   0.0032818576
        0.0302146344  -0.0062895830  -0.0095351743  -0.0008989361   0.0003938754
        0.0008191326   0.0003080723  -0.0001697516   0.0003065929  -0.0003484180
        0.0002240547   0.0002517622  -0.0001296495   0.0001084490   0.0001804052
       -0.0000058782  -0.0000051482   0.0000290655   0.0000382531  -0.0000513092
        0.0000605974
       -0.1907583246   0.0261883412   0.0281043676   0.4816891338   0.0310038128
        0.0070540135  -0.0672957600   0.0207916920  -0.0092693988  -0.0090470697
        0.0258299486  -0.0056516183   0.0007381172  -0.0005476167   0.0001901509
       -0.0019105345   0.0003222120   0.0000104018  -0.0097921801   0.0043369261
        0.0014877141  -0.0246893997   0.0012816501   0.0025856766  -0.0083771427
        0.0015538287   0.0058018225  -0.1227023533  -0.0907773072  -0.0648120879
       -0.0469248708  -0.0048455459   0.0294150596   0.0005870917  -0.0001941762
       -0.0000745958   0.0023957052  -0.0179023005   0.0049501775  -0.0046227940
        0.0029702488   0.0012589290   0.0007457968  -0.0000168966  -0.0009148573
        0.0001008908  -0.0000988777  -0.0000747137  -0.0001363061   0.0001040605
       -0.0000610413
        0.0253739426  -0.0699377866  -0.0069654520   0.0310038128   0.4833762508
        0.0167805064   0.0194206883  -0.1793157868   0.0363659077   0.0081837121
       -0.0114009774   0.0011884460  -0.0005188226   0.0000556485   0.0000748292
        0.0004651935   0.0003340774  -0.0001422217   0.0282675618  -0.0087409699
       -0.0054099532  -0.0179666525   0.0032648736   0.0035385130  -0.0009705629
        0.0006187544  -0.0002303166  -0.0913111608  -0.1410776661  -0.0714374936
       -0.0047694467  -0.0457425575   0.0162644271   0.0012454019  -0.0061209829
        0.0050619924   0.0009864468  -0.0266010046   0.0050025463   0.0014643264
        0.0002541537  -0.0002080289  -0.0008103030   0.0007521887   0.0002596444
       -0.0000707265   0.0000719182  -0.0001042888   0.0000065887   0.0002098664
       -0.0000390576
        0.0288695333  -0.0074211212  -0.0743701566   0.0070540135   0.0167805064
        0.5295357913  -0.0087444272   0.0365020794  -0.0809275640   0.0006083803
       -0.0059360669   0.0017484520  -0.0000786475   0.0001996808  -0.0002556040
        0.0007126786  -0.0003542118   0.0002278255  -0.0076146167   0.0021036090
        0.0019640121  -0.0137686041   0.0026441376   0.0033149528   0.0303208308
       -0.0061819971  -0.0099522506  -0.0650941686  -0.0710492784  -0.0982002977
        0.0291879870   0.0160913754  -0.2650202707  -0.0054944105   0.0299039821
       -0.0133822740   0.0013964439  -0.0110833908   0.0042237962   0.0020145860
       -0.0011466528   0.0002016618   0.0006243369  -0.0012013269   0.0008643519
        0.0000395440   0.0000561021   0.0000690361  -0.0000334598   0.0000925732
       -0.0000414621
       -0.0122305074   0.0267354543  -0.0066337384  -0.0672957600   0.0194206883
       -0.0087444272   0.4778805560   0.0212457310   0.0148871749  -0.1670729207
        0.0364264660   0.0353862406  -0.0287390077   0.0028078526   0.0014944871
        0.0002997870  -0.0001388363   0.0001102270  -0.0057349976   0.0028664772
        0.0008740485   0.0007464726   0.0013529718  -0.0000103922   0.0007897871
        0.0002802289  -0.0007521299   0.0035300055  -0.0164064109   0.0044916907
        0.0007219756  -0.0016888428   0.0002097632  -0.0440935902  -0.0027646355
        0.0142241958  -0.1426705312  -0.0962768272  -0.0626584052  -0.0078748062
        0.0051465261   0.0020686547  -0.0065841323   0.0018688186   0.0053510401
       -0.0029940294  -0.0016423657  -0.0014581733   0.0013216988   0.0007667034
        0.0011597435
        0.0083134047  -0.0115911577   0.0016560579   0.0207916920  -0.1793157868
        0.0365020794   0.0212457310   0.4774318022   0.0149483383   0.0322679363
       -0.0765334998  -0.0112938257  -0.0123027054   0.0044432753   0.0037421516
        0.0000835051   0.0005412375  -0.0001121035   0.0012787522   0.0003136960
       -0.0003638488  -0.0011445266   0.0012218757   0.0000046873  -0.0007651198
        0.0005333356   0.0002101787   0.0027105830  -0.0255186633   0.0051453963
        0.0017815610  -0.0064406546   0.0052121925  -0.0024797348  -0.0437779390
        0.0114313340  -0.0953492958  -0.1300369156  -0.0579528367   0.0270505954
       -0.0130332904  -0.0083873894  -0.0008739669   0.0012393818   0.0000289013
       -0.0024448517   0.0000596480  -0.0013768761  -0.0001635598   0.0004636550
        0.0006055631
        0.0008603974  -0.0042894523   0.0015101102  -0.0092693988   0.0363659077
       -0.0809275640   0.0148871749   0.0149483383   0.5281007169   0.0363433276
       -0.0121887131  -0.0792743857  -0.0107222245   0.0041629211   0.0028128348
       -0.0000651548  -0.0001174407   0.0001679426   0.0015903523  -0.0009007550
        0.0004633527  -0.0000889951   0.0002588872   0.0001153623   0.0006087205
       -0.0010234463   0.0008498502   0.0023152227  -0.0123839368   0.0040648479
       -0.0058919145   0.0299936773  -0.0135484318   0.0137684256   0.0115342640
       -0.2697902161  -0.0624572766  -0.0584379359  -0.0847600018  -0.0049260494
        0.0024439406   0.0024618577   0.0277595089  -0.0093437643  -0.0124749300
       -0.0030898310  -0.0012218691  -0.0009251418  -0.0016222853   0.0001993773
        0.0011537961
        0.0002165686   0.0014092891  -0.0003670601  -0.0090470697   0.0081837121
        0.0006083803  -0.1670729207   0.0322679363   0.0363433276   0.4499961581
       -0.0065190952  -0.0048843669  -0.1350360381  -0.0383872029  -0.0476979872
       -0.0034738066  -0.0110366426   0.0015579320  -0.0004291356   0.0001908092
        0.0001545672   0.0003135387   0.0001500051   0.0001124897   0.0000219557
        0.0000618911  -0.0002638028   0.0003034907  -0.0001797555   0.0000261160
        0.0005889724  -0.0006616871   0.0002286129  -0.0068582692   0.0020581337
        0.0049010562  -0.0250505683   0.0045833100   0.0058749116  -0.0405313276
        0.0189991529  -0.0041905442  -0.0434608285  -0.0010930875   0.0212427711
       -0.0230935299  -0.0102892513  -0.0131092238   0.0026128102   0.0002624827
       -0.0005371798
        0.0013812865  -0.0049761989   0.0012926766   0.0258299486  -0.0114009774
       -0.0059360669   0.0364264660  -0.0765334998  -0.0121887131  -0.0065190952
        0.4971201609  -0.0277495592  -0.0435293296  -0.0830363112  -0.0335002110
       -0.0189682532  -0.0240241776  -0.0022591445   0.0015701976  -0.0004593611
       -0.0002024382  -0.0001282350  -0.0001048576   0.0000205527  -0.0000391464
       -0.0000803392   0.0001120335   0.0001335196   0.0004146717  -0.0002215454
        0.0002676749   0.0007807492  -0.0007952962   0.0000482269   0.0005473792
       -0.0008224631  -0.0157131776   0.0035825046   0.0041683238   0.0188336591
       -0.2586139526   0.0526069729  -0.0025292310  -0.0453491291   0.0252423698
        0.0080262645   0.0042259254   0.0062969240  -0.0050907756  -0.0020925864
       -0.0060644159
       -0.0004575977   0.0015830586  -0.0002031682  -0.0056516183   0.0011884460
        0.0017484520   0.0353862406  -0.0112938257  -0.0792743857  -0.0048843669
       -0.0277495592   0.5199101820  -0.0448173424  -0.0272752283  -0.0972503691
        0.0066984895   0.0041546202   0.0055240651  -0.0005020321   0.0003173131
        0.0002484501   0.0000243686  -0.0000423485  -0.0000184076  -0.0001554767
        0.0000587847   0.0001629658  -0.0000112668  -0.0001384658   0.0001286431
       -0.0012401942   0.0006461889   0.0009371996   0.0290712536  -0.0088740100
       -0.0132491283  -0.0106059193   0.0019944594   0.0033011591  -0.0047278460
        0.0532693588  -0.0557953770   0.0220004306   0.0265736084  -0.2711473284
        0.0004063556  -0.0004970371   0.0015709384  -0.0205334783  -0.0139153636
       -0.0165938912
        0.0000949012  -0.0000177401  -0.0000019877   0.0007381172  -0.0005188226
       -0.0000786475  -0.0287390077  -0.0123027054  -0.0107222245  -0.1350360381
       -0.0435293296  -0.0448173424   0.4650708614  -0.0606445260  -0.0120021493
       -0.0280899451  -0.0089928242   0.0076267071   0.0000253912   0.0000373538
        0.0000287916   0.0000130191   0.0000289967   0.0000491274   0.0000042102
       -0.0000143265  -0.0000705853  -0.0000753949   0.0001511011  -0.0001415931
       -0.0001510177   0.0001343429  -0.0000316551   0.0009304956  -0.0002379941
       -0.0011332967  -0.0058192211   0.0014341913   0.0011382044  -0.0020432245
       -0.0037067323  -0.0013881186   0.0001141022  -0.0019955486  -0.0022647825
       -0.2130134039   0.1145524900   0.0120511437  -0.0540238451   0.0156220737
        0.0517584086
       -0.0001799473  -0.0002886212  -0.0000087384  -0.0005476167   0.0000556485
        0.0001996808   0.0028078526   0.0044432753   0.0041629211  -0.0383872029
       -0.0830363112  -0.0272752283  -0.0606445260   0.3322528658   0.0704119903
       -0.0100876177  -0.0845098537   0.0338224451  -0.0000716877   0.0000925440
        0.0000342094   0.0000157938   0.0000699543  -0.0000546694   0.0000056030
        0.0000848784  -0.0000328328   0.0006527575  -0.0004384900  -0.0001663124
        0.0001304316   0.0000923662   0.0001446099   0.0000303401   0.0005936690
       -0.0000201664   0.0016793464   0.0009085172  -0.0004634542  -0.0201967057
       -0.0194731483  -0.0125596060  -0.0002683510  -0.0012221466  -0.0008416482
        0.1104383852  -0.1025474852  -0.0122526524   0.0146231449  -0.0470776625
       -0.0551005482
        0.0000044912  -0.0000326631  -0.0000983014   0.0001901509   0.0000748292
       -0.0002556040   0.0014944871   0.0037421516   0.0028128348  -0.0476979872
       -0.0335002110  -0.0972503691  -0.0120021493   0.0704119903   0.4565224523
        0.0082635523   0.0359633017  -0.0464174349   0.0000765449  -0.0000951223
        0.0000129880   0.0001203511   0.0000022457   0.0000317821  -0.0000116974
        0.0000136676   0.0000580050  -0.0000697275   0.0003055579   0.0003467702
       -0.0001406067  -0.0001064534  -0.0000399601   0.0016164075   0.0005722687
        0.0012290197   0.0019442854  -0.0001602866   0.0003274253   0.0023618234
        0.0021663705   0.0025764705  -0.0232974489  -0.0160712773  -0.0190874944
        0.0144465569  -0.0114227657  -0.0429768464   0.0527009663  -0.0518636039
       -0.2577917377
       -0.0001474538  -0.0002671096  -0.0001012898  -0.0019105345   0.0004651935
        0.0007126786   0.0002997870   0.0000835051  -0.0000651548  -0.0034738066
       -0.0189682532   0.0066984895  -0.0280899451  -0.0100876177   0.0082635523
        0.0336624013   0.0274334692  -0.0130821169   0.0000839752  -0.0000170776
       -0.0000267083  -0.0001237884  -0.0000717627   0.0000045651   0.0000223981
       -0.0000256730   0.0000404740  -0.0033416255   0.0002286434   0.0003567395
       -0.0001799322   0.0000431078  -0.0002114616   0.0000575142  -0.0000974206
        0.0001320162  -0.0000203845  -0.0000139467  -0.0000781460  -0.0027674229
       -0.0026326860  -0.0010938773   0.0006113692   0.0003192415   0.0003194972
        0.0055726739   0.0118357079  -0.0071503736  -0.0002552252  -0.0082273212
        0.0052811158
        0.0001769811   0.0002006991   0.0000257002   0.0003222120   0.0003340774
       -0.0003542118  -0.0001388363   0.0005412375  -0.0001174407  -0.0110366426
       -0.0240241776   0.0041546202  -0.0089928242  -0.0845098537   0.0359633017
        0.0274334692   0.1420167305  -0.0608441325   0.0002241146  -0.0001839759
       -0.0000395823   0.0001676756  -0.0001000685   0.0000414290  -0.0000055061
       -0.0000692808   0.0000796470   0.0000385972   0.0014054980   0.0001095980
       -0.0000523339   0.0001669106  -0.0001774935   0.0002541187  -0.0004331273
        0.0004206558   0.0003333146  -0.0001458230   0.0000923439  -0.0041635616
       -0.0023083784  -0.0015277302   0.0004906370   0.0011105255  -0.0006883332
       -0.0018323356  -0.0266751373   0.0139911421  -0.0032190796  -0.0073258561
        0.0088704863
       -0.0000821362  -0.0000442659   0.0000591163   0.0000104018  -0.0001422217
        0.0002278255   0.0001102270  -0.0001121035   0.0001679426   0.0015579320
       -0.0022591445   0.0055240651   0.0076267071   0.0338224451  -0.0464174349
       -0.0130821169  -0.0608441325   0.0535998616  -0.0001150004   0.0000767501
       -0.0000035462  -0.0000510277   0.0000556251  -0.0000207149   0.0000066373
        0.0000115030  -0.0000556831   0.0007012474  -0.0005109216   0.0001137948
       -0.0000441346  -0.0001032116   0.0000794656  -0.0002964725   0.0001685194
       -0.0002221105  -0.0001422135   0.0001402517  -0.0000288031  -0.0009130884
       -0.0013191771  -0.0000075686  -0.0000353270  -0.0012856601   0.0014723724
       -0.0004770063   0.0073614947  -0.0012002357   0.0052253707   0.0249842492
       -0.0132883469
       -0.0510853811   0.0437734743  -0.0146040211  -0.0097921801   0.0282675618
       -0.0076146167  -0.0057349976   0.0012787522   0.0015903523  -0.0004291356
        0.0015701976  -0.0005020321   0.0000253912  -0.0000716877   0.0000765449
        0.0000839752   0.0002241146  -0.0001150004   0.0614702365  -0.0529838520
        0.0158032847   0.0032697565  -0.0190738839   0.0048163966   0.0015041494
       -0.0033943390   0.0007965529   0.0004963358   0.0003850883  -0.0003092190
        0.0006558542   0.0001243767  -0.0002194627  -0.0000206754  -0.0001048731
        0.0000518533  -0.0000930875  -0.0001486911   0.0000918379  -0.0004456976
        0.0002325469   0.0001097331   0.0000814922  -0.0000083944  -0.0000392682
       -0.0000041732  -0.0000616864   0.0000208030   0.0000181369  -0.0000087046
        0.0000462616
        0.0440937974  -0.2538562231   0.0650742801   0.0043369261  -0.0087409699
        0.0021036090   0.0028664772   0.0003136960  -0.0009007550   0.0001908092
       -0.0004593611   0.0003173131   0.0000373538   0.0000925440  -0.0000951223
       -0.0000170776  -0.0001839759   0.0000767501  -0.0529838520   0.2932413821
       -0.0759472028   0.0015455328  -0.0258460275   0.0055483533   0.0004609778
       -0.0056559933   0.0040831709  -0.0002795001   0.0005704357   0.0002305942
       -0.0002536235   0.0000319230  -0.0003051825  -0.0001500028   0.0001238487
       -0.0001926993   0.0000089917   0.0004180901   0.0000975693   0.0001476235
       -0.0000711715  -0.0000602854  -0.0000134713  -0.0000213783  -0.0000310089
        0.0000319853   0.0000383287   0.0000029406  -0.0000229476   0.0000048525
       -0.0000023243
       -0.0146827920   0.0651628460  -0.0647118930   0.0014877141  -0.0054099532
        0.0019640121   0.0008740485  -0.0003638488   0.0004633527   0.0001545672
       -0.0002024382   0.0002484501   0.0000287916   0.0000342094   0.0000129880
       -0.0000267083  -0.0000395823  -0.0000035462   0.0158032847  -0.0759472028
        0.0715884135   0.0019119255  -0.0154021138   0.0043403789  -0.0055469703
        0.0327147150  -0.0141107295  -0.0003604117   0.0001489580  -0.0000551478
        0.0001752806  -0.0005164713   0.0002525655   0.0001719849  -0.0001412845
        0.0001128585  -0.0000084451  -0.0000118812  -0.0001010063   0.0000564761
       -0.0000454928  -0.0000243954  -0.0000549468   0.0000087682   0.0000328736
       -0.0000017295  -0.0000034363  -0.0000027092   0.0000179306   0.0000142085
       -0.0000064658
       -0.1295192543  -0.0915800578  -0.0695083361  -0.0246893997  -0.0179666525
       -0.0137686041   0.0007464726  -0.0011445266  -0.0000889951   0.0003135387
       -0.0001282350   0.0000243686   0.0000130191   0.0000157938   0.0001203511
       -0.0001237884   0.0001676756  -0.0000510277   0.0032697565   0.0015455328
        0.0019119255   0.1541829176   0.1065143944   0.0804590229   0.0021886031
        0.0011443664  -0.0001503518  -0.0071360768   0.0010457433   0.0012895307
        0.0008261849  -0.0004197661  -0.0003659949  -0.0000414283  -0.0000272019
       -0.0000404572  -0.0001267790   0.0009556045   0.0001330682   0.0000604623
        0.0000135070  -0.0000406457  -0.0000336865  -0.0000770596   0.0000164553
        0.0000320379   0.0000023689   0.0000292917   0.0000374204  -0.0000614871
        0.0000303985
       -0.0914099898  -0.1391524492  -0.0720577841   0.0012816501   0.0032648736
        0.0026441376   0.0013529718   0.0012218757   0.0002588872   0.0001500051
       -0.0001048576  -0.0000423485   0.0000289967   0.0000699543   0.0000022457
       -0.0000717627  -0.0001000685   0.0000556251  -0.0190738839  -0.0258460275
       -0.0154021138   0.1065143944   0.1595407360   0.0846580425   0.0005063019
        0.0007387248  -0.0005165077   0.0009246504   0.0005298236   0.0002070422
       -0.0001394247   0.0000483301   0.0003191538  -0.0001046075  -0.0001195660
       -0.0000340957   0.0000732807  -0.0000929516  -0.0001021557  -0.0000013560
        0.0000066692  -0.0000023599  -0.0000367429   0.0000074580   0.0000330723
       -0.0000059332   0.0000020017  -0.0000159489   0.0000114496  -0.0000145266
       -0.0000048922
       -0.0697544822  -0.0719982611  -0.0999658045   0.0025856766   0.0035385130
        0.0033149528  -0.0000103922   0.0000046873   0.0001153623   0.0001124897
        0.0000205527  -0.0000184076   0.0000491274  -0.0000546694   0.0000317821
        0.0000045651   0.0000414290  -0.0000207149   0.0048163966   0.0055483533
        0.0043403789   0.0804590229   0.0846580425   0.1122924100  -0.0199492845
       -0.0224016289  -0.0214393396   0.0013555964  -0.0001025196   0.0008574552
        0.0005551802   0.0004816160   0.0005728971  -0.0000642922  -0.0001201860
       -0.0002962167  -0.0002106104   0.0003468016   0.0002359589  -0.0000161718
        0.0000426629  -0.0000049979   0.0000481592  -0.0000051201   0.0000036340
        0.0000087944   0.0000178225   0.0000023049   0.0000102246  -0.0000180955
       -0.0000216550
       -0.0477359155  -0.0037511947   0.0338439378  -0.0083771427  -0.0009705629
        0.0303208308   0.0007897871  -0.0007651198   0.0006087205   0.0000219557
       -0.0000391464  -0.0001554767   0.0000042102   0.0000056030  -0.0000116974
        0.0000223981  -0.0000055061   0.0000066373   0.0015041494   0.0004609778
       -0.0055469703   0.0021886031   0.0005063019  -0.0199492845   0.0573583784
        0.0028154697  -0.0417742523   0.0008158069  -0.0001110773   0.0005426476
       -0.0063803623   0.0015424545   0.0026802650  -0.0002714987   0.0003460121
       -0.0003294737  -0.0000615910   0.0000134299  -0.0000934283   0.0000576952
       -0.0000098257  -0.0000534319   0.0000929203  -0.0000343773  -0.0000588019
        0.0000404875  -0.0000064713  -0.0000157770  -0.0000698816   0.0000030327
       -0.0000144452
       -0.0035409767  -0.0460688477   0.0183900480   0.0015538287   0.0006187544
       -0.0061819971   0.0002802289   0.0005333356  -0.0010234463   0.0000618911
       -0.0000803392   0.0000587847  -0.0000143265   0.0000848784   0.0000136676
       -0.0000256730  -0.0000692808   0.0000115030  -0.0033943390  -0.0056559933
        0.0327147150   0.0011443664   0.0007387248  -0.0224016289   0.0028154697
        0.0497598931  -0.0217069783  -0.0004319077  -0.0000215145   0.0004285460
        0.0013905119   0.0003878588  -0.0004695664   0.0003564977  -0.0000542602
        0.0002567608  -0.0001078401  -0.0001296711  -0.0001663463  -0.0000057098
       -0.0000183888   0.0000013738  -0.0000673492  -0.0000295725   0.0000830523
       -0.0000300599  -0.0000167980  -0.0000048098   0.0000153877   0.0000212211
       -0.0000036781
        0.0338449444   0.0184179246  -0.2752594764   0.0058018225  -0.0002303166
       -0.0099522506  -0.0007521299   0.0002101787   0.0008498502  -0.0002638028
        0.0001120335   0.0001629658  -0.0000705853  -0.0000328328   0.0000580050
        0.0000404740   0.0000796470  -0.0000556831   0.0007965529   0.0040831709
       -0.0141107295  -0.0001503518  -0.0005165077  -0.0214393396  -0.0417742523
       -0.0217069783   0.3190486690  -0.0003703348   0.0002741977   0.0005617598
        0.0027427974  -0.0002164315   0.0000890824   0.0003248165  -0.0003207179
        0.0003529086  -0.0000251413  -0.0001626731  -0.0003582215  -0.0000315755
       -0.0000458642   0.0000183105  -0.0001138778   0.0000591431  -0.0000335124
       -0.0000401271  -0.0000145493   0.0000063112   0.0000407706   0.0000105759
        0.0000613504
       -0.0248066096  -0.0178432894  -0.0131944977  -0.1227023533  -0.0913111608
       -0.0650941686   0.0035300055   0.0027105830   0.0023152227   0.0003034907
        0.0001335196  -0.0000112668  -0.0000753949   0.0006527575  -0.0000697275
       -0.0033416255   0.0000385972   0.0007012474   0.0004963358  -0.0002795001
       -0.0003604117  -0.0071360768   0.0009246504   0.0013555964   0.0008158069
       -0.0004319077  -0.0003703348   0.1504626958   0.1034272083   0.0748645765
        0.0021514657   0.0010384920   0.0000214417   0.0001499950  -0.0001515199
        0.0001958217   0.0002880589   0.0011242606  -0.0001973106  -0.0000872125
       -0.0000604578  -0.0000717069  -0.0000108683  -0.0000513528   0.0000448024
       -0.0000536540  -0.0000784981   0.0000315420   0.0000159405   0.0001576181
       -0.0001608264
        0.0026885358   0.0036306662   0.0019524675  -0.0907773072  -0.1410776661
       -0.0710492784  -0.0164064109  -0.0255186633  -0.0123839368  -0.0001797555
        0.0004146717  -0.0001384658   0.0001511011  -0.0004384900   0.0003055579
        0.0002286434   0.0014054980  -0.0005109216   0.0003850883   0.0005704357
        0.0001489580   0.0010457433   0.0005298236  -0.0001025196  -0.0001110773
       -0.0000215145   0.0002741977   0.1034272083   0.1662068796   0.0813710572
       -0.0004805076   0.0006687972  -0.0017715708  -0.0004079715   0.0009310689
       -0.0004791634   0.0007021674  -0.0070020021   0.0017971228  -0.0001071103
        0.0002269430  -0.0000425928  -0.0001281070  -0.0001515961  -0.0000083044
       -0.0002718845  -0.0000997237   0.0001933427   0.0002416442  -0.0002751282
        0.0004440496
        0.0029731950   0.0031309961   0.0032818576  -0.0648120879  -0.0714374936
       -0.0982002977   0.0044916907   0.0051453963   0.0040648479   0.0000261160
       -0.0002215454   0.0001286431  -0.0001415931  -0.0001663124   0.0003467702
        0.0003567395   0.0001095980   0.0001137948  -0.0003092190   0.0002305942
       -0.0000551478   0.0012895307   0.0002070422   0.0008574552   0.0005426476
        0.0004285460   0.0005617598   0.0748645765   0.0813710572   0.1097851272
       -0.0196739921  -0.0219010138  -0.0217554433   0.0005084438   0.0006753139
        0.0006977315   0.0000563442   0.0021032173   0.0006645128   0.0000069219
        0.0000596112  -0.0000699642  -0.0001437828  -0.0000655919  -0.0002075887
        0.0000967906   0.0000640906  -0.0001273861  -0.0001323214   0.0002664940
       -0.0000866721
       -0.0090691343  -0.0005460856   0.0302146344  -0.0469248708  -0.0047694467
        0.0291879870   0.0007219756   0.0017815610  -0.0058919145   0.0005889724
        0.0002676749  -0.0012401942  -0.0001510177   0.0001304316  -0.0001406067
       -0.0001799322  -0.0000523339  -0.0000441346   0.0006558542  -0.0002536235
        0.0001752806   0.0008261849  -0.0001394247   0.0005551802  -0.0063803623
        0.0013905119   0.0027427974   0.0021514657  -0.0004805076  -0.0196739921
        0.0577522681   0.0013804744  -0.0365793695   0.0001820766   0.0015209757
       -0.0002924729   0.0000024352  -0.0003777751   0.0004139398  -0.0000396143
       -0.0000884250   0.0000981884  -0.0001525071   0.0003424988   0.0002696019
       -0.0000467573  -0.0000421084   0.0000820201   0.0000629632  -0.0000643980
        0.0001230548
        0.0021982071   0.0010056008  -0.0062895830  -0.0048455459  -0.0457425575
        0.0160913754  -0.0016888428  -0.0064406546   0.0299936773  -0.0006616871
        0.0007807492   0.0006461889   0.0001343429   0.0000923662  -0.0001064534
        0.0000431078   0.0001669106  -0.0001032116   0.0001243767   0.0000319230
       -0.0005164713  -0.0004197661   0.0000483301   0.0004816160   0.0015424545
        0.0003878588  -0.0002164315   0.0010384920   0.0006687972  -0.0219010138
        0.0013804744   0.0544286524  -0.0211633526   0.0012219231  -0.0057956664
        0.0031304639  -0.0001451622   0.0006557749   0.0004302002  -0.0002267166
        0.0001516274  -0.0001166730   0.0004812970  -0.0001662885  -0.0003774958
       -0.0000983719  -0.0000725429   0.0000545503  -0.0000785828  -0.0002008806
       -0.0000373859
        0.0047744469  -0.0001968080  -0.0095351743   0.0294150596   0.0162644271
       -0.2650202707   0.0002097632   0.0052121925  -0.0135484318   0.0002286129
       -0.0007952962   0.0009371996  -0.0000316551   0.0001446099  -0.0000399601
       -0.0002114616  -0.0001774935   0.0000794656  -0.0002194627  -0.0003051825
        0.0002525655  -0.0003659949   0.0003191538   0.0005728971   0.0026802650
       -0.0004695664   0.0000890824   0.0000214417  -0.0017715708  -0.0217554433
       -0.0365793695  -0.0211633526   0.3078421980  -0.0000281040   0.0032545110
       -0.0006961036   0.0002238502  -0.0003486093   0.0004109304   0.0001322658
       -0.0002089563   0.0000937693  -0.0004514383   0.0002528267   0.0003004168
        0.0000529516  -0.0000220527   0.0000023794   0.0001488291   0.0000111674
        0.0000144797
        0.0004742888   0.0003187823  -0.0008989361   0.0005870917   0.0012454019
       -0.0054944105  -0.0440935902  -0.0024797348   0.0137684256  -0.0068582692
        0.0000482269   0.0290712536   0.0009304956   0.0000303401   0.0016164075
        0.0000575142   0.0002541187  -0.0002964725  -0.0000206754  -0.0001500028
        0.0001719849  -0.0000414283  -0.0001046075  -0.0000642922  -0.0002714987
        0.0003564977   0.0003248165   0.0001499950  -0.0004079715   0.0005084438
        0.0001820766   0.0012219231  -0.0000281040   0.0534557880  -0.0005747507
       -0.0184528116   0.0005234758  -0.0010107816  -0.0224914071   0.0004964703
       -0.0002365155   0.0000708047  -0.0053170737   0.0018483995   0.0028159551
        0.0002891846   0.0000522115  -0.0000499704  -0.0005438452  -0.0004115374
       -0.0005716874
       -0.0006393081   0.0004560456   0.0003938754  -0.0001941762  -0.0061209829
        0.0299039821  -0.0027646355  -0.0437779390   0.0115342640   0.0020581337
        0.0005473792  -0.0088740100  -0.0002379941   0.0005936690   0.0005722687
       -0.0000974206  -0.0004331273   0.0001685194  -0.0001048731   0.0001238487
       -0.0001412845  -0.0000272019  -0.0001195660  -0.0001201860   0.0003460121
       -0.0000542602  -0.0003207179  -0.0001515199   0.0009310689   0.0006753139
        0.0015209757  -0.0057956664   0.0032545110  -0.0005747507   0.0532627643
       -0.0149690955  -0.0007282099   0.0002712351  -0.0209286074   0.0000974053
        0.0000021856  -0.0005264710   0.0018643031   0.0000328126  -0.0004961948
       -0.0000563370  -0.0001018546  -0.0001200819  -0.0003104029   0.0001823873
       -0.0000060857
        0.0001310828  -0.0006012988   0.0008191326  -0.0000745958   0.0050619924
       -0.0133822740   0.0142241958   0.0114313340  -0.2697902161   0.0049010562
       -0.0008224631  -0.0132491283  -0.0011332967  -0.0000201664   0.0012290197
        0.0001320162   0.0004206558  -0.0002221105   0.0000518533  -0.0001926993
        0.0001128585  -0.0000404572  -0.0000340957  -0.0002962167  -0.0003294737
        0.0002567608   0.0003529086   0.0001958217  -0.0004791634   0.0006977315
       -0.0002924729   0.0031304639  -0.0006961036  -0.0184528116  -0.0149690955
        0.3136323790  -0.0017848776  -0.0019751352  -0.0191204631  -0.0002015730
       -0.0001812797   0.0000948013   0.0025873675  -0.0012156927  -0.0006500620
       -0.0003069268  -0.0000798824   0.0000682600   0.0003930917   0.0002697654
        0.0003994831
        0.0012380367   0.0016307830   0.0003080723   0.0023957052   0.0009864468
        0.0013964439  -0.1426705312  -0.0953492958  -0.0624572766  -0.0250505683
       -0.0157131776  -0.0106059193  -0.0058192211   0.0016793464   0.0019442854
       -0.0000203845   0.0003333146  -0.0001422135  -0.0000930875   0.0000089917
       -0.0000084451  -0.0001267790   0.0000732807  -0.0002106104  -0.0000615910
       -0.0001078401  -0.0000251413   0.0002880589   0.0007021674   0.0000563442
        0.0000024352  -0.0001451622   0.0002238502   0.0005234758  -0.0007282099
       -0.0017848776   0.1703416566   0.1077312265   0.0722808702   0.0000146657
       -0.0003159438  -0.0006290908   0.0002962812  -0.0004682431  -0.0001042377
       -0.0013803977  -0.0004808828  -0.0007150028   0.0001222450   0.0001631984
        0.0004729489
       -0.0010237119   0.0009977469  -0.0001697516  -0.0179023005  -0.0266010046
       -0.0110833908  -0.0962768272  -0.1300369156  -0.0584379359   0.0045833100
        0.0035825046   0.0019944594   0.0014341913   0.0009085172  -0.0001602866
       -0.0000139467  -0.0001458230   0.0001402517  -0.0001486911   0.0004180901
       -0.0000118812   0.0009556045  -0.0000929516   0.0003468016   0.0000134299
       -0.0001296711  -0.0001626731   0.0011242606  -0.0070020021   0.0021032173
       -0.0003777751   0.0006557749  -0.0003486093  -0.0010107816   0.0002712351
       -0.0019751352   0.1077312265   0.1565365282   0.0673409507   0.0008563829
        0.0006937593   0.0001519144  -0.0001876811  -0.0000179485   0.0002027952
        0.0001756488   0.0000103250   0.0000735596   0.0000676607  -0.0000481646
       -0.0000042861
        0.0002911203   0.0000055838   0.0003065929   0.0049501775   0.0050025463
        0.0042237962  -0.0626584052  -0.0579528367  -0.0847600018   0.0058749116
        0.0041683238   0.0033011591   0.0011382044  -0.0004634542   0.0003274253
       -0.0000781460   0.0000923439  -0.0000288031   0.0000918379   0.0000975693
       -0.0001010063   0.0001330682  -0.0001021557   0.0002359589  -0.0000934283
       -0.0001663463  -0.0003582215  -0.0001973106   0.0017971228   0.0006645128
        0.0004139398   0.0004302002   0.0004109304  -0.0224914071  -0.0209286074
       -0.0191204631   0.0722808702   0.0673409507   0.0940174568  -0.0003904931
        0.0002689268   0.0001669492   0.0003641548   0.0002214656   0.0002755969
        0.0002183486   0.0001452693   0.0003165520   0.0001525569   0.0000430978
        0.0001215652
       -0.0004050960   0.0014098171  -0.0003484180  -0.0046227940   0.0014643264
        0.0020145860  -0.0078748062   0.0270505954  -0.0049260494  -0.0405313276
        0.0188336591  -0.0047278460  -0.0020432245  -0.0201967057   0.0023618234
       -0.0027674229  -0.0041635616  -0.0009130884  -0.0004456976   0.0001476235
        0.0000564761   0.0000604623  -0.0000013560  -0.0000161718   0.0000576952
       -0.0000057098  -0.0000315755  -0.0000872125  -0.0001071103   0.0000069219
       -0.0000396143  -0.0002267166   0.0001322658   0.0004964703   0.0000974053
       -0.0002015730   0.0000146657   0.0008563829  -0.0003904931   0.0568130282
       -0.0208887619   0.0058953673   0.0016423647  -0.0022238417   0.0008764528
       -0.0000343852  -0.0018966835   0.0003702957  -0.0002331056  -0.0001493624
       -0.0001589737
        0.0001443423  -0.0007378595   0.0002240547   0.0029702488   0.0002541537
       -0.0011466528   0.0051465261  -0.0130332904   0.0024439406   0.0189991529
       -0.2586139526   0.0532693588  -0.0037067323  -0.0194731483   0.0021663705
       -0.0026326860  -0.0023083784  -0.0013191771   0.0002325469  -0.0000711715
       -0.0000454928   0.0000135070   0.0000066692   0.0000426629  -0.0000098257
       -0.0000183888  -0.0000458642  -0.0000604578   0.0002269430   0.0000596112
       -0.0000884250   0.0001516274  -0.0002089563  -0.0002365155   0.0000021856
       -0.0001812797  -0.0003159438   0.0006937593   0.0002689268  -0.0208887619
        0.2994586033  -0.0605345256   0.0004064614  -0.0069599651   0.0048253938
        0.0002077278   0.0006470394   0.0005131150  -0.0001811651  -0.0002248264
       -0.0003314857
        0.0001375164  -0.0003275529   0.0002517622   0.0012589290  -0.0002080289
        0.0002016618   0.0020686547  -0.0083873894   0.0024618577  -0.0041905442
        0.0526069729  -0.0557953770  -0.0013881186  -0.0125596060   0.0025764705
       -0.0010938773  -0.0015277302  -0.0000075686   0.0001097331  -0.0000602854
       -0.0000243954  -0.0000406457  -0.0000023599  -0.0000049979  -0.0000534319
        0.0000013738   0.0000183105  -0.0000717069  -0.0000425928  -0.0000699642
        0.0000981884  -0.0001166730   0.0000937693   0.0000708047  -0.0005264710
        0.0000948013  -0.0006290908   0.0001519144   0.0001669492   0.0058953673
       -0.0605345256   0.0613873941  -0.0022751655   0.0320117402  -0.0115986628
        0.0002732116  -0.0004152209   0.0008282348  -0.0001698244  -0.0000635653
       -0.0005802457
        0.0000442279  -0.0000354251  -0.0001296495   0.0007457968  -0.0008103030
        0.0006243369  -0.0065841323  -0.0008739669   0.0277595089  -0.0434608285
       -0.0025292310   0.0220004306   0.0001141022  -0.0002683510  -0.0232974489
        0.0006113692   0.0004906370  -0.0000353270   0.0000814922  -0.0000134713
       -0.0000549468  -0.0000336865  -0.0000367429   0.0000481592   0.0000929203
       -0.0000673492  -0.0001138778  -0.0000108683  -0.0001281070  -0.0001437828
       -0.0001525071   0.0004812970  -0.0004514383  -0.0053170737   0.0018643031
        0.0025873675   0.0002962812  -0.0001876811   0.0003641548   0.0016423647
        0.0004064614  -0.0022751655   0.0549561515   0.0038239699  -0.0245381211
       -0.0000421305  -0.0002016277  -0.0002277731  -0.0029834791  -0.0019144122
       -0.0021164272
        0.0000338430  -0.0000463867   0.0001084490  -0.0000168966   0.0007521887
       -0.0012013269   0.0018688186   0.0012393818  -0.0093437643  -0.0010930875
       -0.0453491291   0.0265736084  -0.0019955486  -0.0012221466  -0.0160712773
        0.0003192415   0.0011105255  -0.0012856601  -0.0000083944  -0.0000213783
        0.0000087682  -0.0000770596   0.0000074580  -0.0000051201  -0.0000343773
       -0.0000295725   0.0000591431  -0.0000513528  -0.0001515961  -0.0000655919
        0.0003424988  -0.0001662885   0.0002528267   0.0018483995   0.0000328126
       -0.0012156927  -0.0004682431  -0.0000179485   0.0002214656  -0.0022238417
       -0.0069599651   0.0320117402   0.0038239699   0.0519257170  -0.0275284705
        0.0001466092  -0.0000521253  -0.0000071591  -0.0024145788  -0.0010515471
       -0.0025119383
       -0.0002862548   0.0001109944   0.0001804052  -0.0009148573   0.0002596444
        0.0008643519   0.0053510401   0.0000289013  -0.0124749300   0.0212427711
        0.0252423698  -0.2711473284  -0.0022647825  -0.0008416482  -0.0190874944
        0.0003194972  -0.0006883332   0.0014723724  -0.0000392682  -0.0000310089
        0.0000328736   0.0000164553   0.0000330723   0.0000036340  -0.0000588019
        0.0000830523  -0.0000335124   0.0000448024  -0.0000083044  -0.0002075887
        0.0002696019  -0.0003774958   0.0003004168   0.0028159551  -0.0004961948
       -0.0006500620  -0.0001042377   0.0002027952   0.0002755969   0.0008764528
        0.0048253938  -0.0115986628  -0.0245381211  -0.0275284705   0.3138863214
        0.0000798555   0.0001596843  -0.0003367668  -0.0028101080  -0.0009744520
       -0.0014796268
        0.0000228328   0.0001238473  -0.0000058782   0.0001008908  -0.0000707265
        0.0000395440  -0.0029940294  -0.0024448517  -0.0030898310  -0.0230935299
        0.0080262645   0.0004063556  -0.2130134039   0.1104383852   0.0144465569
        0.0055726739  -0.0018323356  -0.0004770063  -0.0000041732   0.0000319853
       -0.0000017295   0.0000320379  -0.0000059332   0.0000087944   0.0000404875
       -0.0000300599  -0.0000401271  -0.0000536540  -0.0002718845   0.0000967906
       -0.0000467573  -0.0000983719   0.0000529516   0.0002891846  -0.0000563370
       -0.0003069268  -0.0013803977   0.0001756488   0.0002183486  -0.0000343852
        0.0002077278   0.0002732116  -0.0000421305   0.0001466092   0.0000798555
        0.2424424625  -0.1199525911  -0.0146365174  -0.0078381090   0.0056126233
        0.0029356074
       -0.0000121134   0.0001268086  -0.0000051482  -0.0000988777   0.0000719182
        0.0000561021  -0.0016423657   0.0000596480  -0.0012218691  -0.0102892513
        0.0042259254  -0.0004970371   0.1145524900  -0.1025474852  -0.0114227657
        0.0118357079  -0.0266751373   0.0073614947  -0.0000616864   0.0000383287
       -0.0000034363   0.0000023689   0.0000020017   0.0000178225  -0.0000064713
       -0.0000167980  -0.0000145493  -0.0000784981  -0.0000997237   0.0000640906
       -0.0000421084  -0.0000725429  -0.0000220527   0.0000522115  -0.0001018546
       -0.0000798824  -0.0004808828   0.0000103250   0.0001452693  -0.0018966835
        0.0006470394  -0.0004152209  -0.0002016277  -0.0000521253   0.0001596843
       -0.1199525911   0.1278269837   0.0089062979   0.0083203790  -0.0034433119
       -0.0030287996
       -0.0000066496   0.0000592697   0.0000290655  -0.0000747137  -0.0001042888
        0.0000690361  -0.0014581733  -0.0013768761  -0.0009251418  -0.0131092238
        0.0062969240   0.0015709384   0.0120511437  -0.0122526524  -0.0429768464
       -0.0071503736   0.0139911421  -0.0012002357   0.0000208030   0.0000029406
       -0.0000027092   0.0000292917  -0.0000159489   0.0000023049  -0.0000157770
       -0.0000048098   0.0000063112   0.0000315420   0.0001933427  -0.0001273861
        0.0000820201   0.0000545503   0.0000023794  -0.0000499704  -0.0001200819
        0.0000682600  -0.0007150028   0.0000735596   0.0003165520   0.0003702957
        0.0005131150   0.0008282348  -0.0002277731  -0.0000071591  -0.0003367668
       -0.0146365174   0.0089062979   0.0468049434   0.0248590785  -0.0162093248
       -0.0041289396
       -0.0000482728   0.0000290831   0.0000382531  -0.0001363061   0.0000065887
       -0.0000334598   0.0013216988  -0.0001635598  -0.0016222853   0.0026128102
       -0.0050907756  -0.0205334783  -0.0540238451   0.0146231449   0.0527009663
       -0.0002552252  -0.0032190796   0.0052253707   0.0000181369  -0.0000229476
        0.0000179306   0.0000374204   0.0000114496   0.0000102246  -0.0000698816
        0.0000153877   0.0000407706   0.0000159405   0.0002416442  -0.0001323214
        0.0000629632  -0.0000785828   0.0001488291  -0.0005438452  -0.0003104029
        0.0003930917   0.0001222450   0.0000676607   0.0001525569  -0.0002331056
       -0.0001811651  -0.0001698244  -0.0029834791  -0.0024145788  -0.0028101080
       -0.0078381090   0.0083203790   0.0248590785   0.0619408546  -0.0118342459
       -0.0582855950
       -0.0000203238  -0.0000489373  -0.0000513092   0.0001040605   0.0002098664
        0.0000925732   0.0007667034   0.0004636550   0.0001993773   0.0002624827
       -0.0020925864  -0.0139153636   0.0156220737  -0.0470776625  -0.0518636039
       -0.0082273212  -0.0073258561   0.0249842492  -0.0000087046   0.0000048525
        0.0000142085  -0.0000614871  -0.0000145266  -0.0000180955   0.0000030327
        0.0000212211   0.0000105759   0.0001576181  -0.0002751282   0.0002664940
       -0.0000643980  -0.0002008806   0.0000111674  -0.0004115374   0.0001823873
        0.0002697654   0.0001631984  -0.0000481646   0.0000430978  -0.0001493624
       -0.0002248264  -0.0000635653  -0.0019144122  -0.0010515471  -0.0009744520
        0.0056126233  -0.0034433119  -0.0162093248  -0.0118342459   0.0609214454
        0.0572042057
        0.0000986370   0.0000105930   0.0000605974  -0.0000610413  -0.0000390576
       -0.0000414621   0.0011597435   0.0006055631   0.0011537961  -0.0005371798
       -0.0060644159  -0.0165938912   0.0517584086  -0.0551005482  -0.2577917377
        0.0052811158   0.0088704863  -0.0132883469   0.0000462616  -0.0000023243
       -0.0000064658   0.0000303985  -0.0000048922  -0.0000216550  -0.0000144452
       -0.0000036781   0.0000613504  -0.0001608264   0.0004440496  -0.0000866721
        0.0001230548  -0.0000373859   0.0000144797  -0.0005716874  -0.0000060857
        0.0003994831   0.0004729489  -0.0000042861   0.0001215652  -0.0001589737
       -0.0003314857  -0.0005802457  -0.0021164272  -0.0025119383  -0.0014796268
        0.0029356074  -0.0030287996  -0.0041289396  -0.0582855950   0.0572042057
        0.2922077709
