           1           2  0.987578886898085     
           2           3  0.956662673166215     
           2           4  0.974021745116379     
           4           5   1.40416772395459     
           5           6   1.45350911127693     
           4           7  0.100201870200792     
           6           7   1.38338301729285     
           7           8   1.35177319132576     
           4           9   1.40103761175136     
           6           9  0.106185512830844     
           8           9   1.42002806908294     
           8          10  0.919831648623666     
           7          11   1.04399550691534     
          11          12   1.39301343560847     
          12          13   1.44797146994963     
          11          14  0.105517970866352     
          13          14   1.43745404165292     
          12          15  0.108932019508405     
          14          15   1.43321952392673     
          11          16   1.38692928315939     
          13          16  0.109286138858915     
          15          16   1.45281979909174     
           2          17  0.950412526230993     
          17          18   1.72781983099706     
          17          19   1.16583266257540     
          18          19  0.160619715552381     
           1          20  0.983916239519301     
           1          21  0.983831168302299     
           1          22  0.983667606419413     
           5          23  0.963736262945444     
           6          24  0.964367693016918     
           9          25  0.962608379648109     
          12          26  0.970274750440167     
          13          27  0.970277427318965     
          14          28  0.970699514956570     
          15          29  0.969687776331075     
          16          30  0.967801836366587     
          19          31  0.803813331858340     
