$hessian                                                                        
        0.4954360454  -0.0378503106   0.0213008715  -0.1142848427  -0.0539155743
        0.0322685455   0.0021705735  -0.0006051767  -0.0007122043  -0.0388453818
       -0.0151651681   0.0069667425  -0.0031471273  -0.0000775830  -0.0036330835
       -0.0009092167  -0.0005020079   0.0004242473  -0.0009042293  -0.0003154744
        0.0004693031  -0.0457965724   0.0038867652   0.0230372511  -0.0639199497
        0.0682376699   0.0123096572  -0.2262616537   0.0376408639  -0.0969123542
       -0.0046491649  -0.0045434188   0.0043657527   0.0007646327   0.0010774804
       -0.0000213247   0.0001639825   0.0004864170  -0.0001903411   0.0004593115
        0.0018596474  -0.0000688372   0.0004476756   0.0000834968   0.0007737676
        0.0001290548   0.0000840318  -0.0003080282  -0.0000552012  -0.0000002940
        0.0000241465  -0.0001002493   0.0000269250   0.0000085601  -0.0002485084
       -0.0004260356  -0.0000987681  -0.0000018836  -0.0001360599  -0.0000303019
       -0.0004146496   0.0001970979  -0.0000114088  -0.0000326456  -0.0000432919
        0.0000378068
       -0.0378503106   0.4984163570   0.0168297356  -0.0531269597  -0.1130766306
        0.0293549573  -0.0171563921  -0.0289457395   0.0103468293  -0.0017849036
        0.0037334053  -0.0019270133   0.0012999892   0.0002414532   0.0002410149
        0.0002031667   0.0000275081  -0.0001225854   0.0001479716  -0.0000745452
        0.0000057000   0.0040168435  -0.0483764200  -0.0326952611   0.0690288887
       -0.2580171466  -0.0411084639   0.0364481495  -0.0497739428   0.0182303399
       -0.0002791483   0.0010091788   0.0006762959  -0.0015330811   0.0004386834
        0.0001666516  -0.0005031646   0.0005630209   0.0006648113   0.0007585567
       -0.0067160169  -0.0006751479   0.0003056390   0.0003312935   0.0001080244
       -0.0000507023  -0.0000168439  -0.0001037105  -0.0000511561  -0.0000246348
        0.0000243906   0.0000271277   0.0000697264   0.0000261400   0.0000231306
        0.0000837890  -0.0000179793   0.0000369003   0.0000657294  -0.0000164518
        0.0000589333   0.0000171638  -0.0000226549  -0.0000194787   0.0000246114
        0.0000143772
        0.0213008715   0.0168297356   0.5114158993   0.0331863103   0.0284684051
       -0.0864011948  -0.0021367487  -0.0010850721   0.0017322205  -0.0100897608
       -0.0059295885   0.0055197138  -0.0014192139   0.0005738894  -0.0009759230
       -0.0002410228  -0.0001579100   0.0001211662  -0.0005456467  -0.0001212019
        0.0001902642   0.0240646161  -0.0324189050  -0.2753531530   0.0122704054
       -0.0410527448  -0.0518823729  -0.0967794289   0.0187156863  -0.0936895111
        0.0216293629   0.0185948026  -0.0140191749   0.0001287890   0.0002405292
        0.0001913809  -0.0004124011  -0.0006730246   0.0007458961  -0.0000323030
       -0.0010491447   0.0007887400  -0.0007685043  -0.0007794696   0.0009498795
       -0.0000428055  -0.0000337414   0.0003706442   0.0000164718   0.0000450078
        0.0001186345   0.0000457022  -0.0000810223   0.0000219357  -0.0000991578
       -0.0001156089   0.0000553025   0.0000387858   0.0000151533  -0.0000256004
       -0.0001854302   0.0000830425   0.0000438562   0.0000711090  -0.0000688180
        0.0000813964
       -0.1142848427  -0.0531269597   0.0331863103   0.4523927206   0.0064689511
       -0.0160878885  -0.0637843886   0.0200524487   0.0069093225  -0.1706343051
        0.0201059219  -0.0521187756  -0.0300545742   0.0068176785  -0.0036503271
        0.0014978328   0.0016931503  -0.0005889905  -0.0026699913  -0.0017669063
        0.0008107557  -0.0039815515  -0.0031854058   0.0052557609   0.0047017673
        0.0032964002  -0.0022696855  -0.0211821430  -0.0151882645   0.0073988834
       -0.0438840628   0.0035445407   0.0233930188  -0.0109793546   0.0238929131
        0.0030968499  -0.0002273872   0.0004350335   0.0013224202   0.0048528318
       -0.0172985233  -0.0021018925  -0.0013528600   0.0031977891  -0.0031224787
        0.0002768941   0.0003679796  -0.0019070539  -0.0002391290  -0.0002135165
        0.0002593649   0.0001921330  -0.0001350437   0.0000700307   0.0005053572
        0.0001942584  -0.0000671072  -0.0002579897  -0.0001257104   0.0001581939
       -0.0006348890   0.0010546873  -0.0002900720  -0.0002520680  -0.0000814223
        0.0003433602
       -0.0539155743  -0.1130766306   0.0284684051   0.0064689511   0.4328450189
        0.0055747808   0.0245368297  -0.1583174431  -0.0212613552   0.0421680070
       -0.0550229532   0.0290494732  -0.0105745045  -0.0006142106  -0.0070187622
       -0.0019790746  -0.0013598575   0.0010639056   0.0004893363  -0.0000663196
        0.0003235233   0.0009988238   0.0018031520   0.0013981837  -0.0197871733
       -0.0234509437   0.0100426819   0.0020387300   0.0020219421  -0.0010585005
        0.0037643698  -0.0463641790  -0.0335485261   0.0033277887  -0.0042842758
       -0.0000719851   0.0035152990  -0.0090546637  -0.0056725840   0.0039056980
       -0.0219286018  -0.0017372667  -0.0049573335  -0.0021230075  -0.0044769466
        0.0003185410   0.0007733846  -0.0003207199  -0.0002443908   0.0000316018
       -0.0005323598  -0.0000997320  -0.0007192260   0.0001727715  -0.0004433865
       -0.0007779739  -0.0000796796   0.0004093967  -0.0002386113  -0.0001934582
        0.0000423453  -0.0001917218   0.0000932960   0.0000170531   0.0001155198
       -0.0002148773
        0.0322685455   0.0293549573  -0.0864011948  -0.0160878885   0.0055747808
        0.5406271605   0.0083251048  -0.0241864931  -0.0718856639  -0.0464428094
        0.0144893604  -0.1049462483   0.0049750519  -0.0054200410   0.0047403587
        0.0009718097   0.0006647716  -0.0003371175   0.0040166501   0.0005686808
       -0.0014155758   0.0222367215   0.0193170094  -0.0162492370  -0.0028938511
       -0.0022316216   0.0017775491  -0.0097105922  -0.0078870514   0.0040168278
        0.0253239201  -0.0339264349  -0.2458433712  -0.0038863838   0.0090274524
        0.0014386976   0.0090844869  -0.0295349072  -0.0091710696  -0.0034921102
        0.0131985967   0.0018317177  -0.0295046349   0.0110277087  -0.0197905460
        0.0035068505   0.0003409251   0.0009570842  -0.0001608917   0.0000698803
        0.0000600147  -0.0001042269  -0.0001772848   0.0001582364   0.0004628567
        0.0003571751   0.0000781377  -0.0001002570  -0.0000636941   0.0000508574
        0.0012398252  -0.0004748600   0.0001459970  -0.0000281773  -0.0000889106
        0.0001573853
        0.0021705735  -0.0171563921  -0.0021367487  -0.0637843886   0.0245368297
        0.0083251048   0.5133909197   0.0296968529   0.0057269344  -0.0247665035
        0.0315661286  -0.0052920293   0.0021453704   0.0009756369  -0.0007990440
        0.0002756007  -0.0010327908   0.0001527193  -0.0007361800  -0.0002013311
        0.0003420034   0.0004249239  -0.0001808971  -0.0005160430  -0.0023347227
       -0.0037699725   0.0013760266   0.0006611563  -0.0011216763   0.0002222440
        0.0001858207   0.0048773929   0.0024115832  -0.2531563369   0.0239948410
       -0.0751616059  -0.0442633441  -0.0015301572  -0.0058497475  -0.1277174440
       -0.0911405992   0.0702843547   0.0006494728  -0.0008226608   0.0013771492
       -0.0002182476   0.0001773393   0.0000359725  -0.0001236250   0.0001982445
        0.0000880058  -0.0019399322   0.0004848652  -0.0005789830  -0.0004566303
        0.0002820340  -0.0000654194  -0.0000536548   0.0000421925  -0.0000342964
       -0.0003947253   0.0001033141   0.0000247390   0.0000418972   0.0000208053
        0.0000670805
       -0.0006051767  -0.0289457395  -0.0010850721   0.0200524487  -0.1583174431
       -0.0241864931   0.0296968529   0.4457619344  -0.0155016232   0.0189853289
       -0.0115567518   0.0057332225  -0.0017371825  -0.0003803038   0.0005885391
        0.0010924908  -0.0000276225   0.0001377675   0.0003958286   0.0000164600
       -0.0001098894   0.0009605101   0.0007467447  -0.0006324859  -0.0025558353
       -0.0032938509   0.0017776636   0.0008879593  -0.0000227119  -0.0001055494
        0.0030725763  -0.0108092022  -0.0047104370   0.0236029413  -0.0439410443
        0.0088514465  -0.0019756704  -0.0530606218  -0.0456632795  -0.0907791283
       -0.1384492390   0.0753992599  -0.0006559904   0.0016793195  -0.0001913395
        0.0000635545   0.0001146741   0.0000402601   0.0000074030  -0.0000268097
        0.0000386974  -0.0008148062   0.0001730989  -0.0004259513   0.0001939870
        0.0001838767   0.0000415807  -0.0000600482   0.0001830918   0.0000822503
        0.0001965188  -0.0000127723  -0.0000114100  -0.0000245620  -0.0000150873
       -0.0000671571
       -0.0007122043   0.0103468293   0.0017322205   0.0069093225  -0.0212613552
       -0.0718856639   0.0057269344  -0.0155016232   0.5181775761  -0.0093486824
        0.0119567759   0.0024682706   0.0006591624   0.0007307735  -0.0004184639
       -0.0002564344  -0.0002429014  -0.0005517295  -0.0004362594  -0.0001010677
        0.0001545270  -0.0001984498   0.0009202725   0.0009238554   0.0012194991
        0.0023439262  -0.0000016203  -0.0001049447  -0.0000868588   0.0000528140
        0.0081363823  -0.0283838744  -0.0090717939  -0.0758022322   0.0088153845
       -0.0711453664  -0.0056657236  -0.0469486482  -0.2701444526   0.0702133869
        0.0756121732  -0.1025763079  -0.0001472463   0.0013182438   0.0015468819
       -0.0000161213  -0.0002224835   0.0001772833  -0.0001129517   0.0001794783
        0.0000951349   0.0002041379   0.0002723823   0.0003112212  -0.0001268420
        0.0001339397  -0.0000257343  -0.0000566464   0.0000911817   0.0000326699
       -0.0001457442   0.0000554888   0.0000394855   0.0000616573  -0.0000280375
        0.0001091923
       -0.0388453818  -0.0017849036  -0.0100897608  -0.1706343051   0.0421680070
       -0.0464428094  -0.0247665035   0.0189853289  -0.0093486824   0.5244412695
        0.0204514904   0.0003414835  -0.1628694873  -0.0580850406   0.0400728437
       -0.0223667061  -0.0199584102   0.0071893710  -0.0400161957  -0.0021014307
        0.0124501063   0.0012958927   0.0010928228  -0.0004500703   0.0009471823
        0.0007679625  -0.0005298296  -0.0056223575  -0.0034123197   0.0017281249
       -0.0037925916   0.0004502477  -0.0072267134  -0.0021456444   0.0052850856
        0.0002022860   0.0007575074  -0.0014087721   0.0002659092   0.0003017092
        0.0000234295  -0.0001786576  -0.0496078179   0.0004547050   0.0077715015
       -0.0024061640  -0.0013411729   0.0057159578   0.0006404663   0.0015646478
        0.0000858577   0.0005545642   0.0001032689   0.0001461853  -0.0020111903
       -0.0049579933  -0.0014434978   0.0011615204  -0.0010123128   0.0001863060
       -0.0063356739   0.0037959656  -0.0006039026   0.0013199071  -0.0010806058
        0.0001579911
       -0.0151651681   0.0037334053  -0.0059295885   0.0201059219  -0.0550229532
        0.0144893604   0.0315661286  -0.0115567518   0.0119567759   0.0204514904
        0.1690699058  -0.0004330358  -0.0310327795  -0.0664524164   0.0195901954
       -0.0306388591  -0.0156368802   0.0095542421   0.0111050976   0.0071739756
       -0.0061745392   0.0002170054  -0.0000802296  -0.0002500761   0.0003727635
        0.0018032360  -0.0000917635  -0.0033046868  -0.0012038080   0.0005937549
       -0.0017281513   0.0008357611   0.0004135254   0.0036964856  -0.0069488281
       -0.0002910821  -0.0006023796   0.0017705179   0.0014254736  -0.0000695603
        0.0013020441  -0.0001549857  -0.0006842146  -0.0255633499  -0.0472302477
       -0.0035927174  -0.0008091978   0.0033537324   0.0007452182   0.0010610058
        0.0012445221  -0.0000431372   0.0018729097   0.0002924463  -0.0035718116
       -0.0064736499  -0.0021145729  -0.0003796717   0.0018696691   0.0004570333
        0.0031654235  -0.0009318176   0.0000016121  -0.0006123976   0.0001874522
       -0.0007027827
        0.0069667425  -0.0019270133   0.0055197138  -0.0521187756   0.0290494732
       -0.1049462483  -0.0052920293   0.0057332225   0.0024682706   0.0003414835
       -0.0004330358   0.5997494857   0.0426221996   0.0332380483  -0.1013620613
       -0.0023865099   0.0022822499   0.0046903213  -0.0000851165  -0.0022568261
        0.0045261774   0.0008730481   0.0001205160   0.0008006051  -0.0000401801
       -0.0002212884   0.0000856022   0.0026697131   0.0012802690   0.0000171877
       -0.0301688542   0.0072894099  -0.0249033374   0.0003803628   0.0005019016
        0.0006430946   0.0010968588  -0.0004198106   0.0011715282   0.0000622790
        0.0002269861  -0.0002360963   0.0106309088  -0.0856542970  -0.3670737464
        0.0284783298   0.0121751892  -0.0238999163  -0.0011206553  -0.0006553924
        0.0010183295   0.0000225957   0.0005191348   0.0000769605  -0.0010886628
       -0.0012390131   0.0003357334   0.0001588418   0.0000513324  -0.0000717419
       -0.0015144145   0.0005157063   0.0007323370  -0.0004881654  -0.0001767624
        0.0006578011
       -0.0031471273   0.0012999892  -0.0014192139  -0.0300545742  -0.0105745045
        0.0049750519   0.0021453704  -0.0017371825   0.0006591624  -0.1628694873
       -0.0310327795   0.0426221996   0.4509818120  -0.0030375861   0.0202048695
       -0.0651589458  -0.0192583712  -0.0134997092  -0.1153803956   0.0581204855
       -0.0180017610  -0.0002900426  -0.0000284239  -0.0003838775  -0.0002547311
        0.0001337860  -0.0001182235  -0.0006943414  -0.0010242812   0.0006316440
        0.0005041150   0.0000029464   0.0016042903   0.0005084010  -0.0002573309
        0.0000942346  -0.0002497748   0.0002031640  -0.0001614208  -0.0000063298
        0.0001612797   0.0000709437  -0.0018730610  -0.0047470238   0.0036803080
       -0.0463259614   0.0019507898  -0.0313375396  -0.0014839375  -0.0036668998
       -0.0031787568   0.0051132086   0.0183729686   0.0071822193  -0.0101011659
       -0.0216159152  -0.0075923102   0.0044593917  -0.0031209776   0.0012107181
       -0.0208392021   0.0150407678  -0.0026241897  -0.0049832208   0.0048150993
       -0.0046186391
       -0.0000775830   0.0002414532   0.0005738894   0.0068176785  -0.0006142106
       -0.0054200410   0.0009756369  -0.0003803038   0.0007307735  -0.0580850406
       -0.0664524164   0.0332380483  -0.0030375861   0.4325498890  -0.0097995066
       -0.0229078621  -0.1465133224  -0.0408476858   0.0602866677  -0.1198225981
        0.0159219230  -0.0000061273   0.0000216585  -0.0003584311  -0.0004167705
       -0.0001292876  -0.0000525201   0.0000816021  -0.0000813549   0.0002041722
       -0.0002079996   0.0005394929   0.0001636602   0.0003370337  -0.0004893918
        0.0000518505   0.0002654570  -0.0001222984  -0.0006325707   0.0001707080
       -0.0003394574   0.0004186407   0.0037972077  -0.0025718742  -0.0030018062
        0.0025431713  -0.0425741646   0.0158461560  -0.0011366050  -0.0005509576
       -0.0033801783  -0.0038982878  -0.0224876398  -0.0075141923  -0.0046085720
       -0.0078561291  -0.0024261592   0.0195122435  -0.0231110188   0.0031327703
       -0.0052080037   0.0046266404  -0.0009495454   0.0048030312  -0.0038827084
        0.0041007526
       -0.0036330835   0.0002410149  -0.0009759230  -0.0036503271  -0.0070187622
        0.0047403587  -0.0007990440   0.0005885391  -0.0004184639   0.0400728437
        0.0195901954  -0.1013620613   0.0202048695  -0.0097995066   0.5419970344
       -0.0137840398  -0.0423270225  -0.0869364614  -0.0183555503   0.0170001142
       -0.0729334463   0.0000551446  -0.0000136292   0.0002276299   0.0001179501
       -0.0000610132  -0.0000198142  -0.0010806360  -0.0004146189   0.0003592267
       -0.0033477528  -0.0004800448   0.0005488468  -0.0003679110   0.0002544887
       -0.0000280400   0.0002212939   0.0000686229  -0.0001256681  -0.0000827682
        0.0001669413   0.0003568946   0.0279976298   0.0145096337  -0.0181771254
       -0.0339015869   0.0157613754  -0.2500710143  -0.0099498167  -0.0273920809
       -0.0172096418   0.0017074950   0.0041488096   0.0020600317   0.0039976710
        0.0099760506   0.0039154831   0.0077075811  -0.0080880077   0.0018216407
        0.0097969516  -0.0079233660   0.0015588209  -0.0229269140   0.0212122660
       -0.0093283079
       -0.0009092167   0.0002031667  -0.0002410228   0.0014978328  -0.0019790746
        0.0009718097   0.0002756007   0.0010924908  -0.0002564344  -0.0223667061
       -0.0306388591  -0.0023865099  -0.0651589458  -0.0229078621  -0.0137840398
        0.5165094305  -0.0285789162  -0.0121854677   0.0020334862   0.0176917646
        0.0062403110   0.0000574995  -0.0000286071  -0.0000895648  -0.0000515416
        0.0000054884   0.0000260951  -0.0003845791  -0.0001238936   0.0000421632
       -0.0001202608  -0.0001543301  -0.0000726690  -0.0002834281  -0.0002552286
        0.0000879356  -0.0000645017  -0.0001531814  -0.0001939206  -0.0017242438
       -0.0004096196  -0.0001769823   0.0009061841   0.0010857673  -0.0014856628
       -0.0005865265  -0.0052704538  -0.0037569026  -0.0472828418   0.0021372448
       -0.0258321969  -0.1542891487   0.1161189967  -0.0332728276  -0.2265563252
       -0.0533239403   0.0860722785  -0.0026123610   0.0042132066  -0.0003303116
        0.0006857889   0.0010347612  -0.0000130809   0.0004248041   0.0002410795
        0.0006370006
       -0.0005020079   0.0000275081  -0.0001579100   0.0016931503  -0.0013598575
        0.0006647716  -0.0010327908  -0.0000276225  -0.0002429014  -0.0199584102
       -0.0156368802   0.0022822499  -0.0192583712  -0.1465133224  -0.0423270225
       -0.0285789162   0.4614241649  -0.0284828990   0.0013759354  -0.0294354051
       -0.0089748984   0.0000010507  -0.0000284450  -0.0000647032   0.0000281858
        0.0001457091   0.0000069225  -0.0002151399  -0.0000333379   0.0000313002
       -0.0001390428  -0.0000295097   0.0000450131  -0.0003290992   0.0000412579
        0.0000151566   0.0000488544   0.0000377767  -0.0000882042   0.0006110931
        0.0002368637   0.0003243883   0.0005787531   0.0017910339  -0.0006498661
       -0.0011609044  -0.0022977619  -0.0026610619   0.0027037774  -0.0446527777
        0.0187374996   0.1163327701  -0.1627056219   0.0355829843  -0.0533341505
       -0.0576416777   0.0261629830   0.0030169802  -0.0039536318   0.0005882850
       -0.0008472314  -0.0000129775  -0.0000942906  -0.0010344857   0.0006245146
       -0.0006977968
        0.0004242473  -0.0001225854   0.0001211662  -0.0005889905   0.0010639056
       -0.0003371175   0.0001527193   0.0001377675  -0.0005517295   0.0071893710
        0.0095542421   0.0046903213  -0.0134997092  -0.0408476858  -0.0869364614
       -0.0121854677  -0.0284828990   0.5059500063   0.0006760304   0.0017883945
        0.0016562415  -0.0000731335  -0.0000303650   0.0001571197   0.0000199340
        0.0000614861   0.0000409458   0.0001242129   0.0000540606   0.0000141228
        0.0002755080  -0.0000614783   0.0002511803  -0.0000697675  -0.0000040915
        0.0001380226  -0.0001022458   0.0000209922   0.0003202092  -0.0004195890
       -0.0000736211  -0.0001572936   0.0004564223   0.0014861384   0.0019881109
       -0.0085679319  -0.0268004817  -0.0154101058  -0.0263708740   0.0179000751
       -0.2752609904  -0.0335870628   0.0362971792  -0.0542018756   0.0867549942
        0.0260506011  -0.0842298302  -0.0004548433   0.0011039237   0.0007320985
       -0.0001099714  -0.0001335130   0.0000709472  -0.0000438528   0.0010379545
        0.0009549116
       -0.0009042293   0.0001479716  -0.0005456467  -0.0026699913   0.0004893363
        0.0040166501  -0.0007361800   0.0003958286  -0.0004362594  -0.0400161957
        0.0111050976  -0.0000851165  -0.1153803956   0.0602866677  -0.0183555503
        0.0020334862   0.0013759354   0.0006760304   0.4882691039   0.0443219121
       -0.0117805934  -0.0000433286   0.0000159539  -0.0000288169   0.0000088830
        0.0001462998   0.0000167667  -0.0004012364  -0.0001834320   0.0000619237
        0.0001972423  -0.0000483598   0.0003056951  -0.0002240605   0.0003819000
        0.0000069527  -0.0000736968  -0.0000317299  -0.0000086270  -0.0000536850
       -0.0000298350  -0.0000629001  -0.0003820823   0.0001090223  -0.0001317932
       -0.0059675737   0.0066867073  -0.0036624396   0.0002718571  -0.0006717414
        0.0000713832   0.0004886857  -0.0016792292  -0.0003928114   0.0006332615
       -0.0007562801  -0.0002233369  -0.0616138785  -0.0604231093  -0.0260807560
       -0.2156830545  -0.0642502024   0.0882970142  -0.0477529315   0.0026112867
       -0.0316577685
       -0.0003154744  -0.0000745452  -0.0001212019  -0.0017669063  -0.0000663196
        0.0005686808  -0.0002013311   0.0000164600  -0.0001010677  -0.0021014307
        0.0071739756  -0.0022568261   0.0581204855  -0.1198225981   0.0170001142
        0.0176917646  -0.0294354051   0.0017883945   0.0443219121   0.4937726005
        0.0101348034   0.0000225296   0.0000239620   0.0000096942  -0.0000244732
        0.0000786406   0.0000087597  -0.0001148430  -0.0000185455  -0.0000099173
        0.0000951914   0.0000065863  -0.0000706801  -0.0000226156   0.0000995312
       -0.0000376403   0.0000014588  -0.0000298114   0.0000767213  -0.0000040127
        0.0000704026  -0.0001195773  -0.0004093836   0.0003217080  -0.0000006351
        0.0055516385  -0.0041234238   0.0028782994   0.0005607977   0.0008356912
        0.0008219737  -0.0008125000  -0.0060760085  -0.0022732560   0.0013191873
        0.0002614732   0.0000662442  -0.0612605276  -0.2315074871  -0.0831768747
       -0.0631781648  -0.0653094628   0.0313756820   0.0025266975  -0.0461974241
        0.0234383091
        0.0004693031   0.0000057000   0.0001902642   0.0008107557   0.0003235233
       -0.0014155758   0.0003420034  -0.0001098894   0.0001545270   0.0124501063
       -0.0061745392   0.0045261774  -0.0180017610   0.0159219230  -0.0729334463
        0.0062403110  -0.0089748984   0.0016562415  -0.0117805934   0.0101348034
        0.5201589095  -0.0000277879  -0.0000718852   0.0000819244  -0.0000614087
       -0.0000330611   0.0000046234   0.0001598466   0.0000745428   0.0000118948
       -0.0000922545   0.0001078940   0.0003373836   0.0000954400  -0.0001140450
        0.0000713942  -0.0000245464  -0.0000076892   0.0000768060  -0.0000111789
       -0.0001709739  -0.0000121571   0.0004847389  -0.0005152200   0.0001851600
       -0.0215358595   0.0206350959  -0.0081118151   0.0007382534  -0.0008347435
        0.0008995781  -0.0001367403  -0.0027570699  -0.0000852590   0.0001375195
        0.0002321632   0.0001796278  -0.0262728219  -0.0832772713  -0.0809638271
        0.0884457069   0.0318566105  -0.0882940083  -0.0324290322   0.0237490298
       -0.2767184234
       -0.0457965724   0.0040168435   0.0240646161  -0.0039815515   0.0009988238
        0.0222367215   0.0004249239   0.0009605101  -0.0001984498   0.0012958927
        0.0002170054   0.0008730481  -0.0002900426  -0.0000061273   0.0000551446
        0.0000574995   0.0000010507  -0.0000731335  -0.0000433286   0.0000225296
       -0.0000277879   0.0519910642  -0.0023500305  -0.0292331514  -0.0006916832
        0.0031963343   0.0105321440   0.0008516643  -0.0036991448  -0.0295683825
       -0.0029587114  -0.0028891881   0.0021772259  -0.0001112108  -0.0000101406
       -0.0002076192   0.0000655617  -0.0001177103  -0.0000864160  -0.0000517795
        0.0001871981  -0.0000964540  -0.0007044200  -0.0005621388  -0.0003302647
        0.0000399198   0.0000401239  -0.0001797214  -0.0000653819  -0.0000181743
       -0.0000199245  -0.0000114305   0.0000237489   0.0000328629   0.0000406141
        0.0000404870   0.0000105525  -0.0000204665  -0.0000142731   0.0000424660
        0.0000356097  -0.0000214642   0.0000038200  -0.0000761711  -0.0000162633
       -0.0000072966
        0.0038867652  -0.0483764200  -0.0324189050  -0.0031854058   0.0018031520
        0.0193170094  -0.0001808971   0.0007467447   0.0009202725   0.0010928228
       -0.0000802296   0.0001205160  -0.0000284239   0.0000216585  -0.0000136292
       -0.0000286071  -0.0000284450  -0.0000303650   0.0000159539   0.0000239620
       -0.0000718852  -0.0023500305   0.0543987990   0.0367227918   0.0038466732
       -0.0075593853  -0.0320879662   0.0001644456   0.0012563252   0.0057439910
       -0.0030666168  -0.0019784913   0.0020578422   0.0000961859  -0.0001078179
        0.0001047805  -0.0002837181  -0.0003607226  -0.0001703851   0.0000855301
        0.0000847643  -0.0001705497  -0.0001037136   0.0002232818  -0.0000645419
        0.0000170965  -0.0000211593  -0.0000110510  -0.0000345292  -0.0000094984
        0.0000223843  -0.0000302694  -0.0000245328   0.0000635482   0.0000123744
        0.0000091830   0.0000151842   0.0000164839  -0.0000218392  -0.0000494593
        0.0000239281   0.0000059286   0.0000023132   0.0000339519  -0.0000052576
       -0.0000018957
        0.0230372511  -0.0326952611  -0.2753531530   0.0052557609   0.0013981837
       -0.0162492370  -0.0005160430  -0.0006324859   0.0009238554  -0.0004500703
       -0.0002500761   0.0008006051  -0.0003838775  -0.0003584311   0.0002276299
       -0.0000895648  -0.0000647032   0.0001571197  -0.0000288169   0.0000096942
        0.0000819244  -0.0292331514   0.0367227918   0.3201816195   0.0013596650
       -0.0042683153  -0.0098406849  -0.0016061134  -0.0026603796  -0.0202094704
        0.0026067729   0.0023186101  -0.0010595192  -0.0001363427   0.0001190660
       -0.0003871199   0.0001288766   0.0003709633   0.0003300724  -0.0001921819
       -0.0002456835   0.0001300784   0.0004427577   0.0002730139   0.0002895143
       -0.0001752253  -0.0000236470  -0.0000116041   0.0000195249  -0.0000148912
        0.0000681049  -0.0000061998   0.0000326511  -0.0000413269  -0.0000302726
       -0.0000157989   0.0000090213  -0.0000091741  -0.0000104721  -0.0000823722
       -0.0000097259   0.0000059775  -0.0000064350   0.0000161507  -0.0000108066
        0.0000413771
       -0.0639199497   0.0690288887   0.0122704054   0.0047017673  -0.0197871733
       -0.0028938511  -0.0023347227  -0.0025558353   0.0012194991   0.0009471823
        0.0003727635  -0.0000401801  -0.0002547311  -0.0004167705   0.0001179501
       -0.0000515416   0.0000281858   0.0000199340   0.0000088830  -0.0000244732
       -0.0000614087  -0.0006916832   0.0038466732   0.0013596650   0.0723781034
       -0.0777968890  -0.0154853345  -0.0114026683   0.0284372782   0.0038187341
        0.0004504403   0.0000899997  -0.0003953848  -0.0000520433   0.0000599540
        0.0001447756  -0.0000791629  -0.0000217493  -0.0000236719   0.0003247219
       -0.0011889419  -0.0000433705  -0.0000620347  -0.0001105712  -0.0000015468
        0.0000447438  -0.0000273109  -0.0000475373  -0.0000028115  -0.0000106382
        0.0000151402   0.0000181102   0.0000387793   0.0000014755   0.0000176842
        0.0000009881   0.0000008606  -0.0000378040   0.0000684393   0.0000442924
        0.0000475333  -0.0000021197  -0.0000054747  -0.0000500168  -0.0000294773
       -0.0000149714
        0.0682376699  -0.2580171466  -0.0410527448   0.0032964002  -0.0234509437
       -0.0022316216  -0.0037699725  -0.0032938509   0.0023439262   0.0007679625
        0.0018032360  -0.0002212884   0.0001337860  -0.0001292876  -0.0000610132
        0.0000054884   0.0001457091   0.0000614861   0.0001462998   0.0000786406
       -0.0000330611   0.0031963343  -0.0075593853  -0.0042683153  -0.0777968890
        0.3003740499   0.0463109584   0.0054059405  -0.0085382903  -0.0007797854
        0.0004948770   0.0002772854  -0.0000036390  -0.0003434629   0.0002146770
       -0.0000669157  -0.0000086974   0.0001747555   0.0001995840   0.0001139926
       -0.0016485798  -0.0001165327   0.0000136872  -0.0003826249  -0.0000907828
        0.0000722178  -0.0001044022   0.0000133492   0.0000118255  -0.0000122716
       -0.0000216582   0.0000702564  -0.0000079298  -0.0000058108  -0.0000207656
        0.0000318614   0.0000234608  -0.0000846260   0.0000688378   0.0000495839
        0.0000707207  -0.0000083475  -0.0000073275  -0.0000130453  -0.0000159924
       -0.0000418521
        0.0123096572  -0.0411084639  -0.0518823729  -0.0022696855   0.0100426819
        0.0017775491   0.0013760266   0.0017776636  -0.0000016203  -0.0005298296
       -0.0000917635   0.0000856022  -0.0001182235  -0.0000525201  -0.0000198142
        0.0000260951   0.0000069225   0.0000409458   0.0000167667   0.0000087597
        0.0000046234   0.0105321440  -0.0320879662  -0.0098406849  -0.0154853345
        0.0463109584   0.0575495940  -0.0057625596   0.0140440877   0.0024661551
       -0.0002072493   0.0006491592   0.0000949075   0.0000703924  -0.0000374855
       -0.0001278835   0.0000749607   0.0001838695   0.0000107357  -0.0000145903
        0.0006194508   0.0002435005   0.0000002456  -0.0003185326  -0.0002725161
        0.0000420090   0.0001013805  -0.0000797386  -0.0000195443  -0.0000529772
       -0.0000031643  -0.0000155344   0.0000083192   0.0000194516   0.0000028031
        0.0000112236   0.0000487794   0.0000078256   0.0000046437  -0.0000114267
        0.0000182206   0.0000260048  -0.0000219963  -0.0000545958  -0.0000454161
       -0.0000806265
       -0.2262616537   0.0364481495  -0.0967794289  -0.0211821430   0.0020387300
       -0.0097105922   0.0006611563   0.0008879593  -0.0001049447  -0.0056223575
       -0.0033046868   0.0026697131  -0.0006943414   0.0000816021  -0.0010806360
       -0.0003845791  -0.0002151399   0.0001242129  -0.0004012364  -0.0001148430
        0.0001598466   0.0008516643   0.0001644456  -0.0016061134  -0.0114026683
        0.0054059405  -0.0057625596   0.2639249189  -0.0415164328   0.1118037748
        0.0000364382   0.0004856508  -0.0001558443   0.0004955529  -0.0004949873
        0.0001383992  -0.0001223691   0.0000032458  -0.0000197076   0.0001239061
        0.0002746486   0.0000052641   0.0000942200  -0.0000325630   0.0003168961
        0.0000500283   0.0000263665   0.0000074960   0.0000208045   0.0000341149
        0.0000125193  -0.0000143622   0.0000021177  -0.0000127328  -0.0001019551
       -0.0001070490  -0.0000012560   0.0000321722  -0.0000520327  -0.0000367026
       -0.0001440572   0.0000072311   0.0000155444   0.0000408615  -0.0000224681
        0.0000168515
        0.0376408639  -0.0497739428   0.0187156863  -0.0151882645   0.0020219421
       -0.0078870514  -0.0011216763  -0.0000227119  -0.0000868588  -0.0034123197
       -0.0012038080   0.0012802690  -0.0010242812  -0.0000813549  -0.0004146189
       -0.0001238936  -0.0000333379   0.0000540606  -0.0001834320  -0.0000185455
        0.0000745428  -0.0036991448   0.0012563252  -0.0026603796   0.0284372782
       -0.0085382903   0.0140440877  -0.0415164328   0.0574505928  -0.0228346807
        0.0002427542   0.0003089375  -0.0003624557  -0.0002261901  -0.0011886359
        0.0001925893   0.0000284817  -0.0001091672  -0.0000092581   0.0000975532
        0.0000588470  -0.0000352943  -0.0000158586  -0.0002032405  -0.0000245902
        0.0000978195   0.0000177627  -0.0000601994  -0.0000033216   0.0000107341
        0.0000136350  -0.0000298026   0.0000117804  -0.0000087409  -0.0000196394
       -0.0000031557  -0.0000075615   0.0000159779  -0.0000184600   0.0000276150
       -0.0000172957   0.0000634136  -0.0000052492   0.0000208244  -0.0000056847
       -0.0000055471
       -0.0969123542   0.0182303399  -0.0936895111   0.0073988834  -0.0010585005
        0.0040168278   0.0002222440  -0.0001055494   0.0000528140   0.0017281249
        0.0005937549   0.0000171877   0.0006316440   0.0002041722   0.0003592267
        0.0000421632   0.0000313002   0.0000141228   0.0000619237  -0.0000099173
        0.0000118948  -0.0295683825   0.0057439910  -0.0202094704   0.0038187341
       -0.0007797854   0.0024661551   0.1118037748  -0.0228346807   0.1063876089
        0.0005104555  -0.0000779789   0.0003614956   0.0001066681  -0.0001196369
        0.0003301286  -0.0001648614  -0.0000123625  -0.0002734306   0.0001567561
       -0.0000178035  -0.0000981360   0.0002588775   0.0002688213   0.0000982211
       -0.0000846161  -0.0000261785   0.0000772542  -0.0000080095  -0.0000114488
        0.0000011789  -0.0000009810  -0.0000253750   0.0000086192   0.0000010511
        0.0000037529   0.0000474570   0.0000051251   0.0000099467  -0.0000142119
       -0.0000035511  -0.0000089186   0.0000378074  -0.0000036697   0.0000020568
       -0.0000032396
       -0.0046491649  -0.0002791483   0.0216293629  -0.0438840628   0.0037643698
        0.0253239201   0.0001858207   0.0030725763   0.0081363823  -0.0037925916
       -0.0017281513  -0.0301688542   0.0005041150  -0.0002079996  -0.0033477528
       -0.0001202608  -0.0001390428   0.0002755080   0.0001972423   0.0000951914
       -0.0000922545  -0.0029587114  -0.0030666168   0.0026067729   0.0004504403
        0.0004948770  -0.0002072493   0.0000364382   0.0002427542   0.0005104555
        0.0600466410  -0.0046170205  -0.0227770615  -0.0001919807   0.0000680975
        0.0002387221  -0.0001445803   0.0019060457   0.0005246458   0.0002666683
       -0.0005022799  -0.0003608745  -0.0050662846   0.0011548998  -0.0031996276
       -0.0010412410  -0.0002993671   0.0005651681   0.0000122120   0.0000953739
        0.0001857445   0.0000114350   0.0000185405   0.0000001347  -0.0000339333
        0.0000436305   0.0000465917   0.0000125007   0.0000362689  -0.0000681907
        0.0000973852  -0.0001201194   0.0000491390   0.0000619128  -0.0000328798
        0.0001293175
       -0.0045434188   0.0010091788   0.0185948026   0.0035445407  -0.0463641790
       -0.0339264349   0.0048773929  -0.0108092022  -0.0283838744   0.0004502477
        0.0008357611   0.0072894099   0.0000029464   0.0005394929  -0.0004800448
       -0.0001543301  -0.0000295097  -0.0000614783  -0.0000483598   0.0000065863
        0.0001078940  -0.0028891881  -0.0019784913   0.0023186101   0.0000899997
        0.0002772854   0.0006491592   0.0004856508   0.0003089375  -0.0000779789
       -0.0046170205   0.0608574340   0.0361249674  -0.0001150801   0.0002302666
       -0.0001289745   0.0022697459  -0.0060017863  -0.0022676776  -0.0001377048
        0.0005829720  -0.0007066054   0.0012039575   0.0008309268   0.0009009094
       -0.0005020340   0.0001311862   0.0001034596   0.0000442191  -0.0000570796
        0.0000439517   0.0000568858  -0.0001461993  -0.0001644837  -0.0000171285
       -0.0000366387  -0.0000355072   0.0000479387  -0.0001127339   0.0000600030
       -0.0000390429  -0.0000223418  -0.0000032217  -0.0000102176  -0.0000518658
        0.0000431145
        0.0043657527   0.0006762959  -0.0140191749   0.0233930188  -0.0335485261
       -0.2458433712   0.0024115832  -0.0047104370  -0.0090717939  -0.0072267134
        0.0004135254  -0.0249033374   0.0016042903   0.0001636602   0.0005488468
       -0.0000726690   0.0000450131   0.0002511803   0.0003056951  -0.0000706801
        0.0003373836   0.0021772259   0.0020578422  -0.0010595192  -0.0003953848
       -0.0000036390   0.0000949075  -0.0001558443  -0.0003624557   0.0003614956
       -0.0227770615   0.0361249674   0.2944490537   0.0001956760   0.0000625711
       -0.0000216919   0.0007340024  -0.0020454604  -0.0000421572  -0.0003837679
        0.0004216002   0.0005204277  -0.0040413893   0.0010172839  -0.0020429713
       -0.0004978643  -0.0002370608   0.0005420281   0.0001779884   0.0000591930
        0.0000207788   0.0000393894  -0.0000639076  -0.0001325905  -0.0000305131
        0.0000041204   0.0000600367  -0.0000156172   0.0000872712  -0.0000740757
        0.0000371611  -0.0000590130   0.0000380629   0.0001550415  -0.0000321644
       -0.0000135186
        0.0007646327  -0.0015330811   0.0001287890  -0.0109793546   0.0033277887
       -0.0038863838  -0.2531563369   0.0236029413  -0.0758022322  -0.0021456444
        0.0036964856   0.0003803628   0.0005084010   0.0003370337  -0.0003679110
       -0.0002834281  -0.0003290992  -0.0000697675  -0.0002240605  -0.0000226156
        0.0000954400  -0.0001112108   0.0000961859  -0.0001363427  -0.0000520433
       -0.0003434629   0.0000703924   0.0004955529  -0.0002261901   0.0001066681
       -0.0001919807  -0.0001150801   0.0001956760   0.2940177127  -0.0276052920
        0.0884349978  -0.0035920970  -0.0003491318  -0.0034235538  -0.0247905661
       -0.0008542516  -0.0061415061   0.0001043126  -0.0001610037   0.0004216739
       -0.0000139248  -0.0000541033  -0.0000414279   0.0000145495   0.0000835207
        0.0000831822  -0.0002033708   0.0003064046  -0.0000405778  -0.0000961717
        0.0001048263  -0.0000066431   0.0000036726   0.0000385355  -0.0000051036
       -0.0000981240   0.0000111947   0.0000008208   0.0000294797  -0.0000116058
        0.0000034465
        0.0010774804   0.0004386834   0.0002405292   0.0238929131  -0.0042842758
        0.0090274524   0.0239948410  -0.0439410443   0.0088153845   0.0052850856
       -0.0069488281   0.0005019016  -0.0002573309  -0.0004893918   0.0002544887
       -0.0002552286   0.0000412579  -0.0000040915   0.0003819000   0.0000995312
       -0.0001140450  -0.0000101406  -0.0001078179   0.0001190660   0.0000599540
        0.0002146770  -0.0000374855  -0.0004949873  -0.0011886359  -0.0001196369
        0.0000680975   0.0002302666   0.0000625711  -0.0276052920   0.0530381683
       -0.0104035082  -0.0055911338   0.0012525465  -0.0021185896  -0.0203674571
        0.0015249447  -0.0058606570  -0.0001069418   0.0000144918  -0.0003296628
       -0.0000523135  -0.0001000609  -0.0000054301  -0.0000620057  -0.0000058883
       -0.0000015245   0.0001133521   0.0000920471   0.0000207781  -0.0001167972
        0.0000638727  -0.0000467955  -0.0000041593   0.0000327074   0.0000264944
        0.0000911688   0.0000002583  -0.0000117142  -0.0000410047   0.0000224902
       -0.0000155254
       -0.0000213247   0.0001666516   0.0001913809   0.0030968499  -0.0000719851
        0.0014386976  -0.0751616059   0.0088514465  -0.0711453664   0.0002022860
       -0.0002910821   0.0006430946   0.0000942346   0.0000518505  -0.0000280400
        0.0000879356   0.0000151566   0.0001380226   0.0000069527  -0.0000376403
        0.0000713942  -0.0002076192   0.0001047805  -0.0003871199   0.0001447756
       -0.0000669157  -0.0001278835   0.0001383992   0.0001925893   0.0003301286
        0.0002387221  -0.0001289745  -0.0000216919   0.0884349978  -0.0104035082
        0.0792331320  -0.0322429289   0.0022766998  -0.0153994454   0.0152387000
       -0.0006105308   0.0050751172   0.0000541825  -0.0000360573   0.0000794894
       -0.0000271066   0.0000203227   0.0000049939   0.0000921754  -0.0000466064
       -0.0000045885  -0.0001448931   0.0000316256  -0.0002258083  -0.0000038575
       -0.0000311897   0.0000258437   0.0000083482   0.0000091737   0.0000542033
       -0.0000177267  -0.0000068115   0.0000405350  -0.0000114968   0.0000110048
        0.0000139108
        0.0001639825  -0.0005031646  -0.0004124011  -0.0002273872   0.0035152990
        0.0090844869  -0.0442633441  -0.0019756704  -0.0056657236   0.0007575074
       -0.0006023796   0.0010968588  -0.0002497748   0.0002654570   0.0002212939
       -0.0000645017   0.0000488544  -0.0001022458  -0.0000736968   0.0000014588
       -0.0000245464   0.0000655617  -0.0002837181   0.0001288766  -0.0000791629
       -0.0000086974   0.0000749607  -0.0001223691   0.0000284817  -0.0001648614
       -0.0001445803   0.0022697459   0.0007340024  -0.0035920970  -0.0055911338
       -0.0322429289   0.0485154430   0.0006259320   0.0061930672  -0.0003006231
        0.0021726224   0.0213038617  -0.0000731646   0.0002662344  -0.0003558300
        0.0000584893  -0.0000525427  -0.0001291794  -0.0002221552   0.0000598890
       -0.0001544493  -0.0002766735  -0.0002095859   0.0004431929   0.0001334160
       -0.0000246412  -0.0000433038   0.0000175080  -0.0000458618   0.0000035647
        0.0000124119   0.0000088917   0.0000123815  -0.0000347895   0.0000345292
       -0.0000010774
        0.0004864170   0.0005630209  -0.0006730246   0.0004350335  -0.0090546637
       -0.0295349072  -0.0015301572  -0.0530606218  -0.0469486482  -0.0014087721
        0.0017705179  -0.0004198106   0.0002031640  -0.0001222984   0.0000686229
       -0.0001531814   0.0000377767   0.0000209922  -0.0000317299  -0.0000298114
       -0.0000076892  -0.0001177103  -0.0003607226   0.0003709633  -0.0000217493
        0.0001747555   0.0001838695   0.0000032458  -0.0001091672  -0.0000123625
        0.0019060457  -0.0060017863  -0.0020454604  -0.0003491318   0.0012525465
        0.0022766998   0.0006259320   0.0616950251   0.0553789422  -0.0003155925
        0.0033262435   0.0205622602   0.0004932685   0.0000717102   0.0005184965
       -0.0001366569  -0.0001429786   0.0000711323   0.0000185855   0.0000186770
        0.0000214811  -0.0000846374   0.0000623660   0.0001879523  -0.0000054903
       -0.0000824389   0.0000281198  -0.0000038478  -0.0000192239  -0.0000465064
       -0.0000294166   0.0000211858  -0.0000067662   0.0000163815  -0.0000101124
        0.0000056432
       -0.0001903411   0.0006648113   0.0007458961   0.0013224202  -0.0056725840
       -0.0091710696  -0.0058497475  -0.0456632795  -0.2701444526   0.0002659092
        0.0014254736   0.0011715282  -0.0001614208  -0.0006325707  -0.0001256681
       -0.0001939206  -0.0000882042   0.0003202092  -0.0000086270   0.0000767213
        0.0000768060  -0.0000864160  -0.0001703851   0.0003300724  -0.0000236719
        0.0001995840   0.0000107357  -0.0000197076  -0.0000092581  -0.0002734306
        0.0005246458  -0.0022676776  -0.0000421572  -0.0034235538  -0.0021185896
       -0.0153994454   0.0061930672   0.0553789422   0.3139868934   0.0012543723
       -0.0011171532  -0.0213975473   0.0003707683  -0.0003009432   0.0002624562
       -0.0001610643  -0.0000283615  -0.0000393320   0.0000645444   0.0000044542
        0.0000994149   0.0003498957   0.0002018757  -0.0004234013  -0.0002086980
        0.0000960516  -0.0000533189  -0.0000278308   0.0000019394   0.0000004870
        0.0000134525   0.0000030265  -0.0000102215  -0.0000040764   0.0000161269
        0.0000755453
        0.0004593115   0.0007585567  -0.0000323030   0.0048528318   0.0039056980
       -0.0034921102  -0.1277174440  -0.0907791283   0.0702133869   0.0003017092
       -0.0000695603   0.0000622790  -0.0000063298   0.0001707080  -0.0000827682
       -0.0017242438   0.0006110931  -0.0004195890  -0.0000536850  -0.0000040127
       -0.0000111789  -0.0000517795   0.0000855301  -0.0001921819   0.0003247219
        0.0001139926  -0.0000145903   0.0001239061   0.0000975532   0.0001567561
        0.0002666683  -0.0001377048  -0.0003837679  -0.0247905661  -0.0203674571
        0.0152387000  -0.0003006231  -0.0003155925   0.0012543723   0.1504828705
        0.1066618164  -0.0815832490  -0.0000818364  -0.0000811747  -0.0000193671
        0.0000276429   0.0001034364   0.0001227696   0.0001378447  -0.0001437270
        0.0000072173  -0.0020516838  -0.0005231504  -0.0008865431  -0.0002096775
       -0.0000505127   0.0000622048   0.0000159261  -0.0000608621  -0.0000097613
       -0.0000206920   0.0000264446  -0.0000088467   0.0000151278  -0.0000019465
        0.0000185707
        0.0018596474  -0.0067160169  -0.0010491447  -0.0172985233  -0.0219286018
        0.0131985967  -0.0911405992  -0.1384492390   0.0756121732   0.0000234295
        0.0013020441   0.0002269861   0.0001612797  -0.0003394574   0.0001669413
       -0.0004096196   0.0002368637  -0.0000736211  -0.0000298350   0.0000704026
       -0.0001709739   0.0001871981   0.0000847643  -0.0002456835  -0.0011889419
       -0.0016485798   0.0006194508   0.0002746486   0.0000588470  -0.0000178035
       -0.0005022799   0.0005829720   0.0004216002  -0.0008542516   0.0015249447
       -0.0006105308   0.0021726224   0.0033262435  -0.0011171532   0.1066618164
        0.1617499321  -0.0865824086  -0.0000632965  -0.0004151419  -0.0001011802
        0.0002021516  -0.0003149531  -0.0003600530  -0.0000043990  -0.0000362979
       -0.0000398374   0.0001531346   0.0009191503   0.0001132158  -0.0001297475
        0.0000211457   0.0000020946  -0.0000293205  -0.0000576171   0.0000271086
        0.0000153164   0.0000169227  -0.0000179481  -0.0000604305   0.0000116723
       -0.0000018292
       -0.0000688372  -0.0006751479   0.0007887400  -0.0021018925  -0.0017372667
        0.0018317177   0.0702843547   0.0753992599  -0.1025763079  -0.0001786576
       -0.0001549857  -0.0002360963   0.0000709437   0.0004186407   0.0003568946
       -0.0001769823   0.0003243883  -0.0001572936  -0.0000629001  -0.0001195773
       -0.0000121571  -0.0000964540  -0.0001705497   0.0001300784  -0.0000433705
       -0.0001165327   0.0002435005   0.0000052641  -0.0000352943  -0.0000981360
       -0.0003608745  -0.0007066054   0.0005204277  -0.0061415061  -0.0058606570
        0.0050751172   0.0213038617   0.0205622602  -0.0213975473  -0.0815832490
       -0.0865824086   0.1157043610   0.0001780057   0.0003119199  -0.0001688167
        0.0000177552  -0.0001260547  -0.0000598677   0.0000027509   0.0000016731
       -0.0002059167  -0.0013385800  -0.0005152761   0.0002810498   0.0002752236
       -0.0001902526  -0.0000389241   0.0000368987  -0.0000703032   0.0000256627
       -0.0000054303  -0.0000178849   0.0000218728  -0.0000163240   0.0000606546
       -0.0000283592
        0.0004476756   0.0003056390  -0.0007685043  -0.0013528600  -0.0049573335
       -0.0295046349   0.0006494728  -0.0006559904  -0.0001472463  -0.0496078179
       -0.0006842146   0.0106309088  -0.0018730610   0.0037972077   0.0279976298
        0.0009061841   0.0005787531   0.0004564223  -0.0003820823  -0.0004093836
        0.0004847389  -0.0007044200  -0.0001037136   0.0004427577  -0.0000620347
        0.0000136872   0.0000002456   0.0000942200  -0.0000158586   0.0002588775
       -0.0050662846   0.0012039575  -0.0040413893   0.0001043126  -0.0001069418
        0.0000541825  -0.0000731646   0.0004932685   0.0003707683  -0.0000818364
       -0.0000632965   0.0001780057   0.0623837891   0.0024038462  -0.0082366960
       -0.0043200254  -0.0017385166   0.0032245548  -0.0004569023  -0.0005019851
       -0.0005965992  -0.0000336006   0.0000222179  -0.0001052053   0.0000995796
        0.0001498505  -0.0001155145  -0.0000743100  -0.0001158014  -0.0000249451
       -0.0001234454   0.0001688957  -0.0003083434  -0.0004733887   0.0002157125
       -0.0002500134
        0.0000834968   0.0003312935  -0.0007794696   0.0031977891  -0.0021230075
        0.0110277087  -0.0008226608   0.0016793195   0.0013182438   0.0004547050
       -0.0255633499  -0.0856542970  -0.0047470238  -0.0025718742   0.0145096337
        0.0010857673   0.0017910339   0.0014861384   0.0001090223   0.0003217080
       -0.0005152200  -0.0005621388   0.0002232818   0.0002730139  -0.0001105712
       -0.0003826249  -0.0003185326  -0.0000325630  -0.0002032405   0.0002688213
        0.0011548998   0.0008309268   0.0010172839  -0.0001610037   0.0000144918
       -0.0000360573   0.0002662344   0.0000717102  -0.0003009432  -0.0000811747
       -0.0004151419   0.0003119199   0.0024038462   0.0269029194   0.0538448374
       -0.0028769016  -0.0004111285   0.0031165696  -0.0003915691   0.0002582978
       -0.0001484803   0.0001101198  -0.0004757592   0.0003166205   0.0001699256
        0.0000567966   0.0000386097   0.0000705288  -0.0001649420  -0.0002610509
        0.0001055290  -0.0001965700   0.0002192532   0.0005737426   0.0000258592
        0.0002653968
        0.0007737676   0.0001080244   0.0009498795  -0.0031224787  -0.0044769466
       -0.0197905460   0.0013771492  -0.0001913395   0.0015468819   0.0077715015
       -0.0472302477  -0.3670737464   0.0036803080  -0.0030018062  -0.0181771254
       -0.0014856628  -0.0006498661   0.0019881109  -0.0001317932  -0.0000006351
        0.0001851600  -0.0003302647  -0.0000645419   0.0002895143  -0.0000015468
       -0.0000907828  -0.0002725161   0.0003168961  -0.0000245902   0.0000982211
       -0.0031996276   0.0009009094  -0.0020429713   0.0004216739  -0.0003296628
        0.0000794894  -0.0003558300   0.0005184965   0.0002624562  -0.0000193671
       -0.0001011802  -0.0001688167  -0.0082366960   0.0538448374   0.4033679303
        0.0025637156   0.0007273378  -0.0015221842   0.0003929988   0.0004306307
        0.0003507803  -0.0000012304   0.0001432028  -0.0002044722  -0.0004855894
       -0.0004371673   0.0000220163  -0.0000828612   0.0000792854  -0.0002121049
       -0.0001104907  -0.0001255509   0.0001132006   0.0002654278  -0.0000284068
        0.0002108425
        0.0001290548  -0.0000507023  -0.0000428055   0.0002768941   0.0003185410
        0.0035068505  -0.0002182476   0.0000635545  -0.0000161213  -0.0024061640
       -0.0035927174   0.0284783298  -0.0463259614   0.0025431713  -0.0339015869
       -0.0005865265  -0.0011609044  -0.0085679319  -0.0059675737   0.0055516385
       -0.0215358595   0.0000399198   0.0000170965  -0.0001752253   0.0000447438
        0.0000722178   0.0000420090   0.0000500283   0.0000978195  -0.0000846161
       -0.0010412410  -0.0005020340  -0.0004978643  -0.0000139248  -0.0000523135
       -0.0000271066   0.0000584893  -0.0001366569  -0.0001610643   0.0000276429
        0.0002021516   0.0000177552  -0.0043200254  -0.0028769016   0.0025637156
        0.0631793870  -0.0019432044   0.0336125909  -0.0001137898  -0.0017536232
       -0.0010872244   0.0001628150   0.0003716345   0.0004416788  -0.0001884239
       -0.0000616851  -0.0003974136   0.0005095485  -0.0005132709   0.0000382949
        0.0000277179  -0.0001590774  -0.0004919645  -0.0033243635   0.0035652661
       -0.0017144406
        0.0000840318  -0.0000168439  -0.0000337414   0.0003679796   0.0007733846
        0.0003409251   0.0001773393   0.0001146741  -0.0002224835  -0.0013411729
       -0.0008091978   0.0121751892   0.0019507898  -0.0425741646   0.0157613754
       -0.0052704538  -0.0022977619  -0.0268004817   0.0066867073  -0.0041234238
        0.0206350959   0.0000401239  -0.0000211593  -0.0000236470  -0.0000273109
       -0.0001044022   0.0001013805   0.0000263665   0.0000177627  -0.0000261785
       -0.0002993671   0.0001311862  -0.0002370608  -0.0000541033  -0.0001000609
        0.0000203227  -0.0000525427  -0.0001429786  -0.0000283615   0.0001034364
       -0.0003149531  -0.0001260547  -0.0017385166  -0.0004111285   0.0007273378
       -0.0019432044   0.0557763091  -0.0205853769  -0.0019126529  -0.0047365837
       -0.0033557596   0.0000464373   0.0006590258  -0.0003922576   0.0001949672
        0.0004493468  -0.0001161109  -0.0001163804   0.0001208810   0.0006401615
       -0.0005318354   0.0003763266  -0.0000693346   0.0036093611  -0.0027662386
        0.0016150604
       -0.0003080282  -0.0001037105   0.0003706442  -0.0019070539  -0.0003207199
        0.0009570842   0.0000359725   0.0000402601   0.0001772833   0.0057159578
        0.0033537324  -0.0238999163  -0.0313375396   0.0158461560  -0.2500710143
       -0.0037569026  -0.0026610619  -0.0154101058  -0.0036624396   0.0028782994
       -0.0081118151  -0.0001797214  -0.0000110510  -0.0000116041  -0.0000475373
        0.0000133492  -0.0000797386   0.0000074960  -0.0000601994   0.0000772542
        0.0005651681   0.0001034596   0.0005420281  -0.0000414279  -0.0000054301
        0.0000049939  -0.0001291794   0.0000711323  -0.0000393320   0.0001227696
       -0.0003600530  -0.0000598677   0.0032245548   0.0031165696  -0.0015221842
        0.0336125909  -0.0205853769   0.2972951467  -0.0010559961  -0.0030508298
       -0.0012792076   0.0003366009   0.0003556236   0.0002516420  -0.0001148779
        0.0002873638   0.0002417120   0.0003501982   0.0000148987   0.0002663831
        0.0000625556  -0.0003366417   0.0002643123  -0.0014931604   0.0014142293
        0.0000363017
       -0.0000552012  -0.0000511561   0.0000164718  -0.0002391290  -0.0002443908
       -0.0001608917  -0.0001236250   0.0000074030  -0.0001129517   0.0006404663
        0.0007452182  -0.0011206553  -0.0014839375  -0.0011366050  -0.0099498167
       -0.0472828418   0.0027037774  -0.0263708740   0.0002718571   0.0005607977
        0.0007382534  -0.0000653819  -0.0000345292   0.0000195249  -0.0000028115
        0.0000118255  -0.0000195443   0.0000208045  -0.0000033216  -0.0000080095
        0.0000122120   0.0000442191   0.0001779884   0.0000145495  -0.0000620057
        0.0000921754  -0.0002221552   0.0000185855   0.0000645444   0.0001378447
       -0.0000043990   0.0000027509  -0.0004569023  -0.0003915691   0.0003929988
       -0.0001137898  -0.0019126529  -0.0010559961   0.0518347445  -0.0017089270
        0.0313285804  -0.0038531487   0.0045611744  -0.0242638002   0.0010876850
       -0.0033909687   0.0301093295  -0.0001192583   0.0000714505  -0.0000346340
       -0.0001287102  -0.0000579352   0.0001768741   0.0001267285   0.0002740092
       -0.0000223185
       -0.0000002940  -0.0000246348   0.0000450078  -0.0002135165   0.0000316018
        0.0000698803   0.0001982445  -0.0000268097   0.0001794783   0.0015646478
        0.0010610058  -0.0006553924  -0.0036668998  -0.0005509576  -0.0273920809
        0.0021372448  -0.0446527777   0.0179000751  -0.0006717414   0.0008356912
       -0.0008347435  -0.0000181743  -0.0000094984  -0.0000148912  -0.0000106382
       -0.0000122716  -0.0000529772   0.0000341149   0.0000107341  -0.0000114488
        0.0000953739  -0.0000570796   0.0000591930   0.0000835207  -0.0000058883
       -0.0000466064   0.0000598890   0.0000186770   0.0000044542  -0.0001437270
       -0.0000362979   0.0000016731  -0.0005019851   0.0002582978   0.0004306307
       -0.0017536232  -0.0047365837  -0.0030508298  -0.0017089270   0.0520534747
       -0.0197605663   0.0040446949  -0.0033540347   0.0238861939   0.0003481514
       -0.0003382601   0.0088481681  -0.0000247163   0.0001406484   0.0001642777
        0.0000192061  -0.0001036782   0.0000381494   0.0001291549  -0.0005013586
        0.0001923547
        0.0000241465   0.0000243906   0.0001186345   0.0002593649  -0.0005323598
        0.0000600147   0.0000880058   0.0000386974   0.0000951349   0.0000858577
        0.0012445221   0.0010183295  -0.0031787568  -0.0033801783  -0.0172096418
       -0.0258321969   0.0187374996  -0.2752609904   0.0000713832   0.0008219737
        0.0008995781  -0.0000199245   0.0000223843   0.0000681049   0.0000151402
       -0.0000216582  -0.0000031643   0.0000125193   0.0000136350   0.0000011789
        0.0001857445   0.0000439517   0.0000207788   0.0000831822  -0.0000015245
       -0.0000045885  -0.0001544493   0.0000214811   0.0000994149   0.0000072173
       -0.0000398374  -0.0002059167  -0.0005965992  -0.0001484803   0.0003507803
       -0.0010872244  -0.0033557596  -0.0012792076   0.0313285804  -0.0197605663
        0.3208789983  -0.0027870382   0.0034102139  -0.0111971615   0.0012467342
        0.0029789222  -0.0186017190   0.0000323913   0.0002825597   0.0001127831
        0.0000674625   0.0000140474  -0.0003333283   0.0001484594  -0.0004139141
        0.0003719872
       -0.0001002493   0.0000271277   0.0000457022   0.0001921330  -0.0000997320
       -0.0001042269  -0.0019399322  -0.0008148062   0.0002041379   0.0005545642
       -0.0000431372   0.0000225957   0.0051132086  -0.0038982878   0.0017074950
       -0.1542891487   0.1163327701  -0.0335870628   0.0004886857  -0.0008125000
       -0.0001367403  -0.0000114305  -0.0000302694  -0.0000061998   0.0000181102
        0.0000702564  -0.0000155344  -0.0000143622  -0.0000298026  -0.0000009810
        0.0000114350   0.0000568858   0.0000393894  -0.0002033708   0.0001133521
       -0.0001448931  -0.0002766735  -0.0000846374   0.0003498957  -0.0020516838
        0.0001531346  -0.0013385800  -0.0000336006   0.0001101198  -0.0000012304
        0.0001628150   0.0000464373   0.0003366009  -0.0038531487   0.0040446949
       -0.0027870382   0.1814310309  -0.1354754803   0.0404544937  -0.0256584634
        0.0206716641  -0.0050277331   0.0003321432  -0.0001408029  -0.0000136053
        0.0001497036  -0.0000576752  -0.0001717453  -0.0000217656  -0.0001393118
        0.0001752602
        0.0000269250   0.0000697264  -0.0000810223  -0.0001350437  -0.0007192260
       -0.0001772848   0.0004848652   0.0001730989   0.0002723823   0.0001032689
        0.0018729097   0.0005191348   0.0183729686  -0.0224876398   0.0041488096
        0.1161189967  -0.1627056219   0.0362971792  -0.0016792292  -0.0060760085
       -0.0027570699   0.0000237489  -0.0000245328   0.0000326511   0.0000387793
       -0.0000079298   0.0000083192   0.0000021177   0.0000117804  -0.0000253750
        0.0000185405  -0.0001461993  -0.0000639076   0.0003064046   0.0000920471
        0.0000316256  -0.0002095859   0.0000623660   0.0002018757  -0.0005231504
        0.0009191503  -0.0005152761   0.0000222179  -0.0004757592   0.0001432028
        0.0003716345   0.0006590258   0.0003556236   0.0045611744  -0.0033540347
        0.0034102139  -0.1354754803   0.1885878921  -0.0404336813  -0.0031874815
        0.0049713104  -0.0012828154   0.0012469216  -0.0016467687   0.0001196437
       -0.0002694271   0.0000516286   0.0000265087  -0.0002191656   0.0001727852
       -0.0002307381
        0.0000085601   0.0000261400   0.0000219357   0.0000700307   0.0001727715
        0.0001582364  -0.0005789830  -0.0004259513   0.0003112212   0.0001461853
        0.0002924463   0.0000769605   0.0071822193  -0.0075141923   0.0020600317
       -0.0332728276   0.0355829843  -0.0542018756  -0.0003928114  -0.0022732560
       -0.0000852590   0.0000328629   0.0000635482  -0.0000413269   0.0000014755
       -0.0000058108   0.0000194516  -0.0000127328  -0.0000087409   0.0000086192
        0.0000001347  -0.0001644837  -0.0001325905  -0.0000405778   0.0000207781
       -0.0002258083   0.0004431929   0.0001879523  -0.0004234013  -0.0008865431
        0.0001132158   0.0002810498  -0.0001052053   0.0003166205  -0.0002044722
        0.0004416788  -0.0003922576   0.0002516420  -0.0242638002   0.0238861939
       -0.0111971615   0.0404544937  -0.0404336813   0.0602805791   0.0104644062
       -0.0087508762   0.0028407374   0.0003616717  -0.0005766281   0.0002815073
       -0.0000833881   0.0000199530  -0.0000976705   0.0000299577  -0.0001367256
        0.0000175939
       -0.0002485084   0.0000231306  -0.0000991578   0.0005053572  -0.0004433865
        0.0004628567  -0.0004566303   0.0001939870  -0.0001268420  -0.0020111903
       -0.0035718116  -0.0010886628  -0.0101011659  -0.0046085720   0.0039976710
       -0.2265563252  -0.0533341505   0.0867549942   0.0006332615   0.0013191873
        0.0001375195   0.0000406141   0.0000123744  -0.0000302726   0.0000176842
       -0.0000207656   0.0000028031  -0.0001019551  -0.0000196394   0.0000010511
       -0.0000339333  -0.0000171285  -0.0000305131  -0.0000961717  -0.0001167972
       -0.0000038575   0.0001334160  -0.0000054903  -0.0002086980  -0.0002096775
       -0.0001297475   0.0002752236   0.0000995796   0.0001699256  -0.0004855894
       -0.0001884239   0.0001949672  -0.0001148779   0.0010876850   0.0003481514
        0.0012467342  -0.0256584634  -0.0031874815   0.0104644062   0.2629189231
        0.0626865638  -0.1011652254  -0.0000679989   0.0002674842  -0.0000085647
        0.0004107478   0.0003157054  -0.0000432764  -0.0001168247  -0.0000765062
        0.0000622782
       -0.0004260356   0.0000837890  -0.0001156089   0.0001942584  -0.0007779739
        0.0003571751   0.0002820340   0.0001838767   0.0001339397  -0.0049579933
       -0.0064736499  -0.0012390131  -0.0216159152  -0.0078561291   0.0099760506
       -0.0533239403  -0.0576416777   0.0260506011  -0.0007562801   0.0002614732
        0.0002321632   0.0000404870   0.0000091830  -0.0000157989   0.0000009881
        0.0000318614   0.0000112236  -0.0001070490  -0.0000031557   0.0000037529
        0.0000436305  -0.0000366387   0.0000041204   0.0001048263   0.0000638727
       -0.0000311897  -0.0000246412  -0.0000824389   0.0000960516  -0.0000505127
        0.0000211457  -0.0001902526   0.0001498505   0.0000567966  -0.0004371673
       -0.0000616851   0.0004493468   0.0002873638  -0.0033909687  -0.0003382601
        0.0029789222   0.0206716641   0.0049713104  -0.0087508762   0.0626865638
        0.0680468525  -0.0291036605  -0.0000091231   0.0002240215   0.0000320291
        0.0005626060  -0.0010378545  -0.0004036560  -0.0000127645  -0.0001557510
        0.0001238301
       -0.0000987681  -0.0000179793   0.0000553025  -0.0000671072  -0.0000796796
        0.0000781377  -0.0000654194   0.0000415807  -0.0000257343  -0.0014434978
       -0.0021145729   0.0003357334  -0.0075923102  -0.0024261592   0.0039154831
        0.0860722785   0.0261629830  -0.0842298302  -0.0002233369   0.0000662442
        0.0001796278   0.0000105525   0.0000151842   0.0000090213   0.0000008606
        0.0000234608   0.0000487794  -0.0000012560  -0.0000075615   0.0000474570
        0.0000465917  -0.0000355072   0.0000600367  -0.0000066431  -0.0000467955
        0.0000258437  -0.0000433038   0.0000281198  -0.0000533189   0.0000622048
        0.0000020946  -0.0000389241  -0.0001155145   0.0000386097   0.0000220163
       -0.0003974136  -0.0001161109   0.0002417120   0.0301093295   0.0088481681
       -0.0186017190  -0.0050277331  -0.0012828154   0.0028407374  -0.1011652254
       -0.0291036605   0.0952375911  -0.0001507140  -0.0000290044  -0.0001182094
       -0.0000784473  -0.0000930868   0.0002932151   0.0001748730   0.0001264879
       -0.0003229584
       -0.0000018836   0.0000369003   0.0000387858  -0.0002579897   0.0004093967
       -0.0001002570  -0.0000536548  -0.0000600482  -0.0000566464   0.0011615204
       -0.0003796717   0.0001588418   0.0044593917   0.0195122435   0.0077075811
       -0.0026123610   0.0030169802  -0.0004548433  -0.0616138785  -0.0612605276
       -0.0262728219  -0.0000204665   0.0000164839  -0.0000091741  -0.0000378040
       -0.0000846260   0.0000078256   0.0000321722   0.0000159779   0.0000051251
        0.0000125007   0.0000479387  -0.0000156172   0.0000036726  -0.0000041593
        0.0000083482   0.0000175080  -0.0000038478  -0.0000278308   0.0000159261
       -0.0000293205   0.0000368987  -0.0000743100   0.0000705288  -0.0000828612
        0.0005095485  -0.0001163804   0.0003501982  -0.0001192583  -0.0000247163
        0.0000323913   0.0003321432   0.0012469216   0.0003616717  -0.0000679989
       -0.0000091231  -0.0001507140   0.0698179887   0.0684282798   0.0311592695
       -0.0104975278  -0.0263113109  -0.0098936105  -0.0010052391  -0.0045179197
       -0.0028025607
       -0.0001360599   0.0000657294   0.0000151533  -0.0001257104  -0.0002386113
       -0.0000636941   0.0000421925   0.0001830918   0.0000911817  -0.0010123128
        0.0018696691   0.0000513324  -0.0031209776  -0.0231110188  -0.0080880077
        0.0042132066  -0.0039536318   0.0011039237  -0.0604231093  -0.2315074871
       -0.0832772713  -0.0000142731  -0.0000218392  -0.0000104721   0.0000684393
        0.0000688378   0.0000046437  -0.0000520327  -0.0000184600   0.0000099467
        0.0000362689  -0.0001127339   0.0000872712   0.0000385355   0.0000327074
        0.0000091737  -0.0000458618  -0.0000192239   0.0000019394  -0.0000608621
       -0.0000576171  -0.0000703032  -0.0001158014  -0.0001649420   0.0000792854
       -0.0005132709   0.0001208810   0.0000148987   0.0000714505   0.0001406484
        0.0002825597  -0.0001408029  -0.0016467687  -0.0005766281   0.0002674842
        0.0002240215  -0.0000290044   0.0684282798   0.2696871170   0.0963580537
       -0.0067348661  -0.0121662212  -0.0042681579  -0.0006699165   0.0006258517
       -0.0017258247
       -0.0000303019  -0.0000164518  -0.0000256004   0.0001581939  -0.0001934582
        0.0000508574  -0.0000342964   0.0000822503   0.0000326699   0.0001863060
        0.0004570333  -0.0000717419   0.0012107181   0.0031327703   0.0018216407
       -0.0003303116   0.0005882850   0.0007320985  -0.0260807560  -0.0831768747
       -0.0809638271   0.0000424660  -0.0000494593  -0.0000823722   0.0000442924
        0.0000495839  -0.0000114267  -0.0000367026   0.0000276150  -0.0000142119
       -0.0000681907   0.0000600030  -0.0000740757  -0.0000051036   0.0000264944
        0.0000542033   0.0000035647  -0.0000465064   0.0000004870  -0.0000097613
        0.0000271086   0.0000256627  -0.0000249451  -0.0002610509  -0.0002121049
        0.0000382949   0.0006401615   0.0002663831  -0.0000346340   0.0001642777
        0.0001127831  -0.0000136053   0.0001196437   0.0002815073  -0.0000085647
        0.0000320291  -0.0001182094   0.0311592695   0.0963580537   0.0908936261
        0.0044481852   0.0117272031   0.0050977571  -0.0106141174  -0.0297487114
       -0.0177961062
       -0.0004146496   0.0000589333  -0.0001854302  -0.0006348890   0.0000423453
        0.0012398252  -0.0003947253   0.0001965188  -0.0001457442  -0.0063356739
        0.0031654235  -0.0015144145  -0.0208392021  -0.0052080037   0.0097969516
        0.0006857889  -0.0008472314  -0.0001099714  -0.2156830545  -0.0631781648
        0.0884457069   0.0000356097   0.0000239281  -0.0000097259   0.0000475333
        0.0000707207   0.0000182206  -0.0001440572  -0.0000172957  -0.0000035511
        0.0000973852  -0.0000390429   0.0000371611  -0.0000981240   0.0000911688
       -0.0000177267   0.0000124119  -0.0000294166   0.0000134525  -0.0000206920
        0.0000153164  -0.0000054303  -0.0001234454   0.0001055290  -0.0001104907
        0.0000277179  -0.0005318354   0.0000625556  -0.0001287102   0.0000192061
        0.0000674625   0.0001497036  -0.0002694271  -0.0000833881   0.0004107478
        0.0005626060  -0.0000784473  -0.0104975278  -0.0067348661   0.0044481852
        0.2518453076   0.0726041377  -0.1026087701   0.0020025449  -0.0001005501
        0.0007435693
        0.0001970979   0.0000171638   0.0000830425   0.0010546873  -0.0001917218
       -0.0004748600   0.0001033141  -0.0000127723   0.0000554888   0.0037959656
       -0.0009318176   0.0005157063   0.0150407678   0.0046266404  -0.0079233660
        0.0010347612  -0.0000129775  -0.0001335130  -0.0642502024  -0.0653094628
        0.0318566105  -0.0000214642   0.0000059286   0.0000059775  -0.0000021197
       -0.0000083475   0.0000260048   0.0000072311   0.0000634136  -0.0000089186
       -0.0001201194  -0.0000223418  -0.0000590130   0.0000111947   0.0000002583
       -0.0000068115   0.0000088917   0.0000211858   0.0000030265   0.0000264446
        0.0000169227  -0.0000178849   0.0001688957  -0.0001965700  -0.0001255509
       -0.0001590774   0.0003763266  -0.0003366417  -0.0000579352  -0.0001036782
        0.0000140474  -0.0000576752   0.0000516286   0.0000199530   0.0003157054
       -0.0010378545  -0.0000930868  -0.0263113109  -0.0121662212   0.0117272031
        0.0726041377   0.0756735939  -0.0374639743  -0.0033891904  -0.0008592970
        0.0023365604
       -0.0000114088  -0.0000226549   0.0000438562  -0.0002900720   0.0000932960
        0.0001459970   0.0000247390  -0.0000114100   0.0000394855  -0.0006039026
        0.0000016121   0.0007323370  -0.0026241897  -0.0009495454   0.0015588209
       -0.0000130809  -0.0000942906   0.0000709472   0.0882970142   0.0313756820
       -0.0882940083   0.0000038200   0.0000023132  -0.0000064350  -0.0000054747
       -0.0000073275  -0.0000219963   0.0000155444  -0.0000052492   0.0000378074
        0.0000491390  -0.0000032217   0.0000380629   0.0000008208  -0.0000117142
        0.0000405350   0.0000123815  -0.0000067662  -0.0000102215  -0.0000088467
       -0.0000179481   0.0000218728  -0.0003083434   0.0002192532   0.0001132006
       -0.0004919645  -0.0000693346   0.0002643123   0.0001768741   0.0000381494
       -0.0003333283  -0.0001717453   0.0000265087  -0.0000976705  -0.0000432764
       -0.0004036560   0.0002932151  -0.0098936105  -0.0042681579   0.0050977571
       -0.1026087701  -0.0374639743   0.0994530408   0.0284943527   0.0115784357
       -0.0191875879
       -0.0000326456  -0.0000194787   0.0000711090  -0.0002520680   0.0000170531
       -0.0000281773   0.0000418972  -0.0000245620   0.0000616573   0.0013199071
       -0.0006123976  -0.0004881654  -0.0049832208   0.0048030312  -0.0229269140
        0.0004248041  -0.0010344857  -0.0000438528  -0.0477529315   0.0025266975
       -0.0324290322  -0.0000761711   0.0000339519   0.0000161507  -0.0000500168
       -0.0000130453  -0.0000545958   0.0000408615   0.0000208244  -0.0000036697
        0.0000619128  -0.0000102176   0.0001550415   0.0000294797  -0.0000410047
       -0.0000114968  -0.0000347895   0.0000163815  -0.0000040764   0.0000151278
       -0.0000604305  -0.0000163240  -0.0004733887   0.0005737426   0.0002654278
       -0.0033243635   0.0036093611  -0.0014931604   0.0001267285   0.0001291549
        0.0001484594  -0.0000217656  -0.0002191656   0.0000299577  -0.0001168247
       -0.0000127645   0.0001748730  -0.0010052391  -0.0006699165  -0.0106141174
        0.0020025449  -0.0033891904   0.0284943527   0.0540601615  -0.0056235391
        0.0386965532
       -0.0000432919   0.0000246114  -0.0000688180  -0.0000814223   0.0001155198
       -0.0000889106   0.0000208053  -0.0000150873  -0.0000280375  -0.0010806058
        0.0001874522  -0.0001767624   0.0048150993  -0.0038827084   0.0212122660
        0.0002410795   0.0006245146   0.0010379545   0.0026112867  -0.0461974241
        0.0237490298  -0.0000162633  -0.0000052576  -0.0000108066  -0.0000294773
       -0.0000159924  -0.0000454161  -0.0000224681  -0.0000056847   0.0000020568
       -0.0000328798  -0.0000518658  -0.0000321644  -0.0000116058   0.0000224902
        0.0000110048   0.0000345292  -0.0000101124   0.0000161269  -0.0000019465
        0.0000116723   0.0000606546   0.0002157125   0.0000258592  -0.0000284068
        0.0035652661  -0.0027662386   0.0014142293   0.0002740092  -0.0005013586
       -0.0004139141  -0.0001393118   0.0001727852  -0.0001367256  -0.0000765062
       -0.0001557510   0.0001264879  -0.0045179197   0.0006258517  -0.0297487114
       -0.0001005501  -0.0008592970   0.0115784357  -0.0056235391   0.0526560214
       -0.0284295727
        0.0000378068   0.0000143772   0.0000813964   0.0003433602  -0.0002148773
        0.0001573853   0.0000670805  -0.0000671571   0.0001091923   0.0001579911
       -0.0007027827   0.0006578011  -0.0046186391   0.0041007526  -0.0093283079
        0.0006370006  -0.0006977968   0.0009549116  -0.0316577685   0.0234383091
       -0.2767184234  -0.0000072966  -0.0000018957   0.0000413771  -0.0000149714
       -0.0000418521  -0.0000806265   0.0000168515  -0.0000055471  -0.0000032396
        0.0001293175   0.0000431145  -0.0000135186   0.0000034465  -0.0000155254
        0.0000139108  -0.0000010774   0.0000056432   0.0000755453   0.0000185707
       -0.0000018292  -0.0000283592  -0.0002500134   0.0002653968   0.0002108425
       -0.0017144406   0.0016150604   0.0000363017  -0.0000223185   0.0001923547
        0.0003719872   0.0001752602  -0.0002307381   0.0000175939   0.0000622782
        0.0001238301  -0.0003229584  -0.0028025607  -0.0017258247  -0.0177961062
        0.0007435693   0.0023365604  -0.0191875879   0.0386965532  -0.0284295727
        0.3207508825
