           1           2   1.01966082399212     
           2           3   1.00679118778782     
           3           4  0.981980917509809     
           4           5   1.69970867505957     
           4           6   1.15706505475982     
           5           6  0.167702446708225     
           6           7  0.919744888879960     
           7           8   1.01366318956135     
           1           9  0.986863142117260     
           1          10  0.986857717631292     
           1          11  0.986287240004879     
           2          12  0.977147485907624     
           2          13  0.977808804641085     
           3          14  0.951323176983616     
           3          15  0.942685860584609     
           7          16  0.969108780636675     
           7          17  0.970261878115449     
           8          18  0.984473537948558     
           8          19  0.980229092855832     
           8          20  0.985854344793444     
