           1           2   1.02144610924714     
           2           3  0.986337920831105     
           3           4  0.978539501943943     
           4           5   1.68952809226286     
           4           6   1.17155653520958     
           5           6  0.169979140021858     
           6           7  0.920152226611619     
           7           8   1.01962545203449     
           1           9  0.986726834050007     
           1          10  0.985690138239761     
           1          11  0.987322053010139     
           2          12  0.975389411539775     
           2          13  0.976361701210125     
           3          14  0.972810506440952     
           3          15  0.949621581401155     
           7          16  0.968869951217868     
           7          17  0.969109363633331     
           8          18  0.983648753679147     
           8          19  0.983476958963794     
           8          20  0.980185832233837     
