           1           2   1.02049692213967     
           2           3   1.00866831161104     
           3           4   1.02880069344665     
           4           5  0.939310796811661     
           1           6  0.985758744573221     
           1           7  0.986452776789394     
           1           8  0.986918232438530     
           2           9  0.972314358557595     
           2          10  0.976718658447366     
           3          11  0.957226742523613     
           3          12  0.975774379238976     
           4          13  0.981199038970236     
           4          14  0.977789872385177     
