           1           2   1.42152878112703     
           2           3   1.44401321697612     
           3           4   1.39326958447826     
           4           5   1.32721080323197     
           1           6   1.44809747387732     
           5           6   1.38406924171794     
           5           7   1.05007170469794     
           7           8   1.70300591243717     
           7           9   1.04772055773953     
           9          10   1.43337832216933     
          10          11   1.35355100033630     
          11          12   1.53197061916778     
          12          13   1.24703762382808     
           9          14   1.28241062042904     
          13          14   1.23494612844279     
           4          15   1.03746455443736     
          14          15   1.14302986716762     
          15          16   1.61317086050428     
          13          17   1.32650588885542     
          17          18  0.999580538299077     
          18          19  0.994677496056567     
          19          20   1.00232884288002     
           1          21  0.967168083327679     
           2          22  0.967130775309721     
           3          23  0.963693417695076     
           6          24  0.964796878757684     
          10          25  0.965037008807045     
          11          26  0.966459287552569     
          12          27  0.962056078092897     
          17          28  0.880485142592718     
          18          29  0.959479261219350     
          18          30  0.957423853111791     
          19          31  0.970343671184060     
          19          32  0.967584292323063     
          20          33  0.856751328639507     
