$hessian                                                                        
        0.4721985899  -0.0272929657  -0.0038623113  -0.1715786337  -0.0570798822
       -0.0122663013  -0.0261133228  -0.0069679915   0.0054321703  -0.0013766004
        0.0024684087   0.0036763501  -0.0004695185  -0.0011845868  -0.0000991258
       -0.0006943056  -0.0000026819  -0.0005130602   0.0002542626  -0.0000622687
       -0.0002293761   0.0000047803  -0.0000173429  -0.0000319568  -0.0456656459
        0.0277430432  -0.0038761092  -0.1302588483   0.0552621663   0.1040962908
       -0.0811421635   0.0177551893  -0.0871014164  -0.0160957101  -0.0071567484
       -0.0042186893  -0.0008174774  -0.0026032994   0.0004497899   0.0010947166
       -0.0002229741  -0.0008192354   0.0007741681  -0.0006351730  -0.0006466743
       -0.0000245679   0.0000312741   0.0000082792  -0.0000798749  -0.0000377747
       -0.0000051810   0.0000260332   0.0000091150  -0.0000160144  -0.0000426083
        0.0000022330   0.0000121474   0.0000067266  -0.0000077402   0.0000104239
       -0.0272929657   0.5125413832  -0.0009457708  -0.0561855665  -0.0959226878
       -0.0033092219   0.0071659134   0.0035706873  -0.0001762023  -0.0005278172
       -0.0019623269  -0.0012859908   0.0004691308   0.0017779231  -0.0002347150
        0.0006416079  -0.0000719499   0.0005969716   0.0000174158  -0.0000389829
        0.0000952035   0.0000317548  -0.0000339289   0.0000015242   0.0283958474
       -0.2774204389   0.0326499459   0.0548599109  -0.0764591940  -0.0628575852
        0.0174162902  -0.0517798148   0.0371966272   0.0020603468   0.0023268555
       -0.0000273402  -0.0280271331  -0.0178848241  -0.0016548373   0.0001033696
        0.0001356053   0.0000860610   0.0008691299   0.0011084962  -0.0001796372
        0.0000351480   0.0000548255   0.0000099887   0.0000179781   0.0000224030
        0.0000257531  -0.0000198370  -0.0000000348  -0.0000107854   0.0000004933
        0.0000158934   0.0000111407  -0.0000310175   0.0000201104   0.0000088702
       -0.0038623113  -0.0009457708   0.5258493397  -0.0112670362  -0.0028474955
       -0.0656966562   0.0211713223   0.0067183860  -0.0024147941  -0.0000101025
       -0.0030800962  -0.0036349483   0.0006487382   0.0020347007   0.0000251790
        0.0012829045  -0.0001018587   0.0014020534   0.0000012052  -0.0000298591
        0.0001990395   0.0000099098   0.0000062562   0.0000094983  -0.0040508299
        0.0324885893  -0.0493842052   0.1036371736  -0.0630788595  -0.1659299476
       -0.0865743137   0.0375339673  -0.2395079298  -0.0251511778  -0.0119488519
       -0.0037117469   0.0034571420   0.0023189441   0.0011957872   0.0009490430
        0.0003825629   0.0011040936  -0.0002964211   0.0004625274   0.0004059984
        0.0000031646   0.0000354068  -0.0000161532   0.0001137636   0.0000360905
        0.0000618396  -0.0000465589  -0.0000032476   0.0000227681   0.0000129129
        0.0000173374   0.0000219503  -0.0000285283   0.0000012708  -0.0000011660
       -0.1715786337  -0.0561855665  -0.0112670362   0.4544085561  -0.0063107174
        0.0345250782  -0.0974199917   0.0352714247   0.0546249783  -0.0278128490
        0.0009975211   0.0171097114   0.0002432332   0.0007109428  -0.0025155329
       -0.0003724745  -0.0013020524   0.0008543365   0.0003219166  -0.0007269506
       -0.0012526385   0.0003577976   0.0000844433  -0.0000258914  -0.0002213263
       -0.0031839469   0.0006151493  -0.0210682834  -0.0086079853   0.0010498269
       -0.0163054838  -0.0067983289  -0.0048332270  -0.0771472767   0.0166409421
       -0.0838398759  -0.0444062918   0.0264665211  -0.0063109309   0.0056873866
       -0.0024318657  -0.0042232696  -0.0043472767   0.0054221483   0.0056388237
       -0.0001274253   0.0000564576  -0.0000633546  -0.0002325930  -0.0001017575
       -0.0000507299   0.0000129924   0.0000260970  -0.0000231928   0.0000235907
        0.0000064073  -0.0000361185  -0.0000155671  -0.0000337340   0.0000238940
       -0.0570798822  -0.0959226878  -0.0028474955  -0.0063107174   0.5139577004
       -0.0236278993   0.0249192027  -0.0788156558  -0.0280211432  -0.0011871857
        0.0075838796   0.0090516078  -0.0018140920  -0.0045274357  -0.0000631760
       -0.0021064529   0.0008063404  -0.0016610441   0.0004657099  -0.0000170333
       -0.0003273728  -0.0000704866  -0.0000790098  -0.0000861597  -0.0280963746
       -0.0186329956  -0.0017052465   0.0076468236   0.0041214678   0.0003832904
        0.0024808031   0.0022461138  -0.0009388997   0.0167193323  -0.0533095922
        0.0362372521   0.0272406821  -0.2654992088   0.0326291957  -0.0022482379
        0.0021928026   0.0014436544   0.0195013757  -0.0140761675  -0.0205064505
        0.0000093569   0.0000040711   0.0000356713  -0.0000971295  -0.0000724691
       -0.0000515202   0.0000611982   0.0000042307   0.0000344312  -0.0000485722
       -0.0000058577   0.0000015312   0.0000146466   0.0000415070   0.0000197735
       -0.0122663013  -0.0033092219  -0.0656966562   0.0345250782  -0.0236278993
        0.4963863864   0.0439270792  -0.0331244515  -0.1232980876   0.0133805098
        0.0073521855   0.0016709644  -0.0014284825  -0.0036596211   0.0020486153
       -0.0034849902   0.0006829846  -0.0034805650   0.0004318775   0.0002726831
       -0.0000141798  -0.0001894558  -0.0001174536  -0.0002062942   0.0038898041
        0.0019085152   0.0006174116   0.0192125748   0.0084793355   0.0002694823
       -0.0255516372  -0.0123690734  -0.0041021381  -0.0837395638   0.0377074415
       -0.2300117104  -0.0056062033   0.0317761983  -0.0502069452   0.0167465676
       -0.0098264915  -0.0252627759   0.0002242362  -0.0020850626   0.0011011340
        0.0000276034  -0.0000761521   0.0000866536  -0.0001168350  -0.0000030906
       -0.0000226668   0.0000532399  -0.0000089147   0.0000531918  -0.0000806588
       -0.0000223708   0.0000430041   0.0000455572   0.0000504594   0.0000251757
       -0.0261133228   0.0071659134   0.0211713223  -0.0974199917   0.0249192027
        0.0439270792   0.4422283166  -0.0076795864   0.0553611885  -0.1423365804
       -0.0490321398  -0.0037417811  -0.0092905865  -0.0216791112   0.0018862449
       -0.0432598626  -0.0050232751  -0.0219461061   0.0020057383   0.0016048781
       -0.0030843698  -0.0002968868   0.0000082880   0.0000416733   0.0011325579
        0.0007191517  -0.0000773969  -0.0065401336  -0.0027190766   0.0005080588
        0.0009919525   0.0004197883   0.0007282081   0.0046591187  -0.0027740821
       -0.0036136526  -0.0053841414   0.0056323218   0.0056115857  -0.0740723433
        0.0151549183  -0.0860363844  -0.0448859097   0.0340715483  -0.0104922835
       -0.0001958867  -0.0000594045   0.0000903276  -0.0012629029  -0.0006698706
       -0.0003448042   0.0001217855  -0.0000408228  -0.0000592628  -0.0001573568
       -0.0000148801   0.0000831284   0.0000764358  -0.0000037613  -0.0000127754
       -0.0069679915   0.0035706873   0.0067183860   0.0352714247  -0.0788156558
       -0.0331244515  -0.0076795864   0.5229562821  -0.0415177586  -0.0511988843
       -0.0940837577  -0.0083583363  -0.0404300322  -0.0273626027   0.0125486355
        0.0061360546   0.0076853338   0.0013935711   0.0006775160   0.0009472372
        0.0037417857  -0.0004564917  -0.0002491910  -0.0000554448  -0.0008445472
        0.0010905605   0.0005529657  -0.0029098565  -0.0002505146   0.0005511440
        0.0001239030   0.0001612037   0.0001921661  -0.0021724527   0.0019201852
        0.0022476946   0.0194365697  -0.0137736559  -0.0211775643   0.0148910072
       -0.0542743826   0.0392861647   0.0351215776  -0.2698589847   0.0364430351
        0.0002904839  -0.0000914325   0.0004081106   0.0007785252   0.0004550790
        0.0002334045   0.0000048390  -0.0001383379  -0.0000786804  -0.0000451333
        0.0000236293   0.0000549886  -0.0000269251   0.0000883174  -0.0000598163
        0.0054321703  -0.0001762023  -0.0024147941   0.0546249783  -0.0280211432
       -0.1232980876   0.0553611885  -0.0415177586   0.4934487280  -0.0210314346
       -0.0161216743  -0.0666525490   0.0154990021   0.0244179717   0.0057605728
       -0.0268825355  -0.0072649323  -0.0020270672  -0.0038227727   0.0039759096
        0.0008862306  -0.0011064705  -0.0004850434  -0.0002274424  -0.0004066727
       -0.0000944426   0.0001691684   0.0002549391   0.0004526596   0.0009104303
       -0.0009915931  -0.0000573003   0.0012343105   0.0174865294  -0.0102179321
       -0.0252575400   0.0005943024  -0.0014830319   0.0007984631  -0.0847054759
        0.0407573455  -0.2356675852  -0.0099373843   0.0356260906  -0.0480094452
        0.0003981891   0.0002324956   0.0001674970  -0.0003635133  -0.0000979788
       -0.0000049501  -0.0000787051  -0.0000096777  -0.0000564762  -0.0002844775
        0.0001363448   0.0003173954  -0.0000402638  -0.0000516999  -0.0000768593
       -0.0013766004  -0.0005278172  -0.0000101025  -0.0278128490  -0.0011871857
        0.0133805098  -0.1423365804  -0.0511988843  -0.0210314346   0.4697319618
        0.1566633475   0.0297180201  -0.1141886760  -0.1395776696   0.0734835914
       -0.1356920151   0.0318716753  -0.0662171142  -0.0363189241   0.0063214139
       -0.0268526709   0.0011787283   0.0002051672  -0.0015173635  -0.0001371951
        0.0006295455   0.0001898445   0.0004978476  -0.0000337005  -0.0002116125
       -0.0000818295   0.0000610335   0.0005440301   0.0008288550  -0.0002124115
       -0.0010654108  -0.0003192663  -0.0001176998   0.0000219929  -0.0137610967
       -0.0036624967  -0.0039986398   0.0038743156   0.0007605781   0.0037735682
        0.0008310414   0.0013354557  -0.0005473763  -0.0040089754  -0.0015367395
       -0.0008453235  -0.0005963228  -0.0002030088   0.0006427658   0.0002692060
        0.0003216809   0.0005696253  -0.0005816249   0.0000877160  -0.0000268996
        0.0024684087  -0.0019623269  -0.0030800962   0.0009975211   0.0075838796
        0.0073521855  -0.0490321398  -0.0940837577  -0.0161216743   0.1566633475
        0.6778153009  -0.2658651238  -0.1259419420  -0.4720813507   0.2233468458
        0.0398062858  -0.1135224348   0.0626138834   0.0030780735   0.0155433352
       -0.0057776606  -0.0017703714  -0.0020362181   0.0000238855  -0.0002204168
        0.0000822536   0.0000654557   0.0016780145   0.0007163807  -0.0003365258
       -0.0000810764   0.0000137859   0.0003501633   0.0000105453   0.0005079019
        0.0002596127   0.0024523999  -0.0007435390  -0.0006440970   0.0020911209
        0.0033499442   0.0011694935  -0.0245128271  -0.0186859575  -0.0001270541
       -0.0024345159  -0.0003395734  -0.0026963992  -0.0041603159  -0.0027638477
       -0.0014405170  -0.0005540945   0.0009967506   0.0004363602  -0.0011481193
        0.0001791125   0.0003310186   0.0006101020  -0.0005696390   0.0001402437
        0.0036763501  -0.0012859908  -0.0036349483   0.0171097114   0.0090516078
        0.0016709644  -0.0037417811  -0.0083583363  -0.0666525490   0.0297180201
       -0.2658651238   0.4017569143   0.0634991136   0.2195718904  -0.1863394205
       -0.0688414345   0.0592742662  -0.1307811236  -0.0237533904  -0.0082472242
       -0.0112008177   0.0031270928   0.0016690283   0.0004331024  -0.0001564436
       -0.0000284918   0.0000302931   0.0015128577   0.0004390458  -0.0000020827
       -0.0003133183  -0.0001149321  -0.0001800753   0.0015419085   0.0006162865
       -0.0014672158  -0.0001455326   0.0003279059   0.0007969297  -0.0251101131
       -0.0123956480  -0.0052317121   0.0024994216   0.0032243171   0.0009682397
        0.0002736694   0.0019565222   0.0019743468  -0.0025809545   0.0007941929
       -0.0009416875   0.0007348589  -0.0002658688  -0.0006339767   0.0011581679
       -0.0001036891  -0.0005167501  -0.0002082041  -0.0002597581  -0.0000484311
       -0.0004695185   0.0004691308   0.0006487382   0.0002432332  -0.0018140920
       -0.0014284825  -0.0092905865  -0.0404300322   0.0154990021  -0.1141886760
       -0.1259419420   0.0634991136   0.1155657368   0.1443037073  -0.0551725349
        0.0113956854   0.0220569442  -0.0226959242   0.0009762653   0.0035781455
       -0.0010474758  -0.0006592978   0.0003574504   0.0003139764   0.0001111368
        0.0000011773  -0.0000689471  -0.0003197410   0.0000278141   0.0001375459
        0.0001977796   0.0000002450  -0.0000314753  -0.0000162960  -0.0000853960
        0.0001787717   0.0004398027   0.0000840670  -0.0005062199   0.0018101717
        0.0005678504   0.0011889685  -0.0068718638  -0.0048814910  -0.0003280115
       -0.0000982365   0.0009237086   0.0004536694   0.0006253300   0.0012120176
        0.0002629483   0.0002236792  -0.0002939702  -0.0006217622   0.0001687651
       -0.0001683718  -0.0001545487   0.0001566304   0.0000330370  -0.0001273522
       -0.0011845868   0.0017779231   0.0020347007   0.0007109428  -0.0045274357
       -0.0036596211  -0.0216791112  -0.0273626027   0.0244179717  -0.1395776696
       -0.4720813507   0.2195718904   0.1443037073   0.5588281169  -0.3062400420
        0.0192951703  -0.0562324338   0.0700701040  -0.0008571954  -0.0014438064
       -0.0048774520   0.0012846866   0.0018164124  -0.0001431198   0.0002250106
        0.0000135790  -0.0000848138  -0.0010211381  -0.0002906695   0.0001863357
        0.0001279511  -0.0000540635  -0.0002491809   0.0001267451  -0.0002463715
        0.0002633033  -0.0007524977   0.0006517646  -0.0000758373   0.0028823941
        0.0004658683  -0.0003370112  -0.0052016075  -0.0031219599  -0.0006848447
        0.0006763631   0.0010662609   0.0005823133  -0.0000469879   0.0010755963
       -0.0004668849   0.0004773656  -0.0004979107  -0.0002875468   0.0006087902
       -0.0001181212  -0.0002010336  -0.0003983326   0.0002812044   0.0001807691
       -0.0000991258  -0.0002347150   0.0000251790  -0.0025155329  -0.0000631760
        0.0020486153   0.0018862449   0.0125486355   0.0057605728   0.0734835914
        0.2233468458  -0.1863394205  -0.0551725349  -0.3062400420   0.2165114335
       -0.0229204944   0.0702380695  -0.0385016563   0.0029633532   0.0008987252
       -0.0012520684   0.0001455341  -0.0003186905   0.0002060719  -0.0000473177
        0.0000641710  -0.0000267992   0.0000113661   0.0000333617  -0.0000496432
        0.0000439611   0.0000002744   0.0001459829  -0.0002162579  -0.0001226014
       -0.0000553778  -0.0001158654  -0.0004192936  -0.0002736279   0.0006902775
        0.0003868789   0.0008134299   0.0015054550   0.0008353701   0.0011342868
        0.0003402950  -0.0007666139  -0.0010436562   0.0004308927  -0.0002021545
        0.0006150074  -0.0005118473   0.0000948577   0.0003217089  -0.0000687497
       -0.0000471025   0.0000186652   0.0001667551  -0.0000328005  -0.0000587041
       -0.0006943056   0.0006416079   0.0012829045  -0.0003724745  -0.0021064529
       -0.0034849902  -0.0432598626   0.0061360546  -0.0268825355  -0.1356920151
        0.0398062858  -0.0688414345   0.0113956854   0.0192951703  -0.0229204944
        0.3820360574   0.0302864380   0.1381038465  -0.1306768543  -0.0575436910
       -0.0056916261  -0.0435192555  -0.0125381366   0.0008538612   0.0001748173
       -0.0001637822  -0.0000727267  -0.0004155886  -0.0000530790   0.0001891190
        0.0001273270   0.0000204701  -0.0001601485   0.0003200997  -0.0001584388
        0.0004112255   0.0001766286   0.0004457527  -0.0001665803  -0.0063859888
       -0.0033162592  -0.0019017499   0.0001421625   0.0001803927  -0.0009557919
       -0.0121954372  -0.0156112674  -0.0021750649  -0.0192545535  -0.0071526490
       -0.0107570721   0.0020215816  -0.0001021710  -0.0008929159  -0.0063237438
        0.0022993601   0.0053464320   0.0023957200  -0.0003656048  -0.0012842577
       -0.0000026819  -0.0000719499  -0.0001018587  -0.0013020524   0.0008063404
        0.0006829846  -0.0050232751   0.0076853338  -0.0072649323   0.0318716753
       -0.1135224348   0.0592742662   0.0220569442  -0.0562324338   0.0702380695
        0.0302864380   0.2738820824  -0.1240286243  -0.0487357287  -0.1018841704
        0.0038912160   0.0017097187   0.0063686860   0.0031938813  -0.0000061139
        0.0000616151  -0.0000170019   0.0000616321   0.0000249179   0.0000984104
        0.0000919966  -0.0000180283   0.0000396804  -0.0000136266  -0.0002107259
       -0.0000563712  -0.0001575435  -0.0000520356   0.0000521911  -0.0029245388
       -0.0003230234  -0.0005453914   0.0002473368   0.0010241108   0.0001739613
       -0.0359067517  -0.0226326106  -0.0069792511   0.0059514952   0.0042780801
        0.0011267522  -0.0000112790  -0.0004586561   0.0002758927   0.0017683291
        0.0004774842  -0.0005096420   0.0000380257   0.0007974181   0.0004557671
       -0.0005130602   0.0005969716   0.0014020534   0.0008543365  -0.0016610441
       -0.0034805650  -0.0219461061   0.0013935711  -0.0020270672  -0.0662171142
        0.0626138834  -0.1307811236  -0.0226959242   0.0700701040  -0.0385016563
        0.1381038465  -0.1240286243   0.2345277549  -0.0127609085   0.0006731533
       -0.0601886681   0.0157448439   0.0058119188   0.0073015723   0.0000984779
       -0.0001442682  -0.0000741847  -0.0005069502  -0.0001341088   0.0000783173
        0.0001730749   0.0000382909  -0.0000329066  -0.0002947142  -0.0001545507
        0.0009879544   0.0000529834   0.0003175634  -0.0001035824  -0.0015030398
       -0.0009919223  -0.0003456420   0.0012653396  -0.0001886409  -0.0007131960
       -0.0026745865  -0.0023582266   0.0004081623  -0.0294373013  -0.0127897956
       -0.0086647684  -0.0003287550   0.0007409628   0.0015025474   0.0033146462
       -0.0008318323  -0.0018828734  -0.0007290886   0.0010265944   0.0005878717
        0.0002542626   0.0000174158   0.0000012052   0.0003219166   0.0004657099
        0.0004318775   0.0020057383   0.0006775160  -0.0038227727  -0.0363189241
        0.0030780735  -0.0237533904   0.0009762653  -0.0008571954   0.0029633532
       -0.1306768543  -0.0487357287  -0.0127609085   0.3860754432  -0.0402648721
        0.0093658660  -0.1118310766   0.0336827061   0.0590938686  -0.0000692326
        0.0000604071  -0.0000184786  -0.0000668469  -0.0000384201  -0.0000209361
       -0.0000095125  -0.0000183183   0.0001007561  -0.0003820462  -0.0000881685
        0.0000720193  -0.0001956102  -0.0001749668  -0.0000015391  -0.0012660767
       -0.0006226478   0.0003352216  -0.0001671581   0.0003617257  -0.0000701680
       -0.0407790853   0.0250414566  -0.0021166585  -0.0460691276   0.0191268509
       -0.0473756972   0.0031385326  -0.0025711015  -0.0007893026  -0.0209923157
        0.0065019322   0.0155388537  -0.0039482918   0.0043576252   0.0028268308
       -0.0000622687  -0.0000389829  -0.0000298591  -0.0007269506  -0.0000170333
        0.0002726831   0.0016048781   0.0009472372   0.0039759096   0.0063214139
        0.0155433352  -0.0082472242   0.0035781455  -0.0014438064   0.0008987252
       -0.0575436910  -0.1018841704   0.0006731533  -0.0402648721   0.5056343927
       -0.0397622194   0.0332172273  -0.0832524328  -0.0311840408  -0.0000482390
        0.0000417542   0.0000069948  -0.0000485901  -0.0000440347  -0.0000503310
       -0.0000595070   0.0000050412   0.0000470681  -0.0000745539   0.0000542485
       -0.0002668812   0.0000427856  -0.0001617183   0.0000484432   0.0007286749
        0.0005361834   0.0004199535  -0.0001824503   0.0003578580  -0.0000198481
        0.0277659323  -0.2620870766   0.0158677592   0.0158913017  -0.0664980264
        0.0682657845  -0.0054181386   0.0034798789   0.0048383945  -0.0074647459
        0.0028045355   0.0061085556   0.0227436481  -0.0139771829  -0.0218630209
       -0.0002293761   0.0000952035   0.0001990395  -0.0012526385  -0.0003273728
       -0.0000141798  -0.0030843698   0.0037417857   0.0008862306  -0.0268526709
       -0.0057776606  -0.0112008177  -0.0010474758  -0.0048774520  -0.0012520684
       -0.0056916261   0.0038912160  -0.0601886681   0.0093658660  -0.0397622194
        0.5106510155   0.0569849944  -0.0302911658  -0.1296114573  -0.0000210764
        0.0000212678   0.0000193667  -0.0000803938  -0.0000716912   0.0000076294
        0.0000090678   0.0000091776   0.0000221484   0.0000916992  -0.0000054354
       -0.0001064130   0.0000257471  -0.0001274248  -0.0000347680  -0.0006887134
       -0.0000256582   0.0000896195   0.0001599619   0.0003146315   0.0000396579
       -0.0027488186   0.0127730919  -0.0442218583  -0.0445657866   0.0706090469
       -0.2425558013   0.0212324567  -0.0089460243  -0.0255095634  -0.0039552553
        0.0018163113   0.0037046004   0.0023484084  -0.0030596276  -0.0009237126
        0.0000047803   0.0000317548   0.0000099098   0.0003577976  -0.0000704866
       -0.0001894558  -0.0002968868  -0.0004564917  -0.0011064705   0.0011787283
       -0.0017703714   0.0031270928  -0.0006592978   0.0012846866   0.0001455341
       -0.0435192555   0.0017097187   0.0157448439  -0.1118310766   0.0332172273
        0.0569849944   0.4972657243   0.0194196166   0.0348470787   0.0000116348
        0.0000012125  -0.0000128295  -0.0000627034   0.0000013382   0.0000214968
       -0.0000189403  -0.0000060244  -0.0000201072   0.0000586228   0.0000046037
       -0.0000582689  -0.0000255191   0.0000127714   0.0000152336  -0.0002609292
       -0.0001272706  -0.0000816452   0.0000176917   0.0001218346  -0.0000134318
       -0.0041541195   0.0049711947   0.0049082973   0.0026545258  -0.0012702675
       -0.0001616348  -0.0592723395   0.0188974745  -0.0565336709  -0.2381720541
       -0.0854334132  -0.0565685573  -0.0432763837   0.0094608918  -0.0010584093
       -0.0000173429  -0.0000339289   0.0000062562   0.0000844433  -0.0000790098
       -0.0001174536   0.0000082880  -0.0002491910  -0.0004850434   0.0002051672
       -0.0020362181   0.0016690283   0.0003574504   0.0018164124  -0.0003186905
       -0.0125381366   0.0063686860   0.0058119188   0.0336827061  -0.0832524328
       -0.0302911658   0.0194196166   0.5225511302  -0.0131085096   0.0000230583
        0.0000285524  -0.0000026293  -0.0000097510   0.0000075315   0.0000097189
        0.0000205780   0.0000082760   0.0000049115   0.0000181715  -0.0000063326
        0.0000496499  -0.0000205953   0.0000569607   0.0000082507  -0.0000314228
       -0.0000219207  -0.0000062535   0.0000157612   0.0000629976   0.0000132095
        0.0208302394  -0.0130637202  -0.0204360049  -0.0044382213   0.0034043627
        0.0053407198   0.0184804736  -0.0690365238   0.0689483643  -0.0846318082
       -0.0790877146  -0.0236076455   0.0085413245  -0.2874379170   0.0065113682
       -0.0000319568   0.0000015242   0.0000094983  -0.0000258914  -0.0000861597
       -0.0002062942   0.0000416733  -0.0000554448  -0.0002274424  -0.0015173635
        0.0000238855   0.0004331024   0.0003139764  -0.0001431198   0.0002060719
        0.0008538612   0.0031938813   0.0073015723   0.0590938686  -0.0311840408
       -0.1296114573   0.0348470787  -0.0131085096   0.4929638550   0.0000109471
        0.0000009673   0.0000014629  -0.0000161110   0.0000030608   0.0000127360
        0.0000418487   0.0000104925   0.0000222239  -0.0000026882   0.0000047067
        0.0000971811   0.0000017785   0.0000323748   0.0000181559  -0.0000173077
       -0.0000153110   0.0000304211   0.0000244310  -0.0000185018  -0.0000058060
        0.0021960019  -0.0020257370  -0.0005345181   0.0189649882  -0.0087877396
       -0.0232109431  -0.0576941747   0.0701237659  -0.2457561721  -0.0556051712
       -0.0233554259  -0.0573799430  -0.0014797891   0.0053853310  -0.0441637045
       -0.0456656459   0.0283958474  -0.0040508299  -0.0002213263  -0.0280963746
        0.0038898041   0.0011325579  -0.0008445472  -0.0004066727  -0.0001371951
       -0.0002204168  -0.0001564436   0.0001111368   0.0002250106  -0.0000473177
        0.0001748173  -0.0000061139   0.0000984779  -0.0000692326  -0.0000482390
       -0.0000210764   0.0000116348   0.0000230583   0.0000109471   0.0540027519
       -0.0294917148   0.0046624442  -0.0031408026   0.0205404897  -0.0013149607
       -0.0015582675   0.0132738578  -0.0029687551   0.0008078496  -0.0002270390
        0.0003741030  -0.0049590303  -0.0039459969  -0.0001950430  -0.0001004978
        0.0001189530  -0.0000206665  -0.0004244780   0.0002784381   0.0001501855
        0.0000231872   0.0000249231  -0.0000071952   0.0000115636   0.0000011401
        0.0000071070  -0.0000045928  -0.0000050501  -0.0000042814   0.0000198042
        0.0000057689  -0.0000007707  -0.0000142345  -0.0000019948   0.0000009441
        0.0277430432  -0.2774204389   0.0324885893  -0.0031839469  -0.0186329956
        0.0019085152   0.0007191517   0.0010905605  -0.0000944426   0.0006295455
        0.0000822536  -0.0000284918   0.0000011773   0.0000135790   0.0000641710
       -0.0001637822   0.0000616151  -0.0001442682   0.0000604071   0.0000417542
        0.0000212678   0.0000012125   0.0000285524   0.0000009673  -0.0294917148
        0.3217539729  -0.0374380716   0.0046118531  -0.0165262090  -0.0000102232
        0.0028723298  -0.0093350580   0.0036964430   0.0004799086   0.0003600891
       -0.0001158032  -0.0038505676  -0.0015787469  -0.0005817159   0.0000163679
       -0.0002378674   0.0000822379  -0.0004866942   0.0003037994   0.0001603360
        0.0000285194  -0.0000083823  -0.0000052925   0.0000039313   0.0000037174
       -0.0000116907   0.0000044791  -0.0000120646   0.0000100695   0.0000066134
       -0.0000050113  -0.0000020081  -0.0000018342   0.0000168804  -0.0000005894
       -0.0038761092   0.0326499459  -0.0493842052   0.0006151493  -0.0017052465
        0.0006174116  -0.0000773969   0.0005529657   0.0001691684   0.0001898445
        0.0000654557   0.0000302931  -0.0000689471  -0.0000848138  -0.0000267992
       -0.0000727267  -0.0000170019  -0.0000741847  -0.0000184786   0.0000069948
        0.0000193667  -0.0000128295  -0.0000026293   0.0000014629   0.0046624442
       -0.0374380716   0.0527427388   0.0045540994  -0.0237323084   0.0020301410
       -0.0057172284   0.0307707357  -0.0070362502  -0.0000692866  -0.0007665503
        0.0001535461  -0.0003893779  -0.0003541448   0.0008404985  -0.0000856616
        0.0001601225  -0.0002002772   0.0003757827  -0.0000973432   0.0001322476
       -0.0000029961  -0.0000019511  -0.0000029775  -0.0000144314  -0.0000050809
       -0.0000048136   0.0000051135   0.0000058198  -0.0000120047  -0.0000038234
       -0.0000017551  -0.0000000698   0.0000068598  -0.0000051432   0.0000047074
       -0.1302588483   0.0548599109   0.1036371736  -0.0210682834   0.0076468236
        0.0192125748  -0.0065401336  -0.0029098565   0.0002549391   0.0004978476
        0.0016780145   0.0015128577  -0.0003197410  -0.0010211381   0.0000113661
       -0.0004155886   0.0000616321  -0.0005069502  -0.0000668469  -0.0000485901
       -0.0000803938  -0.0000627034  -0.0000097510  -0.0000161110  -0.0031408026
        0.0046118531   0.0045540994   0.1530859503  -0.0615478124  -0.1209818900
        0.0072058820  -0.0037556017  -0.0076272014   0.0002093801   0.0005044824
        0.0002327900   0.0005705217   0.0002759319   0.0002661805   0.0000637657
       -0.0000568678  -0.0003146528   0.0002179080  -0.0002667473  -0.0001539010
        0.0000031069  -0.0000155132   0.0000219858  -0.0000285123   0.0000023855
       -0.0000124367   0.0000293434   0.0000090062  -0.0000097874  -0.0000081343
       -0.0000105504  -0.0000076884   0.0000258887  -0.0000076122   0.0000070458
        0.0552621663  -0.0764591940  -0.0630788595  -0.0086079853   0.0041214678
        0.0084793355  -0.0027190766  -0.0002505146   0.0004526596  -0.0000337005
        0.0007163807   0.0004390458   0.0000278141  -0.0002906695   0.0000333617
       -0.0000530790   0.0000249179  -0.0001341088  -0.0000384201  -0.0000440347
       -0.0000716912   0.0000013382   0.0000075315   0.0000030608   0.0205404897
       -0.0165262090  -0.0237323084  -0.0615478124   0.0858816900   0.0735052928
       -0.0026602794   0.0022996516   0.0035298845   0.0003262479   0.0001563794
        0.0002038156  -0.0003273602   0.0004045196   0.0003880517  -0.0000040785
       -0.0001006510   0.0000117000  -0.0001708557   0.0000636062  -0.0000223680
       -0.0000006234   0.0000047961  -0.0000006183  -0.0000017194  -0.0000037770
        0.0000010972   0.0000023053  -0.0000009542  -0.0000025807   0.0000058223
        0.0000013683  -0.0000014601  -0.0000011934  -0.0000063050  -0.0000033102
        0.1040962908  -0.0628575852  -0.1659299476   0.0010498269   0.0003832904
        0.0002694823   0.0005080588   0.0005511440   0.0009104303  -0.0002116125
       -0.0003365258  -0.0000020827   0.0001375459   0.0001863357  -0.0000496432
        0.0001891190   0.0000984104   0.0000783173  -0.0000209361  -0.0000503310
        0.0000076294   0.0000214968   0.0000097189   0.0000127360  -0.0013149607
       -0.0000102232   0.0020301410  -0.1209818900   0.0735052928   0.1891066901
        0.0172073201  -0.0117424078  -0.0271376616  -0.0003787624  -0.0000378502
        0.0005171728   0.0000002634   0.0002297951  -0.0000838412  -0.0001419635
       -0.0000801193   0.0002975073  -0.0001563887   0.0001415602  -0.0000165856
       -0.0000019294   0.0000136757  -0.0000094120   0.0000117944  -0.0000009318
        0.0000107483  -0.0000129871  -0.0000049256  -0.0000088343   0.0000111193
        0.0000058012   0.0000020516  -0.0000114050  -0.0000041246  -0.0000048981
       -0.0811421635   0.0174162902  -0.0865743137  -0.0163054838   0.0024808031
       -0.0255516372   0.0009919525   0.0001239030  -0.0009915931  -0.0000818295
       -0.0000810764  -0.0003133183   0.0001977796   0.0001279511   0.0000439611
        0.0001273270   0.0000919966   0.0001730749  -0.0000095125  -0.0000595070
        0.0000090678  -0.0000189403   0.0000205780   0.0000418487  -0.0015582675
        0.0028723298  -0.0057172284   0.0072058820  -0.0026602794   0.0172073201
        0.0960844167  -0.0176404084   0.1023275146  -0.0057786194  -0.0031290334
       -0.0012593154   0.0007854874   0.0005478203  -0.0000503517  -0.0004557335
       -0.0001699201   0.0006919912  -0.0000998743   0.0000616171  -0.0000240166
        0.0000125218   0.0000063162  -0.0000166571   0.0000380393  -0.0000051957
        0.0000130208  -0.0000105879  -0.0000030613  -0.0000003267   0.0000182370
        0.0000010678  -0.0000034396  -0.0000006310  -0.0000021913  -0.0000056014
        0.0177551893  -0.0517798148   0.0375339673  -0.0067983289   0.0022461138
       -0.0123690734   0.0004197883   0.0001612037  -0.0000573003   0.0000610335
        0.0000137859  -0.0001149321   0.0000002450  -0.0000540635   0.0000002744
        0.0000204701  -0.0000180283   0.0000382909  -0.0000183183   0.0000050412
        0.0000091776  -0.0000060244   0.0000082760   0.0000104925   0.0132738578
       -0.0093350580   0.0307707357  -0.0037556017   0.0022996516  -0.0117424078
       -0.0176404084   0.0565970181  -0.0427931389  -0.0032307010  -0.0005490309
       -0.0006987777  -0.0002180918   0.0004059768  -0.0007562709   0.0000729976
        0.0002347574   0.0000027342   0.0000595156  -0.0002258694   0.0001831517
        0.0000026912  -0.0000013052  -0.0000087683   0.0000022730  -0.0000066893
       -0.0000015116  -0.0000000991   0.0000048851  -0.0000051055  -0.0000019089
       -0.0000012985  -0.0000026429   0.0000014211  -0.0000055514   0.0000011051
       -0.0871014164   0.0371966272  -0.2395079298  -0.0048332270  -0.0009388997
       -0.0041021381   0.0007282081   0.0001921661   0.0012343105   0.0005440301
        0.0003501633  -0.0001800753  -0.0000314753  -0.0002491809   0.0001459829
       -0.0001601485   0.0000396804  -0.0000329066   0.0001007561   0.0000470681
        0.0000221484  -0.0000201072   0.0000049115   0.0000222239  -0.0029687551
        0.0036964430  -0.0070362502  -0.0076272014   0.0035298845  -0.0271376616
        0.1023275146  -0.0427931389   0.2757536393  -0.0010771832  -0.0009386683
        0.0006505630   0.0002872013  -0.0001704134   0.0001660091  -0.0001218608
        0.0000113295   0.0002291789  -0.0000794020   0.0000441241  -0.0002165827
        0.0000101958  -0.0000156330  -0.0000061584   0.0000139173  -0.0000066432
       -0.0000075033   0.0000030617  -0.0000044258   0.0000116098  -0.0000013579
       -0.0000032316  -0.0000049188   0.0000072498   0.0000078370  -0.0000035411
       -0.0160957101   0.0020603468  -0.0251511778  -0.0771472767   0.0167193323
       -0.0837395638   0.0046591187  -0.0021724527   0.0174865294   0.0008288550
        0.0000105453   0.0015419085  -0.0000162960   0.0001267451  -0.0002162579
        0.0003200997  -0.0000136266  -0.0002947142  -0.0003820462  -0.0000745539
        0.0000916992   0.0000586228   0.0000181715  -0.0000026882   0.0008078496
        0.0004799086  -0.0000692866   0.0002093801   0.0003262479  -0.0003787624
       -0.0057786194  -0.0032307010  -0.0010771832   0.0950055723  -0.0175679806
        0.0942117165  -0.0011834962   0.0024883787  -0.0054116838  -0.0019168657
        0.0011374135   0.0031655300   0.0005911488  -0.0003245117  -0.0000752089
        0.0000325440  -0.0000006138   0.0000164926  -0.0000534433   0.0000307759
       -0.0000363093   0.0000204366   0.0000007181  -0.0000273932   0.0000399782
       -0.0000083317  -0.0000327164   0.0000001481  -0.0000058117  -0.0000009305
       -0.0071567484   0.0023268555  -0.0119488519   0.0166409421  -0.0533095922
        0.0377074415  -0.0027740821   0.0019201852  -0.0102179321  -0.0002124115
        0.0005079019   0.0006162865  -0.0000853960  -0.0002463715  -0.0001226014
       -0.0001584388  -0.0002107259  -0.0001545507  -0.0000881685   0.0000542485
       -0.0000054354   0.0000046037  -0.0000063326   0.0000047067  -0.0002270390
        0.0003600891  -0.0007665503   0.0005044824   0.0001563794  -0.0000378502
       -0.0031290334  -0.0005490309  -0.0009386683  -0.0175679806   0.0582985475
       -0.0407492076   0.0133938218  -0.0096571334   0.0297031333   0.0012368634
        0.0000917225  -0.0022358535  -0.0003373319   0.0003454531  -0.0008504547
       -0.0000634064  -0.0000793137   0.0000377671  -0.0000126330   0.0000303729
       -0.0000064693   0.0000024241  -0.0000058315  -0.0000051762   0.0000020176
       -0.0000057170  -0.0000047489   0.0000275146  -0.0000217070  -0.0000249848
       -0.0042186893  -0.0000273402  -0.0037117469  -0.0838398759   0.0362372521
       -0.2300117104  -0.0036136526   0.0022476946  -0.0252575400  -0.0010654108
        0.0002596127  -0.0014672158   0.0001787717   0.0002633033  -0.0000553778
        0.0004112255  -0.0000563712   0.0009879544   0.0000720193  -0.0002668812
       -0.0001064130  -0.0000582689   0.0000496499   0.0000971811   0.0003741030
       -0.0001158032   0.0001535461   0.0002327900   0.0002038156   0.0005171728
       -0.0012593154  -0.0006987777   0.0006505630   0.0942117165  -0.0407492076
        0.2685769460  -0.0039676143   0.0045177216  -0.0071501464   0.0033020113
       -0.0020439892  -0.0037218856  -0.0006035497   0.0002596019   0.0006170959
       -0.0000588637  -0.0000172592  -0.0000705817  -0.0000643022  -0.0000438311
        0.0000027455  -0.0000149244  -0.0000017854  -0.0000444914  -0.0000134052
        0.0000048762   0.0000039414  -0.0000047650  -0.0000222817  -0.0000100372
       -0.0008174774  -0.0280271331   0.0034571420  -0.0444062918   0.0272406821
       -0.0056062033  -0.0053841414   0.0194365697   0.0005943024  -0.0003192663
        0.0024523999  -0.0001455326   0.0004398027  -0.0007524977  -0.0001158654
        0.0001766286  -0.0001575435   0.0000529834  -0.0001956102   0.0000427856
        0.0000257471  -0.0000255191  -0.0000205953   0.0000017785  -0.0049590303
       -0.0038505676  -0.0003893779   0.0005705217  -0.0003273602   0.0000002634
        0.0007854874  -0.0002180918   0.0002872013  -0.0011834962   0.0133938218
       -0.0039676143   0.0569738838  -0.0304979299   0.0031551055   0.0005910480
       -0.0003670420  -0.0005243446  -0.0022712571   0.0017093824   0.0031482421
       -0.0000651353  -0.0000439998   0.0000132625   0.0000445386   0.0000034422
        0.0000235044  -0.0000060387   0.0000241517   0.0000057817   0.0000140618
       -0.0000070744  -0.0000093152   0.0000372913  -0.0000333999  -0.0000070610
       -0.0026032994  -0.0178848241   0.0023189441   0.0264665211  -0.2654992088
        0.0317761983   0.0056323218  -0.0137736559  -0.0014830319  -0.0001176998
       -0.0007435390   0.0003279059   0.0000840670   0.0006517646  -0.0004192936
        0.0004457527  -0.0000520356   0.0003175634  -0.0001749668  -0.0001617183
       -0.0001274248   0.0000127714   0.0000569607   0.0000323748  -0.0039459969
       -0.0015787469  -0.0003541448   0.0002759319   0.0004045196   0.0002297951
        0.0005478203   0.0004059768  -0.0001704134   0.0024883787  -0.0096571334
        0.0045177216  -0.0304979299   0.3083311979  -0.0347186287  -0.0003652454
        0.0003100685   0.0002590382   0.0018108649  -0.0008168126  -0.0024374441
       -0.0000009946   0.0000407483  -0.0000392468  -0.0000262213  -0.0000200937
       -0.0000061993  -0.0000058882  -0.0000101782  -0.0000212075   0.0000018316
        0.0000090910   0.0000059967  -0.0000280191  -0.0000123809  -0.0000085031
        0.0004497899  -0.0016548373   0.0011957872  -0.0063109309   0.0326291957
       -0.0502069452   0.0056115857  -0.0211775643   0.0007984631   0.0000219929
       -0.0006440970   0.0007969297  -0.0005062199  -0.0000758373  -0.0002736279
       -0.0001665803   0.0000521911  -0.0001035824  -0.0000015391   0.0000484432
       -0.0000347680   0.0000152336   0.0000082507   0.0000181559  -0.0001950430
       -0.0005817159   0.0008404985   0.0002661805   0.0003880517  -0.0000838412
       -0.0000503517  -0.0007562709   0.0001660091  -0.0054116838   0.0297031333
       -0.0071501464   0.0031551055  -0.0347186287   0.0559742272  -0.0000847234
       -0.0007684795   0.0005551199   0.0032417397  -0.0024063784  -0.0024735712
       -0.0000249756  -0.0000240118   0.0000173397  -0.0000080216   0.0000033855
       -0.0000158253   0.0000025871  -0.0000171804  -0.0000027743  -0.0000050367
        0.0000010436  -0.0000002234   0.0000008911  -0.0000086934  -0.0000172250
        0.0010947166   0.0001033696   0.0009490430   0.0056873866  -0.0022482379
        0.0167465676  -0.0740723433   0.0148910072  -0.0847054759  -0.0137610967
        0.0020911209  -0.0251101131   0.0018101717   0.0028823941   0.0006902775
       -0.0063859888  -0.0029245388  -0.0015030398  -0.0012660767   0.0007286749
       -0.0006887134  -0.0002609292  -0.0000314228  -0.0000173077  -0.0001004978
        0.0000163679  -0.0000856616   0.0000637657  -0.0000040785  -0.0001419635
       -0.0004557335   0.0000729976  -0.0001218608  -0.0019168657   0.0012368634
        0.0033020113   0.0005910480  -0.0003652454  -0.0000847234   0.0904346760
       -0.0184682146   0.0958445627  -0.0013194228   0.0020471670  -0.0050898330
        0.0001291823   0.0001031895   0.0000156379  -0.0002365265  -0.0001092555
       -0.0000149613  -0.0000333424  -0.0000160037  -0.0000402383  -0.0000292159
        0.0000222880   0.0000815533   0.0000270924  -0.0000284427  -0.0000257613
       -0.0002229741   0.0001356053   0.0003825629  -0.0024318657   0.0021928026
       -0.0098264915   0.0151549183  -0.0542743826   0.0407573455  -0.0036624967
        0.0033499442  -0.0123956480   0.0005678504   0.0004658683   0.0003868789
       -0.0033162592  -0.0003230234  -0.0009919223  -0.0006226478   0.0005361834
       -0.0000256582  -0.0001272706  -0.0000219207  -0.0000153110   0.0001189530
       -0.0002378674   0.0001601225  -0.0000568678  -0.0001006510  -0.0000801193
       -0.0001699201   0.0002347574   0.0000113295   0.0011374135   0.0000917225
       -0.0020439892  -0.0003670420   0.0003100685  -0.0007684795  -0.0184682146
        0.0555053547  -0.0430394191   0.0124292942  -0.0078885551   0.0275385253
        0.0001060223   0.0000740545  -0.0000071136  -0.0000666874  -0.0000476740
       -0.0000326272   0.0000225407   0.0000126269  -0.0000279460  -0.0000258408
       -0.0000000914   0.0000135524   0.0000010947  -0.0000148227   0.0000044080
       -0.0008192354   0.0000860610   0.0011040936  -0.0042232696   0.0014436544
       -0.0252627759  -0.0860363844   0.0392861647  -0.2356675852  -0.0039986398
        0.0011694935  -0.0052317121   0.0011889685  -0.0003370112   0.0008134299
       -0.0019017499  -0.0005453914  -0.0003456420   0.0003352216   0.0004199535
        0.0000896195  -0.0000816452  -0.0000062535   0.0000304211  -0.0000206665
        0.0000822379  -0.0002002772  -0.0003146528   0.0000117000   0.0002975073
        0.0006919912   0.0000027342   0.0002291789   0.0031655300  -0.0022358535
       -0.0037218856  -0.0005243446   0.0002590382   0.0005551199   0.0958445627
       -0.0430394191   0.2735549987  -0.0033810522   0.0034391652  -0.0062698608
        0.0000518304  -0.0000013497  -0.0000147325   0.0000203236  -0.0000370329
        0.0000222307  -0.0000211418  -0.0000091021   0.0000162567   0.0000021916
        0.0000061924   0.0000182426   0.0000221626   0.0000050183  -0.0000166275
        0.0007741681   0.0008691299  -0.0002964211  -0.0043472767   0.0195013757
        0.0002242362  -0.0448859097   0.0351215776  -0.0099373843   0.0038743156
       -0.0245128271   0.0024994216  -0.0068718638  -0.0052016075   0.0015054550
        0.0001421625   0.0002473368   0.0012653396  -0.0001671581  -0.0001824503
        0.0001599619   0.0000176917   0.0000157612   0.0000244310  -0.0004244780
       -0.0004866942   0.0003757827   0.0002179080  -0.0001708557  -0.0001563887
       -0.0000998743   0.0000595156  -0.0000794020   0.0005911488  -0.0003373319
       -0.0006035497  -0.0022712571   0.0018108649   0.0032417397  -0.0013194228
        0.0124292942  -0.0033810522   0.0545618791  -0.0393232138   0.0050857746
        0.0001050404   0.0000889925   0.0000462429   0.0001285266   0.0000464427
        0.0000349705   0.0000142524  -0.0000581472   0.0000026374   0.0000563190
        0.0000342107   0.0000074314  -0.0000961717   0.0000486258  -0.0000192264
       -0.0006351730   0.0011084962   0.0004625274   0.0054221483  -0.0140761675
       -0.0020850626   0.0340715483  -0.2698589847   0.0356260906   0.0007605781
       -0.0186859575   0.0032243171  -0.0048814910  -0.0031219599   0.0008353701
        0.0001803927   0.0010241108  -0.0001886409   0.0003617257   0.0003578580
        0.0003146315   0.0001218346   0.0000629976  -0.0000185018   0.0002784381
        0.0003037994  -0.0000973432  -0.0002667473   0.0000636062   0.0001415602
        0.0000616171  -0.0002258694   0.0000441241  -0.0003245117   0.0003454531
        0.0002596019   0.0017093824  -0.0008168126  -0.0024063784   0.0020471670
       -0.0078885551   0.0034391652  -0.0393232138   0.3112421639  -0.0396503574
        0.0002231623   0.0000993599   0.0000612690   0.0001497661   0.0000718326
        0.0000297786   0.0000035197  -0.0000845242   0.0000284498   0.0000732946
       -0.0000026534  -0.0000014927  -0.0000334382   0.0000818068  -0.0000191085
       -0.0006466743  -0.0001796372   0.0004059984   0.0056388237  -0.0205064505
        0.0011011340  -0.0104922835   0.0364430351  -0.0480094452   0.0037735682
       -0.0001270541   0.0009682397  -0.0003280115  -0.0006848447   0.0011342868
       -0.0009557919   0.0001739613  -0.0007131960  -0.0000701680  -0.0000198481
        0.0000396579  -0.0000134318   0.0000132095  -0.0000058060   0.0001501855
        0.0001603360   0.0001322476  -0.0001539010  -0.0000223680  -0.0000165856
       -0.0000240166   0.0001831517  -0.0002165827  -0.0000752089  -0.0008504547
        0.0006170959   0.0031482421  -0.0024374441  -0.0024735712  -0.0050898330
        0.0275385253  -0.0062698608   0.0050857746  -0.0396503574   0.0533771816
        0.0000172650   0.0000044020  -0.0000259166  -0.0000193255  -0.0000352372
       -0.0000218730   0.0000258691   0.0000366803  -0.0000396101   0.0000002232
       -0.0000194255  -0.0000176721   0.0000286945  -0.0000201796   0.0000342777
       -0.0000245679   0.0000351480   0.0000031646  -0.0001274253   0.0000093569
        0.0000276034  -0.0001958867   0.0002904839   0.0003981891   0.0008310414
       -0.0024345159   0.0002736694  -0.0000982365   0.0006763631   0.0003402950
       -0.0121954372  -0.0359067517  -0.0026745865  -0.0407790853   0.0277659323
       -0.0027488186  -0.0041541195   0.0208302394   0.0021960019   0.0000231872
        0.0000285194  -0.0000029961   0.0000031069  -0.0000006234  -0.0000019294
        0.0000125218   0.0000026912   0.0000101958   0.0000325440  -0.0000634064
       -0.0000588637  -0.0000651353  -0.0000009946  -0.0000249756   0.0001291823
        0.0001060223   0.0000518304   0.0001050404   0.0002231623   0.0000172650
        0.0578361946  -0.0207764283   0.0003614255   0.0007474122   0.0071808480
       -0.0009785533   0.0005938869  -0.0001313889  -0.0006863452   0.0000573697
        0.0003798437   0.0000021886  -0.0027315936   0.0017854987   0.0034952397
        0.0000312741   0.0000548255   0.0000354068   0.0000564576   0.0000040711
       -0.0000761521  -0.0000594045  -0.0000914325   0.0002324956   0.0013354557
       -0.0003395734   0.0019565222   0.0009237086   0.0010662609  -0.0007666139
       -0.0156112674  -0.0226326106  -0.0023582266   0.0250414566  -0.2620870766
        0.0127730919   0.0049711947  -0.0130637202  -0.0020257370   0.0000249231
       -0.0000083823  -0.0000019511  -0.0000155132   0.0000047961   0.0000136757
        0.0000063162  -0.0000013052  -0.0000156330  -0.0000006138  -0.0000793137
       -0.0000172592  -0.0000439998   0.0000407483  -0.0000240118   0.0001031895
        0.0000740545  -0.0000013497   0.0000889925   0.0000993599   0.0000044020
       -0.0207764283   0.3081502814  -0.0120076549   0.0025786219  -0.0119316471
        0.0034699402  -0.0006301612   0.0005819846   0.0003975305  -0.0000623020
        0.0002676647   0.0003045308   0.0020380995  -0.0001089853  -0.0018930065
        0.0000082792   0.0000099887  -0.0000161532  -0.0000633546   0.0000356713
        0.0000866536   0.0000903276   0.0004081106   0.0001674970  -0.0005473763
       -0.0026963992   0.0019743468   0.0004536694   0.0005823133  -0.0010436562
       -0.0021750649  -0.0069792511   0.0004081623  -0.0021166585   0.0158677592
       -0.0442218583   0.0049082973  -0.0204360049  -0.0005345181  -0.0000071952
       -0.0000052925  -0.0000029775   0.0000219858  -0.0000006183  -0.0000094120
       -0.0000166571  -0.0000087683  -0.0000061584   0.0000164926   0.0000377671
       -0.0000705817   0.0000132625  -0.0000392468   0.0000173397   0.0000156379
       -0.0000071136  -0.0000147325   0.0000462429   0.0000612690  -0.0000259166
        0.0003614255  -0.0120076549   0.0487810844  -0.0038332026   0.0282910763
       -0.0037959187  -0.0001626324  -0.0008320144   0.0004178574  -0.0003955745
        0.0000196132   0.0002813518   0.0033820957  -0.0023012049  -0.0023924096
       -0.0000798749   0.0000179781   0.0001137636  -0.0002325930  -0.0000971295
       -0.0001168350  -0.0012629029   0.0007785252  -0.0003635133  -0.0040089754
       -0.0041603159  -0.0025809545   0.0006253300  -0.0000469879   0.0004308927
       -0.0192545535   0.0059514952  -0.0294373013  -0.0460691276   0.0158913017
       -0.0445657866   0.0026545258  -0.0044382213   0.0189649882   0.0000115636
        0.0000039313  -0.0000144314  -0.0000285123  -0.0000017194   0.0000117944
        0.0000380393   0.0000022730   0.0000139173  -0.0000534433  -0.0000126330
       -0.0000643022   0.0000445386  -0.0000262213  -0.0000080216  -0.0002365265
       -0.0000666874   0.0000203236   0.0001285266   0.0001497661  -0.0000193255
        0.0007474122   0.0025786219  -0.0038332026   0.0685869344  -0.0176159000
        0.0575019108  -0.0024248639   0.0016186237   0.0035973935   0.0002804043
       -0.0000685932   0.0004337691   0.0005340985  -0.0004581072  -0.0000850795
       -0.0000377747   0.0000224030   0.0000360905  -0.0001017575  -0.0000724691
       -0.0000030906  -0.0006698706   0.0004550790  -0.0000979788  -0.0015367395
       -0.0027638477   0.0007941929   0.0012120176   0.0010755963  -0.0002021545
       -0.0071526490   0.0042780801  -0.0127897956   0.0191268509  -0.0664980264
        0.0706090469  -0.0012702675   0.0034043627  -0.0087877396   0.0000011401
        0.0000037174  -0.0000050809   0.0000023855  -0.0000037770  -0.0000009318
       -0.0000051957  -0.0000066893  -0.0000066432   0.0000307759   0.0000303729
       -0.0000438311   0.0000034422  -0.0000200937   0.0000033855  -0.0001092555
       -0.0000476740  -0.0000370329   0.0000464427   0.0000718326  -0.0000352372
        0.0071808480  -0.0119316471   0.0282910763  -0.0176159000   0.0712571046
       -0.0752010947   0.0013154271   0.0002905886  -0.0018702098  -0.0003503207
        0.0001038523   0.0002111090  -0.0000695993   0.0003512349  -0.0008640805
       -0.0000051810   0.0000257531   0.0000618396  -0.0000507299  -0.0000515202
       -0.0000226668  -0.0003448042   0.0002334045  -0.0000049501  -0.0008453235
       -0.0014405170  -0.0009416875   0.0002629483  -0.0004668849   0.0006150074
       -0.0107570721   0.0011267522  -0.0086647684  -0.0473756972   0.0682657845
       -0.2425558013  -0.0001616348   0.0053407198  -0.0232109431   0.0000071070
       -0.0000116907  -0.0000048136  -0.0000124367   0.0000010972   0.0000107483
        0.0000130208  -0.0000015116  -0.0000075033  -0.0000363093  -0.0000064693
        0.0000027455   0.0000235044  -0.0000061993  -0.0000158253  -0.0000149613
       -0.0000326272   0.0000222307   0.0000349705   0.0000297786  -0.0000218730
       -0.0009785533   0.0034699402  -0.0037959187   0.0575019108  -0.0752010947
        0.2805356415   0.0036868913  -0.0017934589  -0.0029634548  -0.0003049833
        0.0002237054   0.0004204296  -0.0006426666   0.0002950384   0.0005415632
        0.0000260332  -0.0000198370  -0.0000465589   0.0000129924   0.0000611982
        0.0000532399   0.0001217855   0.0000048390  -0.0000787051  -0.0005963228
       -0.0005540945   0.0007348589   0.0002236792   0.0004773656  -0.0005118473
        0.0020215816  -0.0000112790  -0.0003287550   0.0031385326  -0.0054181386
        0.0212324567  -0.0592723395   0.0184804736  -0.0576941747  -0.0000045928
        0.0000044791   0.0000051135   0.0000293434   0.0000023053  -0.0000129871
       -0.0000105879  -0.0000000991   0.0000030617   0.0000204366   0.0000024241
       -0.0000149244  -0.0000060387  -0.0000058882   0.0000025871  -0.0000333424
        0.0000225407  -0.0000211418   0.0000142524   0.0000035197   0.0000258691
        0.0005938869  -0.0006301612  -0.0001626324  -0.0024248639   0.0013154271
        0.0036868913   0.0659863623  -0.0227486065   0.0629735373  -0.0100594852
        0.0082016753  -0.0281844967   0.0002186871   0.0008118562  -0.0016613922
        0.0000091150  -0.0000000348  -0.0000032476   0.0000260970   0.0000042307
       -0.0000089147  -0.0000408228  -0.0001383379  -0.0000096777  -0.0002030088
        0.0009967506  -0.0002658688  -0.0002939702  -0.0004979107   0.0000948577
       -0.0001021710  -0.0004586561   0.0007409628  -0.0025711015   0.0034798789
       -0.0089460243   0.0188974745  -0.0690365238   0.0701237659  -0.0000050501
       -0.0000120646   0.0000058198   0.0000090062  -0.0000009542  -0.0000049256
       -0.0000030613   0.0000048851  -0.0000044258   0.0000007181  -0.0000058315
       -0.0000017854   0.0000241517  -0.0000101782  -0.0000171804  -0.0000160037
        0.0000126269  -0.0000091021  -0.0000581472  -0.0000845242   0.0000366803
       -0.0001313889   0.0005819846  -0.0008320144   0.0016186237   0.0002905886
       -0.0017934589  -0.0227486065   0.0751568221  -0.0790513998  -0.0037995123
        0.0039213823  -0.0107252233   0.0093876580  -0.0142041338   0.0306711624
       -0.0000160144  -0.0000107854   0.0000227681  -0.0000231928   0.0000344312
        0.0000531918  -0.0000592628  -0.0000786804  -0.0000564762   0.0006427658
        0.0004363602  -0.0006339767  -0.0006217622  -0.0002875468   0.0003217089
       -0.0008929159   0.0002758927   0.0015025474  -0.0007893026   0.0048383945
       -0.0255095634  -0.0565336709   0.0689483643  -0.2457561721  -0.0000042814
        0.0000100695  -0.0000120047  -0.0000097874  -0.0000025807  -0.0000088343
       -0.0000003267  -0.0000051055   0.0000116098  -0.0000273932  -0.0000051762
       -0.0000444914   0.0000057817  -0.0000212075  -0.0000027743  -0.0000402383
       -0.0000279460   0.0000162567   0.0000026374   0.0000284498  -0.0000396101
       -0.0006863452   0.0003975305   0.0004178574   0.0035973935  -0.0018702098
       -0.0029634548   0.0629735373  -0.0790513998   0.2860628170  -0.0058171193
        0.0028362805  -0.0102551440  -0.0017005026   0.0035548649  -0.0031262551
       -0.0000426083   0.0000004933   0.0000129129   0.0000235907  -0.0000485722
       -0.0000806588  -0.0001573568  -0.0000451333  -0.0002844775   0.0002692060
       -0.0011481193   0.0011581679   0.0001687651   0.0006087902  -0.0000687497
       -0.0063237438   0.0017683291   0.0033146462  -0.0209923157  -0.0074647459
       -0.0039552553  -0.2381720541  -0.0846318082  -0.0556051712   0.0000198042
        0.0000066134  -0.0000038234  -0.0000081343   0.0000058223   0.0000111193
        0.0000182370  -0.0000019089  -0.0000013579   0.0000399782   0.0000020176
       -0.0000134052   0.0000140618   0.0000018316  -0.0000050367  -0.0000292159
       -0.0000258408   0.0000021916   0.0000563190   0.0000732946   0.0000002232
        0.0000573697  -0.0000623020  -0.0003955745   0.0002804043  -0.0003503207
       -0.0003049833  -0.0100594852  -0.0037995123  -0.0058171193   0.2754502591
        0.0975756356   0.0628448979  -0.0006130810  -0.0024645641  -0.0008085463
        0.0000022330   0.0000158934   0.0000173374   0.0000064073  -0.0000058577
       -0.0000223708  -0.0000148801   0.0000236293   0.0001363448   0.0003216809
        0.0001791125  -0.0001036891  -0.0001683718  -0.0001181212  -0.0000471025
        0.0022993601   0.0004774842  -0.0008318323   0.0065019322   0.0028045355
        0.0018163113  -0.0854334132  -0.0790877146  -0.0233554259   0.0000057689
       -0.0000050113  -0.0000017551  -0.0000105504   0.0000013683   0.0000058012
        0.0000010678  -0.0000012985  -0.0000032316  -0.0000083317  -0.0000057170
        0.0000048762  -0.0000070744   0.0000090910   0.0000010436   0.0000222880
       -0.0000000914   0.0000061924   0.0000342107  -0.0000026534  -0.0000194255
        0.0003798437   0.0002676647   0.0000196132  -0.0000685932   0.0001038523
        0.0002237054   0.0082016753   0.0039213823   0.0028362805   0.0975756356
        0.0877026352   0.0279408678  -0.0296408888  -0.0162801833  -0.0086235409
        0.0000121474   0.0000111407   0.0000219503  -0.0000361185   0.0000015312
        0.0000430041   0.0000831284   0.0000549886   0.0003173954   0.0005696253
        0.0003310186  -0.0005167501  -0.0001545487  -0.0002010336   0.0000186652
        0.0053464320  -0.0005096420  -0.0018828734   0.0155388537   0.0061085556
        0.0037046004  -0.0565685573  -0.0236076455  -0.0573799430  -0.0000007707
       -0.0000020081  -0.0000000698  -0.0000076884  -0.0000014601   0.0000020516
       -0.0000034396  -0.0000026429  -0.0000049188  -0.0000327164  -0.0000047489
        0.0000039414  -0.0000093152   0.0000059967  -0.0000002234   0.0000815533
        0.0000135524   0.0000182426   0.0000074314  -0.0000014927  -0.0000176721
        0.0000021886   0.0003045308   0.0002813518   0.0004337691   0.0002111090
        0.0004204296  -0.0281844967  -0.0107252233  -0.0102551440   0.0628448979
        0.0279408678   0.0645575399   0.0000776244   0.0000726055   0.0006684224
        0.0000067266  -0.0000310175  -0.0000285283  -0.0000155671   0.0000146466
        0.0000455572   0.0000764358  -0.0000269251  -0.0000402638  -0.0005816249
        0.0006101020  -0.0002082041   0.0001566304  -0.0003983326   0.0001667551
        0.0023957200   0.0000380257  -0.0007290886  -0.0039482918   0.0227436481
        0.0023484084  -0.0432763837   0.0085413245  -0.0014797891  -0.0000142345
       -0.0000018342   0.0000068598   0.0000258887  -0.0000011934  -0.0000114050
       -0.0000006310   0.0000014211   0.0000072498   0.0000001481   0.0000275146
       -0.0000047650   0.0000372913  -0.0000280191   0.0000008911   0.0000270924
        0.0000010947   0.0000221626  -0.0000961717  -0.0000334382   0.0000286945
       -0.0027315936   0.0020380995   0.0033820957   0.0005340985  -0.0000695993
       -0.0006426666   0.0002186871   0.0093876580  -0.0017005026  -0.0006130810
       -0.0296408888   0.0000776244   0.0477988605  -0.0131722866  -0.0012410857
       -0.0000077402   0.0000201104   0.0000012708  -0.0000337340   0.0000415070
        0.0000504594  -0.0000037613   0.0000883174  -0.0000516999   0.0000877160
       -0.0005696390  -0.0002597581   0.0000330370   0.0002812044  -0.0000328005
       -0.0003656048   0.0007974181   0.0010265944   0.0043576252  -0.0139771829
       -0.0030596276   0.0094608918  -0.2874379170   0.0053853310  -0.0000019948
        0.0000168804  -0.0000051432  -0.0000076122  -0.0000063050  -0.0000041246
       -0.0000021913  -0.0000055514   0.0000078370  -0.0000058117  -0.0000217070
       -0.0000222817  -0.0000333999  -0.0000123809  -0.0000086934  -0.0000284427
       -0.0000148227   0.0000050183   0.0000486258   0.0000818068  -0.0000201796
        0.0017854987  -0.0001089853  -0.0023012049  -0.0004581072   0.0003512349
        0.0002950384   0.0008118562  -0.0142041338   0.0035548649  -0.0024645641
       -0.0162801833   0.0000726055  -0.0131722866   0.3309603287  -0.0046335061
        0.0000104239   0.0000088702  -0.0000011660   0.0000238940   0.0000197735
        0.0000251757  -0.0000127754  -0.0000598163  -0.0000768593  -0.0000268996
        0.0001402437  -0.0000484311  -0.0001273522   0.0001807691  -0.0000587041
       -0.0012842577   0.0004557671   0.0005878717   0.0028268308  -0.0218630209
       -0.0009237126  -0.0010584093   0.0065113682  -0.0441637045   0.0000009441
       -0.0000005894   0.0000047074   0.0000070458  -0.0000033102  -0.0000048981
       -0.0000056014   0.0000011051  -0.0000035411  -0.0000009305  -0.0000249848
       -0.0000100372  -0.0000070610  -0.0000085031  -0.0000172250  -0.0000257613
        0.0000044080  -0.0000166275  -0.0000192264  -0.0000191085   0.0000342777
        0.0034952397  -0.0018930065  -0.0023924096  -0.0000850795  -0.0008640805
        0.0005415632  -0.0016613922   0.0306711624  -0.0031262551  -0.0008085463
       -0.0086235409   0.0006684224  -0.0012410857  -0.0046335061   0.0489815534
