           1           2   1.01738678525175     
           2           3  0.974498030858370     
           3           4  0.978435608689611     
           4           5   1.69324961505763     
           4           6   1.16790689951549     
           5           6  0.170702628553966     
           6           7  0.919539338717590     
           7           8   1.01348376414160     
           1           9  0.986553361552527     
           1          10  0.984338792558255     
           1          11  0.986806094297558     
           2          12  0.978341972704018     
           2          13  0.978745917098633     
           3          14  0.967439407208716     
           3          15  0.966810930938622     
           7          16  0.970388491324205     
           7          17  0.968864319971428     
           8          18  0.985817152414514     
           8          19  0.980159661957710     
           8          20  0.984454597473055     
