           1           2  0.991766831440326     
           2           3  0.959983904664970     
           2           4  0.963910195116789     
           4           5   1.28855965739295     
           5           6   1.57098249193885     
           6           7   1.26599596018632     
           7           8   1.30720022389324     
           8           9   1.45006583581136     
           9          10   1.27387497592766     
           8          11  0.114581066807432     
          10          11   1.55370591166146     
           7          12   1.24091963352314     
          11          12   1.28283624942082     
           4          13   1.52690217022463     
           6          13  0.113379484217736     
          12          13   1.28014351841978     
           9          14   1.05524913103289     
          14          15  0.971202247472155     
           2          16  0.958045028283891     
          16          17   1.69024869012014     
          16          18   1.19136338679158     
          17          18  0.172130885941529     
           1          19  0.981819132434939     
           1          20  0.984536134178588     
           1          21  0.985003930511013     
           5          22  0.964665973841953     
           6          23  0.967274194204738     
           8          24  0.965702873164468     
          10          25  0.964374354167497     
          11          26  0.967221630979316     
          13          27  0.964926929514687     
          15          28  0.976811332925850     
          15          29  0.977578763053297     
          15          30  0.976745566339632     
          18          31  0.801958010546533     
