           1           2   1.02132507003651     
           2           3  0.988892598572505     
           3           4  0.978783117645840     
           4           5   1.68820801640570     
           4           6   1.17228956534579     
           5           6  0.169909422233159     
           6           7  0.920142226230516     
           7           8   1.01950133074040     
           1           9  0.987284065254824     
           1          10  0.986810179538418     
           1          11  0.985761170188059     
           2          12  0.975595841833400     
           2          13  0.976126441070392     
           3          14  0.972420053885355     
           3          15  0.946951013986569     
           7          16  0.968452242999825     
           7          17  0.969334441988873     
           8          18  0.980180322566027     
           8          19  0.983874962232435     
           8          20  0.983303434022724     
