           1           2   1.02036394354863     
           2           3   1.00710513133598     
           3           4   1.00121040969589     
           4           5  0.982330389673560     
           5           6   1.69342005269264     
           5           7   1.15991970970729     
           6           7  0.170340223430271     
           7           8  0.936294005739337     
           1           9  0.985190587369841     
           1          10  0.987271425296599     
           1          11  0.986539692065891     
           2          12  0.977290646151154     
           2          13  0.977158281800636     
           3          14  0.975322199854048     
           3          15  0.977580304252480     
           4          16  0.962306974912192     
           4          17  0.934957224289942     
           8          18  0.973902282438594     
           8          19  0.973531878572423     
           8          20  0.976287413646299     
