           1           2   1.02118172535765     
           2           3  0.988471797569997     
           3           4  0.978162181339999     
           4           5   1.68969922248716     
           4           6   1.17039518656337     
           5           6  0.171292471428115     
           6           7  0.918293742264022     
           7           8   1.01896627023530     
           1           9  0.985943031985672     
           1          10  0.986189297607762     
           1          11  0.987618509809494     
           2          12  0.977123674551238     
           2          13  0.975470403222378     
           3          14  0.946372784356868     
           3          15  0.971616237805964     
           7          16  0.969462165968309     
           7          17  0.967669198459270     
           8          18  0.983237898518566     
           8          19  0.984213553546011     
           8          20  0.980042891861763     
