           1           2   1.02019615070372     
           2           3   1.00834052645185     
           3           4  0.992453289049226     
           4           5   1.02876899568661     
           1           6  0.987161970212471     
           1           7  0.985518820524999     
           1           8  0.987464666924592     
           2           9  0.974971959246663     
           2          10  0.978179778950007     
           3          11  0.977256166446707     
           3          12  0.976209132743672     
           4          13  0.973097722568949     
           4          14  0.975158119465541     
           5          15  0.959585589764797     
           5          16  0.961418334803827     
