           1           2   1.02125282277103     
           2           3  0.986972260147573     
           3           4  0.978000223472621     
           4           5   1.69424229400732     
           4           6   1.16654838845966     
           5           6  0.170860420153505     
           6           7  0.919890882347413     
           7           8   1.01338072171697     
           1           9  0.987627512804382     
           1          10  0.986184819338311     
           1          11  0.985891914231159     
           2          12  0.975356574659467     
           2          13  0.977226723859060     
           3          14  0.972230089565534     
           3          15  0.948180487112792     
           7          16  0.968880817030569     
           7          17  0.970244536768265     
           8          18  0.985945877853986     
           8          19  0.984403118409751     
           8          20  0.980225695090559     
