$hessian                                                                        
        0.5149512052  -0.0042074995  -0.0140174478  -0.0775516521  -0.0120492148
       -0.0318776584  -0.0045305863  -0.0086084876  -0.0107799463  -0.0003868676
       -0.0006440435  -0.0007049156   0.0001407813   0.0000421303  -0.0003636272
       -0.0000079765  -0.0000545500   0.0000907230   0.0002837644  -0.0001274916
        0.0000212704   0.0000980041  -0.0000041546   0.0000770187  -0.1554334545
        0.0956485477  -0.0707197380  -0.1951027772   0.0153048240   0.1124926892
       -0.0808608358  -0.0853713129   0.0153252646  -0.0066911238  -0.0069072510
       -0.0206505402   0.0052548638   0.0086900709   0.0208706516  -0.0005162370
       -0.0024818895  -0.0001138360   0.0005715839   0.0007526957   0.0004290705
       -0.0000926936  -0.0000057068  -0.0000435962  -0.0000705110   0.0000133714
        0.0000143334  -0.0000086834   0.0000208515  -0.0000067500  -0.0000090231
       -0.0000224199  -0.0000239760  -0.0000377808   0.0000115302  -0.0000189894
       -0.0042074995   0.5166509409  -0.0237701520  -0.0117138997  -0.0845313471
       -0.0466496210  -0.0108994456  -0.0174712623  -0.0223764434   0.0015564823
       -0.0005617831   0.0001163282  -0.0002700815  -0.0001490718  -0.0006703826
       -0.0007491716   0.0007154300  -0.0004323700   0.0002431676  -0.0001340234
       -0.0001074005  -0.0000417860  -0.0000571537   0.0000243239   0.0952578738
       -0.1260335305   0.0624456139   0.0154698691  -0.0461659266  -0.0100055091
       -0.0850888696  -0.2431311726   0.0348503588   0.0040407746   0.0061040907
        0.0134931249  -0.0002331255  -0.0013292262  -0.0056207047  -0.0029015610
       -0.0050836602  -0.0002928032  -0.0004451174   0.0010754293  -0.0009975733
        0.0000277200  -0.0000066599   0.0000310652  -0.0000079837   0.0000295375
       -0.0000089413  -0.0000004893  -0.0000006298  -0.0000021273  -0.0000218960
        0.0000502275  -0.0000071687  -0.0000149612   0.0000297912  -0.0000196178
       -0.0140174478  -0.0237701520   0.4744484276  -0.0317823220  -0.0464895195
       -0.1752999253  -0.0023073166  -0.0043008328   0.0004932138  -0.0000509033
        0.0011848716   0.0001827865   0.0000160420  -0.0002976697   0.0005566070
        0.0002465847  -0.0002924751   0.0003425785   0.0001068203   0.0000160107
       -0.0001679601   0.0000360700   0.0000112798  -0.0001068099  -0.0710296266
        0.0625735155  -0.0893959667   0.1127035406  -0.0098626483  -0.1269002154
        0.0151536777   0.0343370825  -0.0477568828  -0.0073498017  -0.0053192851
       -0.0167115366  -0.0028062064  -0.0091402580  -0.0215401061   0.0004040716
        0.0007888116   0.0008753906   0.0006128765   0.0005767906   0.0008367254
        0.0000532592   0.0000136068   0.0000550660  -0.0000063455   0.0000017239
        0.0000061926   0.0000254854  -0.0000092478   0.0000392480  -0.0000024214
       -0.0000185072   0.0000290589  -0.0000060367  -0.0000030973   0.0000141082
       -0.0775516521  -0.0117138997  -0.0317823220   0.5276764655  -0.0385318193
       -0.0101257719  -0.0823115779  -0.0444974880   0.0025545820  -0.0153733043
       -0.0225936762   0.0049896824  -0.0027997125   0.0007094919   0.0041350871
       -0.0010961743  -0.0002457728   0.0014361006   0.0007428374   0.0003380298
        0.0003508751   0.0002221448   0.0000085861  -0.0000908533  -0.0075262862
       -0.0072804732  -0.0211761468   0.0060270315   0.0093684341   0.0217328051
       -0.0038293120  -0.0063621184  -0.0107192999  -0.1515223674   0.0946989578
       -0.0679369028  -0.1969831586   0.0192488512   0.1095251961  -0.0024177597
       -0.0084596949  -0.0005423262   0.0069426826   0.0152953291  -0.0024732387
       -0.0001704430   0.0000096850   0.0000440489   0.0000527727   0.0000045562
        0.0000480418  -0.0000259286  -0.0000257560   0.0000116451  -0.0000747252
        0.0000348697   0.0000389658   0.0000184675  -0.0000060924  -0.0000201685
       -0.0120492148  -0.0845313471  -0.0464895195  -0.0385318193   0.4619367117
       -0.0132949506  -0.0352192220  -0.1647655120   0.0130980063  -0.0141766704
        0.0010609098   0.0098360528   0.0005253568   0.0006927704  -0.0039600303
        0.0025276068  -0.0023011303   0.0010287641  -0.0001284573   0.0000306370
        0.0002713492   0.0000128062  -0.0001317426   0.0000145895   0.0044144282
        0.0063015543   0.0143649249  -0.0001326177  -0.0017752103  -0.0051039207
       -0.0091043967  -0.0138486700  -0.0241797061   0.0958861274  -0.1227799616
        0.0610529816   0.0187228794  -0.0432291068  -0.0107372937  -0.0071781678
       -0.0153928840  -0.0008671734  -0.0057243233  -0.0214433258   0.0051572780
       -0.0000139131   0.0000334284  -0.0000693652   0.0001052090   0.0000753629
       -0.0000975854   0.0000067959   0.0000466024   0.0000206758   0.0000432846
        0.0000111196  -0.0000454887   0.0000143080   0.0000097938   0.0000004112
       -0.0318776584  -0.0466496210  -0.1752999253  -0.0101257719  -0.0132949506
        0.4902584185   0.0054524094   0.0201385338  -0.0597444643   0.0116840173
        0.0136696348  -0.0036858153   0.0019009640  -0.0018215926  -0.0026976331
       -0.0016312393   0.0015553790  -0.0001037639   0.0001691910  -0.0004783193
       -0.0006273334  -0.0000190362   0.0000047351  -0.0000725729  -0.0078388620
       -0.0043025702  -0.0171461950  -0.0025065794  -0.0096866868  -0.0223306591
       -0.0002230777  -0.0004233188   0.0016237911  -0.0686344176   0.0613423806
       -0.0884527795   0.1100467382  -0.0107460272  -0.1212422759  -0.0106319188
       -0.0232465903   0.0015394698   0.0042766380   0.0138964464  -0.0021450199
        0.0001243842  -0.0000202660   0.0000408009  -0.0001098671   0.0000329552
        0.0000347313   0.0000013720  -0.0000204253   0.0000128667  -0.0000512525
        0.0000186223   0.0000474928  -0.0000060330   0.0000316808  -0.0000091336
       -0.0045305863  -0.0108994456  -0.0023073166  -0.0823115779  -0.0352192220
        0.0054524094   0.4752634073  -0.0404737486   0.0416428000  -0.1441254299
       -0.0006853861   0.0523472723  -0.0055292928   0.0003933376   0.0171376068
       -0.0446011195   0.0170869315   0.0081655498   0.0011902247   0.0031368619
       -0.0018899701  -0.0013141735   0.0002386592   0.0005474131   0.0001506869
       -0.0006196387   0.0004980654   0.0007030380   0.0006283205   0.0002010017
       -0.0000489340  -0.0012949517  -0.0021873016   0.0067001727   0.0160241992
       -0.0024333101  -0.0131013682  -0.0250178813   0.0062287103  -0.0494474033
       -0.0143594059  -0.0477984481  -0.1383194570   0.0908213251  -0.0757823705
       -0.0006258054   0.0000646115   0.0002193815   0.0001670528   0.0000029281
        0.0000524974   0.0000809948  -0.0000270173   0.0000977616   0.0000136868
       -0.0000563049   0.0000262827  -0.0003141164   0.0002558276  -0.0002180351
       -0.0086084876  -0.0174712623  -0.0043008328  -0.0444974880  -0.1647655120
        0.0201385338  -0.0404737486   0.4629617832  -0.0144253079   0.0147826666
       -0.0678443761  -0.0148577030  -0.0139806987   0.0091193096   0.0261048464
        0.0219865273  -0.0004911937  -0.0073600889   0.0037550946   0.0015155052
        0.0034406380   0.0009006426  -0.0001363928  -0.0003317938   0.0005090723
        0.0011805603   0.0006705059   0.0001964987   0.0006060732   0.0008092268
       -0.0008303398  -0.0009146105  -0.0028536553  -0.0065599175  -0.0237771755
        0.0051270189  -0.0031404099  -0.0036884258   0.0016822142  -0.0131048131
       -0.0706839235  -0.0832841092   0.0887882485  -0.1253367395   0.0692183777
       -0.0006470336   0.0001904942   0.0002835396   0.0006940413  -0.0003135651
       -0.0001362696   0.0000345186  -0.0000086020  -0.0000434971  -0.0000091508
        0.0000876086  -0.0000338800   0.0002047771  -0.0002295554   0.0001522363
       -0.0107799463  -0.0223764434   0.0004932138   0.0025545820   0.0130980063
       -0.0597444643   0.0416428000  -0.0144253079   0.5143126116   0.0395200386
       -0.0052000412  -0.0914742346   0.0382330923   0.0161842646  -0.0320607819
       -0.0023836657  -0.0026236716   0.0103909452  -0.0016810273   0.0039522309
        0.0008046731  -0.0005606223   0.0001137363   0.0002461559   0.0002853182
       -0.0010070384   0.0007907873  -0.0004070644  -0.0001992824   0.0012377048
       -0.0020411428  -0.0033501989  -0.0039091178   0.0044096632   0.0136992334
       -0.0022407765   0.0078700464   0.0149480853  -0.0028843519  -0.0441477463
       -0.0813721734  -0.2331542028  -0.0726142967   0.0684023601  -0.1024587597
       -0.0003383415   0.0001644581  -0.0000326792   0.0005969627  -0.0001021160
       -0.0002785295   0.0000283974  -0.0000133965   0.0000607573  -0.0000153104
       -0.0000207349   0.0000224445  -0.0001717372   0.0001280298  -0.0001213954
       -0.0003868676   0.0015564823  -0.0000509033  -0.0153733043  -0.0141766704
        0.0116840173  -0.1441254299   0.0147826666   0.0395200386   0.4709198462
       -0.0399557152  -0.1246744331  -0.0976872416  -0.0575788172   0.1108290793
       -0.1521249259   0.0682707839  -0.0396028677  -0.0424909814   0.0216204486
       -0.0047240842  -0.0041230608   0.0004505762   0.0023024054  -0.0005918146
       -0.0001850312  -0.0003418546   0.0005662728  -0.0007235847  -0.0002411308
        0.0003455645   0.0007457709   0.0003399864   0.0009395175   0.0014803742
       -0.0011564771   0.0000832011  -0.0008005345  -0.0002517469   0.0051381516
       -0.0024585865   0.0006971540  -0.0209867522   0.0044718282   0.0085315492
        0.0007931684   0.0000317508  -0.0015945877   0.0003277582   0.0016167594
       -0.0006642368  -0.0002995364   0.0001159485   0.0002847683  -0.0003119554
       -0.0003153139   0.0002288222  -0.0006116102   0.0010508641  -0.0011154985
       -0.0006440435  -0.0005617831   0.0011848716  -0.0225936762   0.0010609098
        0.0136696348  -0.0006853861  -0.0678443761  -0.0052000412  -0.0399557152
        0.3861802924  -0.2685588567  -0.0475879384  -0.1875447744   0.2240060027
        0.0705128978  -0.1209784274   0.0525904817   0.0205150650  -0.0046869931
       -0.0058762174  -0.0010590888   0.0000864273   0.0009839043   0.0006606508
       -0.0001088087  -0.0001597759  -0.0000762432   0.0003118304  -0.0013370717
       -0.0001321177  -0.0002977041  -0.0002312425  -0.0003280715  -0.0000864893
        0.0011905358  -0.0029369052  -0.0053847571   0.0012966769   0.0105538625
        0.0003353059  -0.0072933711   0.0169029362  -0.0022740947  -0.0077349096
       -0.0002335328   0.0022106563   0.0015202850  -0.0035332414   0.0000861937
       -0.0001236208   0.0005005877  -0.0001768845  -0.0003317962   0.0007502127
       -0.0004520179  -0.0000060922  -0.0006302527   0.0001254946   0.0004106026
       -0.0007049156   0.0001163282   0.0001827865   0.0049896824   0.0098360528
       -0.0036858153   0.0523472723  -0.0148577030  -0.0914742346  -0.1246744331
       -0.2685588567   0.6927024232   0.0959018988   0.2290457344  -0.4840222854
       -0.0465333218   0.0570429397  -0.1114621921  -0.0023602086  -0.0067788146
        0.0128715489   0.0047167147  -0.0000231396  -0.0028662736  -0.0006282725
        0.0001857750  -0.0000096425   0.0006090479  -0.0012198520   0.0001322556
       -0.0000571972  -0.0002785657  -0.0005884899   0.0002678442   0.0010862402
       -0.0003442611  -0.0005544744  -0.0009256432   0.0010484524   0.0230609157
       -0.0036861183  -0.0203777360  -0.0122302576   0.0014807490   0.0067495529
        0.0028426110  -0.0032756405  -0.0007413989   0.0032186832   0.0009314069
        0.0017366678  -0.0009656355   0.0003430619  -0.0002098224  -0.0007491024
        0.0002873187   0.0000855416   0.0015031484  -0.0007512732   0.0002729228
        0.0001407813  -0.0002700815   0.0000160420  -0.0027997125   0.0005253568
        0.0019009640  -0.0055292928  -0.0139806987   0.0382330923  -0.0976872416
       -0.0475879384   0.0959018988   0.0996796196   0.0350062802  -0.1038706594
        0.0047370483   0.0286171367  -0.0298067042   0.0015389180   0.0010338028
       -0.0054208784   0.0008241312   0.0003477018  -0.0009315852   0.0002623582
        0.0001290653   0.0000933529  -0.0003585413  -0.0000412365  -0.0000428338
       -0.0000512692  -0.0001289123   0.0000519327  -0.0000387362   0.0000418779
        0.0001351251  -0.0007510221  -0.0011536062   0.0001782783  -0.0044615236
        0.0000583215   0.0038007105   0.0028338369  -0.0010834065  -0.0008167221
        0.0005086933  -0.0012903263  -0.0003190072   0.0011585617  -0.0001246319
        0.0007348319  -0.0001095158   0.0000758525   0.0000497188  -0.0001310461
        0.0000468961  -0.0000341553   0.0002339527  -0.0002214533   0.0001465983
        0.0000421303  -0.0001490718  -0.0002976697   0.0007094919   0.0006927704
       -0.0018215926   0.0003933376   0.0091193096   0.0161842646  -0.0575788172
       -0.1875447744   0.2290457344   0.0350062802   0.2101786761  -0.3102756690
        0.0284338053  -0.0299837999   0.0681393231  -0.0043436378  -0.0018758923
       -0.0004004844   0.0004323051   0.0002317985  -0.0002663599  -0.0002094180
        0.0000766452   0.0000442153  -0.0001986532  -0.0004192472   0.0000768523
        0.0001213504  -0.0000210570  -0.0000325611   0.0002571431   0.0001560675
        0.0000017940  -0.0002363209   0.0001788084   0.0000856657  -0.0025357450
       -0.0002017459   0.0015191140  -0.0003612811  -0.0002077841  -0.0009326007
       -0.0000635890  -0.0004651234  -0.0009319772   0.0004185734  -0.0000493662
        0.0001298878  -0.0003167929  -0.0000328547  -0.0000564722  -0.0001774882
        0.0003088124   0.0000287744   0.0002073260   0.0000078290  -0.0002402388
       -0.0003636272  -0.0006703826   0.0005566070   0.0041350871  -0.0039600303
       -0.0026976331   0.0171376068   0.0261048464  -0.0320607819   0.1108290793
        0.2240060027  -0.4840222854  -0.1038706594  -0.3102756690   0.5759302747
       -0.0293436360   0.0674819788  -0.0591066811   0.0027932584  -0.0041732977
        0.0003182040  -0.0010584385  -0.0002169013   0.0012776528   0.0005220085
       -0.0001581373  -0.0000874427  -0.0003847243   0.0009120568  -0.0000107436
       -0.0001915643  -0.0000075437   0.0002565479  -0.0003508057  -0.0005117515
       -0.0000219592   0.0014425466   0.0024510423  -0.0006752905   0.0024727954
       -0.0006864966  -0.0012655564  -0.0019139662  -0.0003324314   0.0012599635
       -0.0006529894   0.0014422213   0.0005554672  -0.0016353400  -0.0010239057
       -0.0005006770   0.0005572195  -0.0000354048   0.0002079594   0.0004014303
       -0.0003966771  -0.0001196806  -0.0005252809   0.0000504806   0.0002060549
       -0.0000079765  -0.0007491716   0.0002465847  -0.0010961743   0.0025276068
       -0.0016312393  -0.0446011195   0.0219865273  -0.0023836657  -0.1521249259
        0.0705128978  -0.0465333218   0.0047370483   0.0284338053  -0.0293436360
        0.4029352264  -0.1283545738  -0.0237314337  -0.1282060577  -0.0073950069
        0.0612755266  -0.0314357834   0.0100630880   0.0075806591   0.0000689201
        0.0003442046   0.0000424659  -0.0001402314   0.0000973601  -0.0003285961
        0.0000516265  -0.0002156688  -0.0000280451  -0.0004601288  -0.0007079097
        0.0004527586  -0.0004045724  -0.0002706046   0.0003246873  -0.0008108053
        0.0016011689  -0.0002498526  -0.0071208215   0.0017840780   0.0037181256
       -0.0094781923   0.0048415149   0.0154639336  -0.0323825157  -0.0060309514
        0.0170901608   0.0018852345  -0.0014896893   0.0005340213   0.0019429794
       -0.0006226624   0.0004534544  -0.0033517305   0.0036439867  -0.0029525875
       -0.0000545500   0.0007154300  -0.0002924751  -0.0002457728  -0.0023011303
        0.0015553790   0.0170869315  -0.0004911937  -0.0026236716   0.0682707839
       -0.1209784274   0.0570429397   0.0286171367  -0.0299837999   0.0674819788
       -0.1283545738   0.2102327044  -0.1259103263  -0.0023371248  -0.0583257843
        0.0046207418   0.0237850666  -0.0028701898  -0.0077545168  -0.0002627033
       -0.0000483467  -0.0000362094   0.0000423568  -0.0001826824   0.0007099192
        0.0000369531   0.0002415789   0.0001857485  -0.0006494997   0.0006925210
       -0.0008017464  -0.0001042412   0.0005867381  -0.0002715849  -0.0004338300
       -0.0004052989   0.0005215737   0.0013263814   0.0003869149  -0.0004203911
        0.0149212452  -0.0010689518  -0.0090734261  -0.0235779921   0.0045348602
        0.0137164739  -0.0008348936   0.0005345043   0.0000010364  -0.0010456302
        0.0012454249  -0.0008668837   0.0038139563  -0.0025148715   0.0022154402
        0.0000907230  -0.0004323700   0.0003425785   0.0014361006   0.0010287641
       -0.0001037639   0.0081655498  -0.0073600889   0.0103909452  -0.0396028677
        0.0525904817  -0.1114621921  -0.0298067042   0.0681393231  -0.0591066811
       -0.0237314337  -0.1259103263   0.2845945996   0.0527277790   0.0084982883
       -0.1062757743  -0.0139997649   0.0016951872   0.0096484549   0.0000737367
        0.0000145463  -0.0000682307  -0.0003414649   0.0000824083  -0.0000686474
        0.0000602837  -0.0000523935  -0.0001550056   0.0002288619  -0.0003753598
       -0.0001500674  -0.0000557994   0.0000244519  -0.0001007003  -0.0006089089
        0.0010150760   0.0005648544   0.0035133938  -0.0001120112  -0.0008575464
        0.0336782254  -0.0041044600  -0.0222668693   0.0109548859   0.0035815206
       -0.0050932780   0.0004188571  -0.0003786484   0.0009434347   0.0001312234
       -0.0003090558   0.0000942728  -0.0033326769   0.0023646663  -0.0008703837
        0.0002837644   0.0002431676   0.0001068203   0.0007428374  -0.0001284573
        0.0001691910   0.0011902247   0.0037550946  -0.0016810273  -0.0424909814
        0.0205150650  -0.0023602086   0.0015389180  -0.0043436378   0.0027932584
       -0.1282060577  -0.0023371248   0.0527277790   0.4016455392   0.0229066407
        0.0422674546  -0.0996072767   0.0444022591  -0.0481641657   0.0000694501
       -0.0001614199   0.0000100968  -0.0002222052  -0.0001230479  -0.0002388717
       -0.0000752681   0.0000179276  -0.0000854144  -0.0004348891  -0.0001755499
        0.0001973708   0.0002473683  -0.0000664638  -0.0001718425  -0.0005955132
       -0.0000939997   0.0000040731  -0.0007630706  -0.0000686009   0.0009888291
       -0.0457587026  -0.0162631244  -0.0372510828  -0.0719679124  -0.0816824990
        0.0028720632  -0.0041748043   0.0029547252  -0.0059531607   0.0067087298
       -0.0053633228   0.0064667171  -0.0181301506   0.0160123683  -0.0126978799
       -0.0001274916  -0.0001340234   0.0000160107   0.0003380298   0.0000306370
       -0.0004783193   0.0031368619   0.0015155052   0.0039522309   0.0216204486
       -0.0046869931  -0.0067788146   0.0010338028  -0.0018758923  -0.0041732977
       -0.0073950069  -0.0583257843   0.0084982883   0.0229066407   0.5067892791
       -0.0029207950   0.0424707721  -0.1197910572   0.0507741532   0.0000142292
        0.0000015160  -0.0000256331  -0.0000320195   0.0000353656  -0.0001307019
       -0.0000313361  -0.0000345032  -0.0000205061  -0.0000470726   0.0000138837
        0.0001313495   0.0000956689   0.0002074402  -0.0000723595  -0.0004838048
        0.0000266445   0.0003526854   0.0010458748   0.0000853094  -0.0003628799
       -0.0191506062  -0.0774145444  -0.0771739200  -0.0799567015  -0.2281020075
        0.0129553883  -0.0047263177   0.0069167427  -0.0042010533   0.0159013868
       -0.0227212381   0.0179260755   0.0033866413  -0.0025362800   0.0017320985
        0.0000212704  -0.0001074005  -0.0001679601   0.0003508751   0.0002713492
       -0.0006273334  -0.0018899701   0.0034406380   0.0008046731  -0.0047240842
       -0.0058762174   0.0128715489  -0.0054208784  -0.0004004844   0.0003182040
        0.0612755266   0.0046207418  -0.1062757743   0.0422674546  -0.0029207950
        0.4904657126  -0.0452616054   0.0495351470  -0.1151637577  -0.0000400035
        0.0001139437  -0.0000022150  -0.0001465289  -0.0000589895   0.0000290897
        0.0000323162  -0.0000450567   0.0000285517   0.0003202705  -0.0001438230
        0.0001683351   0.0000291117   0.0000672088   0.0001127206  -0.0000591551
        0.0000869313   0.0003916491  -0.0006959084   0.0004432762   0.0003055809
       -0.0380889842  -0.0782470779  -0.2209941717   0.0055483412   0.0131478860
       -0.0442481191  -0.0183953523   0.0174108094  -0.0213173738  -0.0020553754
        0.0053680613  -0.0025417403   0.0069326796  -0.0067061482   0.0058423796
        0.0000980041  -0.0000417860   0.0000360700   0.0002221448   0.0000128062
       -0.0000190362  -0.0013141735   0.0009006426  -0.0005606223  -0.0041230608
       -0.0010590888   0.0047167147   0.0008241312   0.0004323051  -0.0010584385
       -0.0314357834   0.0237850666  -0.0139997649  -0.0996072767   0.0424707721
       -0.0452616054   0.5129155450   0.0226619548  -0.0253190128  -0.0000333219
        0.0000188834  -0.0000364746  -0.0000246409   0.0000637977   0.0000504735
       -0.0000408506  -0.0000254031   0.0000036956  -0.0000225740   0.0001408328
       -0.0000821008  -0.0000696026   0.0000002630   0.0000094642   0.0000227250
       -0.0000372499  -0.0000969709  -0.0005044247   0.0001028284   0.0002204037
       -0.0039199090   0.0040186391  -0.0064742381   0.0058009267  -0.0045152678
        0.0048317517  -0.0457795776  -0.0118756104  -0.0240214479  -0.0923178421
       -0.0984654775   0.0080806621  -0.2406904390   0.0214110914   0.0989804768
       -0.0000041546  -0.0000571537   0.0000112798   0.0000085861  -0.0001317426
        0.0000047351   0.0002386592  -0.0001363928   0.0001137363   0.0004505762
        0.0000864273  -0.0000231396   0.0003477018   0.0002317985  -0.0002169013
        0.0100630880  -0.0028701898   0.0016951872   0.0444022591  -0.1197910572
        0.0495351470   0.0226619548   0.5040492832   0.0228104917  -0.0000057035
        0.0000021872  -0.0000130537   0.0000172888   0.0000122616  -0.0000457756
        0.0000182863   0.0000362989   0.0000071335  -0.0000907779   0.0000635281
        0.0000234090   0.0000396833   0.0000393599  -0.0000059294   0.0000164738
        0.0000186189   0.0000471877   0.0001054213   0.0000102084  -0.0000674889
       -0.0043097355   0.0060674557  -0.0044548517   0.0149396120  -0.0203790237
        0.0168672101  -0.0116747530  -0.0840377725  -0.0896169120  -0.0995941325
       -0.2387167918   0.0151933167   0.0223696665  -0.0444973036  -0.0118647820
        0.0000770187   0.0000243239  -0.0001068099  -0.0000908533   0.0000145895
       -0.0000725729   0.0005474131  -0.0003317938   0.0002461559   0.0023024054
        0.0009839043  -0.0028662736  -0.0009315852  -0.0002663599   0.0012776528
        0.0075806591  -0.0077545168   0.0096484549  -0.0481641657   0.0507741532
       -0.1151637577  -0.0253190128   0.0228104917   0.5096234617   0.0000052527
       -0.0000111387   0.0000414956  -0.0000079673   0.0000155992   0.0000317180
       -0.0000314620  -0.0000083140   0.0000202003  -0.0000004708  -0.0000345770
        0.0000433502  -0.0000072697  -0.0000138643   0.0000425690  -0.0000535813
        0.0000252798   0.0000540778   0.0001799793  -0.0000790850  -0.0000478009
       -0.0168075888   0.0160904355  -0.0183309997  -0.0023995973   0.0039893677
       -0.0016533045  -0.0232788071  -0.0910871953  -0.2469423582   0.0089022907
        0.0160568139  -0.0457345266   0.0974973421  -0.0111981141  -0.0901107325
       -0.1554334545   0.0952578738  -0.0710296266  -0.0075262862   0.0044144282
       -0.0078388620   0.0001506869   0.0005090723   0.0002853182  -0.0005918146
        0.0006606508  -0.0006282725   0.0002623582  -0.0002094180   0.0005220085
        0.0000689201  -0.0002627033   0.0000737367   0.0000694501   0.0000142292
       -0.0000400035  -0.0000333219  -0.0000057035   0.0000052527   0.1780555533
       -0.1112605152   0.0851935441  -0.0238091313   0.0186855962  -0.0095740463
        0.0076134323  -0.0061976923   0.0046852857   0.0001803228  -0.0009087492
       -0.0024047671   0.0006800991  -0.0000929211   0.0006810947   0.0001531919
        0.0000685670   0.0002114335   0.0000444132  -0.0006430671  -0.0001208901
        0.0000505267   0.0000470821  -0.0000252486  -0.0000007582  -0.0000304505
       -0.0000275187   0.0000205245  -0.0000018095   0.0000073895   0.0000388365
       -0.0000339523   0.0000105674   0.0000064510  -0.0000105176   0.0000136043
        0.0956485477  -0.1260335305   0.0625735155  -0.0072804732   0.0063015543
       -0.0043025702  -0.0006196387   0.0011805603  -0.0010070384  -0.0001850312
       -0.0001088087   0.0001857750   0.0001290653   0.0000766452  -0.0001581373
        0.0003442046  -0.0000483467   0.0000145463  -0.0001614199   0.0000015160
        0.0001139437   0.0000188834   0.0000021872  -0.0000111387  -0.1112605152
        0.1437810389  -0.0710067116   0.0042003829  -0.0024007287   0.0011620240
        0.0204777374  -0.0227492748   0.0143389174  -0.0011440896  -0.0000339170
       -0.0021335301  -0.0002586737   0.0002983967   0.0002957301   0.0000405210
       -0.0001010215   0.0000218299   0.0000719931  -0.0001774983  -0.0000802533
       -0.0000089977  -0.0000181801   0.0000027511   0.0000066562   0.0000235396
       -0.0000001565  -0.0000076566   0.0000060452   0.0000028493  -0.0000236669
        0.0000022123  -0.0000075119   0.0000121711  -0.0000023894  -0.0000048343
       -0.0707197380   0.0624456139  -0.0893959667  -0.0211761468   0.0143649249
       -0.0171461950   0.0004980654   0.0006705059   0.0007907873  -0.0003418546
       -0.0001597759  -0.0000096425   0.0000933529   0.0000442153  -0.0000874427
        0.0000424659  -0.0000362094  -0.0000682307   0.0000100968  -0.0000256331
       -0.0000022150  -0.0000364746  -0.0000130537   0.0000414956   0.0851935441
       -0.0710067116   0.1057103266   0.0132033871  -0.0105699875   0.0077147532
       -0.0043041001   0.0062309982  -0.0025465885  -0.0022999549  -0.0022773145
       -0.0058000480  -0.0003165268   0.0006614179   0.0004492625   0.0002182978
        0.0001895354   0.0001300504  -0.0000924539  -0.0005149161   0.0002261721
       -0.0000267719   0.0000040612   0.0000119209   0.0000088405  -0.0000093018
        0.0000018726   0.0000257585   0.0000127204  -0.0000016880   0.0000194192
       -0.0000062413  -0.0000327164   0.0000007935  -0.0000048484   0.0000140923
       -0.1951027772   0.0154698691   0.1127035406   0.0060270315  -0.0001326177
       -0.0025065794   0.0007030380   0.0001964987  -0.0004070644   0.0005662728
       -0.0000762432   0.0006090479  -0.0003585413  -0.0001986532  -0.0003847243
       -0.0001402314   0.0000423568  -0.0003414649  -0.0002222052  -0.0000320195
       -0.0001465289  -0.0000246409   0.0000172888  -0.0000079673  -0.0238091313
        0.0042003829   0.0132033871   0.2250382733  -0.0172454523  -0.1311643195
       -0.0138120649  -0.0014262795   0.0096671513   0.0006028982  -0.0002722594
       -0.0001783042   0.0009428630  -0.0006664949  -0.0012823692  -0.0001329200
       -0.0000262457  -0.0000894106  -0.0002471747   0.0000992327   0.0000890982
       -0.0000970213   0.0000060479   0.0001446885   0.0000376169   0.0000342695
        0.0000546280   0.0000300666  -0.0000145540   0.0000386590  -0.0000095991
        0.0000316883  -0.0000193188   0.0000082470  -0.0000068154   0.0000178510
        0.0153048240  -0.0461659266  -0.0098626483   0.0093684341  -0.0017752103
       -0.0096866868   0.0006283205   0.0006060732  -0.0001992824  -0.0007235847
        0.0003118304  -0.0012198520  -0.0000412365  -0.0004192472   0.0009120568
        0.0000973601  -0.0001826824   0.0000824083  -0.0001230479   0.0000353656
       -0.0000589895   0.0000637977   0.0000122616   0.0000155992   0.0186855962
       -0.0024007287  -0.0105699875  -0.0172454523   0.0502815349   0.0145962786
       -0.0256767817  -0.0000513152   0.0181073740  -0.0001208735   0.0001819854
        0.0007142157  -0.0004730284  -0.0003699054  -0.0029953668   0.0000189535
        0.0000787594   0.0001798541   0.0002130756  -0.0001225073  -0.0000294403
       -0.0000303274   0.0000886895  -0.0000126688   0.0000080871  -0.0000433070
       -0.0000212109  -0.0000038050  -0.0000241853  -0.0000025986   0.0000306225
       -0.0000178527   0.0000356967   0.0000190661  -0.0000236320   0.0000152486
        0.1124926892  -0.0100055091  -0.1269002154   0.0217328051  -0.0051039207
       -0.0223306591   0.0002010017   0.0008092268   0.0012377048  -0.0002411308
       -0.0013370717   0.0001322556  -0.0000428338   0.0000768523  -0.0000107436
       -0.0003285961   0.0007099192  -0.0000686474  -0.0002388717  -0.0001307019
        0.0000290897   0.0000504735  -0.0000457756   0.0000317180  -0.0095740463
        0.0011620240   0.0077147532  -0.1311643195   0.0145962786   0.1499904507
        0.0076002636   0.0014487961  -0.0041577907   0.0006461603   0.0002422040
        0.0005051265  -0.0013019800  -0.0028220552  -0.0062012573   0.0001098529
        0.0003162715   0.0001784232   0.0000267746  -0.0000080538  -0.0000942505
       -0.0000050507  -0.0000268918   0.0000470520   0.0000609701   0.0000363314
       -0.0000248570  -0.0000083766   0.0000167014  -0.0000308771  -0.0000546509
        0.0000617457  -0.0000458934   0.0000388654   0.0000036289  -0.0000013822
       -0.0808608358  -0.0850888696   0.0151536777  -0.0038293120  -0.0091043967
       -0.0002230777  -0.0000489340  -0.0008303398  -0.0020411428   0.0003455645
       -0.0001321177  -0.0000571972  -0.0000512692   0.0001213504  -0.0001915643
        0.0000516265   0.0000369531   0.0000602837  -0.0000752681  -0.0000313361
        0.0000323162  -0.0000408506   0.0000182863  -0.0000314620   0.0076134323
        0.0204777374  -0.0043041001  -0.0138120649  -0.0256767817   0.0076002636
        0.0907617680   0.1006126779  -0.0163062550  -0.0001842883  -0.0002723193
        0.0000717123   0.0003465278   0.0004246484   0.0002788653  -0.0002012344
       -0.0006439735  -0.0000000308  -0.0000766733   0.0000889486  -0.0000480945
        0.0000508692  -0.0000300537   0.0000062600   0.0000124390   0.0000229061
        0.0000019882   0.0000099844   0.0000065550   0.0000065673  -0.0000236203
       -0.0000062709  -0.0000060075   0.0000121393   0.0000063959  -0.0000030022
       -0.0853713129  -0.2431311726   0.0343370825  -0.0063621184  -0.0138486700
       -0.0004233188  -0.0012949517  -0.0009146105  -0.0033501989   0.0007457709
       -0.0002977041  -0.0002785657  -0.0001289123  -0.0000210570  -0.0000075437
       -0.0002156688   0.0002415789  -0.0000523935   0.0000179276  -0.0000345032
       -0.0000450567  -0.0000254031   0.0000362989  -0.0000083140  -0.0061976923
       -0.0227492748   0.0062309982  -0.0014262795  -0.0000513152   0.0014487961
        0.1006126779   0.2807609463  -0.0383174023  -0.0000434123   0.0005048519
        0.0003607691   0.0002663161  -0.0000698852   0.0001955945  -0.0005614582
       -0.0008370239  -0.0000376982  -0.0000354939   0.0004403835  -0.0000868442
        0.0000081397  -0.0000179302   0.0000212692   0.0000096583  -0.0000097775
        0.0000210044   0.0000103526  -0.0000109693  -0.0000088750  -0.0000070106
        0.0000091584  -0.0000054341  -0.0000011290   0.0000006758   0.0000061312
        0.0153252646   0.0348503588  -0.0477568828  -0.0107192999  -0.0241797061
        0.0016237911  -0.0021873016  -0.0028536553  -0.0039091178   0.0003399864
       -0.0002312425  -0.0005884899   0.0000519327  -0.0000325611   0.0002565479
       -0.0000280451   0.0001857485  -0.0001550056  -0.0000854144  -0.0000205061
        0.0000285517   0.0000036956   0.0000071335   0.0000202003   0.0046852857
        0.0143389174  -0.0025465885   0.0096671513   0.0181073740  -0.0041577907
       -0.0163062550  -0.0383174023   0.0561688115  -0.0000105811  -0.0002958139
        0.0006021783  -0.0001474024  -0.0002689315   0.0005459728  -0.0006246371
       -0.0013214370   0.0000145741   0.0000567184   0.0000357326  -0.0001527454
       -0.0000316771   0.0000169695  -0.0000002877  -0.0000026217  -0.0000050290
       -0.0000003954   0.0000052725  -0.0000077983   0.0000009532  -0.0000021900
       -0.0000028335   0.0000026413   0.0000101182  -0.0000053175   0.0000030817
       -0.0066911238   0.0040407746  -0.0073498017  -0.1515223674   0.0958861274
       -0.0686344176   0.0067001727  -0.0065599175   0.0044096632   0.0009395175
       -0.0003280715   0.0002678442  -0.0000387362   0.0002571431  -0.0003508057
       -0.0004601288  -0.0006494997   0.0002288619  -0.0004348891  -0.0000470726
        0.0003202705  -0.0000225740  -0.0000907779  -0.0000004708   0.0001803228
       -0.0011440896  -0.0022999549   0.0006028982  -0.0001208735   0.0006461603
       -0.0001842883  -0.0000434123  -0.0000105811   0.1732262993  -0.1068443170
        0.0813174848  -0.0225938147   0.0176585500  -0.0093617265   0.0003045920
        0.0001801557   0.0001687144  -0.0000659776  -0.0023717127   0.0007889950
        0.0000466904  -0.0000022938  -0.0000392359   0.0000788761   0.0000330026
       -0.0000594540  -0.0000412369  -0.0000129086  -0.0000470414  -0.0000806044
        0.0001313140   0.0000277054   0.0000563722   0.0000278793  -0.0000222103
       -0.0069072510   0.0061040907  -0.0053192851   0.0946989578  -0.1227799616
        0.0613423806   0.0160241992  -0.0237771755   0.0136992334   0.0014803742
       -0.0000864893   0.0010862402   0.0000418779   0.0001560675  -0.0005117515
       -0.0007079097   0.0006925210  -0.0003753598  -0.0001755499   0.0000138837
       -0.0001438230   0.0001408328   0.0000635281  -0.0000345770  -0.0009087492
       -0.0000339170  -0.0022773145  -0.0002722594   0.0001819854   0.0002422040
       -0.0002723193   0.0005048519  -0.0002958139  -0.1068443170   0.1469090334
       -0.0698767423   0.0053969360  -0.0021627485   0.0014056939   0.0004624466
        0.0001823961   0.0000742067  -0.0024094203  -0.0058911180   0.0011405378
        0.0001305993  -0.0000485241  -0.0000964406   0.0001297895  -0.0000025018
       -0.0000206681  -0.0000776264  -0.0000303174  -0.0000401228   0.0000268600
        0.0000524800   0.0000095834   0.0000425289  -0.0000480845  -0.0000081814
       -0.0206505402   0.0134931249  -0.0167115366  -0.0679369028   0.0610529816
       -0.0884527795  -0.0024333101   0.0051270189  -0.0022407765  -0.0011564771
        0.0011905358  -0.0003442611   0.0001351251   0.0000017940  -0.0000219592
        0.0004527586  -0.0008017464  -0.0001500674   0.0001973708   0.0001313495
        0.0001683351  -0.0000821008   0.0000234090   0.0000433502  -0.0024047671
       -0.0021335301  -0.0058000480  -0.0001783042   0.0007142157   0.0005051265
        0.0000717123   0.0003607691   0.0006021783   0.0813174848  -0.0698767423
        0.1044668253   0.0124204360  -0.0098787570   0.0072624660   0.0001635779
       -0.0005991304   0.0003463181   0.0001779517   0.0012850025   0.0003742001
       -0.0000338992   0.0000408953  -0.0000685823  -0.0000855711  -0.0000552906
       -0.0000108830  -0.0000323334  -0.0000188767  -0.0000075133   0.0000976496
       -0.0000615668   0.0000572784  -0.0000398607   0.0000045441  -0.0000176712
        0.0052548638  -0.0002331255  -0.0028062064  -0.1969831586   0.0187228794
        0.1100467382  -0.0131013682  -0.0031404099   0.0078700464   0.0000832011
       -0.0029369052  -0.0005544744  -0.0007510221  -0.0002363209   0.0014425466
       -0.0004045724  -0.0001042412  -0.0000557994   0.0002473683   0.0000956689
        0.0000291117  -0.0000696026   0.0000396833  -0.0000072697   0.0006800991
       -0.0002586737  -0.0003165268   0.0009428630  -0.0004730284  -0.0013019800
        0.0003465278   0.0002663161  -0.0001474024  -0.0225938147   0.0053969360
        0.0124204360   0.2259248394  -0.0175661231  -0.1265599520  -0.0001366111
        0.0001502665  -0.0000385974   0.0004988843   0.0003746698  -0.0000481788
       -0.0000041976   0.0000028103  -0.0000160371  -0.0000072164  -0.0000401240
        0.0000135937   0.0000237363  -0.0000010765   0.0000188420   0.0000510374
       -0.0000463113   0.0000034033  -0.0000018567  -0.0000128905   0.0000077064
        0.0086900709  -0.0013292262  -0.0091402580   0.0192488512  -0.0432291068
       -0.0107460272  -0.0250178813  -0.0036884258   0.0149480853  -0.0008005345
       -0.0053847571  -0.0009256432  -0.0011536062   0.0001788084   0.0024510423
       -0.0002706046   0.0005867381   0.0000244519  -0.0000664638   0.0002074402
        0.0000672088   0.0000002630   0.0000393599  -0.0000138643  -0.0000929211
        0.0002983967   0.0006614179  -0.0006664949  -0.0003699054  -0.0028220552
        0.0004246484  -0.0000698852  -0.0002689315   0.0176585500  -0.0021627485
       -0.0098787570  -0.0175661231   0.0537363235   0.0151581296  -0.0001366131
        0.0006714641   0.0002675339  -0.0002754823   0.0005390558   0.0001927438
       -0.0000322021  -0.0000230349   0.0000238544   0.0000800239  -0.0000108802
        0.0000081723   0.0000010656  -0.0000158402  -0.0000058596  -0.0000294083
        0.0000240841  -0.0000008661   0.0000048622   0.0000021395  -0.0000003782
        0.0208706516  -0.0056207047  -0.0215401061   0.1095251961  -0.0107372937
       -0.1212422759   0.0062287103   0.0016822142  -0.0028843519  -0.0002517469
        0.0012966769   0.0010484524   0.0001782783   0.0000856657  -0.0006752905
        0.0003246873  -0.0002715849  -0.0001007003  -0.0001718425  -0.0000723595
        0.0001127206   0.0000094642  -0.0000059294   0.0000425690   0.0006810947
        0.0002957301   0.0004492625  -0.0012823692  -0.0029953668  -0.0062012573
        0.0002788653   0.0001955945   0.0005459728  -0.0093617265   0.0014056939
        0.0072624660  -0.1265599520   0.0151581296   0.1428736914  -0.0005460398
       -0.0003866044   0.0005758882   0.0001824247  -0.0000448478  -0.0002366006
       -0.0000416725   0.0000007620  -0.0000226608  -0.0000508659   0.0000207947
        0.0000090801  -0.0000047602   0.0000149377   0.0000106032   0.0000037305
       -0.0000165898  -0.0000202967  -0.0000121275  -0.0000049185  -0.0000071661
       -0.0005162370  -0.0029015610   0.0004040716  -0.0024177597  -0.0071781678
       -0.0106319188  -0.0494474033  -0.0131048131  -0.0441477463   0.0051381516
        0.0105538625   0.0230609157  -0.0044615236  -0.0025357450   0.0024727954
       -0.0008108053  -0.0004338300  -0.0006089089  -0.0005955132  -0.0004838048
       -0.0000591551   0.0000227250   0.0000164738  -0.0000535813   0.0001531919
        0.0000405210   0.0002182978  -0.0001329200   0.0000189535   0.0001098529
       -0.0002012344  -0.0005614582  -0.0006246371   0.0003045920   0.0004624466
        0.0001635779  -0.0001366111  -0.0001366131  -0.0005460398   0.0579031474
        0.0222759914   0.0503054095  -0.0048079023  -0.0059478575  -0.0200324745
        0.0001069218  -0.0000806340  -0.0000705380  -0.0001087833   0.0000352435
        0.0000509743  -0.0000477864   0.0000223633  -0.0000184880   0.0000159857
       -0.0000353746   0.0000084694   0.0000397643  -0.0000259964  -0.0000008768
       -0.0024818895  -0.0050836602   0.0007888116  -0.0084596949  -0.0153928840
       -0.0232465903  -0.0143594059  -0.0706839235  -0.0813721734  -0.0024585865
        0.0003353059  -0.0036861183   0.0000583215  -0.0002017459  -0.0006864966
        0.0016011689  -0.0004052989   0.0010150760  -0.0000939997   0.0000266445
        0.0000869313  -0.0000372499   0.0000186189   0.0000252798   0.0000685670
       -0.0001010215   0.0001895354  -0.0000262457   0.0000787594   0.0003162715
       -0.0006439735  -0.0008370239  -0.0013214370   0.0001801557   0.0001823961
       -0.0005991304   0.0001502665   0.0006714641  -0.0003866044   0.0222759914
        0.0849984517   0.0933214274   0.0043630596   0.0064029809   0.0154862308
       -0.0000550783  -0.0000038757   0.0000280908  -0.0000787159   0.0000019469
        0.0000414460   0.0000439553   0.0000283779   0.0000143222  -0.0000073654
       -0.0000459250  -0.0000284000  -0.0000392806   0.0000104123   0.0000135275
       -0.0001138360  -0.0002928032   0.0008753906  -0.0005423262  -0.0008671734
        0.0015394698  -0.0477984481  -0.0832841092  -0.2331542028   0.0006971540
       -0.0072933711  -0.0203777360   0.0038007105   0.0015191140  -0.0012655564
       -0.0002498526   0.0005215737   0.0005648544   0.0000040731   0.0003526854
        0.0003916491  -0.0000969709   0.0000471877   0.0000540778   0.0002114335
        0.0000218299   0.0001300504  -0.0000894106   0.0001798541   0.0001784232
       -0.0000000308  -0.0000376982   0.0000145741   0.0001687144   0.0000742067
        0.0003463181  -0.0000385974   0.0002675339   0.0005758882   0.0503054095
        0.0933214274   0.2671645753  -0.0060343945  -0.0046204566  -0.0171516768
       -0.0002123641   0.0001082417   0.0001093908   0.0000238187  -0.0000319061
       -0.0000186951   0.0000276567   0.0000013667   0.0000560587  -0.0000157565
       -0.0000132564  -0.0000167215  -0.0000469827   0.0000257529  -0.0000161319
        0.0005715839  -0.0004451174   0.0006128765   0.0069426826  -0.0057243233
        0.0042766380  -0.1383194570   0.0887882485  -0.0726142967  -0.0209867522
        0.0169029362  -0.0122302576   0.0028338369  -0.0003612811  -0.0019139662
       -0.0071208215   0.0013263814   0.0035133938  -0.0007630706   0.0010458748
       -0.0006959084  -0.0005044247   0.0001054213   0.0001799793   0.0000444132
        0.0000719931  -0.0000924539  -0.0002471747   0.0002130756   0.0000267746
       -0.0000766733  -0.0000354939   0.0000567184  -0.0000659776  -0.0024094203
        0.0001779517   0.0004988843  -0.0002754823   0.0001824247  -0.0048079023
        0.0043630596  -0.0060343945   0.1619349950  -0.1035597395   0.0845964012
        0.0000085308   0.0000011011  -0.0000214646   0.0000590930   0.0000104875
       -0.0000456932   0.0000687542  -0.0000155919   0.0000595969   0.0000260512
       -0.0000792181   0.0000185128  -0.0000965712   0.0000770889  -0.0000528328
        0.0007526957   0.0010754293   0.0005767906   0.0152953291  -0.0214433258
        0.0138964464   0.0908213251  -0.1253367395   0.0684023601   0.0044718282
       -0.0022740947   0.0014807490  -0.0010834065  -0.0002077841  -0.0003324314
        0.0017840780   0.0003869149  -0.0001120112  -0.0000686009   0.0000853094
        0.0004432762   0.0001028284   0.0000102084  -0.0000790850  -0.0006430671
       -0.0001774983  -0.0005149161   0.0000992327  -0.0001225073  -0.0000080538
        0.0000889486   0.0004403835   0.0000357326  -0.0023717127  -0.0058911180
        0.0012850025   0.0003746698   0.0005390558  -0.0000448478  -0.0059478575
        0.0064029809  -0.0046204566  -0.1035597395   0.1465196157  -0.0804613734
       -0.0000629672  -0.0000231362   0.0000320433   0.0000037634   0.0000133253
        0.0000104971  -0.0000254722  -0.0000056932  -0.0000082996  -0.0000443352
        0.0000139222   0.0000167113   0.0000124597  -0.0000052482   0.0000018658
        0.0004290705  -0.0009975733   0.0008367254  -0.0024732387   0.0051572780
       -0.0021450199  -0.0757823705   0.0692183777  -0.1024587597   0.0085315492
       -0.0077349096   0.0067495529  -0.0008167221  -0.0009326007   0.0012599635
        0.0037181256  -0.0004203911  -0.0008575464   0.0009888291  -0.0003628799
        0.0003055809   0.0002204037  -0.0000674889  -0.0000478009  -0.0001208901
       -0.0000802533   0.0002261721   0.0000890982  -0.0000294403  -0.0000942505
       -0.0000480945  -0.0000868442  -0.0001527454   0.0007889950   0.0011405378
        0.0003742001  -0.0000481788   0.0001927438  -0.0002366006  -0.0200324745
        0.0154862308  -0.0171516768   0.0845964012  -0.0804613734   0.1133280100
       -0.0000709684   0.0000369476   0.0000672029  -0.0000351921  -0.0000294604
       -0.0000020961   0.0000236939   0.0000088873  -0.0000164299   0.0000062177
        0.0000011469  -0.0000211246   0.0000357455  -0.0000389347   0.0000366429
       -0.0000926936   0.0000277200   0.0000532592  -0.0001704430  -0.0000139131
        0.0001243842  -0.0006258054  -0.0006470336  -0.0003383415   0.0007931684
       -0.0002335328   0.0028426110   0.0005086933  -0.0000635890  -0.0006529894
       -0.0094781923   0.0149212452   0.0336782254  -0.0457587026  -0.0191506062
       -0.0380889842  -0.0039199090  -0.0043097355  -0.0168075888   0.0000505267
       -0.0000089977  -0.0000267719  -0.0000970213  -0.0000303274  -0.0000050507
        0.0000508692   0.0000081397  -0.0000316771   0.0000466904   0.0001305993
       -0.0000338992  -0.0000041976  -0.0000322021  -0.0000416725   0.0001069218
       -0.0000550783  -0.0002123641   0.0000085308  -0.0000629672  -0.0000709684
        0.0611199737   0.0147773216   0.0338177670  -0.0013314911  -0.0074548925
       -0.0119027743  -0.0017008669   0.0028139709  -0.0025309323   0.0004889940
       -0.0005232388   0.0005785531   0.0000049544  -0.0000928825  -0.0003507855
       -0.0000057068  -0.0000066599   0.0000136068   0.0000096850   0.0000334284
       -0.0000202660   0.0000646115   0.0001904942   0.0001644581   0.0000317508
        0.0022106563  -0.0032756405  -0.0012903263  -0.0004651234   0.0014422213
        0.0048415149  -0.0010689518  -0.0041044600  -0.0162631244  -0.0774145444
       -0.0782470779   0.0040186391   0.0060674557   0.0160904355   0.0000470821
       -0.0000181801   0.0000040612   0.0000060479   0.0000886895  -0.0000268918
       -0.0000300537  -0.0000179302   0.0000169695  -0.0000022938  -0.0000485241
        0.0000408953   0.0000028103  -0.0000230349   0.0000007620  -0.0000806340
       -0.0000038757   0.0001082417   0.0000011011  -0.0000231362   0.0000369476
        0.0147773216   0.0871896720   0.0909787210  -0.0083304001  -0.0162198581
       -0.0268558739   0.0023561455  -0.0014354039   0.0029048796   0.0001526085
        0.0007033112   0.0006523233  -0.0003067793   0.0002615155   0.0000756873
       -0.0000435962   0.0000310652   0.0000550660   0.0000440489  -0.0000693652
        0.0000408009   0.0002193815   0.0002835396  -0.0000326792  -0.0015945877
        0.0015202850  -0.0007413989  -0.0003190072  -0.0009319772   0.0005554672
        0.0154639336  -0.0090734261  -0.0222668693  -0.0372510828  -0.0771739200
       -0.2209941717  -0.0064742381  -0.0044548517  -0.0183309997  -0.0000252486
        0.0000027511   0.0000119209   0.0001446885  -0.0000126688   0.0000470520
        0.0000062600   0.0000212692  -0.0000002877  -0.0000392359  -0.0000964406
       -0.0000685823  -0.0000160371   0.0000238544  -0.0000226608  -0.0000705380
        0.0000280908   0.0001093908  -0.0000214646   0.0000320433   0.0000672029
        0.0338177670   0.0909787210   0.2637593831  -0.0019339769  -0.0029810096
       -0.0010468651  -0.0025551837   0.0026729838  -0.0019249794   0.0004960316
       -0.0005098752   0.0003982979   0.0001520859  -0.0002910692   0.0003849123
       -0.0000705110  -0.0000079837  -0.0000063455   0.0000527727   0.0001052090
       -0.0001098671   0.0001670528   0.0006940413   0.0005969627   0.0003277582
       -0.0035332414   0.0032186832   0.0011585617   0.0004185734  -0.0016353400
       -0.0323825157  -0.0235779921   0.0109548859  -0.0719679124  -0.0799567015
        0.0055483412   0.0058009267   0.0149396120  -0.0023995973  -0.0000007582
        0.0000066562   0.0000088405   0.0000376169   0.0000080871   0.0000609701
        0.0000124390   0.0000096583  -0.0000026217   0.0000788761   0.0001297895
       -0.0000855711  -0.0000072164   0.0000800239  -0.0000508659  -0.0001087833
       -0.0000787159   0.0000238187   0.0000590930   0.0000037634  -0.0000351921
       -0.0013314911  -0.0083304001  -0.0019339769   0.0987679871   0.0959219962
       -0.0120059619   0.0004244291   0.0001234253   0.0004222691  -0.0013557314
        0.0026889345  -0.0023914948   0.0003374063   0.0003552645  -0.0001779371
        0.0000133714   0.0000295375   0.0000017239   0.0000045562   0.0000753629
        0.0000329552   0.0000029281  -0.0003135651  -0.0001021160   0.0016167594
        0.0000861937   0.0009314069  -0.0001246319  -0.0000493662  -0.0010239057
       -0.0060309514   0.0045348602   0.0035815206  -0.0816824990  -0.2281020075
        0.0131478860  -0.0045152678  -0.0203790237   0.0039893677  -0.0000304505
        0.0000235396  -0.0000093018   0.0000342695  -0.0000433070   0.0000363314
        0.0000229061  -0.0000097775  -0.0000050290   0.0000330026  -0.0000025018
       -0.0000552906  -0.0000401240  -0.0000108802   0.0000207947   0.0000352435
        0.0000019469  -0.0000319061   0.0000104875   0.0000133253  -0.0000294604
       -0.0074548925  -0.0162198581  -0.0029810096   0.0959219962   0.2616239433
       -0.0196449529  -0.0005256725   0.0008472524  -0.0005501834   0.0028313096
       -0.0022112668   0.0029224547  -0.0001223404   0.0001055920  -0.0002312855
        0.0000143334  -0.0000089413   0.0000061926   0.0000480418  -0.0000975854
        0.0000347313   0.0000524974  -0.0001362696  -0.0002785295  -0.0006642368
       -0.0001236208   0.0017366678   0.0007348319   0.0001298878  -0.0005006770
        0.0170901608   0.0137164739  -0.0050932780   0.0028720632   0.0129553883
       -0.0442481191   0.0048317517   0.0168672101  -0.0016533045  -0.0000275187
       -0.0000001565   0.0000018726   0.0000546280  -0.0000212109  -0.0000248570
        0.0000019882   0.0000210044  -0.0000003954  -0.0000594540  -0.0000206681
       -0.0000108830   0.0000135937   0.0000081723   0.0000090801   0.0000509743
        0.0000414460  -0.0000186951  -0.0000456932   0.0000104971  -0.0000020961
       -0.0119027743  -0.0268558739  -0.0010468651  -0.0120059619  -0.0196449529
        0.0519952008   0.0004822405   0.0005891756   0.0002482012  -0.0019022452
        0.0028951324  -0.0014489952   0.0003607794  -0.0003251085   0.0002947485
       -0.0000086834  -0.0000004893   0.0000254854  -0.0000259286   0.0000067959
        0.0000013720   0.0000809948   0.0000345186   0.0000283974  -0.0002995364
        0.0005005877  -0.0009656355  -0.0001095158  -0.0003167929   0.0005572195
        0.0018852345  -0.0008348936   0.0004188571  -0.0041748043  -0.0047263177
       -0.0183953523  -0.0457795776  -0.0116747530  -0.0232788071   0.0000205245
       -0.0000076566   0.0000257585   0.0000300666  -0.0000038050  -0.0000083766
        0.0000099844   0.0000103526   0.0000052725  -0.0000412369  -0.0000776264
       -0.0000323334   0.0000237363   0.0000010656  -0.0000047602  -0.0000477864
        0.0000439553   0.0000276567   0.0000687542  -0.0000254722   0.0000236939
       -0.0017008669   0.0023561455  -0.0025551837   0.0004244291  -0.0005256725
        0.0004822405   0.0498564300   0.0118466684   0.0303548424  -0.0017058098
       -0.0084209025  -0.0136903462   0.0014935916   0.0118142920   0.0269799993
        0.0000208515  -0.0000006298  -0.0000092478  -0.0000257560   0.0000466024
       -0.0000204253  -0.0000270173  -0.0000086020  -0.0000133965   0.0001159485
       -0.0001768845   0.0003430619   0.0000758525  -0.0000328547  -0.0000354048
       -0.0014896893   0.0005345043  -0.0003786484   0.0029547252   0.0069167427
        0.0174108094  -0.0118756104  -0.0840377725  -0.0910871953  -0.0000018095
        0.0000060452   0.0000127204  -0.0000145540  -0.0000241853   0.0000167014
        0.0000065550  -0.0000109693  -0.0000077983  -0.0000129086  -0.0000303174
       -0.0000188767  -0.0000010765  -0.0000158402   0.0000149377   0.0000223633
        0.0000283779   0.0000013667  -0.0000155919  -0.0000056932   0.0000088873
        0.0028139709  -0.0014354039   0.0026729838   0.0001234253   0.0008472524
        0.0005891756   0.0118466684   0.0940246468   0.1020339096  -0.0046792580
       -0.0152867913  -0.0271122597   0.0001629110  -0.0013382276  -0.0044213009
       -0.0000067500  -0.0000021273   0.0000392480   0.0000116451   0.0000206758
        0.0000128667   0.0000977616  -0.0000434971   0.0000607573   0.0002847683
       -0.0003317962  -0.0002098224   0.0000497188  -0.0000564722   0.0002079594
        0.0005340213   0.0000010364   0.0009434347  -0.0059531607  -0.0042010533
       -0.0213173738  -0.0240214479  -0.0896169120  -0.2469423582   0.0000073895
        0.0000028493  -0.0000016880   0.0000386590  -0.0000025986  -0.0000308771
        0.0000065673  -0.0000088750   0.0000009532  -0.0000470414  -0.0000401228
       -0.0000075133   0.0000188420  -0.0000058596   0.0000106032  -0.0000184880
        0.0000143222   0.0000560587   0.0000595969  -0.0000082996  -0.0000164299
       -0.0025309323   0.0029048796  -0.0019249794   0.0004222691  -0.0005501834
        0.0002482012   0.0303548424   0.1020339096   0.2853013024  -0.0005674130
       -0.0022539012  -0.0000847559   0.0012591519  -0.0078559746  -0.0163455871
       -0.0000090231  -0.0000218960  -0.0000024214  -0.0000747252   0.0000432846
       -0.0000512525   0.0000136868  -0.0000091508  -0.0000153104  -0.0003119554
        0.0007502127  -0.0007491024  -0.0001310461  -0.0001774882   0.0004014303
        0.0019429794  -0.0010456302   0.0001312234   0.0067087298   0.0159013868
       -0.0020553754  -0.0923178421  -0.0995941325   0.0089022907   0.0000388365
       -0.0000236669   0.0000194192  -0.0000095991   0.0000306225  -0.0000546509
       -0.0000236203  -0.0000070106  -0.0000021900  -0.0000806044   0.0000268600
        0.0000976496   0.0000510374  -0.0000294083   0.0000037305   0.0000159857
       -0.0000073654  -0.0000157565   0.0000260512  -0.0000443352   0.0000062177
        0.0004889940   0.0001526085   0.0004960316  -0.0013557314   0.0028313096
       -0.0019022452  -0.0017058098  -0.0046792580  -0.0005674130   0.1030270101
        0.1125923760  -0.0081477282  -0.0162933540  -0.0266893185   0.0035054528
       -0.0000224199   0.0000502275  -0.0000185072   0.0000348697   0.0000111196
        0.0000186223  -0.0000563049   0.0000876086  -0.0000207349  -0.0003153139
       -0.0004520179   0.0002873187   0.0000468961   0.0003088124  -0.0003966771
       -0.0006226624   0.0012454249  -0.0003090558  -0.0053633228  -0.0227212381
        0.0053680613  -0.0984654775  -0.2387167918   0.0160568139  -0.0000339523
        0.0000022123  -0.0000062413   0.0000316883  -0.0000178527   0.0000617457
       -0.0000062709   0.0000091584  -0.0000028335   0.0001313140   0.0000524800
       -0.0000615668  -0.0000463113   0.0000240841  -0.0000165898  -0.0000353746
       -0.0000459250  -0.0000132564  -0.0000792181   0.0000139222   0.0000011469
       -0.0005232388   0.0007033112  -0.0005098752   0.0026889345  -0.0022112668
        0.0028951324  -0.0084209025  -0.0152867913  -0.0022539012   0.1125923760
        0.2758643525  -0.0213698852  -0.0015353087   0.0010791698   0.0002902831
       -0.0000239760  -0.0000071687   0.0000290589   0.0000389658  -0.0000454887
        0.0000474928   0.0000262827  -0.0000338800   0.0000224445   0.0002288222
       -0.0000060922   0.0000855416  -0.0000341553   0.0000287744  -0.0001196806
        0.0004534544  -0.0008668837   0.0000942728   0.0064667171   0.0179260755
       -0.0025417403   0.0080806621   0.0151933167  -0.0457345266   0.0000105674
       -0.0000075119  -0.0000327164  -0.0000193188   0.0000356967  -0.0000458934
       -0.0000060075  -0.0000054341   0.0000026413   0.0000277054   0.0000095834
        0.0000572784   0.0000034033  -0.0000008661  -0.0000202967   0.0000084694
       -0.0000284000  -0.0000167215   0.0000185128   0.0000167113  -0.0000211246
        0.0005785531   0.0006523233   0.0003982979  -0.0023914948   0.0029224547
       -0.0014489952  -0.0136903462  -0.0271122597  -0.0000847559  -0.0081477282
       -0.0213698852   0.0503889165   0.0083709110   0.0126989343  -0.0010594935
       -0.0000377808  -0.0000149612  -0.0000060367   0.0000184675   0.0000143080
       -0.0000060330  -0.0003141164   0.0002047771  -0.0001717372  -0.0006116102
       -0.0006302527   0.0015031484   0.0002339527   0.0002073260  -0.0005252809
       -0.0033517305   0.0038139563  -0.0033326769  -0.0181301506   0.0033866413
        0.0069326796  -0.2406904390   0.0223696665   0.0974973421   0.0000064510
        0.0000121711   0.0000007935   0.0000082470   0.0000190661   0.0000388654
        0.0000121393  -0.0000011290   0.0000101182   0.0000563722   0.0000425289
       -0.0000398607  -0.0000018567   0.0000048622  -0.0000121275   0.0000397643
       -0.0000392806  -0.0000469827  -0.0000965712   0.0000124597   0.0000357455
        0.0000049544  -0.0003067793   0.0001520859   0.0003374063  -0.0001223404
        0.0003607794   0.0014935916   0.0001629110   0.0012591519  -0.0162933540
       -0.0015353087   0.0083709110   0.2773162632  -0.0276006222  -0.1120208851
        0.0000115302   0.0000297912  -0.0000030973  -0.0000060924   0.0000097938
        0.0000316808   0.0002558276  -0.0002295554   0.0001280298   0.0010508641
        0.0001254946  -0.0007512732  -0.0002214533   0.0000078290   0.0000504806
        0.0036439867  -0.0025148715   0.0023646663   0.0160123683  -0.0025362800
       -0.0067061482   0.0214110914  -0.0444973036  -0.0111981141  -0.0000105176
       -0.0000023894  -0.0000048484  -0.0000068154  -0.0000236320   0.0000036289
        0.0000063959   0.0000006758  -0.0000053175   0.0000278793  -0.0000480845
        0.0000045441  -0.0000128905   0.0000021395  -0.0000049185  -0.0000259964
        0.0000104123   0.0000257529   0.0000770889  -0.0000052482  -0.0000389347
       -0.0000928825   0.0002615155  -0.0002910692   0.0003552645   0.0001055920
       -0.0003251085   0.0118142920  -0.0013382276  -0.0078559746  -0.0266893185
        0.0010791698   0.0126989343  -0.0276006222   0.0495631785   0.0118770866
       -0.0000189894  -0.0000196178   0.0000141082  -0.0000201685   0.0000004112
       -0.0000091336  -0.0002180351   0.0001522363  -0.0001213954  -0.0011154985
        0.0004106026   0.0002729228   0.0001465983  -0.0002402388   0.0002060549
       -0.0029525875   0.0022154402  -0.0008703837  -0.0126978799   0.0017320985
        0.0058423796   0.0989804768  -0.0118647820  -0.0901107325   0.0000136043
       -0.0000048343   0.0000140923   0.0000178510   0.0000152486  -0.0000013822
       -0.0000030022   0.0000061312   0.0000030817  -0.0000222103  -0.0000081814
       -0.0000176712   0.0000077064  -0.0000003782  -0.0000071661  -0.0000008768
        0.0000135275  -0.0000161319  -0.0000528328   0.0000018658   0.0000366429
       -0.0003507855   0.0000756873   0.0003849123  -0.0001779371  -0.0002312855
        0.0002947485   0.0269799993  -0.0044213009  -0.0163455871   0.0035054528
        0.0002902831  -0.0010594935  -0.1120208851   0.0118770866   0.1014901339
