           1           2   1.02144604356966     
           2           3  0.986376641915161     
           3           4  0.978532598371654     
           4           5   1.68952663987919     
           4           6   1.17155245602266     
           5           6  0.169979815367314     
           6           7  0.920169865084899     
           7           8   1.01961643950334     
           1           9  0.986725166866944     
           1          10  0.987324442213194     
           1          11  0.985691034466651     
           2          12  0.976347385615584     
           2          13  0.975394703582224     
           3          14  0.949569112439455     
           3          15  0.972807215114174     
           7          16  0.969062336415712     
           7          17  0.968920594693022     
           8          18  0.983495115884557     
           8          19  0.983628380467108     
           8          20  0.980192573670283     
