           1           2   1.02126633190794     
           2           3  0.986271582620570     
           3           4  0.978236371004361     
           4           5   1.69044306862183     
           4           6   1.17022473722921     
           5           6  0.171070767160723     
           6           7  0.918598457906220     
           7           8   1.01957246484612     
           1           9  0.985891132747420     
           1          10  0.987586156804105     
           1          11  0.986106833944136     
           2          12  0.975244570489011     
           2          13  0.977308433256117     
           3          14  0.972045947714717     
           3          15  0.948487943379278     
           7          16  0.969339378672798     
           7          17  0.968580710921767     
           8          18  0.983430357009871     
           8          19  0.983728142174346     
           8          20  0.980142117756041     
