$hessian                                                                        
        0.5227064034   0.0068983486   0.0062884348  -0.0679260850   0.0166321821
        0.0081267118  -0.0006965020  -0.0212382591  -0.0102442840   0.0003644738
       -0.0006062827  -0.0013324286  -0.0001197346  -0.0005350927   0.0003441708
        0.0001352305  -0.0002959810   0.0000673623   0.0005968680  -0.0000700616
       -0.0001224634   0.0001084588   0.0000168519   0.0000688435  -0.0486020961
        0.0196512355  -0.0227883502  -0.2064629607  -0.0490561670  -0.1025108815
       -0.1934733677   0.0056003271   0.1135217558  -0.0042698908   0.0227450983
        0.0101791064   0.0005395194   0.0034135286   0.0009051504   0.0006689784
       -0.0006245496   0.0005637739  -0.0033281302  -0.0024783574  -0.0030075804
       -0.0000974502  -0.0000093496  -0.0000528591  -0.0000870873  -0.0000153737
        0.0000348359  -0.0000185014   0.0000097048  -0.0000044764   0.0000090506
       -0.0000431653  -0.0000167925  -0.0000471773   0.0000053628  -0.0000200295
        0.0068983486   0.4686642053  -0.0218930510   0.0165476210  -0.1850082671
       -0.0438681371  -0.0046546094  -0.0127209848  -0.0079283058   0.0005369144
       -0.0005215635   0.0007088823  -0.0001587659   0.0002778578  -0.0004657455
       -0.0003276326   0.0002962434  -0.0002401085   0.0001787730  -0.0001410642
       -0.0000698452  -0.0000447231  -0.0000893087   0.0000335844   0.0196117706
       -0.1421114462   0.1173954492  -0.0495636307  -0.0566900731  -0.0301280887
        0.0059841841  -0.0429316653  -0.0034880210   0.0025555587  -0.0053420670
       -0.0038905977   0.0031565930  -0.0250311198  -0.0059053198   0.0007014126
        0.0012475852   0.0007093824  -0.0014144688  -0.0000139588  -0.0009406854
        0.0000150621   0.0000037319   0.0000212300  -0.0000076838   0.0000383232
       -0.0000185729   0.0000087020   0.0000165235   0.0000080491  -0.0000093278
        0.0000370521  -0.0000304896  -0.0000140979   0.0000199961  -0.0000096094
        0.0062884348  -0.0218930510   0.5153069660   0.0085319285  -0.0440047270
       -0.0845312207  -0.0032323790  -0.0167886547  -0.0083585329   0.0009231865
        0.0010581130  -0.0005506915   0.0001236640  -0.0004821652   0.0007363294
       -0.0002678397  -0.0001900893   0.0000672097   0.0002693953  -0.0000063029
       -0.0002663536  -0.0000090325   0.0000353231  -0.0000662994  -0.0229124526
        0.1170279944  -0.1799644576  -0.1026480400  -0.0298003506  -0.1089588048
        0.1133470941  -0.0031616646  -0.1320169258   0.0047444636  -0.0185440199
       -0.0079346968  -0.0028253556   0.0194994449   0.0071788223   0.0005174768
       -0.0009979514   0.0006227916  -0.0028940217  -0.0016997517  -0.0013706148
        0.0000761272   0.0000230525   0.0000266159  -0.0000402737  -0.0000230562
        0.0000218257   0.0000116853  -0.0000278532   0.0000153629   0.0000111499
       -0.0000263777   0.0000369983  -0.0000152113   0.0000020874   0.0000056758
       -0.0679260850   0.0165476210   0.0085319285   0.4909193798  -0.0089537435
       -0.0368326439  -0.1368040406  -0.0280408054  -0.0602754114  -0.0333820222
       -0.0099799242  -0.0030898375   0.0010188965   0.0037676101  -0.0033818094
       -0.0018596262  -0.0009334439   0.0024868909  -0.0009436652   0.0011997451
        0.0007373262  -0.0000929128   0.0000137361   0.0000575669  -0.0002457032
        0.0041379615   0.0006509839   0.0010632948  -0.0225263205  -0.0096073228
       -0.0044054862   0.0237806150   0.0107346803  -0.1963102124   0.0071354234
        0.1121465414  -0.0458394166   0.0146337656  -0.0145091503  -0.0063417536
       -0.0000504906  -0.0065485880   0.0011457312  -0.0009521480  -0.0009679665
       -0.0001913440   0.0000345914  -0.0000270500   0.0002801304   0.0001159269
       -0.0001225479   0.0000050823  -0.0000084568   0.0000459808  -0.0000514962
        0.0000171613   0.0000177163  -0.0000387508   0.0000611754  -0.0000472874
        0.0166321821  -0.1850082671  -0.0440047270  -0.0089537435   0.4811413168
       -0.0336770607  -0.0243346098  -0.0691033357  -0.0136946110  -0.0030296198
       -0.0007252010  -0.0001726442  -0.0005748006   0.0004418381   0.0005848770
       -0.0006573916   0.0000304610  -0.0007306452   0.0003699894  -0.0002098634
       -0.0003061513  -0.0000372347  -0.0000683116   0.0000080284   0.0032690226
       -0.0254992745  -0.0048272855  -0.0008448596  -0.0103206980  -0.0050138251
        0.0031412762  -0.0049344671  -0.0042378542   0.0076447990  -0.0425047245
       -0.0024112232   0.0140012016  -0.1380561859   0.1144217465   0.0142769346
        0.0043208038   0.0102137159  -0.0209242304  -0.0095840883  -0.0161541043
        0.0000469234   0.0000493092  -0.0000098601  -0.0000428456   0.0000060193
       -0.0000025297   0.0000099827  -0.0000014320   0.0000144934   0.0000141069
        0.0000086446   0.0000011902  -0.0000070828   0.0000174564  -0.0000015300
        0.0081267118  -0.0438681371  -0.0845312207  -0.0368326439  -0.0336770607
        0.5069916250  -0.0490274164  -0.0114500019  -0.1023734345   0.0034598877
        0.0053790543   0.0137320540   0.0010630363   0.0004476991  -0.0023284385
        0.0040599204  -0.0024924983  -0.0009736739   0.0000985654  -0.0010060563
       -0.0002553129   0.0002150985  -0.0000478276  -0.0001831433  -0.0028684997
        0.0204673342   0.0074630268  -0.0000705544  -0.0160242568  -0.0067392510
        0.0044525585  -0.0196337917  -0.0088314577   0.1116730646  -0.0025349247
       -0.1224689723  -0.0136221892   0.1141163397  -0.1772560895  -0.0192483544
       -0.0034882098  -0.0143164382  -0.0114934382  -0.0062537305  -0.0079870541
        0.0000781569  -0.0000360427  -0.0000337961  -0.0000897455   0.0000895382
        0.0000520097  -0.0000108810   0.0000211216   0.0000291490  -0.0000315233
        0.0000064768  -0.0000014933   0.0000682459  -0.0000150259   0.0000119116
       -0.0006965020  -0.0046546094  -0.0032323790  -0.1368040406  -0.0243346098
       -0.0490274164   0.4358568313  -0.0336327492   0.0029539792  -0.1266055438
       -0.0120923977   0.0507634666  -0.0020036051  -0.0047225037   0.0150018358
       -0.0475296556   0.0147015665   0.0146203506   0.0014926953   0.0034633835
       -0.0016308820  -0.0013820305   0.0000912261   0.0007298262   0.0004568422
        0.0004796277   0.0005866619   0.0011067148  -0.0001490590  -0.0001066539
        0.0009514323   0.0003569958   0.0002596049  -0.0266944761  -0.0069611269
       -0.0141549222  -0.0065437420  -0.0000610761  -0.0070644359  -0.0492024775
        0.0286994595  -0.0291052224  -0.0414996733   0.0387267478   0.0189671417
       -0.0006992155   0.0000109172   0.0003887373  -0.0000048371  -0.0000575330
        0.0000947659   0.0001481688  -0.0000467762   0.0001030600   0.0000488993
       -0.0001041722   0.0000083765  -0.0003957850   0.0002866890  -0.0001558948
       -0.0212382591  -0.0127209848  -0.0167886547  -0.0280408054  -0.0691033357
       -0.0114500019  -0.0336327492   0.5276125739  -0.0344201761  -0.0092998802
       -0.0670935687   0.0008449358  -0.0181402863   0.0007234626   0.0282255260
        0.0228774597   0.0022155223  -0.0056545528   0.0035289903   0.0023898882
        0.0038284489   0.0007332729  -0.0000172402  -0.0003431932  -0.0009025276
        0.0009684422  -0.0009330908  -0.0003199059  -0.0055242858  -0.0030567248
       -0.0004359543   0.0010171203   0.0004322959  -0.0030945241  -0.0000937144
       -0.0012002956   0.0141419869   0.0043816081   0.0104541977   0.0309564490
       -0.1527659837   0.1143153808   0.0423529552  -0.2318450094  -0.0842214530
       -0.0006782336   0.0000538578   0.0003358371   0.0009932248  -0.0001140060
       -0.0003673870   0.0000389206   0.0000144313  -0.0000434349  -0.0000594269
        0.0001167447  -0.0000424898   0.0002192932  -0.0002155228   0.0000848326
       -0.0102442840  -0.0079283058  -0.0083585329  -0.0602754114  -0.0136946110
       -0.1023734345   0.0029539792  -0.0344201761   0.4897686184   0.0553695056
        0.0027869975  -0.1065863857   0.0317894513   0.0191749391  -0.0307582711
        0.0019569676  -0.0003227575   0.0076445127  -0.0001431038   0.0038676096
        0.0022183434  -0.0002521980   0.0000150294   0.0001644949   0.0006061387
        0.0008482051   0.0008889335   0.0000683469  -0.0023000911  -0.0005130123
       -0.0004829416   0.0004778175   0.0003987670   0.0110193208   0.0030221713
        0.0072633939  -0.0214345791  -0.0044121074  -0.0168489479  -0.0312701844
        0.1152735520  -0.1631261723   0.0203482557  -0.0825720985  -0.0796618332
       -0.0005728413   0.0002099264   0.0002669999   0.0006571169  -0.0000650076
       -0.0004070071   0.0000599251  -0.0000625670   0.0000391596  -0.0000234798
        0.0000255098   0.0000407319  -0.0001299844   0.0000759644  -0.0000603583
        0.0003644738   0.0005369144   0.0009231865  -0.0333820222  -0.0030296198
        0.0034598877  -0.1266055438  -0.0092998802   0.0553695056   0.4590406790
       -0.0416868613  -0.0965752246  -0.0804268556  -0.0423365320   0.0632895981
       -0.1667330070   0.0735374109  -0.0299080130  -0.0442423981   0.0184239035
        0.0022047876  -0.0034246068  -0.0000860188   0.0021801991   0.0001290971
       -0.0000212759  -0.0004570189   0.0001213408   0.0005042426   0.0003901041
        0.0005961722  -0.0007456943  -0.0000561907  -0.0025594590  -0.0014001508
       -0.0018138931  -0.0006358888  -0.0001521699   0.0002384453   0.0046930658
       -0.0003902464  -0.0016937086  -0.0069612417   0.0036003248   0.0048503667
        0.0008092674  -0.0000384009  -0.0016958281   0.0005572687   0.0017121648
       -0.0003254545  -0.0003919057   0.0000991047   0.0003287269  -0.0003988167
       -0.0003086474   0.0002283483  -0.0005496192   0.0010814320  -0.0009378243
       -0.0006062827  -0.0005215635   0.0010581130  -0.0099799242  -0.0007252010
        0.0053790543  -0.0120923977  -0.0670935687   0.0027869975  -0.0416868613
        0.4448658917  -0.3024570600  -0.0299146760  -0.2505239557   0.2608067270
        0.0770478553  -0.1231758785   0.0428279017   0.0167646624  -0.0003840042
       -0.0089812628  -0.0017748423  -0.0001644016   0.0015962212  -0.0003026515
       -0.0005917343   0.0004780183   0.0003884580  -0.0000545353  -0.0000447826
       -0.0000041895   0.0002881617  -0.0013928717  -0.0018633715   0.0000222743
       -0.0008583131   0.0021079954   0.0001435146   0.0009566469  -0.0151647734
       -0.0036968712   0.0141222070   0.0210103801  -0.0002323880  -0.0178929231
       -0.0005817972   0.0023794310   0.0018111950  -0.0039229768  -0.0001071296
       -0.0001332174   0.0005778368  -0.0001524102  -0.0003338827   0.0008421466
       -0.0004682559  -0.0001139899  -0.0008445903   0.0001926247   0.0003852213
       -0.0013324286   0.0007088823  -0.0005506915  -0.0030898375  -0.0001726442
        0.0137320540   0.0507634666   0.0008449358  -0.1065863857  -0.0965752246
       -0.3024570600   0.6437338321   0.0478037919   0.2650797383  -0.4387621081
       -0.0361836067   0.0467325224  -0.0932263247   0.0044203901  -0.0095766867
        0.0105312374   0.0045503376   0.0005357010  -0.0031321419   0.0003633788
        0.0003258420  -0.0003471232  -0.0002252474  -0.0008025413  -0.0004698310
        0.0004563614  -0.0010642960   0.0000548986  -0.0046489531  -0.0010831597
       -0.0021176389  -0.0017661709   0.0007209360   0.0001357719   0.0151295976
        0.0047682185  -0.0153868224   0.0146105011  -0.0023438595  -0.0084046936
        0.0028942755  -0.0027178905  -0.0009808135   0.0028064645   0.0007493387
        0.0016258162  -0.0008853614   0.0003045579  -0.0001761230  -0.0006079467
        0.0001997797   0.0001369061   0.0015162118  -0.0007523146   0.0001901812
       -0.0001197346  -0.0001587659   0.0001236640   0.0010188965  -0.0005748006
        0.0010630363  -0.0020036051  -0.0181402863   0.0317894513  -0.0804268556
       -0.0299146760   0.0478037919   0.0857668812   0.0107569874  -0.0473951727
       -0.0033071192   0.0388810944  -0.0335701040   0.0016274061   0.0015684793
       -0.0051302395   0.0006496717   0.0004197051  -0.0008308479  -0.0000019677
        0.0000083839   0.0001660514  -0.0000293299   0.0000321937  -0.0000320511
       -0.0002055324   0.0001064079  -0.0000258696   0.0001450628   0.0000798433
        0.0000222370   0.0008987102   0.0000763475   0.0002782130  -0.0054489957
       -0.0008457108   0.0050334944  -0.0002512622  -0.0008102558   0.0002490080
        0.0004880268  -0.0010388829  -0.0004035525   0.0011313010  -0.0002657506
        0.0006753500  -0.0000533769   0.0000624598   0.0000777341  -0.0000858309
       -0.0000123119  -0.0000293869   0.0002076536  -0.0002304618   0.0001351929
       -0.0005350927   0.0002778578  -0.0004821652   0.0037676101   0.0004418381
        0.0004476991  -0.0047225037   0.0007234626   0.0191749391  -0.0423365320
       -0.2505239557   0.2650797383   0.0107569874   0.2919624415  -0.3511214295
        0.0391416145  -0.0418796460   0.0653451778  -0.0043486009  -0.0013928134
       -0.0005839508   0.0005730861   0.0003597510  -0.0004860072   0.0001319636
        0.0000851709   0.0000946306  -0.0000220556  -0.0001325980  -0.0001787317
       -0.0000748545  -0.0003419921   0.0001556847   0.0000399768   0.0000214148
       -0.0000147641  -0.0003533392  -0.0000840515  -0.0007887327  -0.0019055304
        0.0009615424   0.0023925682  -0.0004275943  -0.0002206144   0.0020299155
       -0.0000213826  -0.0006629897  -0.0010615035   0.0006850393   0.0000714002
        0.0002245127  -0.0003786993  -0.0000288873  -0.0000546202  -0.0002427411
        0.0003339405   0.0000938225   0.0002726484   0.0000287283  -0.0002667836
        0.0003441708  -0.0004657455   0.0007363294  -0.0033818094   0.0005848770
       -0.0023284385   0.0150018358   0.0282255260  -0.0307582711   0.0632895981
        0.2608067270  -0.4387621081  -0.0473951727  -0.3511214295   0.5112159372
       -0.0329104279   0.0645024316  -0.0388791157   0.0023964853  -0.0040770633
       -0.0001017943  -0.0009658838  -0.0003997014   0.0013291042  -0.0001851262
       -0.0002294124   0.0000391353   0.0000739337   0.0002861930   0.0002377142
       -0.0002912130   0.0008626978  -0.0000145060   0.0007156701  -0.0000675437
        0.0007125924   0.0005198692  -0.0008422659   0.0005171319   0.0069159537
        0.0013144283  -0.0048809291  -0.0022882371   0.0006693139   0.0006051318
       -0.0007539509   0.0013187070   0.0006846684  -0.0014863504  -0.0010172243
       -0.0005359612   0.0005327462  -0.0000465702   0.0001633995   0.0003734919
       -0.0003173518  -0.0001824286  -0.0005055836   0.0000134066   0.0002024082
        0.0001352305  -0.0003276326  -0.0002678397  -0.0018596262  -0.0006573916
        0.0040599204  -0.0475296556   0.0228774597   0.0019569676  -0.1667330070
        0.0770478553  -0.0361836067  -0.0033071192   0.0391416145  -0.0329104279
        0.4118823803  -0.1215752912  -0.0387583712  -0.1187715886  -0.0182012862
        0.0586306233  -0.0332233650   0.0071666998   0.0118926901  -0.0000168246
       -0.0001344506   0.0003777641   0.0000938730   0.0000206093  -0.0001349565
       -0.0002196444   0.0000184956  -0.0004193808  -0.0018478601  -0.0004272660
       -0.0005304519   0.0006691748   0.0005148350   0.0000436795   0.0003973387
       -0.0002154605  -0.0005872431  -0.0037206690   0.0005451467   0.0027928417
       -0.0071186988   0.0021322718   0.0151747226  -0.0288703522  -0.0097949711
        0.0166546829   0.0020238828  -0.0014735276   0.0002477849   0.0021293518
       -0.0006894426   0.0002643300  -0.0041128211   0.0040317322  -0.0023037293
       -0.0002959810   0.0002962434  -0.0001900893  -0.0009334439   0.0000304610
       -0.0024924983   0.0147015665   0.0022155223  -0.0003227575   0.0735374109
       -0.1231758785   0.0467325224   0.0388810944  -0.0418796460   0.0645024316
       -0.1215752912   0.2256934229  -0.1252392985  -0.0124882103  -0.0635446173
        0.0148837706   0.0232725269   0.0000783343  -0.0102710592   0.0002917794
        0.0003040257  -0.0003502083  -0.0002808014   0.0000647517   0.0001052154
       -0.0000039256  -0.0002270044   0.0007119011   0.0007303838   0.0000652496
        0.0003269899  -0.0005756718  -0.0002036908  -0.0000387886  -0.0006341673
        0.0000276855  -0.0006270394  -0.0003725889   0.0001757440  -0.0003085996
        0.0092742000   0.0009959999  -0.0055239123  -0.0260167628   0.0000299333
        0.0171699317  -0.0007991583   0.0004436078   0.0000154166  -0.0010324473
        0.0012758613  -0.0006194045   0.0043194879  -0.0026660055   0.0015354764
        0.0000673623  -0.0002401085   0.0000672097   0.0024868909  -0.0007306452
       -0.0009736739   0.0146203506  -0.0056545528   0.0076445127  -0.0299080130
        0.0428279017  -0.0932263247  -0.0335701040   0.0653451778  -0.0388791157
       -0.0387583712  -0.1252392985   0.2578261694   0.0507653802   0.0180265631
       -0.1105600086  -0.0082480343  -0.0009064792   0.0085637181  -0.0000512427
        0.0000117610   0.0000052486   0.0000825105   0.0000812640  -0.0000760196
       -0.0002912164   0.0000162723  -0.0000388274   0.0005967346   0.0002799326
        0.0003996796   0.0001382758   0.0000835092  -0.0000810745   0.0001718114
       -0.0010980265   0.0001628029   0.0012806193  -0.0005078580  -0.0010623615
        0.0345131975   0.0009680722  -0.0267539963   0.0086657402   0.0054537807
       -0.0038264749   0.0002470660  -0.0003218379   0.0008126498  -0.0001238081
       -0.0000825610  -0.0000359134  -0.0026851496   0.0016871328   0.0000317998
        0.0005968680   0.0001787730   0.0002693953  -0.0009436652   0.0003699894
        0.0000985654   0.0014926953   0.0035289903  -0.0001431038  -0.0442423981
        0.0167646624   0.0044203901   0.0016274061  -0.0043486009   0.0023964853
       -0.1187715886  -0.0124882103   0.0507653802   0.4048270480   0.0113274689
        0.0507408546  -0.1103425612   0.0547226535  -0.0437898949  -0.0001917399
       -0.0000721237  -0.0000212142   0.0001025926  -0.0000295938   0.0000762466
       -0.0002358493  -0.0001062759  -0.0002980330  -0.0000673436  -0.0000769736
       -0.0003002094  -0.0001235503  -0.0001410517   0.0001860254  -0.0001285978
        0.0003563057  -0.0004266321  -0.0015834640  -0.0002519572   0.0004486326
       -0.0493130225  -0.0135148451  -0.0470866403  -0.0639741871  -0.0725721229
       -0.0066369518  -0.0058871848   0.0045247290  -0.0063107538   0.0063834945
       -0.0043489716   0.0045441202  -0.0192249522   0.0161771544  -0.0089326625
       -0.0000700616  -0.0001410642  -0.0000063029   0.0011997451  -0.0002098634
       -0.0010060563   0.0034633835   0.0023898882   0.0038676096   0.0184239035
       -0.0003840042  -0.0095766867   0.0015684793  -0.0013928134  -0.0040770633
       -0.0182012862  -0.0635446173   0.0180265631   0.0113274689   0.5089553331
        0.0015198930   0.0525233405  -0.1277168472   0.0428831262  -0.0000503534
       -0.0000114833   0.0000443142   0.0000129384  -0.0000084426  -0.0000104644
       -0.0000607720   0.0000139851  -0.0001457696   0.0004601811   0.0001258461
        0.0002157925  -0.0000644797   0.0000161071  -0.0000461548  -0.0000853434
        0.0001998844   0.0000259563  -0.0003928163  -0.0000029823   0.0001120447
       -0.0162197068  -0.0602861622  -0.0559216240  -0.0712182056  -0.2371062023
       -0.0091478784  -0.0027707516   0.0047020807  -0.0008196177   0.0186057525
       -0.0248525040   0.0139767304   0.0015485836  -0.0007461382   0.0000855881
       -0.0001224634  -0.0000698452  -0.0002663536   0.0007373262  -0.0003061513
       -0.0002553129  -0.0016308820   0.0038284489   0.0022183434   0.0022047876
       -0.0089812628   0.0105312374  -0.0051302395  -0.0005839508  -0.0001017943
        0.0586306233   0.0148837706  -0.1105600086   0.0507408546   0.0015198930
        0.4844287685  -0.0411022176   0.0416496459  -0.0965877060   0.0000966224
       -0.0000557413   0.0000854131  -0.0000356296  -0.0000204107  -0.0000376287
       -0.0001549246  -0.0000852320   0.0000481853   0.0000506402   0.0000301623
        0.0001686938   0.0000449945   0.0001724753  -0.0000722205   0.0002785848
       -0.0001379172   0.0003170921  -0.0005722867   0.0001696897   0.0006584861
       -0.0482907483  -0.0572065352  -0.2347574766  -0.0037521346  -0.0086663496
       -0.0434255718  -0.0207828488   0.0196717724  -0.0174073781  -0.0004476399
        0.0025761773  -0.0001030812   0.0092375816  -0.0083886393   0.0051183126
        0.0001084588  -0.0000447231  -0.0000090325  -0.0000929128  -0.0000372347
        0.0002150985  -0.0013820305   0.0007332729  -0.0002521980  -0.0034246068
       -0.0017748423   0.0045503376   0.0006496717   0.0005730861  -0.0009658838
       -0.0332233650   0.0232725269  -0.0082480343  -0.1103425612   0.0525233405
       -0.0411022176   0.5075564884   0.0278042939  -0.0225676962   0.0000042839
        0.0000533555   0.0000034167  -0.0000668553  -0.0000066609  -0.0000203188
       -0.0000305320   0.0000666687   0.0000599935  -0.0001615801  -0.0000266593
       -0.0000482944  -0.0000033484   0.0000175694  -0.0000073583   0.0000779069
        0.0000979030  -0.0001735267  -0.0002382347   0.0000072192   0.0001429573
       -0.0055414007   0.0054680041  -0.0063929413   0.0053466896  -0.0035128080
        0.0030901365  -0.0486551170  -0.0119859402  -0.0360527128  -0.0830466198
       -0.0911782799  -0.0020085180  -0.2275343350  -0.0020500917   0.1097867927
        0.0000168519  -0.0000893087   0.0000353231   0.0000137361  -0.0000683116
       -0.0000478276   0.0000912261  -0.0000172402   0.0000150294  -0.0000860188
       -0.0001644016   0.0005357010   0.0004197051   0.0003597510  -0.0003997014
        0.0071666998   0.0000783343  -0.0009064792   0.0547226535  -0.1277168472
        0.0416496459   0.0278042939   0.5004608804   0.0183326983  -0.0000162818
        0.0000362640  -0.0000041719   0.0000202177   0.0000230114   0.0000028796
        0.0000090737   0.0000204475  -0.0000383565   0.0000467667   0.0000257143
        0.0000159754  -0.0000157501   0.0000325592  -0.0000221027   0.0000374200
       -0.0000030963   0.0000144025   0.0000176479   0.0000295136   0.0000183928
       -0.0025121642   0.0041652767  -0.0015478435   0.0175199677  -0.0222103103
        0.0131279925  -0.0117726262  -0.0640160860  -0.0656755271  -0.0925270018
       -0.2490695333  -0.0048815085  -0.0009564171  -0.0418766173  -0.0002245224
        0.0000688435   0.0000335844  -0.0000662994   0.0000575669   0.0000080284
       -0.0001831433   0.0007298262  -0.0003431932   0.0001644949   0.0021801991
        0.0015962212  -0.0031321419  -0.0008308479  -0.0004860072   0.0013291042
        0.0118926901  -0.0102710592   0.0085637181  -0.0437898949   0.0428831262
       -0.0965877060  -0.0225676962   0.0183326983   0.5185038963  -0.0000353776
       -0.0000373721   0.0000265114  -0.0000059077   0.0000004110   0.0000305281
       -0.0000095384   0.0000245650   0.0000029748   0.0000449080   0.0000260545
        0.0000422854   0.0000287299  -0.0000416880   0.0000378381  -0.0000740730
       -0.0000174944   0.0001082014   0.0000609800  -0.0000291176  -0.0000269408
       -0.0189090782   0.0178947626  -0.0148091903  -0.0006413071   0.0012506045
        0.0006618679  -0.0352280975  -0.0671281591  -0.2641642986  -0.0014015823
       -0.0041198413  -0.0446569475   0.1084296572   0.0004238760  -0.1058447530
       -0.0486020961   0.0196117706  -0.0229124526  -0.0002457032   0.0032690226
       -0.0028684997   0.0004568422  -0.0009025276   0.0006061387   0.0001290971
       -0.0003026515   0.0003633788  -0.0000019677   0.0001319636  -0.0001851262
       -0.0000168246   0.0002917794  -0.0000512427  -0.0001917399  -0.0000503534
        0.0000966224   0.0000042839  -0.0000162818  -0.0000353776   0.0521463110
       -0.0236431466   0.0267511397  -0.0057373713   0.0168208949  -0.0232703079
        0.0014897407  -0.0165434546   0.0220384564  -0.0000468213   0.0004608581
       -0.0003816042   0.0005338591   0.0009612868   0.0002622958   0.0001204448
       -0.0001965102  -0.0003016963  -0.0001086767   0.0000302527  -0.0000810478
        0.0000559273  -0.0000119269  -0.0000078586   0.0000434195   0.0000422239
       -0.0000188169  -0.0000134838   0.0000034606  -0.0000055129  -0.0000514827
        0.0000289880   0.0000133784   0.0000362417   0.0000143514  -0.0000118669
        0.0196512355  -0.1421114462   0.1170279944   0.0041379615  -0.0254992745
        0.0204673342   0.0004796277   0.0009684422   0.0008482051  -0.0000212759
       -0.0005917343   0.0003258420   0.0000083839   0.0000851709  -0.0002294124
       -0.0001344506   0.0003040257   0.0000117610  -0.0000721237  -0.0000114833
       -0.0000557413   0.0000533555   0.0000362640  -0.0000373721  -0.0236431466
        0.1683571978  -0.1352987761  -0.0002217318   0.0044346913  -0.0035269764
       -0.0009778108  -0.0002608172   0.0027239592  -0.0001015821   0.0007008208
        0.0005269333   0.0011434501  -0.0066774529  -0.0022061596  -0.0005371601
       -0.0000895172  -0.0006720965   0.0001542884   0.0003727767   0.0000869241
        0.0000337832  -0.0000259865  -0.0000065391   0.0000530665   0.0000001122
        0.0000111440  -0.0000154428  -0.0000111578  -0.0000112061  -0.0000193473
        0.0000307287   0.0000132428   0.0000289192  -0.0000113603   0.0000009395
       -0.0227883502   0.1173954492  -0.1799644576   0.0006509839  -0.0048272855
        0.0074630268   0.0005866619  -0.0009330908   0.0008889335  -0.0004570189
        0.0004780183  -0.0003471232   0.0001660514   0.0000946306   0.0000391353
        0.0003777641  -0.0003502083   0.0000052486  -0.0000212142   0.0000443142
        0.0000854131   0.0000034167  -0.0000041719   0.0000265114   0.0267511397
       -0.1352987761   0.2067286673  -0.0049659055   0.0116642378  -0.0163549264
       -0.0000298756   0.0142287260  -0.0194976724  -0.0001636519  -0.0002574169
        0.0005703061  -0.0000708669  -0.0021747534   0.0004205863   0.0000175107
        0.0000289208   0.0000663087  -0.0000072169  -0.0000729119  -0.0000804459
       -0.0000383126   0.0000272042  -0.0000409765  -0.0000208196  -0.0000134635
       -0.0000166841  -0.0000098455  -0.0000057147   0.0000036104   0.0000308234
       -0.0000202577   0.0000091992  -0.0000112739  -0.0000034504  -0.0000046608
       -0.2064629607  -0.0495636307  -0.1026480400   0.0010632948  -0.0008448596
       -0.0000705544   0.0011067148  -0.0003199059   0.0000683469   0.0001213408
        0.0003884580  -0.0002252474  -0.0000293299  -0.0000220556   0.0000739337
        0.0000938730  -0.0002808014   0.0000825105   0.0001025926   0.0000129384
       -0.0000356296  -0.0000668553   0.0000202177  -0.0000059077  -0.0057373713
       -0.0002217318  -0.0049659055   0.2372030547   0.0572926337   0.1195596932
       -0.0281024416  -0.0065108630  -0.0124224987   0.0005900939   0.0003272804
        0.0001130111   0.0000464158  -0.0001421607   0.0002602116   0.0000797850
       -0.0000119351   0.0002832257  -0.0000874643  -0.0000882434  -0.0000595927
        0.0000467469   0.0000175163  -0.0000206417  -0.0000185494  -0.0000149883
       -0.0000062865   0.0000253716   0.0000031723   0.0000138810   0.0000357980
       -0.0000388589  -0.0000011090  -0.0000101094  -0.0000021824   0.0000065995
       -0.0490561670  -0.0566900731  -0.0298003506  -0.0225263205  -0.0103206980
       -0.0160242568  -0.0001490590  -0.0055242858  -0.0023000911   0.0005042426
       -0.0000545353  -0.0008025413   0.0000321937  -0.0001325980   0.0002861930
        0.0000206093   0.0000647517   0.0000812640  -0.0000295938  -0.0000084426
       -0.0000204107  -0.0000066609   0.0000230114   0.0000004110   0.0168208949
        0.0044346913   0.0116642378   0.0572926337   0.0672155072   0.0374059327
       -0.0010292151   0.0008072965   0.0003178509  -0.0003176793   0.0006545673
        0.0000718306  -0.0005051447   0.0003084184  -0.0000439488   0.0001877915
       -0.0001182501   0.0001096816  -0.0012636994  -0.0006411426  -0.0009541873
        0.0000044155  -0.0000041944   0.0000045218   0.0000162043  -0.0000112699
        0.0000034940   0.0000049307  -0.0000054814  -0.0000054655  -0.0000067097
        0.0000041558   0.0000021426   0.0000063333  -0.0000014283   0.0000036923
       -0.1025108815  -0.0301280887  -0.1089588048  -0.0096073228  -0.0050138251
       -0.0067392510  -0.0001066539  -0.0030567248  -0.0005130123   0.0003901041
       -0.0000447826  -0.0004698310  -0.0000320511  -0.0001787317   0.0002377142
       -0.0001349565   0.0001052154  -0.0000760196   0.0000762466  -0.0000104644
       -0.0000376287  -0.0000203188   0.0000028796   0.0000305281  -0.0232703079
       -0.0035269764  -0.0163549264   0.1195596932   0.0374059327   0.1234910918
        0.0162312907   0.0044550142   0.0092388479  -0.0002660404   0.0000532462
       -0.0002351978   0.0000858595   0.0003711876   0.0004007910   0.0002319898
       -0.0000101584   0.0002505358  -0.0006153421  -0.0004073401  -0.0002854441
       -0.0000331378   0.0000013062   0.0000207330  -0.0000046510  -0.0000164480
        0.0000096054   0.0000182277   0.0000032692  -0.0000041011   0.0000134646
       -0.0000005995  -0.0000168719  -0.0000052125  -0.0000039115   0.0000112415
       -0.1934733677   0.0059841841   0.1133470941  -0.0044054862   0.0031412762
        0.0044525585   0.0009514323  -0.0004359543  -0.0004829416   0.0005961722
       -0.0000041895   0.0004563614  -0.0002055324  -0.0000748545  -0.0002912130
       -0.0002196444  -0.0000039256  -0.0002912164  -0.0002358493  -0.0000607720
       -0.0001549246  -0.0000305320   0.0000090737  -0.0000095384   0.0014897407
       -0.0009778108  -0.0000298756  -0.0281024416  -0.0010292151   0.0162312907
        0.2233379839  -0.0080870941  -0.1337704750   0.0006009355   0.0016628562
        0.0005126455  -0.0000857481  -0.0000397405  -0.0001883484  -0.0000892940
        0.0000461156   0.0000438557  -0.0001220225  -0.0001473735  -0.0000683947
       -0.0000636421  -0.0000290389   0.0001502710   0.0000354364   0.0000291511
        0.0000606605   0.0000335409  -0.0000144690   0.0000328174  -0.0000217083
        0.0000378597  -0.0000186363   0.0000100269  -0.0000060788   0.0000180091
        0.0056003271  -0.0429316653  -0.0031616646   0.0237806150  -0.0049344671
       -0.0196337917   0.0003569958   0.0010171203   0.0004778175  -0.0007456943
        0.0002881617  -0.0010642960   0.0001064079  -0.0003419921   0.0008626978
        0.0000184956  -0.0002270044   0.0000162723  -0.0001062759   0.0000139851
       -0.0000852320   0.0000666687   0.0000204475   0.0000245650  -0.0165434546
       -0.0002608172   0.0142287260  -0.0065108630   0.0008072965   0.0044550142
       -0.0080870941   0.0514532214   0.0070768784   0.0016458898  -0.0058191343
       -0.0032004106   0.0003975041   0.0008916672  -0.0003208985  -0.0000255705
       -0.0000800159   0.0000699539   0.0000544542   0.0001321421   0.0002291618
       -0.0000559655   0.0000797895  -0.0000003203  -0.0000057159  -0.0000421880
       -0.0000126505  -0.0000035884  -0.0000255238  -0.0000034631   0.0000432607
       -0.0000184658   0.0000331478   0.0000136030  -0.0000225573   0.0000084924
        0.1135217558  -0.0034880210  -0.1320169258   0.0107346803  -0.0042378542
       -0.0088314577   0.0002596049   0.0004322959   0.0003987670  -0.0000561907
       -0.0013928717   0.0000548986  -0.0000258696   0.0001556847  -0.0000145060
       -0.0004193808   0.0007119011  -0.0000388274  -0.0002980330  -0.0001457696
        0.0000481853   0.0000599935  -0.0000383565   0.0000029748   0.0220384564
        0.0027239592  -0.0194976724  -0.0124224987   0.0003178509   0.0092388479
       -0.1337704750   0.0070768784   0.1506230511   0.0006467741  -0.0031038884
       -0.0004011966  -0.0004913779   0.0005561801   0.0006605136   0.0001804410
        0.0000797656  -0.0002975210   0.0000022865   0.0002528655   0.0001150826
        0.0000148205  -0.0000194817   0.0000331867   0.0000614699   0.0000381416
       -0.0000294305  -0.0000170426   0.0000138425  -0.0000269434  -0.0000671405
        0.0000629020  -0.0000180933   0.0000477257   0.0000039756  -0.0000029336
       -0.0042698908   0.0025555587   0.0047444636  -0.1963102124   0.0076447990
        0.1116730646  -0.0266944761  -0.0030945241   0.0110193208  -0.0025594590
       -0.0018633715  -0.0046489531   0.0001450628   0.0000399768   0.0007156701
       -0.0018478601   0.0007303838   0.0005967346  -0.0000673436   0.0004601811
        0.0000506402  -0.0001615801   0.0000467667   0.0000449080  -0.0000468213
       -0.0001015821  -0.0001636519   0.0005900939  -0.0003176793  -0.0002660404
        0.0006009355   0.0016458898   0.0006467741   0.2290048842  -0.0071210101
       -0.1269803915   0.0007579394  -0.0008669990   0.0016770308   0.0002019572
        0.0002529213   0.0003976868   0.0005644199   0.0000360289   0.0004866697
       -0.0000112911  -0.0000012941   0.0000182069   0.0000791530  -0.0000275102
       -0.0000233823   0.0000275725  -0.0000164245   0.0000037867   0.0000197100
       -0.0000131425   0.0000075729  -0.0000227939   0.0000110314  -0.0000001107
        0.0227450983  -0.0053420670  -0.0185440199   0.0071354234  -0.0425047245
       -0.0025349247  -0.0069611269  -0.0000937144   0.0030221713  -0.0014001508
        0.0000222743  -0.0010831597   0.0000798433   0.0000214148  -0.0000675437
       -0.0004272660   0.0000652496   0.0002799326  -0.0000769736   0.0001258461
        0.0000301623  -0.0000266593   0.0000257143   0.0000260545   0.0004608581
        0.0007008208  -0.0002574169   0.0003272804   0.0006545673   0.0000532462
        0.0016628562  -0.0058191343  -0.0031038884  -0.0071210101   0.0520822764
        0.0078577562  -0.0160464381  -0.0000938904   0.0140415031   0.0004483662
        0.0000606147   0.0000098527  -0.0007501093   0.0001102838   0.0002739310
       -0.0000301284  -0.0000276274   0.0000003789   0.0000116933   0.0000000253
        0.0000133384  -0.0000003243   0.0000031906  -0.0000040894  -0.0000089953
       -0.0000000148  -0.0000099953  -0.0000222371   0.0000088946  -0.0000032891
        0.0101791064  -0.0038905977  -0.0079346968   0.1121465414  -0.0024112232
       -0.1224689723  -0.0141549222  -0.0012002956   0.0072633939  -0.0018138931
       -0.0008583131  -0.0021176389   0.0000222370  -0.0000147641   0.0007125924
       -0.0005304519   0.0003269899   0.0003996796  -0.0003002094   0.0002157925
        0.0001686938  -0.0000482944   0.0000159754   0.0000422854  -0.0003816042
        0.0005269333   0.0005703061   0.0001130111   0.0000718306  -0.0002351978
        0.0005126455  -0.0032004106  -0.0004011966  -0.1269803915   0.0078577562
        0.1414184491   0.0215917211   0.0023758290  -0.0183111436  -0.0002013337
       -0.0000913579   0.0003654653  -0.0001193118   0.0002667185   0.0005297494
       -0.0000589161   0.0000054528   0.0000111973   0.0000307879   0.0000100644
       -0.0000146185   0.0000112239  -0.0000019695   0.0000196837  -0.0000088650
       -0.0000094002  -0.0000099752  -0.0000090807   0.0000049892  -0.0000080563
        0.0005395194   0.0031565930  -0.0028253556  -0.0458394166   0.0140012016
       -0.0136221892  -0.0065437420   0.0141419869  -0.0214345791  -0.0006358888
        0.0021079954  -0.0017661709   0.0008987102  -0.0003533392   0.0005198692
        0.0006691748  -0.0005756718   0.0001382758  -0.0001235503  -0.0000644797
        0.0000449945  -0.0000033484  -0.0000157501   0.0000287299   0.0005338591
        0.0011434501  -0.0000708669   0.0000464158  -0.0005051447   0.0000858595
       -0.0000857481   0.0003975041  -0.0004913779   0.0007579394  -0.0160464381
        0.0215917211   0.0534352322  -0.0167160838   0.0210894944  -0.0041575387
       -0.0008938121  -0.0035262554   0.0004821274   0.0001979875   0.0002464898
       -0.0000085011   0.0000412812   0.0000035849  -0.0000098560   0.0000117072
       -0.0000249556   0.0000227837   0.0000031935   0.0000178076   0.0000036795
       -0.0000202697  -0.0000104629   0.0000181486  -0.0000119114   0.0000053868
        0.0034135286  -0.0250311198   0.0194994449   0.0146337656  -0.1380561859
        0.1141163397  -0.0000610761   0.0043816081  -0.0044121074  -0.0001521699
        0.0001435146   0.0007209360   0.0000763475  -0.0000840515  -0.0008422659
        0.0005148350  -0.0002036908   0.0000835092  -0.0001410517   0.0000161071
        0.0001724753   0.0000175694   0.0000325592  -0.0000416880   0.0009612868
       -0.0066774529  -0.0021747534  -0.0001421607   0.0003084184   0.0003711876
       -0.0000397405   0.0008916672   0.0005561801  -0.0008669990  -0.0000938904
        0.0023758290  -0.0167160838   0.1636155736  -0.1294656294  -0.0013399589
        0.0003692868  -0.0005895138  -0.0001212335   0.0004182966  -0.0003676338
        0.0000040079  -0.0000321281  -0.0000163518  -0.0000088864   0.0000148731
        0.0000068745  -0.0000153257   0.0000011609   0.0000008316  -0.0000220098
       -0.0000158221   0.0000123059   0.0000053552   0.0000012760  -0.0000059703
        0.0009051504  -0.0059053198   0.0071788223  -0.0145091503   0.1144217465
       -0.1772560895  -0.0070644359   0.0104541977  -0.0168489479   0.0002384453
        0.0009566469   0.0001357719   0.0002782130  -0.0007887327   0.0005171319
        0.0000436795  -0.0000387886  -0.0000810745   0.0001860254  -0.0000461548
       -0.0000722205  -0.0000073583  -0.0000221027   0.0000378381   0.0002622958
       -0.0022061596   0.0004205863   0.0002602116  -0.0000439488   0.0004007910
       -0.0001883484  -0.0003208985   0.0006605136   0.0016770308   0.0140415031
       -0.0183111436   0.0210894944  -0.1294656294   0.2053898910  -0.0033114789
       -0.0011659706  -0.0019827575   0.0001137153   0.0001464539  -0.0001908069
        0.0000073781   0.0000160689   0.0000261872  -0.0000185108  -0.0000248319
       -0.0000078502   0.0000226029   0.0000067944  -0.0000137678   0.0000171580
       -0.0000071985  -0.0000176240  -0.0000021177  -0.0000076754   0.0000147489
        0.0006689784   0.0007014126   0.0005174768  -0.0063417536   0.0142769346
       -0.0192483544  -0.0492024775   0.0309564490  -0.0312701844   0.0046930658
       -0.0151647734   0.0151295976  -0.0054489957  -0.0019055304   0.0069159537
        0.0003973387  -0.0006341673   0.0001718114  -0.0001285978  -0.0000853434
        0.0002785848   0.0000779069   0.0000374200  -0.0000740730   0.0001204448
       -0.0005371601   0.0000175107   0.0000797850   0.0001877915   0.0002319898
       -0.0000892940  -0.0000255705   0.0001804410   0.0002019572   0.0004483662
       -0.0002013337  -0.0041575387  -0.0013399589  -0.0033114789   0.0588590314
       -0.0321807045   0.0349318178   0.0000466679   0.0052718139  -0.0040802948
        0.0001052491  -0.0000591214  -0.0001279858   0.0001475361   0.0000240743
       -0.0000185279  -0.0000892835  -0.0000185978  -0.0000466216  -0.0000180676
        0.0000674743   0.0000330415   0.0000780470  -0.0000208086  -0.0000293707
       -0.0006245496   0.0012475852  -0.0009979514  -0.0000504906   0.0043208038
       -0.0034882098   0.0286994595  -0.1527659837   0.1152735520  -0.0003902464
       -0.0036968712   0.0047682185  -0.0008457108   0.0009615424   0.0013144283
       -0.0002154605   0.0000276855  -0.0010980265   0.0003563057   0.0001998844
       -0.0001379172   0.0000979030  -0.0000030963  -0.0000174944  -0.0001965102
       -0.0000895172   0.0000289208  -0.0000119351  -0.0001182501  -0.0000101584
        0.0000461156  -0.0000800159   0.0000797656   0.0002529213   0.0000606147
       -0.0000913579  -0.0008938121   0.0003692868  -0.0011659706  -0.0321807045
        0.1729219861  -0.1336289549   0.0057639853  -0.0232850916   0.0193094104
        0.0000711802  -0.0000370175  -0.0000817756   0.0001132570  -0.0000273082
       -0.0000102915  -0.0000414518   0.0000146050  -0.0000341457   0.0000246754
        0.0000124969  -0.0000155398   0.0000250686  -0.0000333391   0.0000034981
        0.0005637739   0.0007093824   0.0006227916  -0.0065485880   0.0102137159
       -0.0143164382  -0.0291052224   0.1143153808  -0.1631261723  -0.0016937086
        0.0141222070  -0.0153868224   0.0050334944   0.0023925682  -0.0048809291
       -0.0005872431  -0.0006270394   0.0001628029  -0.0004266321   0.0000259563
        0.0003170921  -0.0001735267   0.0000144025   0.0001082014  -0.0003016963
       -0.0006720965   0.0000663087   0.0002832257   0.0001096816   0.0002505358
        0.0000438557   0.0000699539  -0.0002975210   0.0003976868   0.0000098527
        0.0003654653  -0.0035262554  -0.0005895138  -0.0019827575   0.0349318178
       -0.1336289549   0.1901668343   0.0014979974  -0.0064725643   0.0078208941
       -0.0001504317   0.0000814007   0.0000688729  -0.0002010955  -0.0000424422
        0.0000187046   0.0000185026   0.0000152071   0.0000439156   0.0000324562
       -0.0000820986  -0.0000130036  -0.0000884107   0.0000350005  -0.0000087753
       -0.0033281302  -0.0014144688  -0.0028940217   0.0011457312  -0.0209242304
       -0.0114934382  -0.0414996733   0.0423529552   0.0203482557  -0.0069612417
        0.0210103801   0.0146105011  -0.0002512622  -0.0004275943  -0.0022882371
       -0.0037206690  -0.0003725889   0.0012806193  -0.0015834640  -0.0003928163
       -0.0005722867  -0.0002382347   0.0000176479   0.0000609800  -0.0001086767
        0.0001542884  -0.0000072169  -0.0000874643  -0.0012636994  -0.0006153421
       -0.0001220225   0.0000544542   0.0000022865   0.0005644199  -0.0007501093
       -0.0001193118   0.0004821274  -0.0001212335   0.0001137153   0.0000466679
        0.0057639853   0.0014979974   0.0556744882  -0.0436460381  -0.0198223641
        0.0002118117  -0.0000554857  -0.0001892648  -0.0002161662   0.0000426300
        0.0000896197  -0.0000077713   0.0000185687   0.0000105254   0.0000333024
       -0.0000807797   0.0000050035  -0.0000337727   0.0000341346  -0.0000180202
       -0.0024783574  -0.0000139588  -0.0016997517  -0.0009521480  -0.0095840883
       -0.0062537305   0.0387267478  -0.2318450094  -0.0825720985   0.0036003248
       -0.0002323880  -0.0023438595  -0.0008102558  -0.0002206144   0.0006693139
        0.0005451467   0.0001757440  -0.0005078580  -0.0002519572  -0.0000029823
        0.0001696897   0.0000072192   0.0000295136  -0.0000291176   0.0000302527
        0.0003727767  -0.0000729119  -0.0000882434  -0.0006411426  -0.0004073401
       -0.0001473735   0.0001321421   0.0002528655   0.0000360289   0.0001102838
        0.0002667185   0.0001979875   0.0004182966   0.0001464539   0.0052718139
       -0.0232850916  -0.0064725643  -0.0436460381   0.2645520529   0.0987881163
       -0.0000519948  -0.0000146586   0.0000511560   0.0000557530   0.0000249872
       -0.0000022212  -0.0000021092  -0.0000103607   0.0000044420  -0.0000389949
        0.0000244946   0.0000082767  -0.0000038021   0.0000100034   0.0000044206
       -0.0030075804  -0.0009406854  -0.0013706148  -0.0009679665  -0.0161541043
       -0.0079870541   0.0189671417  -0.0842214530  -0.0796618332   0.0048503667
       -0.0178929231  -0.0084046936   0.0002490080   0.0020299155   0.0006051318
        0.0027928417  -0.0003085996  -0.0010623615   0.0004486326   0.0001120447
        0.0006584861   0.0001429573   0.0000183928  -0.0000269408  -0.0000810478
        0.0000869241  -0.0000804459  -0.0000595927  -0.0009541873  -0.0002854441
       -0.0000683947   0.0002291618   0.0001150826   0.0004866697   0.0002739310
        0.0005297494   0.0002464898  -0.0003676338  -0.0001908069  -0.0040802948
        0.0193094104   0.0078208941  -0.0198223641   0.0987881163   0.0893011886
       -0.0001398772   0.0000169294   0.0000586069   0.0000654296  -0.0000381700
       -0.0000006907  -0.0000134174   0.0000181265  -0.0000006415  -0.0000236849
        0.0000186311  -0.0000206002   0.0000146835  -0.0000238270   0.0000029877
       -0.0000974502   0.0000150621   0.0000761272  -0.0001913440   0.0000469234
        0.0000781569  -0.0006992155  -0.0006782336  -0.0005728413   0.0008092674
       -0.0005817972   0.0028942755   0.0004880268  -0.0000213826  -0.0007539509
       -0.0071186988   0.0092742000   0.0345131975  -0.0493130225  -0.0162197068
       -0.0482907483  -0.0055414007  -0.0025121642  -0.0189090782   0.0000559273
        0.0000337832  -0.0000383126   0.0000467469   0.0000044155  -0.0000331378
       -0.0000636421  -0.0000559655   0.0000148205  -0.0000112911  -0.0000301284
       -0.0000589161  -0.0000085011   0.0000040079   0.0000073781   0.0001052491
        0.0000711802  -0.0001504317   0.0002118117  -0.0000519948  -0.0001398772
        0.0644352067   0.0134690285   0.0448815658  -0.0014104324  -0.0053491387
       -0.0113856468  -0.0022808464   0.0032925553  -0.0022208954   0.0005644274
       -0.0006294440   0.0004455799   0.0000191816  -0.0000812004  -0.0003572648
       -0.0000093496   0.0000037319   0.0000230525   0.0000345914   0.0000493092
       -0.0000360427   0.0000109172   0.0000538578   0.0002099264  -0.0000384009
        0.0023794310  -0.0027178905  -0.0010388829  -0.0006629897   0.0013187070
        0.0021322718   0.0009959999   0.0009680722  -0.0135148451  -0.0602861622
       -0.0572065352   0.0054680041   0.0041652767   0.0178947626  -0.0000119269
       -0.0000259865   0.0000272042   0.0000175163  -0.0000041944   0.0000013062
       -0.0000290389   0.0000797895  -0.0000194817  -0.0000012941  -0.0000276274
        0.0000054528   0.0000412812  -0.0000321281   0.0000160689  -0.0000591214
       -0.0000370175   0.0000814007  -0.0000554857  -0.0000146586   0.0000169294
        0.0134690285   0.0668715732   0.0646471578  -0.0090012736  -0.0125779812
       -0.0285603269   0.0028382050  -0.0018608573   0.0025663347   0.0001051610
        0.0006397991   0.0006943925  -0.0003573574   0.0002908347   0.0000695092
       -0.0000528591   0.0000212300   0.0000266159  -0.0000270500  -0.0000098601
       -0.0000337961   0.0003887373   0.0003358371   0.0002669999  -0.0016958281
        0.0018111950  -0.0009808135  -0.0004035525  -0.0010615035   0.0006846684
        0.0151747226  -0.0055239123  -0.0267539963  -0.0470866403  -0.0559216240
       -0.2347574766  -0.0063929413  -0.0015478435  -0.0148091903  -0.0000078586
       -0.0000065391  -0.0000409765  -0.0000206417   0.0000045218   0.0000207330
        0.0001502710  -0.0000003203   0.0000331867   0.0000182069   0.0000003789
        0.0000111973   0.0000035849  -0.0000163518   0.0000261872  -0.0001279858
       -0.0000817756   0.0000688729  -0.0001892648   0.0000511560   0.0000586069
        0.0448815658   0.0646471578   0.2808908353  -0.0030199214  -0.0043241795
       -0.0045670088  -0.0022691008   0.0023251494  -0.0008841550   0.0005159832
       -0.0004000342   0.0003505605   0.0001605727  -0.0003026822   0.0003889491
       -0.0000870873  -0.0000076838  -0.0000402737   0.0002801304  -0.0000428456
       -0.0000897455  -0.0000048371   0.0009932248   0.0006571169   0.0005572687
       -0.0039229768   0.0028064645   0.0011313010   0.0006850393  -0.0014863504
       -0.0288703522  -0.0260167628   0.0086657402  -0.0639741871  -0.0712182056
       -0.0037521346   0.0053466896   0.0175199677  -0.0006413071   0.0000434195
        0.0000530665  -0.0000208196  -0.0000185494   0.0000162043  -0.0000046510
        0.0000354364  -0.0000057159   0.0000614699   0.0000791530   0.0000116933
        0.0000307879  -0.0000098560  -0.0000088864  -0.0000185108   0.0001475361
        0.0001132570  -0.0002010955  -0.0002161662   0.0000557530   0.0000654296
       -0.0014104324  -0.0090012736  -0.0030199214   0.0880657582   0.0871338597
       -0.0012712532   0.0005137509   0.0000839896   0.0004442858  -0.0019321546
        0.0032158249  -0.0020701401   0.0003231785   0.0003424705  -0.0001150918
       -0.0000153737   0.0000383232  -0.0000230562   0.0001159269   0.0000060193
        0.0000895382  -0.0000575330  -0.0001140060  -0.0000650076   0.0017121648
       -0.0001071296   0.0007493387  -0.0002657506   0.0000714002  -0.0010172243
       -0.0097949711   0.0000299333   0.0054537807  -0.0725721229  -0.2371062023
       -0.0086663496  -0.0035128080  -0.0222103103   0.0012506045   0.0000422239
        0.0000001122  -0.0000134635  -0.0000149883  -0.0000112699  -0.0000164480
        0.0000291511  -0.0000421880   0.0000381416  -0.0000275102   0.0000000253
        0.0000100644   0.0000117072   0.0000148731  -0.0000248319   0.0000240743
       -0.0000273082  -0.0000424422   0.0000426300   0.0000249872  -0.0000381700
       -0.0053491387  -0.0125779812  -0.0043241795   0.0871338597   0.2736657979
        0.0049072703  -0.0006381971   0.0008201878  -0.0004128599   0.0033041065
       -0.0026557765   0.0023829233  -0.0001674510   0.0001805123  -0.0002376289
        0.0000348359  -0.0000185729   0.0000218257  -0.0001225479  -0.0000025297
        0.0000520097   0.0000947659  -0.0003673870  -0.0004070071  -0.0003254545
       -0.0001332174   0.0016258162   0.0006753500   0.0002245127  -0.0005359612
        0.0166546829   0.0171699317  -0.0038264749  -0.0066369518  -0.0091478784
       -0.0434255718   0.0030901365   0.0131279925   0.0006618679  -0.0000188169
        0.0000111440  -0.0000166841  -0.0000062865   0.0000034940   0.0000096054
        0.0000606605  -0.0000126505  -0.0000294305  -0.0000233823   0.0000133384
       -0.0000146185  -0.0000249556   0.0000068745  -0.0000078502  -0.0000185279
       -0.0000102915   0.0000187046   0.0000896197  -0.0000022212  -0.0000006907
       -0.0113856468  -0.0285603269  -0.0045670088  -0.0012712532   0.0049072703
        0.0504866312   0.0003573316   0.0006945888   0.0002238282  -0.0015658786
        0.0024244318  -0.0004535308   0.0003423193  -0.0003285033   0.0001845399
       -0.0000185014   0.0000087020   0.0000116853   0.0000050823   0.0000099827
       -0.0000108810   0.0001481688   0.0000389206   0.0000599251  -0.0003919057
        0.0005778368  -0.0008853614  -0.0000533769  -0.0003786993   0.0005327462
        0.0020238828  -0.0007991583   0.0002470660  -0.0058871848  -0.0027707516
       -0.0207828488  -0.0486551170  -0.0117726262  -0.0352280975  -0.0000134838
       -0.0000154428  -0.0000098455   0.0000253716   0.0000049307   0.0000182277
        0.0000335409  -0.0000035884  -0.0000170426   0.0000275725  -0.0000003243
        0.0000112239   0.0000227837  -0.0000153257   0.0000226029  -0.0000892835
       -0.0000414518   0.0000185026  -0.0000077713  -0.0000021092  -0.0000134174
       -0.0022808464   0.0028382050  -0.0022691008   0.0005137509  -0.0006381971
        0.0003573316   0.0537713987   0.0113930449   0.0442233682  -0.0020765879
       -0.0062540058  -0.0133374103   0.0029025064   0.0078200579   0.0270513258
        0.0000097048   0.0000165235  -0.0000278532  -0.0000084568  -0.0000014320
        0.0000211216  -0.0000467762   0.0000144313  -0.0000625670   0.0000991047
       -0.0001524102   0.0003045579   0.0000624598  -0.0000288873  -0.0000465702
       -0.0014735276   0.0004436078  -0.0003218379   0.0045247290   0.0047020807
        0.0196717724  -0.0119859402  -0.0640160860  -0.0671281591   0.0000034606
       -0.0000111578  -0.0000057147   0.0000031723  -0.0000054814   0.0000032692
       -0.0000144690  -0.0000255238   0.0000138425  -0.0000164245   0.0000031906
       -0.0000019695   0.0000031935   0.0000011609   0.0000067944  -0.0000185978
        0.0000146050   0.0000152071   0.0000185687  -0.0000103607   0.0000181265
        0.0032925553  -0.0018608573   0.0023251494   0.0000839896   0.0008201878
        0.0006945888   0.0113930449   0.0713848636   0.0743087766  -0.0059297575
       -0.0117173600  -0.0289960521  -0.0000000337   0.0004289053  -0.0007924828
       -0.0000044764   0.0000080491   0.0000153629   0.0000459808   0.0000144934
        0.0000291490   0.0001030600  -0.0000434349   0.0000391596   0.0003287269
       -0.0003338827  -0.0001761230   0.0000777341  -0.0000546202   0.0001633995
        0.0002477849   0.0000154166   0.0008126498  -0.0063107538  -0.0008196177
       -0.0174073781  -0.0360527128  -0.0656755271  -0.2641642986  -0.0000055129
       -0.0000112061   0.0000036104   0.0000138810  -0.0000054655  -0.0000041011
        0.0000328174  -0.0000034631  -0.0000269434   0.0000037867  -0.0000040894
        0.0000196837   0.0000178076   0.0000008316  -0.0000137678  -0.0000466216
       -0.0000341457   0.0000439156   0.0000105254   0.0000044420  -0.0000006415
       -0.0022208954   0.0025663347  -0.0008841550   0.0004442858  -0.0004128599
        0.0002238282   0.0442233682   0.0743087766   0.3041560855  -0.0011400802
       -0.0033994937  -0.0032809399   0.0002312941  -0.0061205378  -0.0195484959
        0.0000090506  -0.0000093278   0.0000111499  -0.0000514962   0.0000141069
       -0.0000315233   0.0000488993  -0.0000594269  -0.0000234798  -0.0003988167
        0.0008421466  -0.0006079467  -0.0000858309  -0.0002427411   0.0003734919
        0.0021293518  -0.0010324473  -0.0001238081   0.0063834945   0.0186057525
       -0.0004476399  -0.0830466198  -0.0925270018  -0.0014015823  -0.0000514827
       -0.0000193473   0.0000308234   0.0000357980  -0.0000067097   0.0000134646
       -0.0000217083   0.0000432607  -0.0000671405   0.0000197100  -0.0000089953
       -0.0000088650   0.0000036795  -0.0000220098   0.0000171580  -0.0000180676
        0.0000246754   0.0000324562   0.0000333024  -0.0000389949  -0.0000236849
        0.0005644274   0.0001051610   0.0005159832  -0.0019321546   0.0033041065
       -0.0015658786  -0.0020765879  -0.0059297575  -0.0011400802   0.0926312614
        0.1036562811   0.0035558856  -0.0141762101  -0.0266987315   0.0008912165
       -0.0000431653   0.0000370521  -0.0000263777   0.0000171613   0.0000086446
        0.0000064768  -0.0001041722   0.0001167447   0.0000255098  -0.0003086474
       -0.0004682559   0.0001997797  -0.0000123119   0.0003339405  -0.0003173518
       -0.0006894426   0.0012758613  -0.0000825610  -0.0043489716  -0.0248525040
        0.0025761773  -0.0911782799  -0.2490695333  -0.0041198413   0.0000289880
        0.0000307287  -0.0000202577  -0.0000388589   0.0000041558  -0.0000005995
        0.0000378597  -0.0000184658   0.0000629020  -0.0000131425  -0.0000000148
       -0.0000094002  -0.0000202697  -0.0000158221  -0.0000071985   0.0000674743
        0.0000124969  -0.0000820986  -0.0000807797   0.0000244946   0.0000186311
       -0.0006294440   0.0006397991  -0.0004000342   0.0032158249  -0.0026557765
        0.0024244318  -0.0062540058  -0.0117173600  -0.0033994937   0.1036562811
        0.2885122538   0.0026027905  -0.0033020978  -0.0021984398   0.0005485155
       -0.0000167925  -0.0000304896   0.0000369983   0.0000177163   0.0000011902
       -0.0000014933   0.0000083765  -0.0000424898   0.0000407319   0.0002283483
       -0.0001139899   0.0001369061  -0.0000293869   0.0000938225  -0.0001824286
        0.0002643300  -0.0006194045  -0.0000359134   0.0045441202   0.0139767304
       -0.0001030812  -0.0020085180  -0.0048815085  -0.0446569475   0.0000133784
        0.0000132428   0.0000091992  -0.0000011090   0.0000021426  -0.0000168719
       -0.0000186363   0.0000331478  -0.0000180933   0.0000075729  -0.0000099953
       -0.0000099752  -0.0000104629   0.0000123059  -0.0000176240   0.0000330415
       -0.0000155398  -0.0000130036   0.0000050035   0.0000082767  -0.0000206002
        0.0004455799   0.0006943925   0.0003505605  -0.0020701401   0.0023829233
       -0.0004535308  -0.0133374103  -0.0289960521  -0.0032809399   0.0035558856
        0.0026027905   0.0480977547   0.0083691030   0.0148885043   0.0001383524
       -0.0000471773  -0.0000140979  -0.0000152113  -0.0000387508  -0.0000070828
        0.0000682459  -0.0003957850   0.0002192932  -0.0001299844  -0.0005496192
       -0.0008445903   0.0015162118   0.0002076536   0.0002726484  -0.0005055836
       -0.0041128211   0.0043194879  -0.0026851496  -0.0192249522   0.0015485836
        0.0092375816  -0.2275343350  -0.0009564171   0.1084296572   0.0000362417
        0.0000289192  -0.0000112739  -0.0000101094   0.0000063333  -0.0000052125
        0.0000100269   0.0000136030   0.0000477257  -0.0000227939  -0.0000222371
       -0.0000090807   0.0000181486   0.0000053552  -0.0000021177   0.0000780470
        0.0000250686  -0.0000884107  -0.0000337727  -0.0000038021   0.0000146835
        0.0000191816  -0.0003573574   0.0001605727   0.0003231785  -0.0001674510
        0.0003423193   0.0029025064  -0.0000000337   0.0002312941  -0.0141762101
       -0.0033020978   0.0083691030   0.2625513426  -0.0007641252  -0.1249653705
        0.0000053628   0.0000199961   0.0000020874   0.0000611754   0.0000174564
       -0.0000150259   0.0002866890  -0.0002155228   0.0000759644   0.0010814320
        0.0001926247  -0.0007523146  -0.0002304618   0.0000287283   0.0000134066
        0.0040317322  -0.0026660055   0.0016871328   0.0161771544  -0.0007461382
       -0.0083886393  -0.0020500917  -0.0418766173   0.0004238760   0.0000143514
       -0.0000113603  -0.0000034504  -0.0000021824  -0.0000014283  -0.0000039115
       -0.0000060788  -0.0000225573   0.0000039756   0.0000110314   0.0000088946
        0.0000049892  -0.0000119114   0.0000012760  -0.0000076754  -0.0000208086
       -0.0000333391   0.0000350005   0.0000341346   0.0000100034  -0.0000238270
       -0.0000812004   0.0002908347  -0.0003026822   0.0003424705   0.0001805123
       -0.0003285033   0.0078200579   0.0004289053  -0.0061205378  -0.0266987315
       -0.0021984398   0.0148885043  -0.0007641252   0.0465921767  -0.0011883694
       -0.0000200295  -0.0000096094   0.0000056758  -0.0000472874  -0.0000015300
        0.0000119116  -0.0001558948   0.0000848326  -0.0000603583  -0.0009378243
        0.0003852213   0.0001901812   0.0001351929  -0.0002667836   0.0002024082
       -0.0023037293   0.0015354764   0.0000317998  -0.0089326625   0.0000855881
        0.0051183126   0.1097867927  -0.0002245224  -0.1058447530  -0.0000118669
        0.0000009395  -0.0000046608   0.0000065995   0.0000036923   0.0000112415
        0.0000180091   0.0000084924  -0.0000029336  -0.0000001107  -0.0000032891
       -0.0000080563   0.0000053868  -0.0000059703   0.0000147489  -0.0000293707
        0.0000034981  -0.0000087753  -0.0000180202   0.0000044206   0.0000029877
       -0.0003572648   0.0000695092   0.0003889491  -0.0001150918  -0.0002376289
        0.0001845399   0.0270513258  -0.0007924828  -0.0195484959   0.0008912165
        0.0005485155   0.0001383524  -0.1249653705  -0.0011883694   0.1191769245
