           1           2  0.954889409720103     
           2           3  0.977673213012254     
           3           4  0.967844811846447     
           4           5  0.952363763431100     
           3           6  0.993370176311528     
           6           7  0.944346434849305     
           1           8  0.978424369298144     
           1           9  0.976185637063245     
           1          10  0.980396131653399     
           3          11  0.934156198260554     
           5          12  0.978298014108887     
           5          13  0.979774434946989     
           5          14  0.979057856525923     
           7          15  0.977595054714955     
           7          16  0.978989816139064     
           7          17  0.977099097367311     
