           1           2   1.02038528293437     
           2           3   1.00695261165460     
           3           4  0.994723901193720     
           4           5  0.983179213986424     
           5           6   1.69012216481681     
           5           7   1.16546858534933     
           6           7  0.168685135790045     
           7           8  0.939542317500066     
           1           9  0.986567176800700     
           1          10  0.987018247897862     
           1          11  0.985524131053625     
           2          12  0.976554711319462     
           2          13  0.977426272967128     
           3          14  0.978013605062419     
           3          15  0.974813682498781     
           4          16  0.937343415512705     
           4          17  0.968608913983417     
           8          18  0.976528799803253     
           8          19  0.975562132692631     
           8          20  0.976799648053353     
