           1           2   1.01968381361234     
           2           3   1.00707666044307     
           3           4  0.982019853289075     
           4           5   1.70016786332718     
           4           6   1.15667175394413     
           5           6  0.167586935293535     
           6           7  0.919805439027235     
           7           8   1.01373221266316     
           1           9  0.986894464640758     
           1          10  0.986296758319282     
           1          11  0.986842465460397     
           2          12  0.977296340497863     
           2          13  0.977649801862751     
           3          14  0.949265749538687     
           3          15  0.944503520788132     
           7          16  0.970331098204708     
           7          17  0.969134208928195     
           8          18  0.985782617006674     
           8          19  0.980239995583577     
           8          20  0.984535478231371     
