           1           2   1.01745011351643     
           2           3  0.974384512035573     
           3           4  0.978912549532440     
           4           5   1.68896246254981     
           4           6   1.17175563029336     
           5           6  0.170947339911117     
           6           7  0.918201030122178     
           7           8   1.01965583557796     
           1           9  0.986516901151445     
           1          10  0.984302826593750     
           1          11  0.986821965705176     
           2          12  0.978132982223157     
           2          13  0.978854708196352     
           3          14  0.968476533118068     
           3          15  0.965088358706622     
           7          16  0.969119194269660     
           7          17  0.968573312741726     
           8          18  0.983377732963106     
           8          19  0.983714716707235     
           8          20  0.980051890216797     
