           1           2   1.02153745490699     
           2           3  0.984602744691288     
           3           4  0.978377572217624     
           4           5   1.69004492679081     
           4           6   1.17129704163456     
           5           6  0.170165922079161     
           6           7  0.920084941693166     
           7           8   1.01953900749284     
           1           9  0.985637564349422     
           1          10  0.986674070648535     
           1          11  0.987399766802850     
           2          12  0.976563082245946     
           2          13  0.975213391565368     
           3          14  0.951564848046211     
           3          15  0.972849957579708     
           7          16  0.968679517019113     
           7          17  0.969187028429813     
           8          18  0.980169648662955     
           8          19  0.983684526712477     
           8          20  0.983484593813834     
