           1           2   1.42182389549048     
           2           3   1.44386281422246     
           3           4   1.39254750522992     
           4           5   1.32612787080160     
           1           6   1.44716399591164     
           5           6   1.38499900379100     
           5           7   1.04964627462378     
           7           8   1.70464889602948     
           7           9   1.04716130480333     
           9          10   1.43518497038035     
          10          11   1.35280280402724     
          11          12   1.53167862995282     
          12          13   1.24904438387756     
           9          14   1.28088206640517     
          13          14   1.23566219614435     
           4          15   1.04031811804351     
          14          15   1.14588081256391     
          15          16   1.60519398195471     
          13          17   1.32094693663785     
          17          18  0.999587677448290     
          18          19  0.991450892515585     
          19          20   1.00500187852300     
           1          21  0.967077505675002     
           2          22  0.967023382476976     
           3          23  0.963635135149744     
           6          24  0.964694382060685     
          10          25  0.964827824694076     
          11          26  0.966263969354850     
          12          27  0.962013519975616     
          17          28  0.879132064098959     
          18          29  0.959458970266560     
          18          30  0.959004387685557     
          19          31  0.969663087908135     
          19          32  0.971197129425593     
          20          33  0.854635202630039     
