           1           2   1.02110710777902     
           2           3  0.990644913070014     
           3           4  0.978643101875113     
           4           5   1.69142164651071     
           4           6   1.16858450516876     
           5           6  0.170552980111289     
           6           7  0.918533682093119     
           7           8   1.01965120013404     
           1           9  0.985997410017438     
           1          10  0.986258930726223     
           1          11  0.987662547076350     
           2          12  0.976924696505992     
           2          13  0.975682322366315     
           3          14  0.944246439529516     
           3          15  0.970834130739137     
           7          16  0.969343156425511     
           7          17  0.968693365521092     
           8          18  0.983420996552660     
           8          19  0.983752410371882     
           8          20  0.980128897367381     
