$hessian                                                                        
        0.5152344254   0.0020388446   0.0142655859  -0.0769740470   0.0019357086
        0.0331496192  -0.0046233001  -0.0035128417   0.0137589327  -0.0003522535
       -0.0003429219   0.0008771760   0.0001366421   0.0001881450   0.0003532965
       -0.0000387494  -0.0000496975  -0.0000325205   0.0002810061  -0.0001296514
        0.0000098052   0.0000855085  -0.0000380472  -0.0000738425  -0.1979421891
       -0.0281030467  -0.1091773323  -0.1501610006   0.1154152865   0.0266931246
       -0.0841883810  -0.0872592723   0.0212971237   0.0051069152  -0.0004711586
       -0.0228986677  -0.0063128889   0.0020274956   0.0212239630   0.0005648240
        0.0005337425  -0.0006745610  -0.0006045511  -0.0022876588   0.0011476173
       -0.0000703732   0.0000077510  -0.0000117375  -0.0000908083   0.0000188936
        0.0000477023  -0.0000386933   0.0000179681   0.0000153025  -0.0000027944
       -0.0000120836   0.0000270670  -0.0000092914   0.0000225443   0.0000023455
        0.0020388446   0.5273441968   0.0004624925   0.0022207204  -0.0649777717
       -0.0022244063  -0.0088770510  -0.0045884222   0.0244452243   0.0014410942
       -0.0009392033   0.0003009025  -0.0002700010   0.0002868815   0.0007962684
       -0.0007749274   0.0009220074   0.0002106046   0.0001663374  -0.0001050710
        0.0000771050  -0.0000520136  -0.0000742191  -0.0000434174  -0.0279974829
       -0.0505837009  -0.0202738200   0.1151864419  -0.1709207944  -0.0304222273
       -0.0869408918  -0.2336179887   0.0479534372   0.0007863674   0.0008536042
       -0.0036745325   0.0066211407  -0.0007143885  -0.0210413514  -0.0006370855
        0.0011965993   0.0008704261  -0.0028740158  -0.0042001973   0.0025408911
        0.0000001738   0.0000317761   0.0000027504  -0.0000035306  -0.0000115645
       -0.0000069266  -0.0000134160   0.0000344581   0.0000104762  -0.0000164476
        0.0000577630  -0.0000009024  -0.0000042572   0.0000060350   0.0000170056
        0.0142655859   0.0004624925   0.4636978903   0.0328743411  -0.0023841863
       -0.1954522685   0.0065482553   0.0065081659  -0.0122635246  -0.0005511929
       -0.0006943229   0.0004747309   0.0001086508   0.0004289491   0.0001130321
        0.0000455945   0.0000471572   0.0001720745  -0.0001908475  -0.0000298984
       -0.0001878336  -0.0000221961  -0.0000269168  -0.0000874665  -0.1094387453
       -0.0204532783  -0.1197913102   0.0271407721  -0.0305814486  -0.0498531372
        0.0213513884   0.0484791274  -0.0539173165   0.0024302263  -0.0006713689
       -0.0235916803   0.0050499685  -0.0018503166  -0.0102620049  -0.0004010711
       -0.0007339936   0.0007232218   0.0008335513   0.0014670858   0.0001001007
        0.0000107584  -0.0000100396   0.0000103659  -0.0000570551   0.0000219199
        0.0000641439   0.0000121247  -0.0000054146   0.0000056436   0.0000137348
        0.0000082998   0.0000144678  -0.0000238441   0.0000179868   0.0000308707
       -0.0769740470   0.0022207204   0.0328743411   0.5262993781  -0.0322427197
        0.0245813622  -0.0834258415  -0.0433743419   0.0163584386  -0.0163955670
       -0.0228011178   0.0043758978  -0.0027164692  -0.0006079739  -0.0039147595
       -0.0010386794  -0.0007723267  -0.0011626011   0.0007073950   0.0002310515
       -0.0005433827   0.0002280536   0.0000382057   0.0000761346   0.0059027782
       -0.0002061019  -0.0240002848  -0.0071421541   0.0018985493   0.0218487582
       -0.0039186135  -0.0014957937   0.0128695660  -0.1996711165  -0.0231084825
       -0.1079108018  -0.1462534754   0.1133029795   0.0245251027   0.0070552740
        0.0142535803  -0.0037318126  -0.0024586441  -0.0073156207   0.0038663189
        0.0000605814  -0.0000083329  -0.0000412210  -0.0001832401  -0.0000048868
       -0.0000497603   0.0000194133  -0.0000006875   0.0000201616  -0.0000726590
        0.0000187022  -0.0000379897  -0.0000223668  -0.0000254030  -0.0000034680
        0.0019357086  -0.0649777717  -0.0023841863  -0.0322427197   0.4769605514
        0.0192380264  -0.0355904648  -0.1580873970   0.0306080447  -0.0177784860
       -0.0074300119  -0.0078514166  -0.0000998340   0.0023254622   0.0019962032
        0.0030580865  -0.0029586723   0.0000857174  -0.0002234114   0.0000379260
       -0.0005232176   0.0000281744  -0.0001230858   0.0000120709   0.0007315458
        0.0003513708  -0.0043086640   0.0071529642  -0.0013216840  -0.0218581117
       -0.0080386637  -0.0021595674   0.0257118697  -0.0237553263  -0.0467412020
       -0.0188307820   0.1146129049  -0.1668268009  -0.0303271046  -0.0075964011
       -0.0255732602   0.0051066203  -0.0023532049  -0.0036716812   0.0031722980
        0.0001352792   0.0000831444   0.0000750526  -0.0000515655   0.0000585783
        0.0000711973   0.0000178252  -0.0000058573  -0.0000056204   0.0000579965
        0.0000224129   0.0000451524  -0.0000004081   0.0000375458  -0.0000331496
        0.0331496192  -0.0022244063  -0.1954522685   0.0245813622   0.0192380264
        0.4755280897   0.0095654946   0.0235020127  -0.0645211957  -0.0048774146
       -0.0114242638   0.0058181312  -0.0018589211  -0.0001184971  -0.0042680914
        0.0004391618  -0.0002283407   0.0005122657  -0.0001099849   0.0002435558
       -0.0005733810   0.0000056940   0.0000177782  -0.0000745236   0.0021455840
       -0.0002625017  -0.0243341231   0.0053496318  -0.0028046137  -0.0099143701
        0.0038492865   0.0020980756  -0.0099834245  -0.1081868983  -0.0188504976
       -0.1150065161   0.0246694744  -0.0305846048  -0.0494810907  -0.0017868355
       -0.0039280491   0.0018330444   0.0130855480   0.0254167964  -0.0101492383
        0.0000592826  -0.0000615932   0.0000125305  -0.0001103630   0.0000116650
        0.0000089758   0.0000011178  -0.0000333204   0.0000013229   0.0000328961
       -0.0000106921   0.0000248998  -0.0000037355   0.0000034702   0.0000189632
       -0.0046233001  -0.0088770510   0.0065482553  -0.0834258415  -0.0355904648
        0.0095654946   0.4726958932  -0.0541606239  -0.0216513372  -0.1453922721
       -0.0194887376  -0.0474646979  -0.0064039440  -0.0064027379  -0.0164748951
       -0.0447999339   0.0133527695  -0.0130166843   0.0012755710   0.0035391725
        0.0006117773  -0.0012859077   0.0000287191  -0.0005465607   0.0007217009
        0.0004729634  -0.0004322398   0.0001318488  -0.0007254534  -0.0002208466
       -0.0000203709  -0.0002739847   0.0025099021  -0.0137936215  -0.0254655301
        0.0044574046   0.0067667929   0.0148467029  -0.0040774969  -0.1327520450
        0.1123583347   0.0334568734  -0.0483942768   0.0062542606   0.0470050876
        0.0001906436  -0.0000149060  -0.0000492940  -0.0006801746  -0.0000325393
       -0.0002599252  -0.0003094171   0.0002973468   0.0001269702   0.0000156429
       -0.0000602163  -0.0000051378   0.0000830116  -0.0000580245  -0.0000826497
       -0.0035128417  -0.0045884222   0.0065081659  -0.0433743419  -0.1580873970
        0.0235020127  -0.0541606239   0.4819007141   0.0305906397   0.0000617733
       -0.0639587719   0.0045121203  -0.0276983752  -0.0109928974  -0.0338706339
        0.0217305721   0.0043792324   0.0095110705   0.0041104316  -0.0011699973
       -0.0027682333   0.0011053085   0.0000003617   0.0004472281   0.0003354770
        0.0004544429  -0.0004744913   0.0003715180   0.0012544724  -0.0008670779
        0.0000840369   0.0008851693   0.0007222706  -0.0060057931  -0.0090733367
        0.0012522995  -0.0084460386  -0.0273445883   0.0059148984   0.1092444803
       -0.1765781712  -0.0412775432   0.0059357189  -0.0366475723  -0.0034431724
        0.0004050609  -0.0002391445   0.0000825103  -0.0004810385   0.0000060405
       -0.0003076733   0.0002721623  -0.0003141441  -0.0001052344  -0.0000015555
        0.0001004449   0.0000108527   0.0000240689   0.0000135648   0.0000599910
        0.0137589327   0.0244452243  -0.0122635246   0.0163584386   0.0306080447
       -0.0645211957  -0.0216513372   0.0305906397   0.4981725978  -0.0423570952
       -0.0051957697  -0.0942703761  -0.0306208121  -0.0241100842  -0.0109946317
       -0.0049227829   0.0045749880   0.0056888379   0.0001249512  -0.0031928810
        0.0033933196   0.0001395533  -0.0000266500   0.0000823054   0.0003006895
        0.0004951701   0.0013427480  -0.0004372177   0.0008297940   0.0007283778
        0.0021813610   0.0012180027  -0.0057318427  -0.0060579712  -0.0116518892
        0.0030910703  -0.0015300558  -0.0029297616   0.0012827980   0.0314116637
       -0.0403693112  -0.0569213746   0.0434430930  -0.0052223306  -0.2689128580
       -0.0007678991   0.0001121517  -0.0003256272   0.0005799198  -0.0001625903
        0.0001588894   0.0000736028  -0.0000371427  -0.0000412668   0.0000149001
       -0.0000068469   0.0000091222  -0.0000419345   0.0000312424   0.0000326310
       -0.0003522535   0.0014410942  -0.0005511929  -0.0163955670  -0.0177784860
       -0.0048774146  -0.1453922721   0.0000617733  -0.0423570952   0.4753178635
        0.0151846044   0.1324999321  -0.1015177368  -0.1007388703  -0.0865138489
       -0.1504173118   0.0771985978   0.0124179055  -0.0423418035   0.0222794703
       -0.0026338338  -0.0042860958  -0.0003606920  -0.0023653852   0.0005173999
       -0.0005716936   0.0005562791  -0.0005666330  -0.0000368961   0.0003936518
        0.0003537352   0.0005421351  -0.0006246207   0.0000637194  -0.0006515215
        0.0005564109   0.0009829964   0.0017921305   0.0004106407  -0.0205668777
        0.0011119579  -0.0089178928   0.0048296355  -0.0028114337   0.0001167534
        0.0003031851   0.0017759113   0.0000852870   0.0007355934   0.0005756543
        0.0014537280  -0.0006691353   0.0013574448   0.0007494827  -0.0002978309
       -0.0003837683  -0.0001081066  -0.0003006111   0.0000125876  -0.0002906806
       -0.0003429219  -0.0009392033  -0.0006943229  -0.0228011178  -0.0074300119
       -0.0114242638  -0.0194887376  -0.0639587719  -0.0051957697   0.0151846044
        0.6124388485   0.2996268788  -0.0857950234  -0.3823041025  -0.2622291649
        0.0820570086  -0.1587508297  -0.0356201253   0.0204927928   0.0020449603
        0.0095629057  -0.0029309257  -0.0006783325  -0.0017388558  -0.0002618501
        0.0012619697   0.0008124777   0.0008548522  -0.0001303467   0.0001651890
       -0.0001181816  -0.0001853670   0.0000420975  -0.0026166755  -0.0044677918
        0.0011144512  -0.0005079361  -0.0009810065  -0.0009262791   0.0209267785
        0.0009495748   0.0101582849   0.0004696486   0.0010231388  -0.0019756958
       -0.0044053226   0.0000742559   0.0008693296  -0.0013520229   0.0023750855
       -0.0026707170  -0.0011684756   0.0002894930  -0.0003782674   0.0009663855
       -0.0004548207   0.0001836866   0.0008371203  -0.0001767420   0.0003181607
        0.0008771760   0.0003009025   0.0004747309   0.0043758978  -0.0078514166
        0.0058181312  -0.0474646979   0.0045121203  -0.0942703761   0.1324999321
        0.2996268788   0.4623923064  -0.0764302987  -0.2672440749  -0.2857213774
        0.0179752165  -0.0399894358  -0.0753309111  -0.0043944634   0.0108304393
        0.0060310945  -0.0037925456  -0.0008996077  -0.0019327226  -0.0005039090
        0.0008680717  -0.0007793442   0.0003307591  -0.0001596495  -0.0000385495
        0.0001038370   0.0000659757  -0.0007262092   0.0017701122   0.0033380881
        0.0001192006  -0.0001299205  -0.0008455234   0.0005373784   0.0047352587
        0.0005904160   0.0032313002  -0.0256672208  -0.0050821827  -0.0207670429
       -0.0017121883  -0.0003411518   0.0019132816  -0.0026134550   0.0020182139
       -0.0009986295  -0.0011295792   0.0006777841   0.0001700494   0.0004270128
       -0.0000800867   0.0001050626   0.0007430761  -0.0003357612  -0.0002273732
        0.0001366421  -0.0002700010   0.0001086508  -0.0027164692  -0.0000998340
       -0.0018589211  -0.0064039440  -0.0276983752  -0.0306208121  -0.1015177368
       -0.0857950234  -0.0764302987   0.1035956302   0.0790464635   0.0891986670
        0.0057514389   0.0360188195   0.0164797000   0.0014742033   0.0029387189
        0.0047542308   0.0008779026   0.0007253492   0.0006812014  -0.0003830567
       -0.0000347274   0.0000637935   0.0002569039   0.0000856977  -0.0001420521
       -0.0000489283  -0.0001368867   0.0000033154  -0.0007734746  -0.0011010028
        0.0003060431  -0.0000395086  -0.0000176444  -0.0001423885   0.0028287251
       -0.0007346501   0.0011415674  -0.0047220041  -0.0013546882  -0.0036101097
        0.0010833412  -0.0002597741  -0.0005423952   0.0006158962  -0.0011796216
        0.0007341975   0.0002445179  -0.0002559977  -0.0000642014  -0.0001515676
        0.0000858389   0.0000190355  -0.0001085114   0.0000373389  -0.0000792237
        0.0001881450   0.0002868815   0.0004289491  -0.0006079739   0.0023254622
       -0.0001184971  -0.0064027379  -0.0109928974  -0.0241100842  -0.1007388703
       -0.3823041025  -0.2672440749   0.0790464635   0.4719390143   0.3496568543
        0.0356608115  -0.0809430353  -0.0603863899  -0.0051410016  -0.0000656555
        0.0006994602   0.0007950569   0.0005391749   0.0005380433  -0.0000758594
       -0.0007255653   0.0002386872  -0.0003953331   0.0001055587  -0.0001135144
        0.0001869654   0.0000417472   0.0001195014  -0.0007243758  -0.0007609298
       -0.0000016233   0.0003502126   0.0002593058  -0.0001582765   0.0003451035
        0.0004781417   0.0011387598  -0.0033421188  -0.0005166833  -0.0017443281
        0.0010343754   0.0002165012  -0.0004353207   0.0002531481  -0.0003756700
        0.0012749966   0.0003877631   0.0000920805   0.0002840292  -0.0003153883
        0.0003817010  -0.0002010200  -0.0005043860   0.0000189701   0.0001338478
        0.0003532965   0.0007962684   0.0001130321  -0.0039147595   0.0019962032
       -0.0042680914  -0.0164748951  -0.0338706339  -0.0109946317  -0.0865138489
       -0.2622291649  -0.2857213774   0.0891986670   0.3496568543   0.3105150809
        0.0162646530  -0.0596490742  -0.0091108478  -0.0010395254   0.0041026580
       -0.0014487428   0.0008636711   0.0005109226   0.0009136223   0.0004309329
       -0.0006451321   0.0003162480  -0.0003997641   0.0000954151  -0.0000918370
        0.0001305265   0.0001039477   0.0001932002  -0.0012721370  -0.0023391926
        0.0004091094   0.0002288298   0.0003495648  -0.0002037523   0.0019728071
        0.0006928401   0.0005694400  -0.0014762691   0.0004266965  -0.0009163133
        0.0013334275   0.0007960971  -0.0008797628   0.0006102619  -0.0010840983
        0.0005198344   0.0004113835  -0.0000103011   0.0001092461  -0.0003133961
        0.0002094348  -0.0001673837  -0.0003938615   0.0000906945   0.0001439269
       -0.0000387494  -0.0007749274   0.0000455945  -0.0010386794   0.0030580865
        0.0004391618  -0.0447999339   0.0217305721  -0.0049227829  -0.1504173118
        0.0820570086   0.0179752165   0.0057514389   0.0356608115   0.0162646530
        0.4032420542  -0.1093307841   0.0669027618  -0.1299023011  -0.0294530443
       -0.0539504598  -0.0320688570   0.0064401337  -0.0097833820  -0.0000824781
        0.0002615610   0.0002349923   0.0000784393   0.0002927529  -0.0001787677
        0.0000386669  -0.0001995412   0.0001012478  -0.0004300968  -0.0004080287
       -0.0001919212  -0.0003679615  -0.0007720876  -0.0001067323  -0.0072330425
        0.0003286514  -0.0040076383  -0.0007227162   0.0015706514  -0.0003339317
       -0.0319255978  -0.0118913892  -0.0133243567  -0.0105604680  -0.0006735841
       -0.0165617910  -0.0034259519   0.0043826096   0.0017074411   0.0019712738
       -0.0007390579  -0.0002444642   0.0019322723  -0.0015403942  -0.0000648410
       -0.0000496975   0.0009220074   0.0000471572  -0.0007723267  -0.0029586723
       -0.0002283407   0.0133527695   0.0043792324   0.0045749880   0.0771985978
       -0.1587508297  -0.0399894358   0.0360188195  -0.0809430353  -0.0596490742
       -0.1093307841   0.3084731073   0.1181019341  -0.0213087300  -0.0693173071
       -0.0182011872   0.0267961966   0.0009030546   0.0102558335   0.0001460512
       -0.0004826179  -0.0005160464  -0.0002755069  -0.0000358030   0.0000406385
        0.0000157679   0.0001429025  -0.0002968866  -0.0000378750   0.0005914134
       -0.0000146747  -0.0005849122   0.0010151715   0.0003148372  -0.0000117911
        0.0003674240  -0.0000549285  -0.0002597601  -0.0007895508   0.0000709031
       -0.0267114427  -0.0028482109  -0.0147133844   0.0030814402   0.0008541531
        0.0010452728   0.0046894940  -0.0035967455  -0.0012908706  -0.0010307138
        0.0014063659   0.0004159685  -0.0009255968   0.0006679405   0.0000872961
       -0.0000325205   0.0002106046   0.0001720745  -0.0011626011   0.0000857174
        0.0005122657  -0.0130166843   0.0095110705   0.0056888379   0.0124179055
       -0.0356201253  -0.0753309111   0.0164797000  -0.0603863899  -0.0091108478
        0.0669027618   0.1181019341   0.1855966167  -0.0481435633  -0.0223634971
       -0.0935994823   0.0060810936   0.0015408816   0.0065550826   0.0002556464
        0.0000258432   0.0001630097   0.0000233171  -0.0000445631  -0.0000748403
       -0.0000693660  -0.0000538304  -0.0000516262   0.0001085134  -0.0002915512
       -0.0000750785   0.0000427839  -0.0000855262  -0.0004297238  -0.0036699987
       -0.0003517222  -0.0007541104   0.0007609879  -0.0004560203   0.0010125569
       -0.0020623350  -0.0046061293   0.0015135488  -0.0369538794  -0.0041712221
       -0.0227723577   0.0019860832  -0.0014046644   0.0002875445   0.0002169645
       -0.0001285397  -0.0001497071  -0.0001648090   0.0004877298   0.0008471479
        0.0002810061   0.0001663374  -0.0001908475   0.0007073950  -0.0002234114
       -0.0001099849   0.0012755710   0.0041104316   0.0001249512  -0.0423418035
        0.0204927928  -0.0043944634   0.0014742033  -0.0051410016  -0.0010395254
       -0.1299023011  -0.0213087300  -0.0481435633   0.3989145207   0.0058672950
       -0.0446798323  -0.1005945201   0.0576795725   0.0323648105  -0.0002028721
       -0.0000216382   0.0002511478   0.0000691260  -0.0001515148   0.0000537381
       -0.0000715396   0.0000565168   0.0000706157   0.0002432537   0.0000009591
        0.0001879837  -0.0004391687  -0.0002221229  -0.0000979414  -0.0007968458
       -0.0004589504  -0.0008808769  -0.0005637770  -0.0000838815   0.0000739885
       -0.0682035269  -0.0745560938   0.0228069248  -0.0438809048  -0.0029597186
        0.0361245923  -0.0185178164   0.0190453180   0.0072673046   0.0064006588
       -0.0064607232  -0.0043186665  -0.0038506587   0.0041685633   0.0045296444
       -0.0001296514  -0.0001050710  -0.0000298984   0.0002310515   0.0000379260
        0.0002435558   0.0035391725  -0.0011699973  -0.0031928810   0.0222794703
        0.0020449603   0.0108304393   0.0029387189  -0.0000656555   0.0041026580
       -0.0294530443  -0.0693173071  -0.0223634971   0.0058672950   0.5083902049
       -0.0042271978   0.0549441832  -0.1476734497  -0.0395071266   0.0000293927
        0.0000913823   0.0000921925   0.0000244949  -0.0000219464   0.0000366959
       -0.0000376539  -0.0000003407   0.0000361156   0.0000829069   0.0001978364
        0.0000273843  -0.0001442750   0.0000236791  -0.0000748471   0.0012131199
        0.0000854072   0.0004128133  -0.0004073744  -0.0000762081  -0.0001608196
       -0.0736892997  -0.2200110493   0.0477020263  -0.0054219548  -0.0451688563
        0.0183748856   0.0006394260   0.0002165282   0.0004298501   0.0162043843
       -0.0275625846  -0.0097739447   0.0012896374   0.0000845417  -0.0029584045
        0.0000098052   0.0000771050  -0.0001878336  -0.0005433827  -0.0005232176
       -0.0005733810   0.0006117773  -0.0027682333   0.0033933196  -0.0026338338
        0.0095629057   0.0060310945   0.0047542308   0.0006994602  -0.0014487428
       -0.0539504598  -0.0182011872  -0.0935994823  -0.0446798323  -0.0042271978
        0.4917670653   0.0302424579  -0.0382899569  -0.0862829258   0.0001656123
        0.0000076533  -0.0000468388   0.0000216415  -0.0000878968   0.0000322784
       -0.0000115908   0.0000557068  -0.0000024289  -0.0000843844  -0.0001066768
        0.0001197754  -0.0002420787   0.0001961400   0.0001407276   0.0002898345
       -0.0003385509   0.0003300998   0.0001991746   0.0001081691   0.0004558498
        0.0196502065   0.0473490102  -0.0562679599   0.0377105982   0.0193683538
       -0.2550907770  -0.0074185037   0.0082285500   0.0034537323  -0.0032853422
        0.0032485181   0.0025889111   0.0191940697  -0.0243586552  -0.0148124838
        0.0000855085  -0.0000520136  -0.0000221961   0.0002280536   0.0000281744
        0.0000056940  -0.0012859077   0.0011053085   0.0001395533  -0.0042860958
       -0.0029309257  -0.0037925456   0.0008779026   0.0007950569   0.0008636711
       -0.0320688570   0.0267961966   0.0060810936  -0.1005945201   0.0549441832
        0.0302424579   0.5123515560   0.0297373611   0.0171652238  -0.0000183088
        0.0000384666  -0.0000646474  -0.0000301977   0.0000296009   0.0000261516
       -0.0000415705  -0.0000260268   0.0000117713  -0.0000671380  -0.0000018476
       -0.0000053496  -0.0000127429   0.0001569757   0.0000225965  -0.0005115510
        0.0000168671  -0.0002428282   0.0000206005   0.0000004921   0.0001056445
        0.0055105043  -0.0051572180  -0.0030183551  -0.0036314184   0.0054186118
        0.0047429134  -0.2438554268  -0.0154179519  -0.0976896366  -0.0878565251
       -0.0924128439   0.0236754857  -0.0448138657  -0.0030684675   0.0217533019
       -0.0000380472  -0.0000742191  -0.0000269168   0.0000382057  -0.0001230858
        0.0000177782   0.0000287191   0.0000003617  -0.0000266500  -0.0003606920
       -0.0006783325  -0.0008996077   0.0007253492   0.0005391749   0.0005109226
        0.0064401337   0.0009030546   0.0015408816   0.0576795725  -0.1476734497
       -0.0382899569   0.0297373611   0.4919141024  -0.0166296176   0.0000238134
        0.0000204122   0.0000472838  -0.0000065353   0.0000154816   0.0000207508
        0.0000294231   0.0000332400  -0.0000109179   0.0000403068   0.0000441150
        0.0000027077  -0.0000835363   0.0000655457  -0.0000210238   0.0000316721
        0.0000489226   0.0000261771   0.0000335782  -0.0000012998  -0.0000242857
        0.0153406442  -0.0244991985  -0.0093679958   0.0012227515   0.0001099531
       -0.0017071483  -0.0140176609  -0.0426442570  -0.0060441690  -0.0937184909
       -0.2319636649   0.0489380129  -0.0031465678  -0.0460368563   0.0219437750
       -0.0000738425  -0.0000434174  -0.0000874665   0.0000761346   0.0000120709
       -0.0000745236  -0.0005465607   0.0004472281   0.0000823054  -0.0023653852
       -0.0017388558  -0.0019327226   0.0006812014   0.0005380433   0.0009136223
       -0.0097833820   0.0102558335   0.0065550826   0.0323648105  -0.0395071266
       -0.0862829258   0.0171652238  -0.0166296176   0.5223500155  -0.0000033640
       -0.0000075315   0.0000238853   0.0000015019   0.0000231249   0.0000281028
        0.0000222347   0.0000036239   0.0000260058  -0.0000000601   0.0000121960
        0.0000372409   0.0000355494   0.0000250559   0.0000309244  -0.0001901112
        0.0000374283  -0.0000828047   0.0000422633  -0.0000098668   0.0000740300
       -0.0026646253   0.0039096067   0.0028655478   0.0175884142  -0.0221209944
       -0.0127930037  -0.0966003531  -0.0066625947  -0.0887823648   0.0232936408
        0.0480554262  -0.0570057252   0.0209567096   0.0234003671  -0.2859452261
       -0.1979421891  -0.0279974829  -0.1094387453   0.0059027782   0.0007315458
        0.0021455840   0.0007217009   0.0003354770   0.0003006895   0.0005173999
       -0.0002618501  -0.0005039090  -0.0003830567  -0.0000758594   0.0004309329
       -0.0000824781   0.0001460512   0.0002556464  -0.0002028721   0.0000293927
        0.0001656123  -0.0000183088   0.0000238134  -0.0000033640   0.2283218212
        0.0332342957   0.1270964132  -0.0234724835  -0.0008649873  -0.0133283591
       -0.0145092462  -0.0050269341  -0.0085009871   0.0009660814  -0.0001053183
        0.0013828427   0.0005920882  -0.0001922731   0.0002666115  -0.0002438350
        0.0000604266  -0.0001179248  -0.0001350739   0.0000092801   0.0000926816
        0.0000311649   0.0000101341  -0.0000621365  -0.0000995522  -0.0000379809
       -0.0001301910   0.0000081032  -0.0000136414  -0.0000164819  -0.0000003479
        0.0000253167   0.0000010169   0.0000283055  -0.0000294057  -0.0000359323
       -0.0281030467  -0.0505837009  -0.0204532783  -0.0002061019   0.0003513708
       -0.0002625017   0.0004729634   0.0004544429   0.0004951701  -0.0005716936
        0.0012619697   0.0008680717  -0.0000347274  -0.0007255653  -0.0006451321
        0.0002615610  -0.0004826179   0.0000258432  -0.0000216382   0.0000913823
        0.0000076533   0.0000384666   0.0000204122  -0.0000075315   0.0332342957
        0.0540851891   0.0237243427   0.0216043502   0.0022469850   0.0129171365
       -0.0265450121  -0.0072013621  -0.0161183347   0.0000814338   0.0008271577
       -0.0000893725  -0.0003836451  -0.0001025934  -0.0004403819   0.0001908094
       -0.0001104157   0.0000359669  -0.0000270713  -0.0000875615  -0.0000640287
       -0.0000223360  -0.0000457617   0.0000326883  -0.0000086264   0.0001018544
        0.0000083697   0.0000061294  -0.0000219915  -0.0000057840   0.0000358074
       -0.0000541257  -0.0000303040  -0.0000019183  -0.0000250683   0.0000014071
       -0.1091773323  -0.0202738200  -0.1197913102  -0.0240002848  -0.0043086640
       -0.0243341231  -0.0004322398  -0.0004744913   0.0013427480   0.0005562791
        0.0008124777  -0.0007793442   0.0000637935   0.0002386872   0.0003162480
        0.0002349923  -0.0005160464   0.0001630097   0.0002511478   0.0000921925
       -0.0000468388  -0.0000646474   0.0000472838   0.0000238853   0.1270964132
        0.0237243427   0.1430361349   0.0015108517   0.0010259071   0.0027455678
        0.0034312995   0.0001261511   0.0037056947   0.0013104256  -0.0002720928
       -0.0074172975  -0.0005324938   0.0000377642   0.0008071957  -0.0001070676
        0.0000198252  -0.0001065177  -0.0001088027  -0.0001993427   0.0003421666
       -0.0000532733  -0.0000222960  -0.0000230793   0.0000279677   0.0000016036
        0.0000466967  -0.0000397388   0.0000085239   0.0000038286   0.0000268499
       -0.0000535897  -0.0000101992   0.0000058602  -0.0000144159  -0.0000244661
       -0.1501610006   0.1151864419   0.0271407721  -0.0071421541   0.0071529642
        0.0053496318   0.0001318488   0.0003715180  -0.0004372177  -0.0005666330
        0.0008548522   0.0003307591   0.0002569039  -0.0003953331  -0.0003997641
        0.0000784393  -0.0002755069   0.0000233171   0.0000691260   0.0000244949
        0.0000216415  -0.0000301977  -0.0000065353   0.0000015019  -0.0234724835
        0.0216043502   0.0015108517   0.1718177060  -0.1354299070  -0.0336956286
        0.0078258810  -0.0082596491  -0.0019395465   0.0006720219  -0.0003751585
       -0.0005884258   0.0002173426   0.0001331614   0.0025026508   0.0000385144
       -0.0005429227   0.0003709307   0.0001498181  -0.0000269382  -0.0002186118
       -0.0000026131  -0.0000194339   0.0000346148   0.0000564572   0.0000508153
        0.0000057468   0.0000076819  -0.0000124702  -0.0000085229   0.0000354765
       -0.0000323332  -0.0000007911   0.0000178644  -0.0000024102  -0.0000039098
        0.1154152865  -0.1709207944  -0.0305814486   0.0018985493  -0.0013216840
       -0.0028046137  -0.0007254534   0.0012544724   0.0008297940  -0.0000368961
       -0.0001303467  -0.0001596495   0.0000856977   0.0001055587   0.0000954151
        0.0002927529  -0.0000358030  -0.0000445631  -0.0001515148  -0.0000219464
       -0.0000878968   0.0000296009   0.0000154816   0.0000231249  -0.0008649873
        0.0022469850   0.0010259071  -0.1354299070   0.1954884788   0.0360356960
        0.0197252666  -0.0273002268  -0.0037506319  -0.0001246221  -0.0000231850
       -0.0000725084  -0.0001269615   0.0006615657  -0.0007348176   0.0001019960
        0.0001227864   0.0001296636  -0.0000570142  -0.0001442712   0.0001036679
        0.0000029435   0.0000236693  -0.0000097551   0.0000004348  -0.0000214329
        0.0000067972   0.0000117887   0.0000011399   0.0000078216  -0.0000307995
        0.0000009639  -0.0000046872  -0.0000161610  -0.0000014113  -0.0000073154
        0.0266931246  -0.0304222273  -0.0498531372   0.0218487582  -0.0218581117
       -0.0099143701  -0.0002208466  -0.0008670779   0.0007283778   0.0003936518
        0.0001651890  -0.0000385495  -0.0001420521  -0.0001135144  -0.0000918370
       -0.0001787677   0.0000406385  -0.0000748403   0.0000537381   0.0000366959
        0.0000322784   0.0000261516   0.0000207508   0.0000281028  -0.0133283591
        0.0129171365   0.0027455678  -0.0336956286   0.0360356960   0.0602653131
       -0.0041871348   0.0046042841   0.0018052975   0.0003885314  -0.0004605749
        0.0007829889   0.0025093731  -0.0005973866  -0.0065268443   0.0000750927
        0.0005693990  -0.0000522397  -0.0002174201  -0.0000684026   0.0001741403
       -0.0000098562  -0.0000005274   0.0000006604   0.0000302716   0.0000043489
        0.0000033105  -0.0000068762   0.0000097635   0.0000076091  -0.0000125721
       -0.0000038983  -0.0000289107  -0.0000191796  -0.0000121810   0.0000070821
       -0.0841883810  -0.0869408918   0.0213513884  -0.0039186135  -0.0080386637
        0.0038492865  -0.0000203709   0.0000840369   0.0021813610   0.0003537352
       -0.0001181816   0.0001038370  -0.0000489283   0.0001869654   0.0001305265
        0.0000386669   0.0000157679  -0.0000693660  -0.0000715396  -0.0000376539
       -0.0000115908  -0.0000415705   0.0000294231   0.0000222347  -0.0145092462
       -0.0265450121   0.0034312995   0.0078258810   0.0197252666  -0.0041871348
        0.0946407990   0.1020993177  -0.0266636939   0.0003545859   0.0002744910
       -0.0004256926  -0.0001915710  -0.0002592881   0.0000371498  -0.0000748288
        0.0001107021   0.0000035519  -0.0002096186  -0.0005775991   0.0002558392
        0.0000149959   0.0000202956  -0.0000138226   0.0000465100  -0.0000353587
        0.0000009910   0.0000090665   0.0000049909   0.0000006833  -0.0000199062
       -0.0000017364   0.0000115081   0.0000103341   0.0000031282  -0.0000083563
       -0.0872592723  -0.2336179887   0.0484791274  -0.0014957937  -0.0021595674
        0.0020980756  -0.0002739847   0.0008851693   0.0012180027   0.0005421351
       -0.0001853670   0.0000659757  -0.0001368867   0.0000417472   0.0001039477
       -0.0001995412   0.0001429025  -0.0000538304   0.0000565168  -0.0000003407
        0.0000557068  -0.0000260268   0.0000332400   0.0000036239  -0.0050269341
       -0.0072013621   0.0001261511  -0.0082596491  -0.0273002268   0.0046042841
        0.1020993177   0.2686662558  -0.0563851056   0.0002965737   0.0000390474
        0.0000266660  -0.0000271276   0.0005003571  -0.0003179722  -0.0000500161
        0.0003688965  -0.0001378535  -0.0002640332  -0.0001824821   0.0001318544
        0.0000112427  -0.0000115444  -0.0000161856   0.0000140940  -0.0000249279
       -0.0000107312  -0.0000046836  -0.0000000458  -0.0000041277  -0.0000044507
        0.0000114006   0.0000037400   0.0000085200  -0.0000051634   0.0000086508
        0.0212971237   0.0479534372  -0.0539173165   0.0128695660   0.0257118697
       -0.0099834245   0.0025099021   0.0007222706  -0.0057318427  -0.0006246207
        0.0000420975  -0.0007262092   0.0000033154   0.0001195014   0.0001932002
        0.0001012478  -0.0002968866  -0.0000516262   0.0000706157   0.0000361156
       -0.0000024289   0.0000117713  -0.0000109179   0.0000260058  -0.0085009871
       -0.0161183347   0.0037056947  -0.0019395465  -0.0037506319   0.0018052975
       -0.0266636939  -0.0563851056   0.0643558486   0.0000385650   0.0004819278
        0.0004152236   0.0000386805   0.0003410727   0.0006039729  -0.0000442457
       -0.0002645215  -0.0000748615   0.0008218547   0.0014044451  -0.0006271761
        0.0000004299   0.0000103205   0.0000009308   0.0000241123  -0.0000106112
        0.0000112260  -0.0000076841   0.0000057051   0.0000041861   0.0000027678
       -0.0000006680  -0.0000004700  -0.0000091741   0.0000089143  -0.0000062307
        0.0051069152   0.0007863674   0.0024302263  -0.1996711165  -0.0237553263
       -0.1081868983  -0.0137936215  -0.0060057931  -0.0060579712   0.0000637194
       -0.0026166755   0.0017701122  -0.0007734746  -0.0007243758  -0.0012721370
       -0.0004300968  -0.0000378750   0.0001085134   0.0002432537   0.0000829069
       -0.0000843844  -0.0000671380   0.0000403068  -0.0000000601   0.0009660814
        0.0000814338   0.0013104256   0.0006720219  -0.0001246221   0.0003885314
        0.0003545859   0.0002965737   0.0000385650   0.2291608930   0.0310269422
        0.1227993204  -0.0222648403   0.0005179608  -0.0131077709   0.0004918153
        0.0003540813  -0.0001179166  -0.0001256708   0.0001726602  -0.0000251095
       -0.0000006246  -0.0000423211   0.0000023740  -0.0000041160   0.0000105938
        0.0000146528  -0.0000001735  -0.0000129623  -0.0000014778   0.0000500915
       -0.0000413561   0.0000046068   0.0000214953  -0.0000085196  -0.0000136021
       -0.0004711586   0.0008536042  -0.0006713689  -0.0231084825  -0.0467412020
       -0.0188504976  -0.0254655301  -0.0090733367  -0.0116518892  -0.0006515215
       -0.0044677918   0.0033380881  -0.0011010028  -0.0007609298  -0.0023391926
       -0.0004080287   0.0005914134  -0.0002915512   0.0000009591   0.0001978364
       -0.0001066768  -0.0000018476   0.0000441150   0.0000121960  -0.0001053183
        0.0008271577  -0.0002720928  -0.0003751585  -0.0000231850  -0.0004605749
        0.0002744910   0.0000390474   0.0004819278   0.0310269422   0.0554874147
        0.0194967766   0.0205512682   0.0020093817   0.0121117873  -0.0003269730
        0.0003551610  -0.0004421202   0.0001029401   0.0006943873  -0.0003260255
        0.0000950471  -0.0000169392   0.0000026052  -0.0000213241  -0.0000262020
       -0.0000277292   0.0000085440   0.0000006757  -0.0000043389  -0.0000294601
        0.0000234503  -0.0000129473   0.0000056143  -0.0000140584   0.0000136240
       -0.0228986677  -0.0036745325  -0.0235916803  -0.1079108018  -0.0188307820
       -0.1150065161   0.0044574046   0.0012522995   0.0030910703   0.0005564109
        0.0011144512   0.0001192006   0.0003060431  -0.0000016233   0.0004091094
       -0.0001919212  -0.0000146747  -0.0000750785   0.0001879837   0.0000273843
        0.0001197754  -0.0000053496   0.0000027077   0.0000372409   0.0013828427
       -0.0000893725  -0.0074172975  -0.0005884258  -0.0000725084   0.0007829889
       -0.0004256926   0.0000266660   0.0004152236   0.1227993204   0.0194967766
        0.1379091803   0.0017328369   0.0006560257   0.0027438619  -0.0000663585
       -0.0002151238  -0.0000624144   0.0005810393   0.0003315313   0.0005434487
        0.0000150833  -0.0000085247   0.0000124837   0.0000498572  -0.0000008267
       -0.0000159208   0.0000083791   0.0000015555  -0.0000073065   0.0000053156
        0.0000007718  -0.0000175268   0.0000047004  -0.0000022012   0.0000101575
       -0.0063128889   0.0066211407   0.0050499685  -0.1462534754   0.1146129049
        0.0246694744   0.0067667929  -0.0084460386  -0.0015300558   0.0009829964
       -0.0005079361  -0.0001299205  -0.0000395086   0.0003502126   0.0002288298
       -0.0003679615  -0.0005849122   0.0000427839  -0.0004391687  -0.0001442750
       -0.0002420787  -0.0000127429  -0.0000835363   0.0000355494   0.0005920882
       -0.0003836451  -0.0005324938   0.0002173426  -0.0001269615   0.0025093731
       -0.0001915710  -0.0000271276   0.0000386805  -0.0222648403   0.0205512682
        0.0017328369   0.1671294201  -0.1295597865  -0.0319524380  -0.0001589144
       -0.0025866690   0.0002589216   0.0003020051   0.0001068107  -0.0002303643
        0.0000869160   0.0000550934   0.0000396611   0.0000460470   0.0000029321
        0.0000261447   0.0000562844   0.0000323371   0.0000042515  -0.0001094000
        0.0001120320  -0.0000595801  -0.0000294212   0.0000061564   0.0000404557
        0.0020274956  -0.0007143885  -0.0018503166   0.1133029795  -0.1668268009
       -0.0305846048   0.0148467029  -0.0273445883  -0.0029297616   0.0017921305
       -0.0009810065  -0.0008455234  -0.0000176444   0.0002593058   0.0003495648
       -0.0007720876   0.0010151715  -0.0000855262  -0.0002221229   0.0000236791
        0.0001961400   0.0001569757   0.0000655457   0.0000250559  -0.0001922731
       -0.0001025934   0.0000377642   0.0001331614   0.0006615657  -0.0005973866
       -0.0002592881   0.0005003571   0.0003410727   0.0005179608   0.0020093817
        0.0006560257  -0.1295597865   0.1967125001   0.0336960670  -0.0023833276
       -0.0056771033   0.0015602467   0.0003564626   0.0003826530  -0.0000927460
        0.0001494658   0.0000280720   0.0000079326   0.0001281178  -0.0000281882
        0.0000719629   0.0000546063  -0.0000400106   0.0000172730  -0.0000046401
        0.0000697934  -0.0000145694  -0.0000548888  -0.0000133453   0.0000413291
        0.0212239630  -0.0210413514  -0.0102620049   0.0245251027  -0.0303271046
       -0.0494810907  -0.0040774969   0.0059148984   0.0012827980   0.0004106407
       -0.0009262791   0.0005373784  -0.0001423885  -0.0001582765  -0.0002037523
       -0.0001067323   0.0003148372  -0.0004297238  -0.0000979414  -0.0000748471
        0.0001407276   0.0000225965  -0.0000210238   0.0000309244   0.0002666115
       -0.0004403819   0.0008071957   0.0025026508  -0.0007348176  -0.0065268443
        0.0000371498  -0.0003179722   0.0006039729  -0.0131077709   0.0121117873
        0.0027438619  -0.0319524380   0.0336960670   0.0605053567   0.0008371519
        0.0013898973   0.0002551994  -0.0003185283   0.0005702291   0.0001291282
        0.0000213666   0.0000373527  -0.0000401561  -0.0000329034  -0.0000522478
       -0.0000912582   0.0000106858  -0.0000000912  -0.0000219123  -0.0000813791
        0.0000382146   0.0000595603   0.0000596594   0.0000211095  -0.0000393609
        0.0005648240  -0.0006370855  -0.0004010711   0.0070552740  -0.0075964011
       -0.0017868355  -0.1327520450   0.1092444803   0.0314116637  -0.0205668777
        0.0209267785   0.0047352587   0.0028287251   0.0003451035   0.0019728071
       -0.0072330425  -0.0000117911  -0.0036699987  -0.0007968458   0.0012131199
        0.0002898345  -0.0005115510   0.0000316721  -0.0001901112  -0.0002438350
        0.0001908094  -0.0001070676   0.0000385144   0.0001019960   0.0000750927
       -0.0000748288  -0.0000500161  -0.0000442457   0.0004918153  -0.0003269730
       -0.0000663585  -0.0001589144  -0.0023833276   0.0008371519   0.1556312692
       -0.1272455001  -0.0367616572  -0.0043334922   0.0061820701   0.0036584421
        0.0000565680   0.0000284908   0.0000387542   0.0000070232   0.0000082369
        0.0000210444  -0.0000976490   0.0000898215   0.0000293311   0.0000275442
       -0.0000822536   0.0000087885   0.0000675239  -0.0000292309  -0.0000508237
        0.0005337425   0.0011965993  -0.0007339936   0.0142535803  -0.0255732602
       -0.0039280491   0.1123583347  -0.1765781712  -0.0403693112   0.0011119579
        0.0009495748   0.0005904160  -0.0007346501   0.0004781417   0.0006928401
        0.0003286514   0.0003674240  -0.0003517222  -0.0004589504   0.0000854072
       -0.0003385509   0.0000168671   0.0000489226   0.0000374283   0.0000604266
       -0.0001104157   0.0000198252  -0.0005429227   0.0001227864   0.0005693990
        0.0001107021   0.0003688965  -0.0002645215   0.0003540813   0.0003551610
       -0.0002151238  -0.0025866690  -0.0056771033   0.0013898973  -0.1272455001
        0.2054593442   0.0452719709   0.0025309422  -0.0014902072  -0.0023406154
        0.0000184191   0.0000206598  -0.0000199769  -0.0000313213  -0.0000338140
        0.0000057656   0.0000004409   0.0000108073   0.0000064238  -0.0000454702
        0.0000051777  -0.0000236799  -0.0000326621  -0.0000059307   0.0000015782
       -0.0006745610   0.0008704261   0.0007232218  -0.0037318126   0.0051066203
        0.0018330444   0.0334568734  -0.0412775432  -0.0569213746  -0.0089178928
        0.0101582849   0.0032313002   0.0011415674   0.0011387598   0.0005694400
       -0.0040076383  -0.0000549285  -0.0007541104  -0.0008808769   0.0004128133
        0.0003300998  -0.0002428282   0.0000261771  -0.0000828047  -0.0001179248
        0.0000359669  -0.0001065177   0.0003709307   0.0001296636  -0.0000522397
        0.0000035519  -0.0001378535  -0.0000748615  -0.0001179166  -0.0004421202
       -0.0000624144   0.0002589216   0.0015602467   0.0002551994  -0.0367616572
        0.0452719709   0.0607431348   0.0201315824  -0.0228556661  -0.0096997255
        0.0000374133   0.0000278396  -0.0000007206   0.0000942029   0.0000056576
        0.0000761229  -0.0000357176   0.0000459227   0.0000227145   0.0000083470
       -0.0000105537  -0.0000119687  -0.0000145647  -0.0000116842  -0.0000175401
       -0.0006045511  -0.0028740158   0.0008335513  -0.0024586441  -0.0023532049
        0.0130855480  -0.0483942768   0.0059357189   0.0434430930   0.0048296355
        0.0004696486  -0.0256672208  -0.0047220041  -0.0033421188  -0.0014762691
       -0.0007227162  -0.0002597601   0.0007609879  -0.0005637770  -0.0004073744
        0.0001991746   0.0000206005   0.0000335782   0.0000422633  -0.0001350739
       -0.0000270713  -0.0001088027   0.0001498181  -0.0000570142  -0.0002174201
       -0.0002096186  -0.0002640332   0.0008218547  -0.0001256708   0.0001029401
        0.0005810393   0.0003020051   0.0003564626  -0.0003185283  -0.0043334922
        0.0025309422   0.0201315824   0.0569420002   0.0002008123  -0.0521792549
       -0.0000853070   0.0000233859  -0.0000521647   0.0001080393  -0.0000468183
        0.0000939766   0.0000421049  -0.0000203040   0.0000115957   0.0000163211
       -0.0000301778   0.0000011902  -0.0000553928   0.0000284041   0.0000138037
       -0.0022876588  -0.0042001973   0.0014670858  -0.0073156207  -0.0036716812
        0.0254167964   0.0062542606  -0.0366475723  -0.0052223306  -0.0028114337
        0.0010231388  -0.0050821827  -0.0013546882  -0.0005166833   0.0004266965
        0.0015706514  -0.0007895508  -0.0004560203  -0.0000838815  -0.0000762081
        0.0001081691   0.0000004921  -0.0000012998  -0.0000098668   0.0000092801
       -0.0000875615  -0.0001993427  -0.0000269382  -0.0001442712  -0.0000684026
       -0.0005775991  -0.0001824821   0.0014044451   0.0001726602   0.0006943873
        0.0003315313   0.0001068107   0.0003826530   0.0005702291   0.0061820701
       -0.0014902072  -0.0228556661   0.0002008123   0.0457586543   0.0041662579
       -0.0000818086  -0.0000106305  -0.0000466789   0.0000342998  -0.0000343550
        0.0000364775  -0.0000202341  -0.0000095349  -0.0000179256   0.0000022623
       -0.0000284148   0.0000303262   0.0000262635   0.0000318167   0.0000004013
        0.0011476173   0.0025408911   0.0001001007   0.0038663189   0.0031722980
       -0.0101492383   0.0470050876  -0.0034431724  -0.2689128580   0.0001167534
       -0.0019756958  -0.0207670429  -0.0036101097  -0.0017443281  -0.0009163133
       -0.0003339317   0.0000709031   0.0010125569   0.0000739885  -0.0001608196
        0.0004558498   0.0001056445  -0.0000242857   0.0000740300   0.0000926816
       -0.0000640287   0.0003421666  -0.0002186118   0.0001036679   0.0001741403
        0.0002558392   0.0001318544  -0.0006271761  -0.0000251095  -0.0003260255
        0.0005434487  -0.0002303643  -0.0000927460   0.0001291282   0.0036584421
       -0.0023406154  -0.0096997255  -0.0521792549   0.0041662579   0.3080786911
        0.0000272749   0.0000325065  -0.0000073181   0.0002190098  -0.0000548611
        0.0001357370   0.0000587382  -0.0000254645   0.0000014863   0.0000128023
        0.0000276094  -0.0000325226  -0.0000428165   0.0000060546   0.0000648593
       -0.0000703732   0.0000001738   0.0000107584   0.0000605814   0.0001352792
        0.0000592826   0.0001906436   0.0004050609  -0.0007678991   0.0003031851
       -0.0044053226  -0.0017121883   0.0010833412   0.0010343754   0.0013334275
       -0.0319255978  -0.0267114427  -0.0020623350  -0.0682035269  -0.0736892997
        0.0196502065   0.0055105043   0.0153406442  -0.0026646253   0.0000311649
       -0.0000223360  -0.0000532733  -0.0000026131   0.0000029435  -0.0000098562
        0.0000149959   0.0000112427   0.0000004299  -0.0000006246   0.0000950471
        0.0000150833   0.0000869160   0.0001494658   0.0000213666   0.0000565680
        0.0000184191   0.0000374133  -0.0000853070  -0.0000818086   0.0000272749
        0.0944148485   0.0906539597  -0.0191531917  -0.0007799602  -0.0066125403
        0.0041927145   0.0003262457   0.0003998751   0.0000506749  -0.0014345696
        0.0033151856   0.0014687707   0.0004235777  -0.0000389221  -0.0004440341
        0.0000077510   0.0000317761  -0.0000100396  -0.0000083329   0.0000831444
       -0.0000615932  -0.0000149060  -0.0002391445   0.0001121517   0.0017759113
        0.0000742559  -0.0003411518  -0.0002597741   0.0002165012   0.0007960971
       -0.0118913892  -0.0028482109  -0.0046061293  -0.0745560938  -0.2200110493
        0.0473490102  -0.0051572180  -0.0244991985   0.0039096067   0.0000101341
       -0.0000457617  -0.0000222960  -0.0000194339   0.0000236693  -0.0000005274
        0.0000202956  -0.0000115444   0.0000103205  -0.0000423211  -0.0000169392
       -0.0000085247   0.0000550934   0.0000280720   0.0000373527   0.0000284908
        0.0000206598   0.0000278396   0.0000233859  -0.0000106305   0.0000325065
        0.0906539597   0.2556377292  -0.0503923100  -0.0030345336  -0.0057542284
        0.0046633042  -0.0002256825   0.0003021827   0.0002384918   0.0032848625
       -0.0037489498  -0.0021108411  -0.0006501991   0.0007676666   0.0003767323
       -0.0000117375   0.0000027504   0.0000103659  -0.0000412210   0.0000750526
        0.0000125305  -0.0000492940   0.0000825103  -0.0003256272   0.0000852870
        0.0008693296   0.0019132816  -0.0005423952  -0.0004353207  -0.0008797628
       -0.0133243567  -0.0147133844   0.0015135488   0.0228069248   0.0477020263
       -0.0562679599  -0.0030183551  -0.0093679958   0.0028655478  -0.0000621365
        0.0000326883  -0.0000230793   0.0000346148  -0.0000097551   0.0000006604
       -0.0000138226  -0.0000161856   0.0000009308   0.0000023740   0.0000026052
        0.0000124837   0.0000396611   0.0000079326  -0.0000401561   0.0000387542
       -0.0000199769  -0.0000007206  -0.0000521647  -0.0000466789  -0.0000073181
       -0.0191531917  -0.0503923100   0.0626203291   0.0128881282   0.0287876644
       -0.0120522838  -0.0003131363   0.0003136080   0.0001125992   0.0009602095
       -0.0021099059   0.0002000288  -0.0002741424  -0.0007646544   0.0003346010
       -0.0000908083  -0.0000035306  -0.0000570551  -0.0001832401  -0.0000515655
       -0.0001103630  -0.0006801746  -0.0004810385   0.0005799198   0.0007355934
       -0.0013520229  -0.0026134550   0.0006158962   0.0002531481   0.0006102619
       -0.0105604680   0.0030814402  -0.0369538794  -0.0438809048  -0.0054219548
        0.0377105982  -0.0036314184   0.0012227515   0.0175884142  -0.0000995522
       -0.0000086264   0.0000279677   0.0000564572   0.0000004348   0.0000302716
        0.0000465100   0.0000140940   0.0000241123  -0.0000041160  -0.0000213241
        0.0000498572   0.0000460470   0.0001281178  -0.0000329034   0.0000070232
       -0.0000313213   0.0000942029   0.0001080393   0.0000342998   0.0002190098
       -0.0007799602  -0.0030345336   0.0128881282   0.0595619276   0.0028476444
       -0.0316443517   0.0000202136   0.0000233243   0.0003727516   0.0004839175
       -0.0006738374  -0.0003640236  -0.0017709823   0.0034745002   0.0015805358
        0.0000188936  -0.0000115645   0.0000219199  -0.0000048868   0.0000585783
        0.0000116650  -0.0000325393   0.0000060405  -0.0001625903   0.0005756543
        0.0023750855   0.0020182139  -0.0011796216  -0.0003756700  -0.0010840983
       -0.0006735841   0.0008541531  -0.0041712221  -0.0029597186  -0.0451688563
        0.0193683538   0.0054186118   0.0001099531  -0.0221209944  -0.0000379809
        0.0001018544   0.0000016036   0.0000508153  -0.0000214329   0.0000043489
       -0.0000353587  -0.0000249279  -0.0000106112   0.0000105938  -0.0000262020
       -0.0000008267   0.0000029321  -0.0000281882  -0.0000522478   0.0000082369
       -0.0000338140   0.0000056576  -0.0000468183  -0.0000343550  -0.0000548611
       -0.0066125403  -0.0057542284   0.0287876644   0.0028476444   0.0500696939
       -0.0192676938  -0.0003575728   0.0003437656  -0.0000493549  -0.0000318953
        0.0006175549  -0.0007352793   0.0030391343  -0.0030574400  -0.0025096472
        0.0000477023  -0.0000069266   0.0000641439  -0.0000497603   0.0000711973
        0.0000089758  -0.0002599252  -0.0003076733   0.0001588894   0.0014537280
       -0.0026707170  -0.0009986295   0.0007341975   0.0012749966   0.0005198344
       -0.0165617910   0.0010452728  -0.0227723577   0.0361245923   0.0183748856
       -0.2550907770   0.0047429134  -0.0017071483  -0.0127930037  -0.0001301910
        0.0000083697   0.0000466967   0.0000057468   0.0000067972   0.0000033105
        0.0000009910  -0.0000107312   0.0000112260   0.0000146528  -0.0000277292
       -0.0000159208   0.0000261447   0.0000719629  -0.0000912582   0.0000210444
        0.0000057656   0.0000761229   0.0000939766   0.0000364775   0.0001357370
        0.0041927145   0.0046633042  -0.0120522838  -0.0316443517  -0.0192676938
        0.3022429224  -0.0000403353   0.0003040626   0.0003060101  -0.0005237693
        0.0004330352   0.0004886454   0.0017517196  -0.0022975077  -0.0002482836
       -0.0000386933  -0.0000134160   0.0000121247   0.0000194133   0.0000178252
        0.0000011178  -0.0003094171   0.0002721623   0.0000736028  -0.0006691353
       -0.0011684756  -0.0011295792   0.0002445179   0.0003877631   0.0004113835
       -0.0034259519   0.0046894940   0.0019860832  -0.0185178164   0.0006394260
       -0.0074185037  -0.2438554268  -0.0140176609  -0.0966003531   0.0000081032
        0.0000061294  -0.0000397388   0.0000076819   0.0000117887  -0.0000068762
        0.0000090665  -0.0000046836  -0.0000076841  -0.0000001735   0.0000085440
        0.0000083791   0.0000562844   0.0000546063   0.0000106858  -0.0000976490
        0.0000004409  -0.0000357176   0.0000421049  -0.0000202341   0.0000587382
        0.0003262457  -0.0002256825  -0.0003131363   0.0000202136  -0.0003575728
       -0.0000403353   0.2810382070   0.0143634421   0.1115162535  -0.0157373832
       -0.0043683158  -0.0068470396   0.0008798081  -0.0002755807  -0.0016394048
        0.0000179681   0.0000344581  -0.0000054146  -0.0000006875  -0.0000058573
       -0.0000333204   0.0002973468  -0.0003141441  -0.0000371427   0.0013574448
        0.0002894930   0.0006777841  -0.0002559977   0.0000920805  -0.0000103011
        0.0043826096  -0.0035967455  -0.0014046644   0.0190453180   0.0002165282
        0.0082285500  -0.0154179519  -0.0426442570  -0.0066625947  -0.0000136414
       -0.0000219915   0.0000085239  -0.0000124702   0.0000011399   0.0000097635
        0.0000049909  -0.0000000458   0.0000057051  -0.0000129623   0.0000006757
        0.0000015555   0.0000323371  -0.0000400106  -0.0000000912   0.0000898215
        0.0000108073   0.0000459227  -0.0000203040  -0.0000095349  -0.0000254645
        0.0003998751   0.0003021827   0.0003136080   0.0000233243   0.0003437656
        0.0003040626   0.0143634421   0.0481138936   0.0082943077  -0.0268512284
       -0.0036679793  -0.0116563363   0.0025707650   0.0008955416   0.0019455469
        0.0000153025   0.0000104762   0.0000056436   0.0000201616  -0.0000056204
        0.0000013229   0.0001269702  -0.0001052344  -0.0000412668   0.0007494827
       -0.0003782674   0.0001700494  -0.0000642014   0.0002840292   0.0001092461
        0.0017074411  -0.0012908706   0.0002875445   0.0072673046   0.0004298501
        0.0034537323  -0.0976896366  -0.0060441690  -0.0887823648  -0.0000164819
       -0.0000057840   0.0000038286  -0.0000085229   0.0000078216   0.0000076091
        0.0000006833  -0.0000041277   0.0000041861  -0.0000014778  -0.0000043389
       -0.0000073065   0.0000042515   0.0000172730  -0.0000219123   0.0000293311
        0.0000064238   0.0000227145   0.0000115957  -0.0000179256   0.0000014863
        0.0000506749   0.0002384918   0.0001125992   0.0003727516  -0.0000493549
        0.0003060101   0.1115162535   0.0082943077   0.0991909399   0.0055846123
        0.0005747468   0.0031517662  -0.0296764959  -0.0019577273  -0.0179758284
       -0.0000027944  -0.0000164476   0.0000137348  -0.0000726590   0.0000579965
        0.0000328961   0.0000156429  -0.0000015555   0.0000149001  -0.0002978309
        0.0009663855   0.0004270128  -0.0001515676  -0.0003153883  -0.0003133961
        0.0019712738  -0.0010307138   0.0002169645   0.0064006588   0.0162043843
       -0.0032853422  -0.0878565251  -0.0937184909   0.0232936408  -0.0000003479
        0.0000358074   0.0000268499   0.0000354765  -0.0000307995  -0.0000125721
       -0.0000199062  -0.0000044507   0.0000027678   0.0000500915  -0.0000294601
        0.0000053156  -0.0001094000  -0.0000046401  -0.0000813791   0.0000275442
       -0.0000454702   0.0000083470   0.0000163211   0.0000022623   0.0000128023
       -0.0014345696   0.0032848625   0.0009602095   0.0004839175  -0.0000318953
       -0.0005237693  -0.0157373832  -0.0268512284   0.0055846123   0.0979278831
        0.1051846310  -0.0281785571  -0.0012458255  -0.0036557890   0.0017949626
       -0.0000120836   0.0000577630   0.0000082998   0.0000187022   0.0000224129
       -0.0000106921  -0.0000602163   0.0001004449  -0.0000068469  -0.0003837683
       -0.0004548207  -0.0000800867   0.0000858389   0.0003817010   0.0002094348
       -0.0007390579   0.0014063659  -0.0001285397  -0.0064607232  -0.0275625846
        0.0032485181  -0.0924128439  -0.2319636649   0.0480554262   0.0000253167
       -0.0000541257  -0.0000535897  -0.0000323332   0.0000009639  -0.0000038983
       -0.0000017364   0.0000114006  -0.0000006680  -0.0000413561   0.0000234503
        0.0000007718   0.0001120320   0.0000697934   0.0000382146  -0.0000822536
        0.0000051777  -0.0000105537  -0.0000301778  -0.0000284148   0.0000276094
        0.0033151856  -0.0037489498  -0.0021099059  -0.0006738374   0.0006175549
        0.0004330352  -0.0043683158  -0.0036679793   0.0005747468   0.1051846310
        0.2697171886  -0.0541430114  -0.0034430031  -0.0049336770   0.0039517357
        0.0000270670  -0.0000009024   0.0000144678  -0.0000379897   0.0000451524
        0.0000248998  -0.0000051378   0.0000108527   0.0000091222  -0.0001081066
        0.0001836866   0.0001050626   0.0000190355  -0.0002010200  -0.0001673837
       -0.0002444642   0.0004159685  -0.0001497071  -0.0043186665  -0.0097739447
        0.0025889111   0.0236754857   0.0489380129  -0.0570057252   0.0000010169
       -0.0000303040  -0.0000101992  -0.0000007911  -0.0000046872  -0.0000289107
        0.0000115081   0.0000037400  -0.0000004700   0.0000046068  -0.0000129473
       -0.0000175268  -0.0000595801  -0.0000145694   0.0000595603   0.0000087885
       -0.0000236799  -0.0000119687   0.0000011902   0.0000303262  -0.0000325226
        0.0014687707  -0.0021108411   0.0002000288  -0.0003640236  -0.0007352793
        0.0004886454  -0.0068470396  -0.0116563363   0.0031517662  -0.0281785571
       -0.0541430114   0.0616888802   0.0149468866   0.0290797838  -0.0109069305
       -0.0000092914  -0.0000042572  -0.0000238441  -0.0000223668  -0.0000004081
       -0.0000037355   0.0000830116   0.0000240689  -0.0000419345  -0.0003006111
        0.0008371203   0.0007430761  -0.0001085114  -0.0005043860  -0.0003938615
        0.0019322723  -0.0009255968  -0.0001648090  -0.0038506587   0.0012896374
        0.0191940697  -0.0448138657  -0.0031465678   0.0209567096   0.0000283055
       -0.0000019183   0.0000058602   0.0000178644  -0.0000161610  -0.0000191796
        0.0000103341   0.0000085200  -0.0000091741   0.0000214953   0.0000056143
        0.0000047004  -0.0000294212  -0.0000548888   0.0000596594   0.0000675239
       -0.0000326621  -0.0000145647  -0.0000553928   0.0000262635  -0.0000428165
        0.0004235777  -0.0006501991  -0.0002741424  -0.0017709823   0.0030391343
        0.0017517196   0.0008798081   0.0025707650  -0.0296764959  -0.0012458255
       -0.0034430031   0.0149468866   0.0487427338   0.0009789246  -0.0269981236
        0.0000225443   0.0000060350   0.0000179868  -0.0000254030   0.0000375458
        0.0000034702  -0.0000580245   0.0000135648   0.0000312424   0.0000125876
       -0.0001767420  -0.0003357612   0.0000373389   0.0000189701   0.0000906945
       -0.0015403942   0.0006679405   0.0004877298   0.0041685633   0.0000845417
       -0.0243586552  -0.0030684675  -0.0460368563   0.0234003671  -0.0000294057
       -0.0000250683  -0.0000144159  -0.0000024102  -0.0000014113  -0.0000121810
        0.0000031282  -0.0000051634   0.0000089143  -0.0000085196  -0.0000140584
       -0.0000022012   0.0000061564  -0.0000133453   0.0000211095  -0.0000292309
       -0.0000059307  -0.0000116842   0.0000284041   0.0000318167   0.0000060546
       -0.0000389221   0.0007676666  -0.0007646544   0.0034745002  -0.0030574400
       -0.0022975077  -0.0002755807   0.0008955416  -0.0019577273  -0.0036557890
       -0.0049336770   0.0290797838   0.0009789246   0.0517460699  -0.0233925649
        0.0000023455   0.0000170056   0.0000308707  -0.0000034680  -0.0000331496
        0.0000189632  -0.0000826497   0.0000599910   0.0000326310  -0.0002906806
        0.0003181607  -0.0002273732  -0.0000792237   0.0001338478   0.0001439269
       -0.0000648410   0.0000872961   0.0008471479   0.0045296444  -0.0029584045
       -0.0148124838   0.0217533019   0.0219437750  -0.2859452261  -0.0000359323
        0.0000014071  -0.0000244661  -0.0000039098  -0.0000073154   0.0000070821
       -0.0000083563   0.0000086508  -0.0000062307  -0.0000136021   0.0000136240
        0.0000101575   0.0000404557   0.0000413291  -0.0000393609  -0.0000508237
        0.0000015782  -0.0000175401   0.0000138037   0.0000004013   0.0000648593
       -0.0004440341   0.0003767323   0.0003346010   0.0015805358  -0.0025096472
       -0.0002482836  -0.0016394048   0.0019455469  -0.0179758284   0.0017949626
        0.0039517357  -0.0109069305  -0.0269981236  -0.0233925649   0.3287134837
