           1           2   1.02150621795014     
           2           3  0.985318764438710     
           3           4  0.978461959614396     
           4           5   1.68990890765421     
           4           6   1.17135267332722     
           5           6  0.170061714092613     
           6           7  0.920111534321789     
           7           8   1.01960974406607     
           1           9  0.987379169435316     
           1          10  0.986684095392505     
           1          11  0.985656930175585     
           2          12  0.975284323799082     
           2          13  0.976479726315388     
           3          14  0.972849702759784     
           3          15  0.950741680762060     
           7          16  0.969073386099178     
           7          17  0.968885988308873     
           8          18  0.980177030856645     
           8          19  0.983552065021018     
           8          20  0.983586611601644     
