           1           2   1.02069433923193     
           2           3   1.00444203189060     
           3           4  0.974267446930549     
           4           5  0.979141273151269     
           5           6   1.68854306750329     
           5           7   1.16793612981934     
           6           7  0.172381678917481     
           7           8  0.936480652767309     
           1           9  0.986288199769859     
           1          10  0.985646169902035     
           1          11  0.987175849547281     
           2          12  0.977168965201110     
           2          13  0.975443837883969     
           3          14  0.977213710373537     
           3          15  0.977622256005355     
           4          16  0.967727452568935     
           4          17  0.963837841347076     
           8          18  0.973334827913681     
           8          19  0.973447650000131     
           8          20  0.976451652836493     
