$hessian                                                                        
        0.5124397723  -0.0041121589  -0.0294211622  -0.0645202555  -0.0008991064
       -0.0250275146   0.0018723013   0.0010053542   0.0030142906  -0.0301455258
       -0.0116410852  -0.0304045494   0.0024801172  -0.0011060278  -0.0007465430
        0.0003688003  -0.0001116780   0.0004220782  -0.0003378442   0.0003121994
        0.0001616303  -0.0878944915   0.0848137738   0.0381059966  -0.0564009317
       -0.0422938350   0.0319629285  -0.2799199276  -0.0288795857   0.0016807435
        0.0034810461   0.0030670700   0.0105749856   0.0001201791  -0.0001835312
       -0.0002908955   0.0001358534  -0.0012036584   0.0010294922   0.0005504857
       -0.0000906429   0.0004954877   0.0002164514   0.0010966443  -0.0003322729
       -0.0007625117  -0.0000316751  -0.0002483687  -0.0003141195   0.0000558803
       -0.0001962157  -0.0000940378   0.0000575915  -0.0001644992  -0.0009001763
       -0.0000030155  -0.0004107441  -0.0000844164  -0.0000389672  -0.0000570801
       -0.0002859171   0.0001480604  -0.0000640770  -0.0000048519   0.0000383934
       -0.0000837107
       -0.0041121589   0.5186758831  -0.0134768709  -0.0005267512  -0.0686083168
       -0.0190232166   0.0042883242   0.0003895687   0.0217633521  -0.0093910394
        0.0010421269  -0.0061512313   0.0004421093  -0.0007238336   0.0002988180
       -0.0002436009  -0.0003746088   0.0001202597  -0.0001674086   0.0000507839
       -0.0000614998   0.0844777313  -0.2066105191  -0.0715320436  -0.0420803105
       -0.1892450381   0.1070955856  -0.0286354681  -0.0472506565   0.0006454216
       -0.0042088328  -0.0069672828  -0.0255285656   0.0001112283   0.0012193309
        0.0010997267  -0.0007720717  -0.0030490743   0.0043410970   0.0004813258
        0.0001882620   0.0003223900   0.0000407967   0.0003348384  -0.0004398365
        0.0005182537   0.0001743057   0.0005522520  -0.0000527053   0.0000319498
        0.0000865269  -0.0000224770   0.0000252318  -0.0001411004  -0.0001376594
        0.0006074178  -0.0000600346  -0.0000382188  -0.0000166083   0.0000408215
       -0.0000721900   0.0000732945   0.0000042089   0.0001011232   0.0000329450
        0.0000439392
       -0.0294211622  -0.0134768709   0.4438063392  -0.0191610385  -0.0179763266
       -0.1606606396  -0.0037752906   0.0028285641  -0.0256366051  -0.0171728329
       -0.0031502573  -0.0042775881   0.0012830283  -0.0007562482   0.0002882133
       -0.0007353143   0.0005148110  -0.0001441255  -0.0001152407  -0.0000559213
       -0.0000937521   0.0376239056  -0.0703736840  -0.0742503402   0.0318853627
        0.1064567748  -0.1210616080   0.0020670509   0.0007478914  -0.0410945108
       -0.0030054999  -0.0061781211  -0.0172981831  -0.0002698257  -0.0011893287
        0.0010939279   0.0006398415   0.0030028757  -0.0025961571  -0.0005031543
       -0.0003869363  -0.0000141807   0.0004200321   0.0000620687   0.0010106265
       -0.0001432887   0.0000500349   0.0001875025  -0.0001541038   0.0000212529
        0.0002539825   0.0001257845   0.0000063655   0.0000836575   0.0004162674
       -0.0001604309   0.0002326102   0.0000577174  -0.0000978791   0.0001724739
       -0.0001004259   0.0000735962   0.0000218409   0.0000381872   0.0000377691
       -0.0000234840
       -0.0645202555  -0.0005267512  -0.0191610385   0.4572534349  -0.0279090095
       -0.0210866324  -0.0672781335  -0.0150738379   0.0152070749  -0.1931789603
       -0.0342795206   0.0006596464  -0.0261050637   0.0073586916  -0.0023475428
        0.0010475039  -0.0011643023  -0.0016591868  -0.0011684611   0.0007820684
        0.0016245675   0.0045376067   0.0022404700   0.0125467869   0.0018774039
        0.0009478215   0.0058220914  -0.0122386867  -0.0053693556  -0.0257949859
       -0.0849204991   0.0824974588   0.0356414322   0.0033975121   0.0097697041
       -0.0072595700   0.0023952824   0.0074680324  -0.0063725131  -0.0105888251
       -0.0226394191   0.0173789822  -0.0112792039  -0.0036018988  -0.0041628155
        0.0002857083  -0.0015052455  -0.0000521908   0.0006208759  -0.0002392144
       -0.0002829595   0.0000517089   0.0004308322  -0.0000101170   0.0001735092
        0.0002038469   0.0000289935  -0.0001664047   0.0003418460  -0.0000462202
       -0.0002714488  -0.0000894458  -0.0008674728   0.0000753962   0.0003572287
        0.0001936705
       -0.0008991064  -0.0686083168  -0.0179763266  -0.0279090095   0.5191216555
        0.0154597821  -0.0150291111  -0.1411215300   0.0557089884  -0.0254712849
       -0.0853932456  -0.0000525488   0.0186131415   0.0058131140   0.0032577778
        0.0011612757  -0.0012487481  -0.0007654169   0.0036789790  -0.0031427844
       -0.0008291465  -0.0062992011  -0.0071413132  -0.0245559666   0.0064846358
        0.0024337099   0.0226517998  -0.0018027596  -0.0006551369  -0.0030784487
        0.0799035467  -0.1831921071  -0.0605841969  -0.0039531589  -0.0262759210
        0.0143541519   0.0007967223   0.0024169155  -0.0000850008  -0.0022376572
       -0.0034234417   0.0020829260  -0.0295239564  -0.0096894410  -0.0058523147
        0.0011153458   0.0001486380   0.0001356092   0.0003951566   0.0000086046
       -0.0004361287  -0.0000396165   0.0000146554   0.0000114790  -0.0000859052
        0.0001306692   0.0000450676  -0.0000155074   0.0001185444  -0.0000370787
        0.0011789530  -0.0003307018   0.0005638900  -0.0000614823   0.0000161811
       -0.0000188980
       -0.0250275146  -0.0190232166  -0.1606606396  -0.0210866324   0.0154597821
        0.4425839968   0.0163583822   0.0553722446  -0.1068479430  -0.0256242504
       -0.0114570062  -0.0462954632   0.0117186214   0.0030820065  -0.0032571432
        0.0021322281  -0.0019911228  -0.0017772935  -0.0011777011   0.0004155354
       -0.0001620776  -0.0021243343  -0.0066853821  -0.0142640198  -0.0056029702
       -0.0001877126  -0.0207136987  -0.0017472992  -0.0008062798  -0.0013073102
        0.0352626283  -0.0606898692  -0.0675912300  -0.0028420102  -0.0058034636
        0.0059666529   0.0056125400   0.0222618040  -0.0220501483   0.0013741112
        0.0025482931  -0.0014526556   0.0130319273   0.0060939304  -0.0010910823
       -0.0002567804   0.0007779039   0.0010847523   0.0004213029  -0.0000369519
       -0.0009164028   0.0002683118   0.0002455822   0.0000466949   0.0000376288
       -0.0000042357  -0.0007436930  -0.0003889772   0.0003199966  -0.0003245955
       -0.0002613003   0.0000386045  -0.0002743440  -0.0000779116   0.0000695572
        0.0000476434
        0.0018723013   0.0042883242  -0.0037752906  -0.0672781335  -0.0150291111
        0.0163583822   0.5240810811  -0.0114820159   0.0160953505  -0.0172819835
       -0.0288025511   0.0154501950   0.0006285142  -0.0005111293   0.0008451936
       -0.0003041307   0.0001790949   0.0000261050   0.0006664717  -0.0002446339
       -0.0001766560   0.0001132492  -0.0002289693   0.0001321358   0.0000620509
       -0.0000756027  -0.0021823362   0.0005986417   0.0003692580  -0.0004926497
        0.0026892885   0.0098968860  -0.0063200433  -0.0795035691   0.0799415117
        0.0327660680  -0.0757097524  -0.0147202566  -0.0809742632  -0.2827967202
       -0.0196089114   0.0096666966  -0.0061560727  -0.0025750922   0.0013661279
       -0.0013967131  -0.0011162298   0.0004261173  -0.0001184038   0.0000530506
        0.0001750555  -0.0000618939  -0.0000890531   0.0001963297  -0.0000613218
       -0.0000689120   0.0000648283   0.0000263012  -0.0001007300   0.0002490357
        0.0000331583  -0.0000358541   0.0001209100  -0.0001023635  -0.0000390729
       -0.0000172920
        0.0010053542   0.0003895687   0.0028285641  -0.0150738379  -0.1411215300
        0.0553722446  -0.0114820159   0.4824759775   0.0362116773  -0.0132392983
       -0.0086078895   0.0047686744   0.0000121658  -0.0010444199  -0.0003108283
       -0.0000569613  -0.0001360205   0.0000826287   0.0000903316  -0.0000302441
        0.0000273184  -0.0001508031   0.0011193232  -0.0010506583  -0.0001213793
        0.0009233193  -0.0010851678   0.0000279636   0.0001603643  -0.0002479715
       -0.0043381211  -0.0260710384   0.0158877202   0.0788913515  -0.2155791092
       -0.0728726845  -0.0144409523  -0.0505952261  -0.0400594131  -0.0200558309
       -0.0434406855  -0.0001771062  -0.0019504220   0.0008029936   0.0010807909
        0.0009654724   0.0004744885  -0.0004797710  -0.0000454131   0.0000717312
        0.0000825568   0.0000585688   0.0000411490  -0.0000381859  -0.0000712889
        0.0000213328  -0.0000317072  -0.0000505857   0.0000525626  -0.0000082120
       -0.0000690267   0.0000757820  -0.0000328740   0.0000947284   0.0000175704
        0.0000524042
        0.0030142906   0.0217633521  -0.0256366051   0.0152070749   0.0557089884
       -0.1068479430   0.0160953505   0.0362116773   0.4963680700   0.0052369237
        0.0024661494   0.0009677948  -0.0003579188  -0.0001802142   0.0002038907
       -0.0000640808   0.0001098271   0.0000440590   0.0000534910  -0.0000198508
       -0.0002029563   0.0002626269   0.0011525576   0.0010488361  -0.0016348075
        0.0001684441  -0.0064603735   0.0007403759   0.0005161039   0.0003451217
       -0.0007746636  -0.0042866151   0.0043169090   0.0327601391  -0.0734804037
       -0.0741436741  -0.0815730379  -0.0403877311  -0.2468225853   0.0105863257
       -0.0000694543  -0.0432063483  -0.0004028865  -0.0002098727   0.0000705097
        0.0008792124   0.0004573457  -0.0003036730   0.0000256774   0.0000070797
        0.0000034293   0.0000236541   0.0000029595  -0.0000699192  -0.0000308357
        0.0000508507   0.0000695404  -0.0001461473   0.0000720917   0.0001593635
        0.0000622084  -0.0000039216   0.0000146033   0.0000370277  -0.0000493638
        0.0000819502
       -0.0301455258  -0.0093910394  -0.0171728329  -0.1931789603  -0.0254712849
       -0.0256242504  -0.0172819835  -0.0132392983   0.0052369237   0.5024946984
        0.0181235282  -0.0645567427  -0.1264634483   0.0482944077   0.0484933177
       -0.0181325859   0.0155297158   0.0176682505  -0.0306718787   0.0245435110
        0.0028246065   0.0003745324   0.0001247172   0.0003173537   0.0008738294
        0.0006120942   0.0009178592  -0.0024158279  -0.0010818251  -0.0054683656
       -0.0310816149   0.0013084559   0.0009724898   0.0000995008   0.0002789569
       -0.0002328087   0.0006354251   0.0006606373  -0.0002564952  -0.0006154360
       -0.0022258764   0.0015082727  -0.0558789820  -0.0573716586   0.0355482567
        0.0061198317  -0.0019909086  -0.0018263619  -0.0024884581  -0.0005662230
        0.0051327476   0.0003502895   0.0004471336  -0.0013264076   0.0008571616
       -0.0000544003  -0.0005799566   0.0012585648  -0.0004238557   0.0010446010
       -0.0060278824   0.0018738607  -0.0036841198   0.0013187500   0.0000193518
        0.0010636624
       -0.0116410852   0.0010421269  -0.0031502573  -0.0342795206  -0.0853932456
       -0.0114570062  -0.0288025511  -0.0086078895   0.0024661494   0.0181235282
        0.5830312725  -0.0736337756   0.0463002449  -0.1344006520  -0.0451351888
        0.0040907588   0.0001921382  -0.0073963144   0.0135145245  -0.0038493908
        0.0016288884   0.0000652383  -0.0000903447   0.0005737576   0.0006767989
        0.0003356183   0.0003872861  -0.0011481265  -0.0001129763  -0.0020994276
        0.0248171551   0.0015432096   0.0003893263   0.0001969105   0.0004317700
       -0.0006547237   0.0000791875   0.0009244125  -0.0007816708  -0.0025106710
       -0.0046518781   0.0031721535  -0.0489185530  -0.3226648665   0.1457672053
        0.0199973513  -0.0310711450  -0.0115804241   0.0000363125   0.0009151623
       -0.0004032289  -0.0010911787   0.0009968439   0.0012094321  -0.0001301603
        0.0001344435  -0.0000363667  -0.0002152934  -0.0001848483  -0.0002803448
        0.0012479623   0.0007236667   0.0010811127  -0.0004088332   0.0007565725
       -0.0000665826
       -0.0304045494  -0.0061512313  -0.0042775881   0.0006596464  -0.0000525488
       -0.0462954632   0.0154501950   0.0047686744   0.0009677948  -0.0645567427
       -0.0736337756   0.1942997707   0.0223654247  -0.0210066643  -0.0683642085
        0.0255563262  -0.0186782507  -0.0156983366  -0.0070463636   0.0086497575
        0.0078938270   0.0002854920   0.0006912742   0.0013645168   0.0000938371
       -0.0007024455   0.0019008851  -0.0037951749  -0.0016458624  -0.0060214928
        0.0096949448   0.0008655268   0.0008432043  -0.0002284305  -0.0000242353
        0.0002700072   0.0000933249  -0.0008365214   0.0015926475   0.0016534510
        0.0027378406  -0.0013515779   0.0257323238   0.1077186234  -0.0648474492
        0.0023409755  -0.0033113569  -0.0003644362   0.0041177919   0.0010711482
       -0.0062623427  -0.0008344808  -0.0007660027   0.0007886977   0.0001417996
       -0.0005210262   0.0021678141   0.0002755509  -0.0005837498   0.0017774728
       -0.0027971024   0.0009056917  -0.0007617967   0.0012017606   0.0005051343
        0.0003780540
        0.0024801172   0.0004421093   0.0012830283  -0.0261050637   0.0186131415
        0.0117186214   0.0006285142   0.0000121658  -0.0003579188  -0.1264634483
        0.0463002449   0.0223654247   0.4675304158   0.0461638973   0.0040901834
       -0.0762414936  -0.0184859300   0.0335581129  -0.1221241072  -0.0012100106
       -0.0603228545  -0.0005692248   0.0002543894  -0.0002829171  -0.0001784029
       -0.0000156022  -0.0001836020   0.0005652142   0.0001686565   0.0002868097
       -0.0057659856  -0.0008662707   0.0001528716  -0.0009516404   0.0001225806
        0.0005280705  -0.0002042333  -0.0000696970   0.0002325695   0.0003797840
        0.0000558317   0.0001629929   0.0038956309  -0.0006683980   0.0012212098
       -0.0847375011  -0.0866728056  -0.0077987723  -0.0088177427  -0.0029966880
        0.0167391506  -0.0072903599  -0.0072693057   0.0134172041   0.0071065257
        0.0060737801  -0.0191655812   0.0068896476  -0.0004774164   0.0053885071
       -0.0162312355   0.0035195937  -0.0116892780  -0.0137954105  -0.0029942666
       -0.0113438324
       -0.0011060278  -0.0007238336  -0.0007562482   0.0073586916   0.0058131140
        0.0030820065  -0.0005111293  -0.0010444199  -0.0001802142   0.0482944077
       -0.1344006520  -0.0210066643   0.0461638973   0.5263457411   0.0010131162
       -0.0172880108  -0.0776632383   0.0352684881  -0.0024097339  -0.0652308137
        0.0025911266  -0.0004893438   0.0001960339  -0.0005095026   0.0001819168
       -0.0001610686  -0.0000147599  -0.0005682037  -0.0000037452  -0.0003421370
       -0.0024294954   0.0016201375   0.0000498249  -0.0012249360  -0.0002796547
        0.0004590308   0.0000259617   0.0000158741  -0.0000887292  -0.0004901001
       -0.0002170250   0.0003823204   0.0193536982  -0.0260300795  -0.0144321837
       -0.0900101702  -0.2155512051  -0.0166638197   0.0083032979   0.0039038438
       -0.0170982218  -0.0127492247  -0.0120225265   0.0243987474  -0.0005040970
       -0.0007930255   0.0034534828   0.0060233505  -0.0006000887   0.0067073328
        0.0156245317  -0.0029108870   0.0121686012  -0.0215492807  -0.0002624811
       -0.0184815970
       -0.0007465430   0.0002988180   0.0002882133  -0.0023475428   0.0032577778
       -0.0032571432   0.0008451936  -0.0003108283   0.0002038907   0.0484933177
       -0.0451351888  -0.0683642085   0.0040901834   0.0010131162   0.4382246457
        0.0353170079   0.0344861371  -0.1512584090  -0.0625832573   0.0046356573
       -0.1196766561  -0.0004313396  -0.0001963111   0.0002233375  -0.0002317373
        0.0005852787  -0.0003804309  -0.0002609430   0.0000798827  -0.0002243299
       -0.0007948432  -0.0000493987   0.0013217733   0.0003896707  -0.0000875350
        0.0000093830   0.0003663843   0.0000216110  -0.0004591656  -0.0001347219
        0.0000325699  -0.0001851272  -0.0061107581   0.0071146311  -0.0002298973
       -0.0084582688  -0.0166287678  -0.0417359696   0.0053562010   0.0012891837
       -0.0090138025   0.0019654391   0.0028867416  -0.0003505920   0.0055939480
        0.0063416052  -0.0226667999  -0.0195932479   0.0034596971  -0.0231577088
        0.0053739013  -0.0007730106   0.0047718923  -0.0060980439  -0.0023216671
       -0.0040828954
        0.0003688003  -0.0002436009  -0.0007353143   0.0010475039   0.0011612757
        0.0021322281  -0.0003041307  -0.0000569613  -0.0000640808  -0.0181325859
        0.0040907588   0.0255563262  -0.0762414936  -0.0172880108   0.0353170079
        0.5110649182  -0.0127744133   0.0304121401   0.0042841532   0.0055797457
       -0.0176861951  -0.0006082632  -0.0000821714   0.0001580056  -0.0003479474
       -0.0000161453   0.0002575179  -0.0000786127   0.0000025713   0.0001314038
       -0.0005612321   0.0000793055  -0.0001042378   0.0000562875   0.0000363791
        0.0000024575  -0.0000591610  -0.0000017644  -0.0000484106  -0.0000863577
       -0.0000533712   0.0000826837   0.0007883855  -0.0012557305  -0.0010633954
       -0.0056448490  -0.0068348866   0.0135037100  -0.1465828279   0.1079245215
        0.0474726829  -0.0953825259  -0.0956641890  -0.0106929259  -0.1723596120
        0.0140500324  -0.1189417726  -0.0025609492   0.0007863077  -0.0043464345
        0.0006252073  -0.0001992888  -0.0007551507   0.0007152924   0.0007596356
       -0.0005882457
       -0.0001116780  -0.0003746088   0.0005148110  -0.0011643023  -0.0012487481
       -0.0019911228   0.0001790949  -0.0001360205   0.0001098271   0.0155297158
        0.0001921382  -0.0186782507  -0.0184859300  -0.0776632383   0.0344861371
       -0.0127744133   0.5134669634   0.0187064173  -0.0001590985  -0.0005444473
        0.0041672582  -0.0001273888   0.0001999813   0.0001315642   0.0000260744
        0.0001715362  -0.0002175180  -0.0000326753   0.0001618765  -0.0000357725
        0.0005902360   0.0000233640   0.0001730681   0.0000591692   0.0002873022
        0.0000541233  -0.0000081142  -0.0000021172  -0.0001431126   0.0000250990
        0.0003022248  -0.0000305450   0.0011652480   0.0022368599  -0.0015002603
       -0.0114086388  -0.0102057123   0.0238217969   0.1083725968  -0.1569106489
       -0.0510529232  -0.0963359461  -0.2258431755  -0.0201500462   0.0142040179
       -0.0457114323   0.0119102085   0.0006428903   0.0006029819   0.0003410604
       -0.0002534247   0.0002379998   0.0003666242   0.0000674679   0.0007569210
       -0.0009833450
        0.0004220782   0.0001202597  -0.0001441255  -0.0016591868  -0.0007654169
       -0.0017772935   0.0000261050   0.0000826287   0.0000440590   0.0176682505
       -0.0073963144  -0.0156983366   0.0335581129   0.0352684881  -0.1512584090
        0.0304121401   0.0187064173   0.4610249718   0.0015633095   0.0091382280
       -0.0285318704  -0.0000537925  -0.0000989773   0.0002754659  -0.0001434843
        0.0001979484   0.0000684650   0.0001760587   0.0000634341   0.0000001077
        0.0003384863   0.0000138178   0.0001465340   0.0000443749   0.0000359655
       -0.0000271819  -0.0000003998  -0.0000212648   0.0001381646   0.0000480849
        0.0000679298  -0.0000387588  -0.0001915760   0.0011914410   0.0018823300
        0.0020083893   0.0019993073  -0.0018464492   0.0475429972  -0.0511827792
       -0.0647913566  -0.0113612894  -0.0205624961  -0.0452012134  -0.1192547254
        0.0124389154  -0.1513749159  -0.0031205503   0.0005442462  -0.0037593404
        0.0007696170  -0.0001813887   0.0001255086   0.0012069998   0.0003396100
        0.0007436446
       -0.0003378442  -0.0001674086  -0.0001152407  -0.0011684611   0.0036789790
       -0.0011777011   0.0006664717   0.0000903316   0.0000534910  -0.0306718787
        0.0135145245  -0.0070463636  -0.1221241072  -0.0024097339  -0.0625832573
        0.0042841532  -0.0001590985   0.0015633095   0.4831912139   0.0018137684
       -0.0445781548   0.0000472562  -0.0000121603   0.0001217497  -0.0000854059
        0.0000499023   0.0000461900  -0.0000824042  -0.0000384462  -0.0001943119
       -0.0011823184  -0.0000818756   0.0001046435  -0.0000156847   0.0000031389
       -0.0001481175  -0.0001049409   0.0001075224  -0.0000680890  -0.0000204053
        0.0000125385  -0.0000395532  -0.0010677254   0.0005327779  -0.0002114861
       -0.0143576079  -0.0023481726  -0.0135882159   0.0004902827  -0.0003205382
        0.0004418608   0.0006879664   0.0001718545   0.0009654915   0.0002941460
       -0.0006344530   0.0024850992  -0.0795606415  -0.0267956465   0.0839193945
       -0.1475672493   0.1081086878   0.0506661080  -0.0913148155  -0.0951164922
       -0.0106168464
        0.0003121994   0.0000507839  -0.0000559213   0.0007820684  -0.0031427844
        0.0004155354  -0.0002446339  -0.0000302441  -0.0000198508   0.0245435110
       -0.0038493908   0.0086497575  -0.0012100106  -0.0652308137   0.0046356573
        0.0055797457  -0.0005444473   0.0091382280   0.0018137684   0.5245635832
        0.0059182867   0.0000592073   0.0000927233   0.0001869327  -0.0000350064
        0.0000318657   0.0000396779   0.0001115384   0.0001395062   0.0002065226
        0.0011262652   0.0001240708  -0.0001230393   0.0001130283   0.0002197041
       -0.0001151084  -0.0001022839  -0.0000037980   0.0000821341  -0.0000052512
        0.0000850800   0.0000250786   0.0009568318  -0.0006911824   0.0004629726
       -0.0200156007  -0.0007066527  -0.0176951602  -0.0000150135   0.0002300683
       -0.0003216310   0.0009575685   0.0006933489   0.0005871676  -0.0002135015
        0.0000216489   0.0021761978  -0.0269961830  -0.0632435262   0.0596875541
        0.1081191033  -0.1552123664  -0.0512126122  -0.0956373511  -0.2335971775
       -0.0226683795
        0.0001616303  -0.0000614998  -0.0000937521   0.0016245675  -0.0008291465
       -0.0001620776  -0.0001766560   0.0000273184  -0.0002029563   0.0028246065
        0.0016288884   0.0078938270  -0.0603228545   0.0025911266  -0.1196766561
       -0.0176861951   0.0041672582  -0.0285318704  -0.0445781548   0.0059182867
        0.4920539575  -0.0000249249   0.0001321059  -0.0000110793   0.0000196205
       -0.0001092425   0.0000648788   0.0000178685   0.0000557030   0.0000710022
        0.0004348012  -0.0000396989  -0.0000609787   0.0000126607   0.0000458241
        0.0000510155   0.0001535228  -0.0000742277   0.0000893978  -0.0000018109
        0.0000098326   0.0000364214   0.0004113365  -0.0002400536   0.0002606881
       -0.0067043834  -0.0010880279  -0.0044490669  -0.0010054725   0.0002933852
        0.0003077646  -0.0008284942  -0.0006786723   0.0010829056   0.0013779252
        0.0019012307  -0.0059979501   0.0846817686   0.0593332778  -0.2305867891
        0.0499665110  -0.0505794348  -0.0657589669  -0.0103578729  -0.0224042336
       -0.0463797149
       -0.0878944915   0.0844777313   0.0376239056   0.0045376067  -0.0062992011
       -0.0021243343   0.0001132492  -0.0001508031   0.0002626269   0.0003745324
        0.0000652383   0.0002854920  -0.0005692248  -0.0004893438  -0.0004313396
       -0.0006082632  -0.0001273888  -0.0000537925   0.0000472562   0.0000592073
       -0.0000249249   0.1011033407  -0.0996616895  -0.0436698233   0.0032595369
       -0.0057619451  -0.0022022494  -0.0195706496   0.0285641601   0.0120809039
        0.0003913829  -0.0006395382  -0.0018097395   0.0002851925  -0.0001574383
        0.0001377009  -0.0000696855  -0.0000924536  -0.0000522658  -0.0002648906
        0.0001476784   0.0000581655  -0.0000409471   0.0000080625   0.0000505119
       -0.0005469294   0.0004507209  -0.0007827151  -0.0001573866   0.0000677417
        0.0000220466   0.0001248731   0.0000651718   0.0000832805  -0.0006167457
       -0.0005481507   0.0004228207   0.0000288282  -0.0000119271   0.0000668309
        0.0000053612   0.0000044089   0.0000129775   0.0000680540   0.0000297581
        0.0000439215
        0.0848137738  -0.2066105191  -0.0703736840   0.0022404700  -0.0071413132
       -0.0066853821  -0.0002289693   0.0011193232   0.0011525576   0.0001247172
       -0.0000903447   0.0006912742   0.0002543894   0.0001960339  -0.0001963111
       -0.0000821714   0.0001999813  -0.0000989773  -0.0000121603   0.0000927233
        0.0001321059  -0.0996616895   0.2385619338   0.0834943876   0.0122976781
       -0.0276060113  -0.0073453601   0.0009378472   0.0013573967   0.0005403402
       -0.0005949143   0.0000499197  -0.0019982179  -0.0000185227   0.0002738402
        0.0000531748   0.0000290469  -0.0001000675   0.0001984517   0.0000349465
       -0.0001325889  -0.0000458731   0.0001593151  -0.0001607092  -0.0004119588
        0.0001343554   0.0004799562   0.0000274457   0.0001476053  -0.0000311201
        0.0001228899   0.0001438117  -0.0000337102   0.0001336593  -0.0007783066
       -0.0004029738   0.0005619489   0.0000429341  -0.0000174210   0.0000311817
       -0.0000027644   0.0000260461   0.0000231738   0.0000186078  -0.0000303755
       -0.0000068269
        0.0381059966  -0.0715320436  -0.0742503402   0.0125467869  -0.0245559666
       -0.0142640198   0.0001321358  -0.0010506583   0.0010488361   0.0003173537
        0.0005737576   0.0013645168  -0.0002829171  -0.0005095026   0.0002233375
        0.0001580056   0.0001315642   0.0002754659   0.0001217497   0.0001869327
       -0.0000110793  -0.0436698233   0.0834943876   0.0864736485  -0.0074207420
        0.0154325068   0.0061528744   0.0021196263  -0.0015225182   0.0002104939
       -0.0015655493  -0.0022248163  -0.0065066552  -0.0002081942   0.0006057815
       -0.0003529585  -0.0000059533   0.0000570100   0.0003603798   0.0000551474
       -0.0000375874  -0.0000716471   0.0000640651   0.0001262154  -0.0002847518
       -0.0008469622   0.0006145282  -0.0003983932   0.0000093276  -0.0000083431
       -0.0000020446  -0.0000138235   0.0000482281  -0.0001238634   0.0002861293
        0.0001524728   0.0001688371   0.0000070498  -0.0000231968  -0.0000819971
        0.0000025402   0.0000180775   0.0000374173   0.0000880510   0.0000231705
        0.0000319427
       -0.0564009317  -0.0420803105   0.0318853627   0.0018774039   0.0064846358
       -0.0056029702   0.0000620509  -0.0001213793  -0.0016348075   0.0008738294
        0.0006767989   0.0000938371  -0.0001784029   0.0001819168  -0.0002317373
       -0.0003479474   0.0000260744  -0.0001434843  -0.0000854059  -0.0000350064
        0.0000196205   0.0032595369   0.0122976781  -0.0074207420   0.0631146458
        0.0499675588  -0.0368365328  -0.0117907650  -0.0276262113   0.0194239124
       -0.0000613220   0.0000766177   0.0004793742  -0.0000868229  -0.0000326823
        0.0000348366   0.0002857439   0.0002821089  -0.0003490909   0.0000553612
        0.0000067161  -0.0001246414  -0.0000119478  -0.0002530445  -0.0001217758
        0.0001054362  -0.0000758430   0.0000437252   0.0001329896  -0.0000649826
        0.0000719203  -0.0000705182  -0.0000798875  -0.0000050526  -0.0007904943
        0.0003941756   0.0003496649   0.0000276232  -0.0000187644   0.0000733969
        0.0000288987  -0.0000120962   0.0000066154   0.0000010384   0.0000059269
       -0.0000114314
       -0.0422938350  -0.1892450381   0.1064567748   0.0009478215   0.0024337099
       -0.0001877126  -0.0000756027   0.0009233193   0.0001684441   0.0006120942
        0.0003356183  -0.0007024455  -0.0000156022  -0.0001610686   0.0005852787
       -0.0000161453   0.0001715362   0.0001979484   0.0000499023   0.0000318657
       -0.0001092425  -0.0057619451  -0.0276060113   0.0154325068   0.0499675588
        0.2176386179  -0.1249580437  -0.0036582838  -0.0053865715   0.0038477173
       -0.0000807320   0.0004987743  -0.0002730898  -0.0001252079   0.0002612826
       -0.0001642347  -0.0000300626   0.0001158188   0.0001117281   0.0001170358
       -0.0000548536  -0.0001320866   0.0001030222   0.0001166026   0.0002819453
       -0.0001162933  -0.0000640904   0.0000456335  -0.0001583695   0.0000074299
       -0.0000844660  -0.0001068725   0.0000276836  -0.0001173611   0.0006636060
       -0.0000471732  -0.0003587550  -0.0000401146  -0.0000081868  -0.0000402322
        0.0000150200  -0.0000321742   0.0000063902   0.0000030057   0.0000429084
       -0.0000066974
        0.0319629285   0.1070955856  -0.1210616080   0.0058220914   0.0226517998
       -0.0207136987  -0.0021823362  -0.0010851678  -0.0064603735   0.0009178592
        0.0003872861   0.0019008851  -0.0001836020  -0.0000147599  -0.0003804309
        0.0002575179  -0.0002175180   0.0000684650   0.0000461900   0.0000396779
        0.0000648788  -0.0022022494  -0.0073453601   0.0061528744  -0.0368365328
       -0.1249580437   0.1420866001   0.0022416582   0.0024545508  -0.0006739982
        0.0003068118   0.0004433212   0.0003888623  -0.0000063080  -0.0003410418
        0.0000467212   0.0003039498   0.0014369395  -0.0015190792  -0.0001588344
       -0.0001583345   0.0001122145  -0.0004733197  -0.0003332272  -0.0001167116
        0.0001040173  -0.0000293378  -0.0001648660   0.0000588761  -0.0000438583
       -0.0000551384  -0.0000865505  -0.0000365751  -0.0000124590   0.0000403624
        0.0000521795   0.0003445596   0.0000541440   0.0000189848  -0.0000284318
        0.0000168959   0.0000110803   0.0000176630  -0.0000035692  -0.0000281812
        0.0000030714
       -0.2799199276  -0.0286354681   0.0020670509  -0.0122386867  -0.0018027596
       -0.0017472992   0.0005986417   0.0000279636   0.0007403759  -0.0024158279
       -0.0011481265  -0.0037951749   0.0005652142  -0.0005682037  -0.0002609430
       -0.0000786127  -0.0000326753   0.0001760587  -0.0000824042   0.0001115384
        0.0000178685  -0.0195706496   0.0009378472   0.0021196263  -0.0117907650
       -0.0036582838   0.0022416582   0.3242958400   0.0344387418  -0.0016772419
        0.0003275868  -0.0001620986   0.0003546697  -0.0003029322   0.0001231201
       -0.0000196101   0.0000812002  -0.0000194015   0.0002470655   0.0004877082
        0.0000767809  -0.0002585754   0.0001192688   0.0002960091   0.0000154102
        0.0000337412  -0.0000896404   0.0001698463  -0.0000037541   0.0000220832
       -0.0000509353   0.0000483248   0.0000293711  -0.0000653282  -0.0001483256
        0.0000339254  -0.0002814092   0.0000095783  -0.0000065670  -0.0000257424
       -0.0000422689   0.0000344270   0.0000174127   0.0000270500  -0.0000085834
        0.0000152167
       -0.0288795857  -0.0472506565   0.0007478914  -0.0053693556  -0.0006551369
       -0.0008062798   0.0003692580   0.0001603643   0.0005161039  -0.0010818251
       -0.0001129763  -0.0016458624   0.0001686565  -0.0000037452   0.0000798827
        0.0000025713   0.0001618765   0.0000634341  -0.0000384462   0.0001395062
        0.0000557030   0.0285641601   0.0013573967  -0.0015225182  -0.0276262113
       -0.0053865715   0.0024545508   0.0344387418   0.0519185828  -0.0000051477
       -0.0005300120  -0.0001267018  -0.0000884357   0.0001666718  -0.0001416626
       -0.0000447345  -0.0000596641  -0.0001439924  -0.0000088378  -0.0000439260
        0.0001294339   0.0003958630   0.0000395968   0.0000854100  -0.0000326026
       -0.0001168894   0.0000469933  -0.0002039684  -0.0000594820   0.0000313616
       -0.0000237282   0.0000679162   0.0000025106   0.0000451885  -0.0000023358
       -0.0002280256   0.0000205471   0.0000107748   0.0000024136  -0.0000051842
       -0.0000387089   0.0000225972  -0.0000030845   0.0000180948  -0.0000089781
        0.0000112194
        0.0016807435   0.0006454216  -0.0410945108  -0.0257949859  -0.0030784487
       -0.0013073102  -0.0004926497  -0.0002479715   0.0003451217  -0.0054683656
       -0.0020994276  -0.0060214928   0.0002868097  -0.0003421370  -0.0002243299
        0.0001314038  -0.0000357725   0.0000001077  -0.0001943119   0.0002065226
        0.0000710022   0.0120809039   0.0005403402   0.0002104939   0.0194239124
        0.0038477173  -0.0006739982  -0.0016772419  -0.0000051477   0.0486607063
       -0.0004405076   0.0001000284   0.0006982443   0.0000561881   0.0000119082
       -0.0000604930   0.0000918441  -0.0000932704   0.0001680432   0.0001440770
        0.0002849544  -0.0007353254   0.0000522126   0.0001726808  -0.0001378357
        0.0000477006   0.0000652176  -0.0000482000   0.0000739193   0.0000067159
        0.0000318813   0.0000467296  -0.0000050412  -0.0000197811  -0.0000841687
        0.0000044660   0.0000956313   0.0000183235  -0.0000274830   0.0000269052
       -0.0000469106   0.0000383472  -0.0000004714   0.0000643737   0.0000103796
        0.0000156114
        0.0034810461  -0.0042088328  -0.0030054999  -0.0849204991   0.0799035467
        0.0352626283   0.0026892885  -0.0043381211  -0.0007746636  -0.0310816149
        0.0248171551   0.0096949448  -0.0057659856  -0.0024294954  -0.0007948432
       -0.0005612321   0.0005902360   0.0003384863  -0.0011823184   0.0011262652
        0.0004348012   0.0003913829  -0.0005949143  -0.0015655493  -0.0000613220
       -0.0000807320   0.0003068118   0.0003275868  -0.0005300120  -0.0004405076
        0.1160462579  -0.0931486401  -0.0404287193   0.0005025736  -0.0012560321
        0.0005609462  -0.0001436270   0.0002428924  -0.0002612564   0.0004093537
       -0.0009538668  -0.0000077805  -0.0001910595   0.0013218016   0.0008970994
        0.0004894424  -0.0005466168  -0.0002101161  -0.0001436200  -0.0000087439
        0.0002451970   0.0000051198  -0.0000039042  -0.0000524654   0.0000120631
       -0.0000093901  -0.0000835801   0.0000760042   0.0000042031   0.0000682972
       -0.0003993729   0.0001221704  -0.0002476644   0.0000205326  -0.0000189689
        0.0000634338
        0.0030670700  -0.0069672828  -0.0061781211   0.0824974588  -0.1831921071
       -0.0606898692   0.0098968860  -0.0260710384  -0.0042866151   0.0013084559
        0.0015432096   0.0008655268  -0.0008662707   0.0016201375  -0.0000493987
        0.0000793055   0.0000233640   0.0000138178  -0.0000818756   0.0001240708
       -0.0000396989  -0.0006395382   0.0000499197  -0.0022248163   0.0000766177
        0.0004987743   0.0004433212  -0.0001620986  -0.0001267018   0.0001000284
       -0.0931486401   0.2155643021   0.0686013909  -0.0010068159  -0.0049995554
        0.0035766408   0.0003034034   0.0003733297  -0.0002898115   0.0000877957
        0.0002511942  -0.0005562275  -0.0011327854   0.0012341422   0.0006099768
       -0.0002730608   0.0001626785   0.0001109395  -0.0000118809  -0.0000129248
       -0.0000317220   0.0000520919   0.0000531962   0.0000157259  -0.0000247701
       -0.0000826476   0.0000069061  -0.0000278003  -0.0000851330   0.0000129306
       -0.0000388121  -0.0000189311   0.0000030314   0.0000452638   0.0000580033
       -0.0000139560
        0.0105749856  -0.0255285656  -0.0172981831   0.0356414322  -0.0605841969
       -0.0675912300  -0.0063200433   0.0158877202   0.0043169090   0.0009724898
        0.0003893263   0.0008432043   0.0001528716   0.0000498249   0.0013217733
       -0.0001042378   0.0001730681   0.0001465340   0.0001046435  -0.0001230393
       -0.0000609787  -0.0018097395  -0.0019982179  -0.0065066552   0.0004793742
       -0.0002730898   0.0003888623   0.0003546697  -0.0000884357   0.0006982443
       -0.0404287193   0.0686013909   0.0842360933   0.0005469201   0.0034477152
       -0.0014687274  -0.0002547877   0.0003204668   0.0003660479  -0.0003992168
       -0.0001849210   0.0004597999   0.0006147737  -0.0002400552   0.0002541964
       -0.0000826125   0.0001819882  -0.0001201900  -0.0000658016   0.0000102096
        0.0000432842   0.0000363014   0.0000170297   0.0000065368  -0.0000786035
       -0.0000857662  -0.0000236599   0.0000051168   0.0000226463  -0.0000219776
        0.0000459283  -0.0000075078   0.0000113131   0.0000142553   0.0000124090
       -0.0000011968
        0.0001201791   0.0001112283  -0.0002698257   0.0033975121  -0.0039531589
       -0.0028420102  -0.0795035691   0.0788913515   0.0327601391   0.0000995008
        0.0001969105  -0.0002284305  -0.0009516404  -0.0012249360   0.0003896707
        0.0000562875   0.0000591692   0.0000443749  -0.0000156847   0.0001130283
        0.0000126607   0.0002851925  -0.0000185227  -0.0002081942  -0.0000868229
       -0.0001252079  -0.0000063080  -0.0003029322   0.0001666718   0.0000561881
        0.0005025736  -0.0010068159   0.0005469201   0.0913607349  -0.0930816247
       -0.0403543438   0.0046207583  -0.0091345351  -0.0046860916  -0.0180114125
        0.0290088805   0.0135294808  -0.0001179036   0.0001706915   0.0001426378
       -0.0014914214  -0.0003089618   0.0013324646  -0.0000183037   0.0000121215
        0.0000007039   0.0000357342   0.0000542434  -0.0000515444   0.0000140146
        0.0000240109  -0.0000509559  -0.0000229826  -0.0000466714  -0.0001548559
       -0.0000560979   0.0000213466   0.0000275698   0.0000862833   0.0000707804
        0.0000097496
       -0.0001835312   0.0012193309  -0.0011893287   0.0097697041  -0.0262759210
       -0.0058034636   0.0799415117  -0.2155791092  -0.0734804037   0.0002789569
        0.0004317700  -0.0000242353   0.0001225806  -0.0002796547  -0.0000875350
        0.0000363791   0.0002873022   0.0000359655   0.0000031389   0.0002197041
        0.0000458241  -0.0001574383   0.0002738402   0.0006057815  -0.0000326823
        0.0002612826  -0.0003410418   0.0001231201  -0.0001416626   0.0000119082
       -0.0012560321  -0.0049995554   0.0034477152  -0.0930816247   0.2507578967
        0.0836694732   0.0030915991  -0.0075108705  -0.0061689131   0.0021254236
        0.0001302041  -0.0008303486   0.0001049377   0.0003815028  -0.0004149854
       -0.0010111672   0.0008234235   0.0007359113  -0.0000107750   0.0000435270
       -0.0000133196   0.0000968359   0.0000449317  -0.0000555208   0.0000287979
       -0.0000652206   0.0000341492  -0.0001224835  -0.0000720978  -0.0001711766
        0.0000272345   0.0000130487  -0.0000008498   0.0001055143   0.0000363274
       -0.0000056062
       -0.0002908955   0.0010997267   0.0010939279  -0.0072595700   0.0143541519
        0.0059666529   0.0327660680  -0.0728726845  -0.0741436741  -0.0002328087
       -0.0006547237   0.0002700072   0.0005280705   0.0004590308   0.0000093830
        0.0000024575   0.0000541233  -0.0000271819  -0.0001481175  -0.0001151084
        0.0000510155   0.0001377009   0.0000531748  -0.0003529585   0.0000348366
       -0.0001642347   0.0000467212  -0.0000196101  -0.0000447345  -0.0000604930
        0.0005609462   0.0035766408  -0.0014687274  -0.0403543438   0.0836694732
        0.0845189090   0.0115808588  -0.0273185851  -0.0149757681   0.0016037055
       -0.0022200700  -0.0004445813   0.0000747299  -0.0001028300  -0.0001597054
        0.0011517835   0.0002470346   0.0000670081   0.0000154888   0.0000008447
        0.0000003244  -0.0000218756  -0.0000154075  -0.0000247970  -0.0000038570
        0.0000570614  -0.0000736606  -0.0001130962  -0.0001048221  -0.0001752686
       -0.0000067742   0.0000094624  -0.0000158886  -0.0000056975   0.0000324758
       -0.0001012446
        0.0001358534  -0.0007720717   0.0006398415   0.0023952824   0.0007967223
        0.0056125400  -0.0757097524  -0.0144409523  -0.0815730379   0.0006354251
        0.0000791875   0.0000933249  -0.0002042333   0.0000259617   0.0003663843
       -0.0000591610  -0.0000081142  -0.0000003998  -0.0001049409  -0.0001022839
        0.0001535228  -0.0000696855   0.0000290469  -0.0000059533   0.0002857439
       -0.0000300626   0.0003039498   0.0000812002  -0.0000596641   0.0000918441
       -0.0001436270   0.0003034034  -0.0002547877   0.0046207583   0.0030915991
        0.0115808588   0.0842494761   0.0175024769   0.0944112159  -0.0161168173
       -0.0066155782  -0.0311785378  -0.0000142891   0.0000466169   0.0001177303
        0.0001742073   0.0000410811  -0.0000014515   0.0000224244  -0.0000075558
       -0.0000159600   0.0000166319   0.0000229603  -0.0000080240  -0.0000103750
        0.0000188116  -0.0000750094  -0.0002565992   0.0000771533  -0.0001229916
        0.0000620946  -0.0000047144  -0.0000863436   0.0000103832   0.0000059762
       -0.0000487160
       -0.0012036584  -0.0030490743   0.0030028757   0.0074680324   0.0024169155
        0.0222618040  -0.0147202566  -0.0505952261  -0.0403877311   0.0006606373
        0.0009244125  -0.0008365214  -0.0000696970   0.0000158741   0.0000216110
       -0.0000017644  -0.0000021172  -0.0000212648   0.0001075224  -0.0000037980
       -0.0000742277  -0.0000924536  -0.0001000675   0.0000570100   0.0002821089
        0.0001158188   0.0014369395  -0.0000194015  -0.0001439924  -0.0000932704
        0.0002428924   0.0003733297   0.0003204668  -0.0091345351  -0.0075108705
       -0.0273185851   0.0175024769   0.0575349136   0.0442022243  -0.0013436139
        0.0000488824  -0.0027172963   0.0002628769   0.0000825812   0.0001489503
       -0.0000593953  -0.0000941769  -0.0001390319   0.0000105327  -0.0000035580
       -0.0000269183  -0.0000030158   0.0000030730   0.0000327264   0.0000364506
       -0.0000336808   0.0000175899   0.0000915618   0.0001220336   0.0000480368
        0.0000443475  -0.0000466444  -0.0000100579  -0.0000616482  -0.0000546282
        0.0000746702
        0.0010294922   0.0043410970  -0.0025961571  -0.0063725131  -0.0000850008
       -0.0220501483  -0.0809742632  -0.0400594131  -0.2468225853  -0.0002564952
       -0.0007816708   0.0015926475   0.0002325695  -0.0000887292  -0.0004591656
       -0.0000484106  -0.0001431126   0.0001381646  -0.0000680890   0.0000821341
        0.0000893978  -0.0000522658   0.0001984517   0.0003603798  -0.0003490909
        0.0001117281  -0.0015190792   0.0002470655  -0.0000088378   0.0001680432
       -0.0002612564  -0.0002898115   0.0003660479  -0.0046860916  -0.0061689131
       -0.0149757681   0.0944112159   0.0442022243   0.2866974579  -0.0025599377
       -0.0009095295  -0.0011085104  -0.0003238552  -0.0002737765   0.0001441030
       -0.0000670566  -0.0000804780  -0.0003551356  -0.0000135365  -0.0000285367
        0.0000161081  -0.0000132388   0.0000233487   0.0000368492  -0.0000818344
       -0.0000127934   0.0000366422   0.0002723005  -0.0000624294   0.0002224723
       -0.0000756512   0.0000253904   0.0000030967   0.0000109427   0.0000086581
        0.0000151396
        0.0005504857   0.0004813258  -0.0005031543  -0.0105888251  -0.0022376572
        0.0013741112  -0.2827967202  -0.0200558309   0.0105863257  -0.0006154360
       -0.0025106710   0.0016534510   0.0003797840  -0.0004901001  -0.0001347219
       -0.0000863577   0.0000250990   0.0000480849  -0.0000204053  -0.0000052512
       -0.0000018109  -0.0002648906   0.0000349465   0.0000551474   0.0000553612
        0.0001170358  -0.0001588344   0.0004877082  -0.0000439260   0.0001440770
        0.0004093537   0.0000877957  -0.0003992168  -0.0180114125   0.0021254236
        0.0016037055  -0.0161168173  -0.0013436139  -0.0025599377   0.3271360508
        0.0242382513  -0.0119469769  -0.0006445716  -0.0002059465   0.0002391752
        0.0000009544  -0.0001655409  -0.0002056122  -0.0000125044   0.0000300866
        0.0000096700   0.0000011828  -0.0000267091   0.0000113966  -0.0000012898
       -0.0000149386   0.0000094741   0.0001069032  -0.0000252891   0.0001265500
        0.0000111360   0.0000069018   0.0000378128   0.0000203105  -0.0000213916
        0.0000112839
       -0.0000906429   0.0001882620  -0.0003869363  -0.0226394191  -0.0034234417
        0.0025482931  -0.0196089114  -0.0434406855  -0.0000694543  -0.0022258764
       -0.0046518781   0.0027378406   0.0000558317  -0.0002170250   0.0000325699
       -0.0000533712   0.0003022248   0.0000679298   0.0000125385   0.0000850800
        0.0000098326   0.0001476784  -0.0001325889  -0.0000375874   0.0000067161
       -0.0000548536  -0.0001583345   0.0000767809   0.0001294339   0.0002849544
       -0.0009538668   0.0002511942  -0.0001849210   0.0290088805   0.0001302041
       -0.0022200700  -0.0066155782   0.0000488824  -0.0009095295   0.0242382513
        0.0514129409  -0.0021367779  -0.0013537557  -0.0005496393   0.0003221636
       -0.0000943222  -0.0000703087   0.0001491060  -0.0000269135   0.0000344698
        0.0000220855   0.0000529506   0.0000266822  -0.0000482981   0.0000159696
       -0.0000223076  -0.0000192810  -0.0000072038  -0.0000607515  -0.0000408434
        0.0000051964   0.0000097701   0.0000331060   0.0000490674   0.0000043356
        0.0000041519
        0.0004954877   0.0003223900  -0.0000141807   0.0173789822   0.0020829260
       -0.0014526556   0.0096666966  -0.0001771062  -0.0432063483   0.0015082727
        0.0031721535  -0.0013515779   0.0001629929   0.0003823204  -0.0001851272
        0.0000826837  -0.0000305450  -0.0000387588  -0.0000395532   0.0000250786
        0.0000364214   0.0000581655  -0.0000458731  -0.0000716471  -0.0001246414
       -0.0001320866   0.0001122145  -0.0002585754   0.0003958630  -0.0007353254
       -0.0000077805  -0.0005562275   0.0004597999   0.0135294808  -0.0008303486
       -0.0004445813  -0.0311785378  -0.0027172963  -0.0011085104  -0.0119469769
       -0.0021367779   0.0480197242   0.0009013674   0.0003448935  -0.0001247916
       -0.0002197424  -0.0000651752   0.0000868788  -0.0000128168  -0.0000075759
        0.0000072771  -0.0000224678  -0.0000172637   0.0000022735   0.0000067568
        0.0000102930   0.0000252108   0.0000866015  -0.0000165114  -0.0000348963
       -0.0000467297  -0.0000087448   0.0000157701  -0.0000196658   0.0000056141
        0.0000028305
        0.0002164514   0.0000407967   0.0004200321  -0.0112792039  -0.0295239564
        0.0130319273  -0.0061560727  -0.0019504220  -0.0004028865  -0.0558789820
       -0.0489185530   0.0257323238   0.0038956309   0.0193536982  -0.0061107581
        0.0007883855   0.0011652480  -0.0001915760  -0.0010677254   0.0009568318
        0.0004113365  -0.0000409471   0.0001593151   0.0000640651  -0.0000119478
        0.0001030222  -0.0004733197   0.0001192688   0.0000395968   0.0000522126
       -0.0001910595  -0.0011327854   0.0006147737  -0.0001179036   0.0001049377
        0.0000747299  -0.0000142891   0.0002628769  -0.0003238552  -0.0006445716
       -0.0013537557   0.0009013674   0.0739982518   0.0589679381  -0.0348282088
       -0.0019832762   0.0025759927   0.0009220447  -0.0001280108  -0.0001492207
        0.0000625768  -0.0008019570  -0.0003645425   0.0003146548   0.0000701168
       -0.0000413232   0.0000082594  -0.0000834541  -0.0000307175   0.0001338864
       -0.0004477455  -0.0001575071  -0.0002420480  -0.0002409588  -0.0001074707
       -0.0001715383
        0.0010966443   0.0003348384   0.0000620687  -0.0036018988  -0.0096894410
        0.0060939304  -0.0025750922   0.0008029936  -0.0002098727  -0.0573716586
       -0.3226648665   0.1077186234  -0.0006683980  -0.0260300795   0.0071146311
       -0.0012557305   0.0022368599   0.0011914410   0.0005327779  -0.0006911824
       -0.0002400536   0.0000080625  -0.0001607092   0.0001262154  -0.0002530445
        0.0001166026  -0.0003332272   0.0002960091   0.0000854100   0.0001726808
        0.0013218016   0.0012341422  -0.0002400552   0.0001706915   0.0003815028
       -0.0001028300   0.0000466169   0.0000825812  -0.0002737765  -0.0002059465
       -0.0005496393   0.0003448935   0.0589679381   0.3571337543  -0.1202190956
        0.0030704316  -0.0032987999  -0.0008049049  -0.0005081873   0.0002456462
        0.0005339956   0.0007544185   0.0003284225  -0.0005289785  -0.0001170102
       -0.0001482705  -0.0004604694  -0.0001297040  -0.0000177531  -0.0002122583
        0.0002256882   0.0001505415   0.0002378479   0.0001955903   0.0001174461
        0.0000291941
       -0.0003322729  -0.0004398365   0.0010106265  -0.0041628155  -0.0058523147
       -0.0010910823   0.0013661279   0.0010807909   0.0000705097   0.0355482567
        0.1457672053  -0.0648474492   0.0012212098  -0.0144321837  -0.0002298973
       -0.0010633954  -0.0015002603   0.0018823300  -0.0002114861   0.0004629726
        0.0002606881   0.0000505119  -0.0004119588  -0.0002847518  -0.0001217758
        0.0002819453  -0.0001167116   0.0000154102  -0.0000326026  -0.0001378357
        0.0008970994   0.0006099768   0.0002541964   0.0001426378  -0.0004149854
       -0.0001597054   0.0001177303   0.0001489503   0.0001441030   0.0002391752
        0.0003221636  -0.0001247916  -0.0348282088  -0.1202190956   0.0646491272
        0.0018481178  -0.0047086633  -0.0010992700  -0.0000431192  -0.0000912680
       -0.0000478129   0.0003573288  -0.0000946618   0.0004995834  -0.0002225938
       -0.0004134411  -0.0004605293   0.0000411141   0.0001740680   0.0000092472
       -0.0002270482  -0.0001576248  -0.0001507878  -0.0006320042  -0.0000791764
       -0.0000297867
       -0.0007625117   0.0005182537  -0.0001432887   0.0002857083   0.0011153458
       -0.0002567804  -0.0013967131   0.0009654724   0.0008792124   0.0061198317
        0.0199973513   0.0023409755  -0.0847375011  -0.0900101702  -0.0084582688
       -0.0056448490  -0.0114086388   0.0020083893  -0.0143576079  -0.0200156007
       -0.0067043834  -0.0005469294   0.0001343554  -0.0008469622   0.0001054362
       -0.0001162933   0.0001040173   0.0000337412  -0.0001168894   0.0000477006
        0.0004894424  -0.0002730608  -0.0000826125  -0.0014914214  -0.0010111672
        0.0011517835   0.0001742073  -0.0000593953  -0.0000670566   0.0000009544
       -0.0000943222  -0.0002197424  -0.0019832762   0.0030704316   0.0018481178
        0.1077759553   0.0990622308   0.0094166497  -0.0002458010  -0.0002605030
       -0.0000143540  -0.0007663248  -0.0011817839   0.0025176204   0.0003083655
        0.0003803361  -0.0004541582   0.0006401500  -0.0000680508   0.0005355750
       -0.0000287104  -0.0003627581   0.0002522481  -0.0039721465  -0.0002651433
       -0.0038546823
       -0.0000316751   0.0001743057   0.0000500349  -0.0015052455   0.0001486380
        0.0007779039  -0.0011162298   0.0004744885   0.0004573457  -0.0019909086
       -0.0310711450  -0.0033113569  -0.0866728056  -0.2155512051  -0.0166287678
       -0.0068348866  -0.0102057123   0.0019993073  -0.0023481726  -0.0007066527
       -0.0010880279   0.0004507209   0.0004799562   0.0006145282  -0.0000758430
       -0.0000640904  -0.0000293378  -0.0000896404   0.0000469933   0.0000652176
       -0.0005466168   0.0001626785   0.0001819882  -0.0003089618   0.0008234235
        0.0002470346   0.0000410811  -0.0000941769  -0.0000804780  -0.0001655409
       -0.0000703087  -0.0000651752   0.0025759927  -0.0032987999  -0.0047086633
        0.0990622308   0.2572956504   0.0198246537   0.0001310822   0.0005489715
       -0.0003632166  -0.0010713936  -0.0004660827   0.0023493800   0.0002501793
       -0.0000319865  -0.0002104955   0.0002745118   0.0002128430  -0.0001199371
        0.0002143509   0.0004060437   0.0002870999  -0.0002422294   0.0007861680
       -0.0002490381
       -0.0002483687   0.0005522520   0.0001875025  -0.0000521908   0.0001356092
        0.0010847523   0.0004261173  -0.0004797710  -0.0003036730  -0.0018263619
       -0.0115804241  -0.0003644362  -0.0077987723  -0.0166638197  -0.0417359696
        0.0135037100   0.0238217969  -0.0018464492  -0.0135882159  -0.0176951602
       -0.0044490669  -0.0007827151   0.0000274457  -0.0003983932   0.0000437252
        0.0000456335  -0.0001648660   0.0001698463  -0.0002039684  -0.0000482000
       -0.0002101161   0.0001109395  -0.0001201900   0.0013324646   0.0007359113
        0.0000670081  -0.0000014515  -0.0001390319  -0.0003551356  -0.0002056122
        0.0001491060   0.0000868788   0.0009220447  -0.0008049049  -0.0010992700
        0.0094166497   0.0198246537   0.0551168050  -0.0001160470   0.0002163465
        0.0006008696   0.0026489239   0.0026474754  -0.0046880576   0.0000419404
        0.0002647429   0.0006737662  -0.0000853356  -0.0005907608   0.0001573212
        0.0004862999  -0.0001031058   0.0004190765  -0.0040765348  -0.0002709657
       -0.0028202727
       -0.0003141195  -0.0000527053  -0.0001541038   0.0006208759   0.0003951566
        0.0004213029  -0.0001184038  -0.0000454131   0.0000256774  -0.0024884581
        0.0000363125   0.0041177919  -0.0088177427   0.0083032979   0.0053562010
       -0.1465828279   0.1083725968   0.0475429972   0.0004902827  -0.0000150135
       -0.0010054725  -0.0001573866   0.0001476053   0.0000093276   0.0001329896
       -0.0001583695   0.0000588761  -0.0000037541  -0.0000594820   0.0000739193
       -0.0001436200  -0.0000118809  -0.0000658016  -0.0000183037  -0.0000107750
        0.0000154888   0.0000224244   0.0000105327  -0.0000135365  -0.0000125044
       -0.0000269135  -0.0000128168  -0.0001280108  -0.0005081873  -0.0000431192
       -0.0002458010   0.0001310822  -0.0001160470   0.1689811484  -0.1267922321
       -0.0568536815   0.0090224303  -0.0094002708  -0.0041876088  -0.0203791754
        0.0197349953   0.0051885179  -0.0001002413   0.0000005971  -0.0001693422
        0.0003033253  -0.0000298884  -0.0002315692  -0.0000631275  -0.0000210452
        0.0000429991
        0.0000558803   0.0000319498   0.0000212529  -0.0002392144   0.0000086046
       -0.0000369519   0.0000530506   0.0000717312   0.0000070797  -0.0005662230
        0.0009151623   0.0010711482  -0.0029966880   0.0039038438   0.0012891837
        0.1079245215  -0.1569106489  -0.0511827792  -0.0003205382   0.0002300683
        0.0002933852   0.0000677417  -0.0000311201  -0.0000083431  -0.0000649826
        0.0000074299  -0.0000438583   0.0000220832   0.0000313616   0.0000067159
       -0.0000087439  -0.0000129248   0.0000102096   0.0000121215   0.0000435270
        0.0000008447  -0.0000075558  -0.0000035580  -0.0000285367   0.0000300866
        0.0000344698  -0.0000075759  -0.0001492207   0.0002456462  -0.0000912680
       -0.0002605030   0.0005489715   0.0002163465  -0.1267922321   0.1802139253
        0.0586396939   0.0189559854  -0.0260625167  -0.0097927775   0.0044198624
       -0.0032670707  -0.0004627741  -0.0001232448  -0.0000478723   0.0000868094
       -0.0000894918   0.0003636330   0.0001202612   0.0000773051  -0.0003146127
       -0.0001080659
       -0.0001962157   0.0000865269   0.0002539825  -0.0002829595  -0.0004361287
       -0.0009164028   0.0001750555   0.0000825568   0.0000034293   0.0051327476
       -0.0004032289  -0.0062623427   0.0167391506  -0.0170982218  -0.0090138025
        0.0474726829  -0.0510529232  -0.0647913566   0.0004418608  -0.0003216310
        0.0003077646   0.0000220466   0.0001228899  -0.0000020446   0.0000719203
       -0.0000844660  -0.0000551384  -0.0000509353  -0.0000237282   0.0000318813
        0.0002451970  -0.0000317220   0.0000432842   0.0000007039  -0.0000133196
        0.0000003244  -0.0000159600  -0.0000269183   0.0000161081   0.0000096700
        0.0000220855   0.0000072771   0.0000625768   0.0005339956  -0.0000478129
       -0.0000143540  -0.0003632166   0.0006008696  -0.0568536815   0.0586396939
        0.0752210210   0.0025326735  -0.0047350550  -0.0007523562  -0.0150073201
        0.0146809853   0.0059940500  -0.0000458006  -0.0000006179   0.0002656760
       -0.0004092633   0.0005113144  -0.0008040122  -0.0000297956  -0.0000888710
       -0.0001003993
       -0.0000940378  -0.0000224770   0.0001257845   0.0000517089  -0.0000396165
        0.0002683118  -0.0000618939   0.0000585688   0.0000236541   0.0003502895
       -0.0010911787  -0.0008344808  -0.0072903599  -0.0127492247   0.0019654391
       -0.0953825259  -0.0963359461  -0.0113612894   0.0006879664   0.0009575685
       -0.0008284942   0.0001248731   0.0001438117  -0.0000138235  -0.0000705182
       -0.0001068725  -0.0000865505   0.0000483248   0.0000679162   0.0000467296
        0.0000051198   0.0000520919   0.0000363014   0.0000357342   0.0000968359
       -0.0000218756   0.0000166319  -0.0000030158  -0.0000132388   0.0000011828
        0.0000529506  -0.0000224678  -0.0008019570   0.0007544185   0.0003573288
       -0.0007663248  -0.0010713936   0.0026489239   0.0090224303   0.0189559854
        0.0025326735   0.1085231466   0.1137355745   0.0113289567  -0.0144840031
       -0.0236004483  -0.0059789814  -0.0001057155   0.0000379183  -0.0001775358
       -0.0000608320   0.0000757949   0.0000618356   0.0002507596   0.0000307380
       -0.0000572012
        0.0000575915   0.0000252318   0.0000063655   0.0004308322   0.0000146554
        0.0002455822  -0.0000890531   0.0000411490   0.0000029595   0.0004471336
        0.0009968439  -0.0007660027  -0.0072693057  -0.0120225265   0.0028867416
       -0.0956641890  -0.2258431755  -0.0205624961   0.0001718545   0.0006933489
       -0.0006786723   0.0000651718  -0.0000337102   0.0000482281  -0.0000798875
        0.0000276836  -0.0000365751   0.0000293711   0.0000025106  -0.0000050412
       -0.0000039042   0.0000531962   0.0000170297   0.0000542434   0.0000449317
       -0.0000154075   0.0000229603   0.0000030730   0.0000233487  -0.0000267091
        0.0000266822  -0.0000172637  -0.0003645425   0.0003284225  -0.0000946618
       -0.0011817839  -0.0004660827   0.0026474754  -0.0094002708  -0.0260625167
       -0.0047350550   0.1137355745   0.2622626429   0.0221936379  -0.0012886166
       -0.0001730570  -0.0013658143   0.0001181150   0.0001016496  -0.0002733675
        0.0000075954  -0.0003603713  -0.0000346092   0.0002278191   0.0003394185
        0.0005135976
       -0.0001644992  -0.0001411004   0.0000836575  -0.0000101170   0.0000114790
        0.0000466949   0.0001963297  -0.0000381859  -0.0000699192  -0.0013264076
        0.0012094321   0.0007886977   0.0134172041   0.0243987474  -0.0003505920
       -0.0106929259  -0.0201500462  -0.0452012134   0.0009654915   0.0005871676
        0.0010829056   0.0000832805   0.0001336593  -0.0001238634  -0.0000050526
       -0.0001173611  -0.0000124590  -0.0000653282   0.0000451885  -0.0000197811
       -0.0000524654   0.0000157259   0.0000065368  -0.0000515444  -0.0000555208
       -0.0000247970  -0.0000080240   0.0000327264   0.0000368492   0.0000113966
       -0.0000482981   0.0000022735   0.0003146548  -0.0005289785   0.0004995834
        0.0025176204   0.0023493800  -0.0046880576  -0.0041876088  -0.0097927775
       -0.0007523562   0.0113289567   0.0221936379   0.0525323015  -0.0119670249
       -0.0197125602  -0.0034990450  -0.0000332800  -0.0001742722   0.0001888403
       -0.0000509307  -0.0000411017  -0.0000560493  -0.0002197255  -0.0001769416
       -0.0004702070
       -0.0009001763  -0.0001376594   0.0004162674   0.0001735092  -0.0000859052
        0.0000376288  -0.0000613218  -0.0000712889  -0.0000308357   0.0008571616
       -0.0001301603   0.0001417996   0.0071065257  -0.0005040970   0.0055939480
       -0.1723596120   0.0142040179  -0.1192547254   0.0002941460  -0.0002135015
        0.0013779252  -0.0006167457  -0.0007783066   0.0002861293  -0.0007904943
        0.0006636060   0.0000403624  -0.0001483256  -0.0000023358  -0.0000841687
        0.0000120631  -0.0000247701  -0.0000786035   0.0000140146   0.0000287979
       -0.0000038570  -0.0000103750   0.0000364506  -0.0000818344  -0.0000012898
        0.0000159696   0.0000067568   0.0000701168  -0.0001170102  -0.0002225938
        0.0003083655   0.0002501793   0.0000419404  -0.0203791754   0.0044198624
       -0.0150073201  -0.0144840031  -0.0012886166  -0.0119670249   0.2003980226
       -0.0161533573   0.1382146827   0.0004037498  -0.0000522464   0.0002864325
        0.0000652984  -0.0002122843   0.0000815786   0.0000485458   0.0001526556
        0.0002055121
       -0.0000030155   0.0006074178  -0.0001604309   0.0002038469   0.0001306692
       -0.0000042357  -0.0000689120   0.0000213328   0.0000508507  -0.0000544003
        0.0001344435  -0.0005210262   0.0060737801  -0.0007930255   0.0063416052
        0.0140500324  -0.0457114323   0.0124389154  -0.0006344530   0.0000216489
        0.0019012307  -0.0005481507  -0.0004029738   0.0001524728   0.0003941756
       -0.0000471732   0.0000521795   0.0000339254  -0.0002280256   0.0000044660
       -0.0000093901  -0.0000826476  -0.0000857662   0.0000240109  -0.0000652206
        0.0000570614   0.0000188116  -0.0000336808  -0.0000127934  -0.0000149386
       -0.0000223076   0.0000102930  -0.0000413232  -0.0001482705  -0.0004134411
        0.0003803361  -0.0000319865   0.0002647429   0.0197349953  -0.0032670707
        0.0146809853  -0.0236004483  -0.0001730570  -0.0197125602  -0.0161533573
        0.0499610480  -0.0155759205   0.0003458656   0.0001539050   0.0005167896
       -0.0001242072   0.0000142753  -0.0000734562  -0.0000071836  -0.0000378689
        0.0000880377
       -0.0004107441  -0.0000600346   0.0002326102   0.0000289935   0.0000450676
       -0.0007436930   0.0000648283  -0.0000317072   0.0000695404  -0.0005799566
       -0.0000363667   0.0021678141  -0.0191655812   0.0034534828  -0.0226667999
       -0.1189417726   0.0119102085  -0.1513749159   0.0024850992   0.0021761978
       -0.0059979501   0.0004228207   0.0005619489   0.0001688371   0.0003496649
       -0.0003587550   0.0003445596  -0.0002814092   0.0000205471   0.0000956313
       -0.0000835801   0.0000069061  -0.0000236599  -0.0000509559   0.0000341492
       -0.0000736606  -0.0000750094   0.0000175899   0.0000366422   0.0000094741
       -0.0000192810   0.0000252108   0.0000082594  -0.0004604694  -0.0004605293
       -0.0004541582  -0.0002104955   0.0006737662   0.0051885179  -0.0004627741
        0.0059940500  -0.0059789814  -0.0013658143  -0.0034990450   0.1382146827
       -0.0155759205   0.1763516753  -0.0012569847   0.0003137458  -0.0016059661
        0.0002323099  -0.0001032530   0.0000854066   0.0002744829   0.0001450276
        0.0002004762
       -0.0000844164  -0.0000382188   0.0000577174  -0.0001664047  -0.0000155074
       -0.0003889772   0.0000263012  -0.0000505857  -0.0001461473   0.0012585648
       -0.0002152934   0.0002755509   0.0068896476   0.0060233505  -0.0195932479
       -0.0025609492   0.0006428903  -0.0031205503  -0.0795606415  -0.0269961830
        0.0846817686   0.0000288282   0.0000429341   0.0000070498   0.0000276232
       -0.0000401146   0.0000541440   0.0000095783   0.0000107748   0.0000183235
        0.0000760042  -0.0000278003   0.0000051168  -0.0000229826  -0.0001224835
       -0.0001130962  -0.0002565992   0.0000915618   0.0002723005   0.0001069032
       -0.0000072038   0.0000866015  -0.0000834541  -0.0001297040   0.0000411141
        0.0006401500   0.0002745118  -0.0000853356  -0.0001002413  -0.0001232448
       -0.0000458006  -0.0001057155   0.0001181150  -0.0000332800   0.0004037498
        0.0003458656  -0.0012569847   0.0908325425   0.0314112089  -0.0956670020
       -0.0104756490  -0.0046151902   0.0210568219  -0.0068828393  -0.0065796832
        0.0138939127
       -0.0000389672  -0.0000166083  -0.0000978791   0.0003418460   0.0001185444
        0.0003199966  -0.0001007300   0.0000525626   0.0000720917  -0.0004238557
       -0.0001848483  -0.0005837498  -0.0004774164  -0.0006000887   0.0034596971
        0.0007863077   0.0006029819   0.0005442462  -0.0267956465  -0.0632435262
        0.0593332778  -0.0000119271  -0.0000174210  -0.0000231968  -0.0000187644
       -0.0000081868   0.0000189848  -0.0000065670   0.0000024136  -0.0000274830
        0.0000042031  -0.0000851330   0.0000226463  -0.0000466714  -0.0000720978
       -0.0001048221   0.0000771533   0.0001220336  -0.0000624294  -0.0000252891
       -0.0000607515  -0.0000165114  -0.0000307175  -0.0000177531   0.0001740680
       -0.0000680508   0.0002128430  -0.0005907608   0.0000005971  -0.0000478723
       -0.0000006179   0.0000379183   0.0001016496  -0.0001742722  -0.0000522464
        0.0001539050   0.0003137458   0.0314112089   0.0697089613  -0.0695988910
        0.0098040374   0.0052494801  -0.0196088322  -0.0143664224  -0.0119710881
        0.0266306914
       -0.0000570801   0.0000408215   0.0001724739  -0.0000462202  -0.0000370787
       -0.0003245955   0.0002490357  -0.0000082120   0.0001593635   0.0010446010
       -0.0002803448   0.0017774728   0.0053885071   0.0067073328  -0.0231577088
       -0.0043464345   0.0003410604  -0.0037593404   0.0839193945   0.0596875541
       -0.2305867891   0.0000668309   0.0000311817  -0.0000819971   0.0000733969
       -0.0000402322  -0.0000284318  -0.0000257424  -0.0000051842   0.0000269052
        0.0000682972   0.0000129306  -0.0000219776  -0.0001548559  -0.0001711766
       -0.0001752686  -0.0001229916   0.0000480368   0.0002224723   0.0001265500
       -0.0000408434  -0.0000348963   0.0001338864  -0.0002122583   0.0000092472
        0.0005355750  -0.0001199371   0.0001573212  -0.0001693422   0.0000868094
        0.0002656760  -0.0001775358  -0.0002733675   0.0001888403   0.0002864325
        0.0005167896  -0.0016059661  -0.0956670020  -0.0695988910   0.2682076089
        0.0077644803   0.0019515078  -0.0122129785   0.0011102171   0.0013635010
        0.0008025683
       -0.0002859171  -0.0000721900  -0.0001004259  -0.0002714488   0.0011789530
       -0.0002613003   0.0000331583  -0.0000690267   0.0000622084  -0.0060278824
        0.0012479623  -0.0027971024  -0.0162312355   0.0156245317   0.0053739013
        0.0006252073  -0.0002534247   0.0007696170  -0.1475672493   0.1081191033
        0.0499665110   0.0000053612  -0.0000027644   0.0000025402   0.0000288987
        0.0000150200   0.0000168959  -0.0000422689  -0.0000387089  -0.0000469106
       -0.0003993729  -0.0000388121   0.0000459283  -0.0000560979   0.0000272345
       -0.0000067742   0.0000620946   0.0000443475  -0.0000756512   0.0000111360
        0.0000051964  -0.0000467297  -0.0004477455   0.0002256882  -0.0002270482
       -0.0000287104   0.0002143509   0.0004862999   0.0003033253  -0.0000894918
       -0.0004092633  -0.0000608320   0.0000075954  -0.0000509307   0.0000652984
       -0.0001242072   0.0002323099  -0.0104756490   0.0098040374   0.0077644803
        0.1720200132  -0.1270663401  -0.0569767987   0.0087399168  -0.0087590547
       -0.0037217570
        0.0001480604   0.0000732945   0.0000735962  -0.0000894458  -0.0003307018
        0.0000386045  -0.0000358541   0.0000757820  -0.0000039216   0.0018738607
        0.0007236667   0.0009056917   0.0035195937  -0.0029108870  -0.0007730106
       -0.0001992888   0.0002379998  -0.0001813887   0.1081086878  -0.1552123664
       -0.0505794348   0.0000044089   0.0000260461   0.0000180775  -0.0000120962
       -0.0000321742   0.0000110803   0.0000344270   0.0000225972   0.0000383472
        0.0001221704  -0.0000189311  -0.0000075078   0.0000213466   0.0000130487
        0.0000094624  -0.0000047144  -0.0000466444   0.0000253904   0.0000069018
        0.0000097701  -0.0000087448  -0.0001575071   0.0001505415  -0.0001576248
       -0.0003627581   0.0004060437  -0.0001031058  -0.0000298884   0.0003636330
        0.0005113144   0.0000757949  -0.0003603713  -0.0000411017  -0.0002122843
        0.0000142753  -0.0001032530  -0.0046151902   0.0052494801   0.0019515078
       -0.1270663401   0.1772188494   0.0594782584   0.0188701153  -0.0256729519
       -0.0111022371
       -0.0000640770   0.0000042089   0.0000218409  -0.0008674728   0.0005638900
       -0.0002743440   0.0001209100  -0.0000328740   0.0000146033  -0.0036841198
        0.0010811127  -0.0007617967  -0.0116892780   0.0121686012   0.0047718923
       -0.0007551507   0.0003666242   0.0001255086   0.0506661080  -0.0512126122
       -0.0657589669   0.0000129775   0.0000231738   0.0000374173   0.0000066154
        0.0000063902   0.0000176630   0.0000174127  -0.0000030845  -0.0000004714
       -0.0002476644   0.0000030314   0.0000113131   0.0000275698  -0.0000008498
       -0.0000158886  -0.0000863436  -0.0000100579   0.0000030967   0.0000378128
        0.0000331060   0.0000157701  -0.0002420480   0.0002378479  -0.0001507878
        0.0002522481   0.0002870999   0.0004190765  -0.0002315692   0.0001202612
       -0.0008040122   0.0000618356  -0.0000346092  -0.0000560493   0.0000815786
       -0.0000734562   0.0000854066   0.0210568219  -0.0196088322  -0.0122129785
       -0.0569767987   0.0594782584   0.0754077981   0.0025026319  -0.0033972298
       -0.0008960911
       -0.0000048519   0.0001011232   0.0000381872   0.0000753962  -0.0000614823
       -0.0000779116  -0.0001023635   0.0000947284   0.0000370277   0.0013187500
       -0.0004088332   0.0012017606  -0.0137954105  -0.0215492807  -0.0060980439
        0.0007152924   0.0000674679   0.0012069998  -0.0913148155  -0.0956373511
       -0.0103578729   0.0000680540   0.0000186078   0.0000880510   0.0000010384
        0.0000030057  -0.0000035692   0.0000270500   0.0000180948   0.0000643737
        0.0000205326   0.0000452638   0.0000142553   0.0000862833   0.0001055143
       -0.0000056975   0.0000103832  -0.0000616482   0.0000109427   0.0000203105
        0.0000490674  -0.0000196658  -0.0002409588   0.0001955903  -0.0006320042
       -0.0039721465  -0.0002422294  -0.0040765348  -0.0000631275   0.0000773051
       -0.0000297956   0.0002507596   0.0002278191  -0.0002197255   0.0000485458
       -0.0000071836   0.0002744829  -0.0068828393  -0.0143664224   0.0011102171
        0.0087399168   0.0188701153   0.0025026319   0.1049942007   0.1124607280
        0.0149718912
        0.0000383934   0.0000329450   0.0000377691   0.0003572287   0.0000161811
        0.0000695572  -0.0000390729   0.0000175704  -0.0000493638   0.0000193518
        0.0007565725   0.0005051343  -0.0029942666  -0.0002624811  -0.0023216671
        0.0007596356   0.0007569210   0.0003396100  -0.0951164922  -0.2335971775
       -0.0224042336   0.0000297581  -0.0000303755   0.0000231705   0.0000059269
        0.0000429084  -0.0000281812  -0.0000085834  -0.0000089781   0.0000103796
       -0.0000189689   0.0000580033   0.0000124090   0.0000707804   0.0000363274
        0.0000324758   0.0000059762  -0.0000546282   0.0000086581  -0.0000213916
        0.0000043356   0.0000056141  -0.0001074707   0.0001174461  -0.0000791764
       -0.0002651433   0.0007861680  -0.0002709657  -0.0000210452  -0.0003146127
       -0.0000888710   0.0000307380   0.0003394185  -0.0001769416   0.0001526556
       -0.0000378689   0.0001450276  -0.0065796832  -0.0119710881   0.0013635010
       -0.0087590547  -0.0256729519  -0.0033972298   0.1124607280   0.2689853646
        0.0262633239
       -0.0000837107   0.0000439392  -0.0000234840   0.0001936705  -0.0000188980
        0.0000476434  -0.0000172920   0.0000524042   0.0000819502   0.0010636624
       -0.0000665826   0.0003780540  -0.0113438324  -0.0184815970  -0.0040828954
       -0.0005882457  -0.0009833450   0.0007436446  -0.0106168464  -0.0226683795
       -0.0463797149   0.0000439215  -0.0000068269   0.0000319427  -0.0000114314
       -0.0000066974   0.0000030714   0.0000152167   0.0000112194   0.0000156114
        0.0000634338  -0.0000139560  -0.0000011968   0.0000097496  -0.0000056062
       -0.0001012446  -0.0000487160   0.0000746702   0.0000151396   0.0000112839
        0.0000041519   0.0000028305  -0.0001715383   0.0000291941  -0.0000297867
       -0.0038546823  -0.0002490381  -0.0028202727   0.0000429991  -0.0001080659
       -0.0001003993  -0.0000572012   0.0005135976  -0.0004702070   0.0002055121
        0.0000880377   0.0002004762   0.0138939127   0.0266306914   0.0008025683
       -0.0037217570  -0.0111022371  -0.0008960911   0.0149718912   0.0262633239
        0.0525823602
