           1           2  0.992478107591898     
           2           3   1.00416371599369     
           2           4   1.00690139093847     
           4           5   1.00123197861732     
           5           6   1.00064151673304     
           5           7  0.999841470161710     
           1           8  0.985278879988349     
           1           9  0.986551033472382     
           1          10  0.985768514938007     
           2          11  0.966710880816672     
           3          12  0.983120819457867     
           3          13  0.985890393899514     
           3          14  0.986004161930005     
           4          15  0.953391970898304     
           5          16  0.962929582501731     
           6          17  0.985666703741365     
           6          18  0.985774101387273     
           6          19  0.984997526401566     
           7          20  0.986439111446493     
           7          21  0.985961930087801     
           7          22  0.986746367344582     
