$hessian                                                                        
        0.5280690359   0.0162037114   0.0076426296  -0.0705697005   0.0237038282
        0.0060470798  -0.0072364759   0.0226446459   0.0105407371   0.0001131308
       -0.0006179850  -0.0003292266  -0.0021964154   0.0003375797   0.0001384416
       -0.0484741107   0.0162139676  -0.0229110021  -0.1865037478  -0.0629795985
       -0.1039349358  -0.2131216925  -0.0016160192   0.1072075265   0.0031819303
       -0.0212882586  -0.0075761894  -0.0001181212   0.0045609381   0.0006486220
        0.0008391243   0.0005837518  -0.0009509072  -0.0037299333   0.0016224320
        0.0032390211  -0.0001572060   0.0001503434   0.0000637958   0.0000555549
        0.0000558851  -0.0000577473  -0.0001576629   0.0002078254   0.0003090027
        0.0000062900   0.0002169527  -0.0000768479
        0.0162037114   0.4678265546  -0.0163265007   0.0219148453  -0.1886824314
       -0.0382729067   0.0056249831  -0.0047534784  -0.0046923963  -0.0004041895
       -0.0003487594   0.0001960193   0.0007204818   0.0004558361  -0.0001140649
        0.0165959793  -0.1254175271   0.1125385949  -0.0644057941  -0.0702309658
       -0.0444794935  -0.0011839558  -0.0419290409   0.0013321709   0.0002609852
       -0.0159311773  -0.0072280526   0.0050787316  -0.0235095473  -0.0037366691
       -0.0009620422   0.0011790406   0.0006031274   0.0003447518   0.0009102427
        0.0002356318   0.0000201020   0.0002129006  -0.0000986798  -0.0000291992
        0.0001496751   0.0000257166   0.0001356122   0.0000367583   0.0000428438
        0.0000849971   0.0000319194  -0.0000253413
        0.0076426296  -0.0163265007   0.5171327600   0.0050101916  -0.0377102389
       -0.0793500733   0.0066116494  -0.0146756572  -0.0077505671  -0.0005870236
        0.0002213984   0.0000746085   0.0009451687  -0.0001507822  -0.0000315092
       -0.0232050435   0.1117128217  -0.1950280773  -0.1055859303  -0.0443233685
       -0.1208028443   0.1079678172   0.0019141839  -0.1132626548   0.0012473812
       -0.0197738418  -0.0065547555  -0.0038460687   0.0218975064   0.0059921253
       -0.0000504790  -0.0013716574   0.0008385831   0.0033809155  -0.0011515516
       -0.0016565587   0.0001829080  -0.0000507490   0.0001201775   0.0001517633
       -0.0000218043   0.0001203355   0.0001843313  -0.0000211299   0.0000615956
       -0.0000502108  -0.0001686289   0.0000968546
       -0.0705697005   0.0219148453   0.0050101916   0.4833570401   0.0062236336
        0.0313225418  -0.1521946120   0.0059573717   0.0594898427  -0.0280481229
        0.0018761657   0.0095314850   0.0005806778  -0.0001036715   0.0003220405
       -0.0007943847   0.0051995298   0.0007572189   0.0038299707  -0.0212681554
       -0.0074135659  -0.0073280233   0.0247903572   0.0096668253  -0.1720108987
       -0.0553068435  -0.0980664183  -0.0455895768   0.0110364996  -0.0179599174
       -0.0027461740  -0.0013963958   0.0041094169  -0.0051882863   0.0019652843
        0.0039924675   0.0010963787  -0.0003114391   0.0013098880  -0.0045216033
       -0.0003816030  -0.0019108519   0.0003373268  -0.0000761396  -0.0000914445
       -0.0002100118  -0.0001194394  -0.0000697200
        0.0237038282  -0.1886824314  -0.0377102389   0.0062236336   0.4866775996
       -0.0171999264   0.0030057927  -0.0662126430  -0.0013648994  -0.0024923056
       -0.0000832637   0.0016782854   0.0005706974   0.0002832261   0.0000404404
        0.0047767072  -0.0239630687  -0.0028778238  -0.0004496605  -0.0146013967
       -0.0070538883   0.0020917857  -0.0034137424  -0.0019461474  -0.0549070268
       -0.0653304540  -0.0380846686   0.0110830419  -0.1218632379   0.1084880334
       -0.0166234584   0.0001112551   0.0132984795   0.0219948509  -0.0040590950
       -0.0173218211   0.0009886699   0.0003705363  -0.0002711146   0.0000359066
        0.0008786890   0.0001262022   0.0002024871  -0.0000297822  -0.0000611105
       -0.0002049500  -0.0000821909   0.0002601981
        0.0060470798  -0.0382729067  -0.0793500733   0.0313225418  -0.0171999264
        0.5153936657   0.0567817037  -0.0027660480  -0.1063768768  -0.0090447383
        0.0017299608   0.0082049567   0.0005233737   0.0004659058   0.0003850927
       -0.0044212263   0.0226447505   0.0061926218   0.0017261331  -0.0183974046
       -0.0067065870   0.0052321528  -0.0165016980  -0.0062228140  -0.0975360692
       -0.0381223327  -0.1168877813  -0.0182272728   0.1077275146  -0.1899392355
        0.0199180840   0.0017790989  -0.0157420941   0.0133340498  -0.0031054884
       -0.0092901905  -0.0015287760  -0.0002810548   0.0011661243  -0.0041303096
        0.0004203643  -0.0006360006  -0.0000554346  -0.0000374542  -0.0000190371
        0.0000587081  -0.0000832809  -0.0001717710
       -0.0072364759   0.0056249831   0.0066116494  -0.1521946120   0.0030057927
        0.0567817037   0.4536230753  -0.0015601536  -0.0014248620  -0.1499117457
       -0.0020790142  -0.0532718406  -0.0071303610  -0.0078760815  -0.0080133206
        0.0004134807  -0.0006527794  -0.0001292341   0.0004637879  -0.0002139103
       -0.0002737087   0.0006663852   0.0012012325   0.0003970045  -0.0266215002
       -0.0002061064   0.0130523185  -0.0018281021  -0.0012464827   0.0032827208
       -0.0422334548   0.0009136746  -0.0012784448  -0.0396078517   0.0013883659
        0.0005824481  -0.0017457516   0.0010173599  -0.0037463501  -0.0281755928
        0.0012125337  -0.0124776165   0.0007535327  -0.0010428367  -0.0001020226
        0.0007651860   0.0005134222   0.0000095550
        0.0226446459  -0.0047534784  -0.0146756572   0.0059573717  -0.0662126430
       -0.0027660480  -0.0015601536   0.5371584945  -0.0089550504  -0.0026797900
       -0.0653392784   0.0008101323  -0.0259389972  -0.0066448933  -0.0182252067
        0.0007075381   0.0007965024  -0.0010068944   0.0001840425   0.0009421473
        0.0001232572   0.0022637806  -0.0052465886  -0.0026637289  -0.0071176379
        0.0003442601   0.0037616981  -0.0146827604   0.0001219873   0.0116960654
        0.0009462373  -0.1628278940   0.1129191708   0.0022823162  -0.2248928480
       -0.0909274266   0.0142538185   0.0004316789   0.0108450958   0.0060147679
        0.0008349840   0.0032144247  -0.0021347022  -0.0058261603  -0.0029238952
       -0.0011404775   0.0011137294  -0.0012259369
        0.0105407371  -0.0046923963  -0.0077505671   0.0594898427  -0.0013648994
       -0.1063768768  -0.0014248620  -0.0089550504   0.4856553624  -0.0566235809
       -0.0005334895  -0.1029730873  -0.0121645200  -0.0059265374  -0.0081190454
       -0.0009916588   0.0007430922   0.0007701591   0.0001520198   0.0001963809
        0.0002212577   0.0005435988  -0.0019543964  -0.0002227291  -0.0124727632
       -0.0006519987   0.0071929601   0.0219318873   0.0018296119  -0.0175834704
       -0.0015169938   0.1130158431  -0.1507408752   0.0007348332  -0.0908382625
       -0.0905128580  -0.0215770678   0.0016471238  -0.0168289174   0.0127146305
       -0.0007313412   0.0068532629  -0.0006531511  -0.0022256736  -0.0001094175
        0.0013170482   0.0004419934   0.0005248420
        0.0001131308  -0.0004041895  -0.0005870236  -0.0280481229  -0.0024923056
       -0.0090447383  -0.1499117457  -0.0026797900  -0.0566235809   0.4557297352
        0.0042611365  -0.0073341654  -0.0625031736  -0.0025467386  -0.0079116153
       -0.0001830128   0.0001301654   0.0000908791   0.0002923010   0.0005227315
        0.0003773247   0.0002940917   0.0000999299   0.0000167469  -0.0041594684
        0.0006584765   0.0021890820   0.0009605501   0.0003659055  -0.0011442715
       -0.0030743711   0.0013045623  -0.0044197794  -0.0036031373  -0.0009832289
       -0.0026272123  -0.0450416358  -0.0081324004   0.0145001234  -0.1521891733
        0.0434739493   0.0840888424  -0.0071265668  -0.0288124006  -0.0123119695
       -0.0015494010  -0.0047658032   0.0007413576
       -0.0006179850  -0.0003487594   0.0002213984   0.0018761657  -0.0000832637
        0.0017299608  -0.0020790142  -0.0653392784  -0.0005334895   0.0042611365
        0.4634332867  -0.0357276528  -0.0296263730  -0.1961691043  -0.0321700363
        0.0001775523   0.0000889474   0.0001591668   0.0009634109  -0.0003466057
       -0.0008087197  -0.0002950679   0.0000322119   0.0000077578   0.0000209874
        0.0007426718   0.0000492708  -0.0010844190   0.0005626963  -0.0002488669
        0.0169766196   0.0001258871   0.0136823306  -0.0219307875  -0.0051646479
       -0.0172933628  -0.0083122310  -0.1124143260   0.1052732754   0.0373002644
       -0.0528738983  -0.0224963565   0.0022692724  -0.0051475990  -0.0048386043
        0.0001004686  -0.0270982185  -0.0070060719
       -0.0003292266   0.0001960193   0.0000746085   0.0095314850   0.0016782854
        0.0082049567  -0.0532718406   0.0008101323  -0.1029730873  -0.0073341654
       -0.0357276528   0.5023393607  -0.0208156839  -0.0508739373  -0.0870232168
       -0.0000207726  -0.0000692956  -0.0000470059   0.0004166445  -0.0003811476
       -0.0001452837   0.0000145471  -0.0000846487  -0.0000156043   0.0038210051
        0.0003728591  -0.0008398089   0.0016581801  -0.0000255357   0.0010811292
       -0.0203863526   0.0014617807  -0.0158192006  -0.0124190548  -0.0030767504
       -0.0088181638   0.0141320890   0.1021539634  -0.1897519451   0.0805117946
       -0.0253258342  -0.1047341771  -0.0004880043  -0.0170141685  -0.0086650715
        0.0049793554   0.0259059306   0.0071325097
       -0.0021964154   0.0007204818   0.0009451687   0.0005806778   0.0005706974
        0.0005233737  -0.0071303610  -0.0259389972  -0.0121645200  -0.0625031736
       -0.0296263730  -0.0208156839   0.4084946058   0.0575941815   0.1633775829
       -0.0001534005  -0.0002105904  -0.0001139882  -0.0014250910  -0.0004132667
       -0.0006324271  -0.0008333620  -0.0004650426  -0.0003535757   0.0001432825
       -0.0001017502  -0.0001926654   0.0000697153   0.0000718320  -0.0000671802
        0.0008361762  -0.0001483295   0.0010457291  -0.0042850950  -0.0019852769
       -0.0037606618   0.0003598224  -0.0034085784  -0.0005407878   0.0057428859
        0.0196807989   0.0063352802  -0.3027054196  -0.0015023202  -0.1331109609
       -0.0349948478  -0.0148374663  -0.0004746836
        0.0003375797   0.0004558361  -0.0001507822  -0.0001036715   0.0002832261
        0.0004659058  -0.0078760815  -0.0066448933  -0.0059265374  -0.0025467386
       -0.1961691043  -0.0508739373   0.0575941815   0.4743832474  -0.1016836556
        0.0000247062   0.0000888521  -0.0000488503  -0.0001663113   0.0000947585
        0.0005228042   0.0000648761   0.0000212174  -0.0000143543   0.0000544466
        0.0000602896   0.0000958413   0.0000784537  -0.0001191389  -0.0001596330
        0.0016231532   0.0014229126   0.0006489814  -0.0005937918   0.0007602593
       -0.0001005816  -0.0049273480  -0.0312811445  -0.0023032365   0.0075917176
       -0.0353707456  -0.0219325912  -0.0134416465  -0.0448667560   0.0033359217
       -0.0377135254  -0.1631188164   0.1781247050
        0.0001384416  -0.0001140649  -0.0000315092   0.0003220405   0.0000404404
        0.0003850927  -0.0080133206  -0.0182252067  -0.0081190454  -0.0079116153
       -0.0321700363  -0.0870232168   0.1633775829  -0.1016836556   0.4643703211
        0.0000975166  -0.0000349406   0.0000367630   0.0001267925   0.0003587040
        0.0003628809   0.0000114651   0.0001004526   0.0001212049  -0.0000907529
        0.0001286219   0.0001757623  -0.0001998493  -0.0002045093   0.0001112115
        0.0008508603  -0.0010327548   0.0008235188  -0.0037577086  -0.0011040191
       -0.0023252301   0.0030854119   0.0230320931   0.0074391332   0.0022818911
       -0.0297419022  -0.0103134191  -0.1761448438   0.0086576502  -0.1085269984
        0.0258260878   0.1519931271  -0.2574864695
       -0.0484741107   0.0165959793  -0.0232050435  -0.0007943847   0.0047767072
       -0.0044212263   0.0004134807   0.0007075381  -0.0009916588  -0.0001830128
        0.0001775523  -0.0000207726  -0.0001534005   0.0000247062   0.0000975166
        0.0523771768  -0.0203325141   0.0256913890  -0.0043258323   0.0138782149
       -0.0229892438   0.0011576691  -0.0163577906   0.0243346424   0.0001606166
       -0.0007058034   0.0003205072   0.0004646325   0.0014810598   0.0004116398
       -0.0002906059   0.0001186399   0.0005095782  -0.0000383163  -0.0001857468
        0.0000501802   0.0000309860  -0.0001283510   0.0000935949  -0.0000258352
       -0.0000267690  -0.0000112318   0.0001246867  -0.0000263432   0.0000271586
       -0.0004437498   0.0000029206   0.0001029700
        0.0162139676  -0.1254175271   0.1117128217   0.0051995298  -0.0239630687
        0.0226447505  -0.0006527794   0.0007965024   0.0007430922   0.0001301654
        0.0000889474  -0.0000692956  -0.0002105904   0.0000888521  -0.0000349406
       -0.0203325141   0.1500819010  -0.1306023314  -0.0008256274   0.0057633687
       -0.0064055963  -0.0009767280  -0.0010212857   0.0035095537  -0.0001012811
        0.0005816211   0.0006754712   0.0014650556  -0.0073141535  -0.0015529238
        0.0005387915   0.0001583917  -0.0005173041  -0.0002363908   0.0001779034
        0.0001299820  -0.0001403227  -0.0000865200  -0.0000853729  -0.0000192813
       -0.0000471429  -0.0000215497  -0.0001615879   0.0000227596  -0.0000110532
        0.0001095932   0.0000894504  -0.0001153036
       -0.0229110021   0.1125385949  -0.1950280773   0.0007572189  -0.0028778238
        0.0061926218  -0.0001292341  -0.0010068944   0.0007701591   0.0000908791
        0.0001591668  -0.0000470059  -0.0001139882  -0.0000488503   0.0000367630
        0.0256913890  -0.1306023314   0.2245539183  -0.0045068403   0.0113792911
       -0.0192130320   0.0003354023   0.0122625040  -0.0189289870   0.0003148731
       -0.0001850738   0.0006512363   0.0005863644  -0.0014049349   0.0006941103
       -0.0000875092  -0.0000107056   0.0001154065   0.0000409326  -0.0000990683
        0.0000094007   0.0000489767  -0.0000275993  -0.0000309078  -0.0000526492
       -0.0000436062   0.0000617556   0.0001326041  -0.0000146608  -0.0000111840
       -0.0001974170  -0.0000180082   0.0001738223
       -0.1865037478  -0.0644057941  -0.1055859303   0.0038299707  -0.0004496605
        0.0017261331   0.0004637879   0.0001840425   0.0001520198   0.0002923010
        0.0009634109   0.0004166445  -0.0014250910  -0.0001663113   0.0001267925
       -0.0043258323  -0.0008256274  -0.0045068403   0.2130572066   0.0734132823
        0.1212196752  -0.0260130334  -0.0094572954  -0.0143273622   0.0010525646
        0.0012224189   0.0008362401   0.0001422519  -0.0000285753   0.0002079330
        0.0000079730  -0.0000273376  -0.0000570873  -0.0001350364   0.0000499299
        0.0000126287   0.0000456592   0.0000086163  -0.0000076752   0.0000544571
       -0.0002684413  -0.0001836962  -0.0003892500  -0.0000500520  -0.0003276858
       -0.0001541812  -0.0001626060   0.0002982105
       -0.0629795985  -0.0702309658  -0.0443233685  -0.0212681554  -0.0146013967
       -0.0183974046  -0.0002139103   0.0009421473   0.0001963809   0.0005227315
       -0.0003466057  -0.0003811476  -0.0004132667   0.0000947585   0.0003587040
        0.0138782149   0.0057633687   0.0113792911   0.0734132823   0.0846083380
        0.0539883671  -0.0022826046   0.0001983568  -0.0003642220   0.0004635714
       -0.0066879643  -0.0029202209  -0.0005937668   0.0004851092  -0.0002098665
        0.0000096537  -0.0000436115  -0.0000003392  -0.0001279320   0.0002073310
        0.0001753559   0.0000983291  -0.0004132994   0.0000921575  -0.0002089594
       -0.0001282469   0.0001083256  -0.0001048648   0.0000901336   0.0000082140
       -0.0001927247   0.0000625473   0.0002897729
       -0.1039349358  -0.0444794935  -0.1208028443  -0.0074135659  -0.0070538883
       -0.0067065870  -0.0002737087   0.0001232572   0.0002212577   0.0003773247
       -0.0008087197  -0.0001452837  -0.0006324271   0.0005228042   0.0003628809
       -0.0229892438  -0.0064055963  -0.0192130320   0.1212196752   0.0539883671
        0.1378979086   0.0132474016   0.0055182487   0.0089056321   0.0002339788
       -0.0028521699  -0.0000633660   0.0002581558   0.0006800446   0.0004967896
       -0.0001261903  -0.0000098341  -0.0004411013  -0.0000769263   0.0002624893
        0.0000579820   0.0000080021   0.0001201287   0.0000006134  -0.0001216557
        0.0000686452   0.0000874828  -0.0004341261   0.0001883391  -0.0000298624
        0.0006582416   0.0001373777  -0.0006284706
       -0.2131216925  -0.0011839558   0.1079678172  -0.0073280233   0.0020917857
        0.0052321528   0.0006663852   0.0022637806   0.0005435988   0.0002940917
       -0.0002950679   0.0000145471  -0.0008333620   0.0000648761   0.0000114651
        0.0011576691  -0.0009767280   0.0003354023  -0.0260130334  -0.0022826046
        0.0132474016   0.2454511518  -0.0001314497  -0.1271936161   0.0005660161
       -0.0002975225  -0.0000604889  -0.0001512836  -0.0000147576  -0.0002677956
        0.0001156770   0.0000979408  -0.0003122926  -0.0005939237   0.0003130197
        0.0004475372  -0.0000465540  -0.0000033794  -0.0000006937  -0.0000609529
        0.0000688343   0.0000278794  -0.0002054992   0.0001216828   0.0001162730
        0.0001033337   0.0001635456  -0.0001091876
       -0.0016160192  -0.0419290409   0.0019141839   0.0247903572  -0.0034137424
       -0.0165016980   0.0012012325  -0.0052465886  -0.0019543964   0.0000999299
        0.0000322119  -0.0000846487  -0.0004650426   0.0000212174   0.0001004526
       -0.0163577906  -0.0010212857   0.0122625040  -0.0094572954   0.0001983568
        0.0055182487  -0.0001314497   0.0507918727   0.0001215430   0.0002885446
        0.0005733715   0.0000000540   0.0004162236   0.0004973727  -0.0001993842
       -0.0001595320  -0.0001549929   0.0000413947   0.0013300218  -0.0004364821
       -0.0011273082  -0.0000029794  -0.0000578342  -0.0000724958   0.0000680137
        0.0000654734   0.0000565944  -0.0000677063   0.0000472646  -0.0000077907
        0.0000634919   0.0000328260  -0.0000672534
        0.1072075265   0.0013321709  -0.1132626548   0.0096668253  -0.0019461474
       -0.0062228140   0.0003970045  -0.0026637289  -0.0002227291   0.0000167469
        0.0000077578  -0.0000156043  -0.0003535757  -0.0000143543   0.0001212049
        0.0243346424   0.0035095537  -0.0189289870  -0.0143273622  -0.0003642220
        0.0089056321  -0.1271936161   0.0001215430   0.1296797771   0.0001731143
        0.0001322523  -0.0003835730  -0.0003196816   0.0003801988   0.0004491515
       -0.0001838780  -0.0000988048   0.0001718877   0.0006287732  -0.0003637917
       -0.0003678834  -0.0000310844  -0.0000314121   0.0000273524   0.0000735218
       -0.0000074820   0.0000574008  -0.0000077787  -0.0000021169   0.0000437623
       -0.0000811781   0.0000085837  -0.0000519233
        0.0031819303   0.0002609852   0.0012473812  -0.1720108987  -0.0549070268
       -0.0975360692  -0.0266215002  -0.0071176379  -0.0124727632  -0.0041594684
        0.0000209874   0.0038210051   0.0001432825   0.0000544466  -0.0000907529
        0.0001606166  -0.0001012811   0.0003148731   0.0010525646   0.0004635714
        0.0002339788   0.0005660161   0.0002885446   0.0001731143   0.2038467551
        0.0617792191   0.1109184386  -0.0042882533  -0.0007723127  -0.0058195830
        0.0000457176  -0.0002031821  -0.0001329301  -0.0000168269   0.0002016306
       -0.0006197451   0.0001936749  -0.0001312928   0.0003996208  -0.0019639361
        0.0001442631  -0.0004520629  -0.0000547482  -0.0000419705   0.0000117826
       -0.0000749258   0.0000610560   0.0000037119
       -0.0212882586  -0.0159311773  -0.0197738418  -0.0553068435  -0.0653304540
       -0.0381223327  -0.0002061064   0.0003442601  -0.0006519987   0.0006584765
        0.0007426718   0.0003728591  -0.0001017502   0.0000602896   0.0001286219
       -0.0007058034   0.0005816211  -0.0001850738   0.0012224189  -0.0066879643
       -0.0028521699  -0.0002975225   0.0005733715   0.0001322523   0.0617792191
        0.0801248778   0.0493072398   0.0134404209   0.0052687595   0.0117718688
       -0.0002633322  -0.0003041871   0.0000592749   0.0011752178   0.0004561922
        0.0000848821   0.0000086625  -0.0000095345  -0.0000551426  -0.0001126691
        0.0000698113  -0.0001141093  -0.0000060259   0.0000496300  -0.0000002200
        0.0000038962  -0.0000081677  -0.0001021100
       -0.0075761894  -0.0072280526  -0.0065547555  -0.0980664183  -0.0380846686
       -0.1168877813   0.0130523185   0.0037616981   0.0071929601   0.0021890820
        0.0000492708  -0.0008398089  -0.0001926654   0.0000958413   0.0001757623
        0.0003205072   0.0006754712   0.0006512363   0.0008362401  -0.0029202209
       -0.0000633660  -0.0000604889   0.0000000540  -0.0003835730   0.1109184386
        0.0493072398   0.1355240699  -0.0227229795  -0.0058876038  -0.0200994801
        0.0001130899  -0.0000105467   0.0000817010   0.0005001846   0.0004736167
        0.0007575031   0.0000604339  -0.0001312511  -0.0000523411   0.0005300169
       -0.0001183547   0.0003800066   0.0000543090   0.0000403784   0.0000469120
        0.0000441206  -0.0000228719   0.0000709547
       -0.0001181212   0.0050787316  -0.0038460687  -0.0455895768   0.0110830419
       -0.0182272728  -0.0018281021  -0.0146827604   0.0219318873   0.0009605501
       -0.0010844190   0.0016581801   0.0000697153   0.0000784537  -0.0001998493
        0.0004646325   0.0014650556   0.0005863644   0.0001422519  -0.0005937668
        0.0002581558  -0.0001512836   0.0004162236  -0.0003196816  -0.0042882533
        0.0134404209  -0.0227229795   0.0551653446  -0.0151916292   0.0174377713
       -0.0043254688  -0.0002715568   0.0040192150   0.0001397862  -0.0001148061
       -0.0000946385  -0.0008143221   0.0002392352  -0.0003760992   0.0002635831
        0.0000012770  -0.0000870935  -0.0001071537  -0.0000186151   0.0000707913
        0.0000164178   0.0001551139  -0.0000886821
        0.0045609381  -0.0235095473   0.0218975064   0.0110364996  -0.1218632379
        0.1077275146  -0.0012464827   0.0001219873   0.0018296119   0.0003659055
        0.0005626963  -0.0000255357   0.0000718320  -0.0001191389  -0.0002045093
        0.0014810598  -0.0073141535  -0.0014049349  -0.0000285753   0.0004851092
        0.0006800446  -0.0000147576   0.0004973727   0.0003801988  -0.0007723127
        0.0052687595  -0.0058876038  -0.0151916292   0.1453449607  -0.1253082795
       -0.0001918990   0.0004166689   0.0007423752   0.0000734451   0.0000835915
       -0.0001628095  -0.0002912767   0.0000985497  -0.0000936377   0.0001129502
        0.0000242689  -0.0001658350  -0.0000767910  -0.0000503055   0.0000455198
        0.0001110940  -0.0000475817  -0.0000496259
        0.0006486220  -0.0037366691   0.0059921253  -0.0179599174   0.1084880334
       -0.1899392355   0.0032827208   0.0116960654  -0.0175834704  -0.0011442715
       -0.0002488669   0.0010811292  -0.0000671802  -0.0001596330   0.0001112115
        0.0004116398  -0.0015529238   0.0006941103   0.0002079330  -0.0002098665
        0.0004967896  -0.0002677956  -0.0001993842   0.0004491515  -0.0058195830
        0.0117718688  -0.0200994801   0.0174377713  -0.1253082795   0.2212867858
        0.0035788009  -0.0002516417  -0.0026446631  -0.0001501092  -0.0000125146
       -0.0003783131   0.0003769600  -0.0000465614   0.0005612902  -0.0003910277
       -0.0001005837  -0.0000299124   0.0000107143  -0.0000578018  -0.0000088994
       -0.0001552774  -0.0000712413   0.0000113807
        0.0008391243  -0.0009620422  -0.0000504790  -0.0027461740  -0.0166234584
        0.0199180840  -0.0422334548   0.0009462373  -0.0015169938  -0.0030743711
        0.0169766196  -0.0203863526   0.0008361762   0.0016231532   0.0008508603
       -0.0002906059   0.0005387915  -0.0000875092   0.0000079730   0.0000096537
       -0.0001261903   0.0001156770  -0.0001595320  -0.0001838780   0.0000457176
       -0.0002633322   0.0001130899  -0.0043254688  -0.0001918990   0.0035788009
        0.0537079458  -0.0013911269   0.0011893186   0.0011112250   0.0000341062
       -0.0000370122  -0.0042736150  -0.0001995492  -0.0032940064   0.0001664353
        0.0001813657  -0.0001489694   0.0003445910   0.0001758046   0.0001357002
       -0.0002311756  -0.0006947919   0.0000455368
        0.0005837518   0.0011790406  -0.0013716574  -0.0013963958   0.0001112551
        0.0017790989   0.0009136746  -0.1628278940   0.1130158431   0.0013045623
        0.0001258871   0.0014617807  -0.0001483295   0.0014229126  -0.0010327548
        0.0001186399   0.0001583917  -0.0000107056  -0.0000273376  -0.0000436115
       -0.0000098341   0.0000979408  -0.0001549929  -0.0000988048  -0.0002031821
       -0.0003041871  -0.0000105467  -0.0002715568   0.0004166689  -0.0002516417
       -0.0013911269   0.1879219044  -0.1327674886   0.0003500594  -0.0279681706
        0.0197361705   0.0002387707   0.0003262125  -0.0003396465   0.0002191758
       -0.0003873415  -0.0001227040  -0.0002692203  -0.0000761259  -0.0000831521
       -0.0001194263   0.0001000506   0.0001060432
       -0.0009509072   0.0006031274   0.0008385831   0.0041094169   0.0132984795
       -0.0157420941  -0.0012784448   0.1129191708  -0.1507408752  -0.0044197794
        0.0136823306  -0.0158192006   0.0010457291   0.0006489814   0.0008235188
        0.0005095782  -0.0005173041   0.0001154065  -0.0000570873  -0.0000003392
       -0.0004411013  -0.0003122926   0.0000413947   0.0001718877  -0.0001329301
        0.0000592749   0.0000817010   0.0040192150   0.0007423752  -0.0026446631
        0.0011893186  -0.1327674886   0.1769338311   0.0001118900  -0.0086858671
        0.0085918595  -0.0039819398   0.0004755040  -0.0024523557   0.0002382886
        0.0000251717   0.0000169379   0.0006936313   0.0000307235   0.0001828876
       -0.0007836865  -0.0005555348   0.0000836766
       -0.0037299333   0.0003447518   0.0033809155  -0.0051882863   0.0219948509
        0.0133340498  -0.0396078517   0.0022823162   0.0007348332  -0.0036031373
       -0.0219307875  -0.0124190548  -0.0042850950  -0.0005937918  -0.0037577086
       -0.0000383163  -0.0002363908   0.0000409326  -0.0001350364  -0.0001279320
       -0.0000769263  -0.0005939237   0.0013300218   0.0006287732  -0.0000168269
        0.0011752178   0.0005001846   0.0001397862   0.0000734451  -0.0001501092
        0.0011112250   0.0003500594   0.0001118900   0.0568389973  -0.0020641216
       -0.0011461143   0.0000728793  -0.0001078111   0.0001326005  -0.0002706016
       -0.0013757551  -0.0005412014  -0.0004974314  -0.0014130893  -0.0006281714
       -0.0001964479   0.0002990161  -0.0001448933
        0.0016224320   0.0009102427  -0.0011515516   0.0019652843  -0.0040590950
       -0.0031054884   0.0013883659  -0.2248928480  -0.0908382625  -0.0009832289
       -0.0051646479  -0.0030767504  -0.0019852769   0.0007602593  -0.0011040191
       -0.0001857468   0.0001779034  -0.0000990683   0.0000499299   0.0002073310
        0.0002624893   0.0003130197  -0.0004364821  -0.0003637917   0.0002016306
        0.0004561922   0.0004736167  -0.0001148061   0.0000835915  -0.0000125146
        0.0000341062  -0.0279681706  -0.0086858671  -0.0020641216   0.2596835373
        0.1077544676   0.0000863567   0.0000217971  -0.0000057411  -0.0003069876
        0.0003785831   0.0005172043  -0.0002503233  -0.0004065713  -0.0003501256
        0.0002293659   0.0002483774  -0.0002145975
        0.0032390211   0.0002356318  -0.0016565587   0.0039924675  -0.0173218211
       -0.0092901905   0.0005824481  -0.0909274266  -0.0905128580  -0.0026272123
       -0.0172933628  -0.0088181638  -0.0037606618  -0.0001005816  -0.0023252301
        0.0000501802   0.0001299820   0.0000094007   0.0000126287   0.0001753559
        0.0000579820   0.0004475372  -0.0011273082  -0.0003678834  -0.0006197451
        0.0000848821   0.0007575031  -0.0000946385  -0.0001628095  -0.0003783131
       -0.0000370122   0.0197361705   0.0085918595  -0.0011461143   0.1077544676
        0.1039465567   0.0000446751  -0.0001806914  -0.0003750157   0.0004654673
       -0.0000379672   0.0006661584  -0.0003628496  -0.0012060078  -0.0002635008
       -0.0001861913   0.0002414863  -0.0000417464
       -0.0001572060   0.0000201020   0.0001829080   0.0010963787   0.0009886699
       -0.0015287760  -0.0017457516   0.0142538185  -0.0215770678  -0.0450416358
       -0.0083122310   0.0141320890   0.0003598224  -0.0049273480   0.0030854119
        0.0000309860  -0.0001403227   0.0000489767   0.0000456592   0.0000983291
        0.0000080021  -0.0000465540  -0.0000029794  -0.0000310844   0.0001936749
        0.0000086625   0.0000604339  -0.0008143221  -0.0002912767   0.0003769600
       -0.0042736150   0.0002387707  -0.0039819398   0.0000728793   0.0000863567
        0.0000446751   0.0539112421   0.0124387404  -0.0142603665  -0.0043529428
       -0.0124754218   0.0236605353  -0.0001377137  -0.0007400831   0.0004544047
        0.0008590984  -0.0012437871  -0.0006751622
        0.0001503434   0.0002129006  -0.0000507490  -0.0003114391   0.0003705363
       -0.0002810548   0.0010173599   0.0004316789   0.0016471238  -0.0081324004
       -0.1124143260   0.1021539634  -0.0034085784  -0.0312811445   0.0230320931
       -0.0001283510  -0.0000865200  -0.0000275993   0.0000086163  -0.0004132994
        0.0001201287  -0.0000033794  -0.0000578342  -0.0000314121  -0.0001312928
       -0.0000095345  -0.0001312511   0.0002392352   0.0000985497  -0.0000465614
       -0.0001995492   0.0003262125   0.0004755040  -0.0001078111   0.0000217971
       -0.0001806914   0.0124387404   0.1458211706  -0.1217911209   0.0005193201
        0.0047875787  -0.0040381818   0.0002169956  -0.0000347045   0.0010034852
       -0.0021678093  -0.0077730612  -0.0018536764
        0.0000637958  -0.0000986798   0.0001201775   0.0013098880  -0.0002711146
        0.0011661243  -0.0037463501   0.0108450958  -0.0168289174   0.0145001234
        0.1052732754  -0.1897519451  -0.0005407878  -0.0023032365   0.0074391332
        0.0000935949  -0.0000853729  -0.0000309078  -0.0000076752   0.0000921575
        0.0000006134  -0.0000006937  -0.0000724958   0.0000273524   0.0003996208
       -0.0000551426  -0.0000523411  -0.0003760992  -0.0000936377   0.0005612902
       -0.0032940064  -0.0003396465  -0.0024523557   0.0001326005  -0.0000057411
       -0.0003750157  -0.0142603665  -0.1217911209   0.2198033894   0.0060091935
        0.0110603288  -0.0213033290  -0.0001845182  -0.0002197173   0.0006826098
       -0.0000983196  -0.0019349519   0.0009941216
        0.0000555549  -0.0000291992   0.0001517633  -0.0045216033   0.0000359066
       -0.0041303096  -0.0281755928   0.0060147679   0.0127146305  -0.1521891733
        0.0373002644   0.0805117946   0.0057428859   0.0075917176   0.0022818911
       -0.0000258352  -0.0000192813  -0.0000526492   0.0000544571  -0.0002089594
       -0.0001216557  -0.0000609529   0.0000680137   0.0000735218  -0.0019639361
       -0.0001126691   0.0005300169   0.0002635831   0.0001129502  -0.0003910277
        0.0001664353   0.0002191758   0.0002382886  -0.0002706016  -0.0003069876
        0.0004654673  -0.0043529428   0.0005193201   0.0060091935   0.1825121970
       -0.0505248587  -0.0965433976   0.0018202448  -0.0006002000  -0.0010313633
        0.0009452799  -0.0000599612  -0.0007061644
        0.0000558851   0.0001496751  -0.0000218043  -0.0003816030   0.0008786890
        0.0004203643   0.0012125337   0.0008349840  -0.0007313412   0.0434739493
       -0.0528738983  -0.0253258342   0.0196807989  -0.0353707456  -0.0297419022
       -0.0000267690  -0.0000471429  -0.0000436062  -0.0002684413  -0.0001282469
        0.0000686452   0.0000688343   0.0000654734  -0.0000074820   0.0001442631
        0.0000698113  -0.0001183547   0.0000012770   0.0000242689  -0.0001005837
        0.0001813657  -0.0003873415   0.0000251717  -0.0013757551   0.0003785831
       -0.0000379672  -0.0124754218   0.0047875787   0.0110603288  -0.0505248587
        0.0795849165   0.0439019526   0.0001232014   0.0007826253   0.0013321978
        0.0001107403   0.0012507700  -0.0006797845
       -0.0000577473   0.0000257166   0.0001203355  -0.0019108519   0.0001262022
       -0.0006360006  -0.0124776165   0.0032144247   0.0068532629   0.0840888424
       -0.0224963565  -0.1047341771   0.0063352802  -0.0219325912  -0.0103134191
       -0.0000112318  -0.0000215497   0.0000617556  -0.0001836962   0.0001083256
        0.0000874828   0.0000278794   0.0000565944   0.0000574008  -0.0004520629
       -0.0001141093   0.0003800066  -0.0000870935  -0.0001658350  -0.0000299124
       -0.0001489694  -0.0001227040   0.0000169379  -0.0005412014   0.0005172043
        0.0006661584   0.0236605353  -0.0040381818  -0.0213033290  -0.0965433976
        0.0439019526   0.1271073302  -0.0002934687  -0.0000552759   0.0005153388
       -0.0014052002   0.0009961830   0.0011508287
       -0.0001576629   0.0001356122   0.0001843313   0.0003373268   0.0002024871
       -0.0000554346   0.0007535327  -0.0021347022  -0.0006531511  -0.0071265668
        0.0022692724  -0.0004880043  -0.3027054196  -0.0134416465  -0.1761448438
        0.0001246867  -0.0001615879   0.0001326041  -0.0003892500  -0.0001048648
       -0.0004341261  -0.0002054992  -0.0000677063  -0.0000077787  -0.0000547482
       -0.0000060259   0.0000543090  -0.0001071537  -0.0000767910   0.0000107143
        0.0003445910  -0.0002692203   0.0006936313  -0.0004974314  -0.0002503233
       -0.0003628496  -0.0001377137   0.0002169956  -0.0001845182   0.0018202448
        0.0001232014  -0.0002934687   0.3088372823   0.0139980833   0.1754754666
       -0.0008362188  -0.0004327839   0.0020731184
        0.0002078254   0.0000367583  -0.0000211299  -0.0000761396  -0.0000297822
       -0.0000374542  -0.0010428367  -0.0058261603  -0.0022256736  -0.0288124006
       -0.0051475990  -0.0170141685  -0.0015023202  -0.0448667560   0.0086576502
       -0.0000263432   0.0000227596  -0.0000146608  -0.0000500520   0.0000901336
        0.0001883391   0.0001216828   0.0000472646  -0.0000021169  -0.0000419705
        0.0000496300   0.0000403784  -0.0000186151  -0.0000503055  -0.0000578018
        0.0001758046  -0.0000761259   0.0000307235  -0.0014130893  -0.0004065713
       -0.0012060078  -0.0007400831  -0.0000347045  -0.0002197173  -0.0006002000
        0.0007826253  -0.0000552759   0.0139980833   0.0554319359  -0.0006053537
        0.0198206542  -0.0000231027   0.0125422691
        0.0003090027   0.0000428438   0.0000615956  -0.0000914445  -0.0000611105
       -0.0000190371  -0.0001020226  -0.0029238952  -0.0001094175  -0.0123119695
       -0.0048386043  -0.0086650715  -0.1331109609   0.0033359217  -0.1085269984
        0.0000271586  -0.0000110532  -0.0000111840  -0.0003276858   0.0000082140
       -0.0000298624   0.0001162730  -0.0000077907   0.0000437623   0.0000117826
       -0.0000002200   0.0000469120   0.0000707913   0.0000455198  -0.0000088994
        0.0001357002  -0.0000831521   0.0001828876  -0.0006281714  -0.0003501256
       -0.0002635008   0.0004544047   0.0010034852   0.0006826098  -0.0010313633
        0.0013321978   0.0005153388   0.1754754666  -0.0006053537   0.1340323744
       -0.0289969617   0.0031131229  -0.0179315096
        0.0000062900   0.0000849971  -0.0000502108  -0.0002100118  -0.0002049500
        0.0000587081   0.0007651860  -0.0011404775   0.0013170482  -0.0015494010
        0.0001004686   0.0049793554  -0.0349948478  -0.0377135254   0.0258260878
       -0.0004437498   0.0001095932  -0.0001974170  -0.0001541812  -0.0001927247
        0.0006582416   0.0001033337   0.0000634919  -0.0000811781  -0.0000749258
        0.0000038962   0.0000441206   0.0000164178   0.0001110940  -0.0001552774
       -0.0002311756  -0.0001194263  -0.0007836865  -0.0001964479   0.0002293659
       -0.0001861913   0.0008590984  -0.0021678093  -0.0000983196   0.0009452799
        0.0001107403  -0.0014052002  -0.0008362188   0.0198206542  -0.0289969617
        0.0359953538   0.0209046118  -0.0009291191
        0.0002169527   0.0000319194  -0.0001686289  -0.0001194394  -0.0000821909
       -0.0000832809   0.0005134222   0.0011137294   0.0004419934  -0.0047658032
       -0.0270982185   0.0259059306  -0.0148374663  -0.1631188164   0.1519931271
        0.0000029206   0.0000894504  -0.0000180082  -0.0001626060   0.0000625473
        0.0001373777   0.0001635456   0.0000328260   0.0000085837   0.0000610560
       -0.0000081677  -0.0000228719   0.0001551139  -0.0000475817  -0.0000712413
       -0.0006947919   0.0001000506  -0.0005555348   0.0002990161   0.0002483774
        0.0002414863  -0.0012437871  -0.0077730612  -0.0019349519  -0.0000599612
        0.0012507700   0.0009961830  -0.0004327839  -0.0000231027   0.0031131229
        0.0209046118   0.1952214685  -0.1799832868
       -0.0000768479  -0.0000253413   0.0000968546  -0.0000697200   0.0002601981
       -0.0001717710   0.0000095550  -0.0012259369   0.0005248420   0.0007413576
       -0.0070060719   0.0071325097  -0.0004746836   0.1781247050  -0.2574864695
        0.0001029700  -0.0001153036   0.0001738223   0.0002982105   0.0002897729
       -0.0006284706  -0.0001091876  -0.0000672534  -0.0000519233   0.0000037119
       -0.0001021100   0.0000709547  -0.0000886821  -0.0000496259   0.0000113807
        0.0000455368   0.0001060432   0.0000836766  -0.0001448933  -0.0002145975
       -0.0000417464  -0.0006751622  -0.0018536764   0.0009941216  -0.0007061644
       -0.0006797845   0.0011508287   0.0020731184   0.0125422691  -0.0179315096
       -0.0009291191  -0.1799832868   0.2660728996
