           1           2   1.02072815529896     
           2           3   1.00790806333722     
           3           4   1.00540137832617     
           4           5   1.02335822335802     
           1           6  0.988008686447686     
           1           7  0.982243032027611     
           1           8  0.987474949201093     
           2           9  0.978771133117332     
           2          10  0.977684616545238     
           3          11  0.974882333723419     
           3          12  0.977340123180443     
           4          13  0.974630145742167     
           4          14  0.970098009477046     
           5          15  0.961242425027379     
           5          16  0.961672990083552     
