           1           2   1.42168549341209     
           2           3   1.44397500824207     
           3           4   1.39214941188018     
           4           5   1.32575588770850     
           1           6   1.44717918536654     
           5           6   1.38483392327348     
           5           7   1.05009813774681     
           7           8   1.70415765538660     
           7           9   1.04677413926563     
           9          10   1.43649128710347     
          10          11   1.35242096273805     
          11          12   1.53122805171174     
          12          13   1.25160868742653     
           9          14   1.27964528351339     
          13          14   1.23655505914339     
           4          15   1.04126232886566     
          14          15   1.14679249136093     
          15          16   1.60311617694079     
          13          17   1.31637117501410     
          17          18   1.00445419870869     
          18          19  0.975668753436237     
          19          20   1.00058589220490     
           1          21  0.967117404447185     
           2          22  0.967040191072539     
           3          23  0.963559170865290     
           6          24  0.964764158246526     
          10          25  0.964850016553691     
          11          26  0.966409617777319     
          12          27  0.960036891476043     
          17          28  0.878471155374424     
          18          29  0.960250413296889     
          18          30  0.967793760406860     
          19          31  0.968377982201713     
          19          32  0.970108073856150     
          20          33  0.863908626159350     
