           1           2   1.02124668662838     
           2           3  0.995989658650092     
           3           4  0.980943909207621     
           4           5   1.70083670908751     
           4           6   1.15754617020403     
           5           6  0.169121156926947     
           6           7  0.920475174525933     
           7           8   1.01349089101826     
           1           9  0.984909323306221     
           1          10  0.987091824814759     
           1          11  0.986195885866948     
           2          12  0.975876843148544     
           2          13  0.978744742746342     
           3          14  0.939147994533261     
           3          15  0.967526724337776     
           7          16  0.969331116389800     
           7          17  0.970225103474589     
           8          18  0.985769921139135     
           8          19  0.984596524601914     
           8          20  0.980367301067334     
