           1           2   1.01738598691032     
           2           3  0.974513668894350     
           3           4  0.978242532700627     
           4           5   1.68654673057628     
           4           6   1.17368318616979     
           5           6  0.172023521518294     
           6           7  0.917462871137037     
           7           8   1.01811949950758     
           1           9  0.984331852497527     
           1          10  0.986502923999224     
           1          11  0.986822536884590     
           2          12  0.978763790398635     
           2          13  0.978311377150224     
           3          14  0.966616497202267     
           3          15  0.967130262663942     
           7          16  0.966762734405710     
           7          17  0.969217218800855     
           8          18  0.983127630516249     
           8          19  0.979876082967674     
           8          20  0.984594154981809     
