           1           2   1.02143495663838     
           2           3  0.986763674913855     
           3           4  0.978148292696712     
           4           5   1.69393260316785     
           4           6   1.16750175443794     
           5           6  0.169598864615990     
           6           7  0.921608804376382     
           7           8   1.01340301655069     
           1           9  0.985740723424138     
           1          10  0.986755089636794     
           1          11  0.987006029011281     
           2          12  0.976392027084676     
           2          13  0.975554087950551     
           3          14  0.949784014630098     
           3          15  0.972948367996677     
           7          16  0.970246074813960     
           7          17  0.969115520617734     
           8          18  0.984558796261493     
           8          19  0.985881290696827     
           8          20  0.980363047182831     
