$hessian                                                                        
        0.5065054550  -0.0504217894   0.0002096824  -0.0948893329  -0.0595759608
       -0.0307596324   0.0099811788   0.0126157369   0.0078269589  -0.0012538395
        0.0057852806  -0.0007802422   0.0008852928   0.0006204939   0.0002297350
        0.0002385271   0.0014902138   0.0001355499   0.0004824310  -0.0000105769
       -0.0000568421  -0.1760116230   0.1121914460  -0.0448428934  -0.0486405891
        0.0033665469  -0.0323183465  -0.1981034060  -0.0281794370   0.0992662335
        0.0006699073   0.0018789992   0.0009774336   0.0000544607  -0.0001939199
        0.0000116539  -0.0000406391   0.0002359914  -0.0000287561   0.0000267575
       -0.0002075676   0.0000611764   0.0001416995   0.0001322137  -0.0000129404
       -0.0001097666   0.0001017257  -0.0000089163   0.0000634868   0.0001706034
        0.0000901458
       -0.0504217894   0.4227212335  -0.0358137942  -0.0439362191  -0.1565153388
       -0.0326195873   0.0024703686  -0.0404285153  -0.0043267411   0.0024940604
       -0.0046131464   0.0004822017  -0.0003243192  -0.0026114687  -0.0003395517
       -0.0017527437  -0.0011020385   0.0001971181   0.0006412519   0.0000736633
        0.0004299954   0.1188278077  -0.1336993168   0.0410626501   0.0032537246
       -0.0403076917   0.0080923128  -0.0303581961  -0.0449233890   0.0231293735
       -0.0008399437   0.0018782728  -0.0000589000  -0.0000209720  -0.0000795135
       -0.0001390325   0.0002644919  -0.0003498338   0.0001479511  -0.0001710697
       -0.0000746888   0.0001406876  -0.0000064592   0.0001041197  -0.0002939622
        0.0000074083  -0.0000969988  -0.0001092596  -0.0001274012   0.0000246507
        0.0000185384
        0.0002096824  -0.0358137942   0.4784112924  -0.0292262941  -0.0393839704
       -0.0623438877   0.0075818111   0.0016269500  -0.0031923229  -0.0008265263
        0.0031072566  -0.0000608875   0.0001849115   0.0001897170   0.0007326299
       -0.0005684048  -0.0004029782   0.0017099703   0.0003342724  -0.0000903700
       -0.0004061804  -0.0444938522   0.0378657247  -0.0573644938  -0.0322041293
        0.0073861054  -0.2544428181   0.0989860965   0.0219627766  -0.1060438940
        0.0001505160   0.0034020178   0.0026894746   0.0000347044  -0.0001614851
       -0.0000007598  -0.0000142899   0.0001309697   0.0000419937   0.0000235529
       -0.0000397905   0.0000092511  -0.0001909422  -0.0000442024   0.0003330300
        0.0000155418   0.0002542508  -0.0000045364   0.0000033499   0.0000108223
       -0.0000678614
       -0.0948893329  -0.0439362191  -0.0292262941   0.2880625474  -0.0208168349
        0.0967888785  -0.1183224160   0.0531949651  -0.0477110844   0.0097427826
       -0.0112756489   0.0029522833  -0.0005752627  -0.0021026157  -0.0006630635
       -0.0565096092   0.0294204462   0.0026383014  -0.0042789170   0.0047322855
        0.0054653573   0.0079498622   0.0190803661   0.0053175677  -0.0039534594
       -0.0107040271  -0.0095733967  -0.0142398788  -0.0323809100  -0.0082417841
       -0.0123725972   0.0168046755  -0.0166796499  -0.0002630277  -0.0002291755
        0.0000791769   0.0004407715  -0.0007397220   0.0002697896  -0.0001009570
       -0.0003663482  -0.0001294248   0.0006273329  -0.0003067302  -0.0003200654
       -0.0001097889  -0.0000816070  -0.0002811481  -0.0012080497  -0.0002928998
       -0.0006854438
       -0.0595759608  -0.1565153388  -0.0393839704  -0.0208168349   0.4346557924
        0.0169576431   0.0595468762  -0.1225097670   0.0381821963   0.0170528482
       -0.0600642215   0.0074129589  -0.0054203340  -0.0050891719  -0.0034203213
        0.0281222696  -0.0035643018  -0.0045272971  -0.0003787543  -0.0021923183
       -0.0036700457  -0.0063209601  -0.0312656097  -0.0066269940  -0.0086897495
       -0.0154415147  -0.0166011735  -0.0180787878  -0.0229986824  -0.0019513664
        0.0150141119  -0.0146442164   0.0134326217  -0.0001811916   0.0007181378
       -0.0004428447   0.0004767731  -0.0014944864   0.0001101757  -0.0000600428
        0.0006278967   0.0000117143  -0.0008759909  -0.0001766359   0.0001089345
       -0.0001154763   0.0001115187   0.0002713258   0.0003012040  -0.0001570808
        0.0001364428
       -0.0307596324  -0.0326195873  -0.0623438877   0.0967888785   0.0169576431
        0.1410194298  -0.0415833493   0.0276872220  -0.0767782289   0.0044659139
       -0.0106416982   0.0072742200  -0.0010112539  -0.0008129061  -0.0002602128
        0.0090534901  -0.0084590303   0.0106100015   0.0000836476  -0.0013854157
       -0.0000913433   0.0023203635   0.0054452523   0.0019843357  -0.0161490534
       -0.0330093293  -0.0133411834   0.0012579287   0.0091287489   0.0073804983
       -0.0257471128   0.0285599748  -0.0163754903   0.0000158276  -0.0002398043
        0.0003802502   0.0003222497  -0.0004755238   0.0002451812  -0.0000837727
        0.0000170731  -0.0000629391  -0.0001665753   0.0002525072  -0.0001533764
        0.0009282738  -0.0003308631   0.0000307500   0.0002641765  -0.0000742633
        0.0004819953
        0.0099811788   0.0024703686   0.0075818111  -0.1183224160   0.0595468762
       -0.0415833493   0.3821506344  -0.0031861812   0.0518931582  -0.1089855345
       -0.0563440504  -0.0419608347   0.0109648893   0.0015462802   0.0077572762
       -0.0961299516  -0.0030965191   0.0345275580  -0.0408264817  -0.0015750301
       -0.0003374193  -0.0006057337  -0.0017907710  -0.0005058731   0.0011408606
       -0.0019061972  -0.0005571153  -0.0001609408  -0.0022493391   0.0011657453
       -0.0369985793   0.0006309309  -0.0206807465   0.0010132448   0.0018908248
       -0.0003915104  -0.0008992374   0.0022081655  -0.0004810381  -0.0002722986
        0.0020948341   0.0012822983   0.0007698995   0.0011332956   0.0017396137
        0.0007671042  -0.0012093833   0.0017288943  -0.0035866381  -0.0001641044
       -0.0011784683
        0.0126157369  -0.0404285153   0.0016269500   0.0531949651  -0.1225097670
        0.0276872220  -0.0031861812   0.4245941183   0.0013719534  -0.0497095067
       -0.1281285459  -0.0337095888  -0.0085137714  -0.0414433381  -0.0029192530
       -0.0038127919  -0.0464213074   0.0036520306  -0.0015311089  -0.0030201164
       -0.0004721943  -0.0011539741  -0.0052691130  -0.0010309138   0.0003618878
        0.0016105434   0.0008437207   0.0008673963   0.0006978888   0.0001508295
        0.0007655154  -0.0391753764   0.0028579767  -0.0004777410   0.0015372034
       -0.0008868108   0.0015514405  -0.0051225783   0.0006979662  -0.0009692913
        0.0008388297  -0.0000306301  -0.0011948852   0.0005866560   0.0007610705
        0.0013251093   0.0005788272  -0.0006139719  -0.0001327995   0.0010745909
        0.0000136432
        0.0078269589  -0.0043267411  -0.0031923229  -0.0477110844   0.0381821963
       -0.0767782289   0.0518931582   0.0013719534   0.4568008083  -0.0467869325
       -0.0446567226  -0.0804846513   0.0069621982   0.0029965076  -0.0031303575
        0.0636041164   0.0049282156  -0.1289892881  -0.0033848428  -0.0006163867
        0.0141700392  -0.0005486520  -0.0021049567   0.0002627906   0.0013901721
       -0.0047344787   0.0015093208   0.0000981226   0.0006413851   0.0005095590
       -0.0260509755   0.0026275107  -0.1832251764   0.0009551722   0.0048313875
        0.0017171686  -0.0006471918   0.0017639373   0.0004106611   0.0001049591
       -0.0006255419   0.0004700088  -0.0024176694  -0.0010709686   0.0006386719
       -0.0024332464   0.0008541687   0.0006553002  -0.0028542630  -0.0000614660
       -0.0013443033
       -0.0012538395   0.0024940604  -0.0008265263   0.0097427826   0.0170528482
        0.0044659139  -0.1089855345  -0.0497095067  -0.0467869325   0.2862134308
        0.0028154827   0.0977319961  -0.1044133904   0.0501935090  -0.0298125505
       -0.0512083335  -0.0335640303   0.0006619043  -0.0038697149  -0.0051427399
        0.0048745253   0.0004087410   0.0008866663   0.0003276884  -0.0002892099
        0.0001417692   0.0000458593  -0.0001359105   0.0003080449  -0.0001114239
       -0.0097633910  -0.0156230927  -0.0163187761  -0.0057849332   0.0122014845
       -0.0103577334   0.0087665393  -0.0158722924   0.0039021769  -0.0186272910
        0.0331197694  -0.0065863403  -0.0001189968   0.0000741712  -0.0002574103
        0.0005205851   0.0003850188  -0.0002946439  -0.0012015336   0.0002388375
       -0.0006577270
        0.0057852806  -0.0046131464   0.0031072566  -0.0112756489  -0.0600642215
       -0.0106416982  -0.0563440504  -0.1281285459  -0.0446567226   0.0028154827
        0.4372113950   0.0069672316   0.0657861612  -0.1504547801   0.0318993357
       -0.0326022590  -0.0095391961   0.0037730529   0.0002577117  -0.0028636319
        0.0039820234  -0.0003157104  -0.0014722065  -0.0001779795   0.0001029340
        0.0007086494   0.0004647695   0.0000105090   0.0006616039   0.0000168136
       -0.0133882878  -0.0149897990  -0.0147165113   0.0105567357  -0.0161561690
        0.0155336367   0.0096503733  -0.0320754034   0.0052365885   0.0183422819
       -0.0181456798  -0.0001476846   0.0000592224   0.0001208759  -0.0002862703
        0.0009513219  -0.0000461044  -0.0001312035  -0.0003920578  -0.0001536402
       -0.0002226385
       -0.0007802422   0.0004822017  -0.0000608875   0.0029522833   0.0074129589
        0.0072742200  -0.0419608347  -0.0337095888  -0.0804846513   0.0977319961
        0.0069672316   0.1403722164  -0.0299106193   0.0250753644  -0.0589223531
        0.0067767818   0.0082418773   0.0112335378  -0.0000148713   0.0012531365
        0.0001794222   0.0002634348   0.0004117586   0.0002587981   0.0000009121
        0.0002566095   0.0004209906  -0.0000767983   0.0000151153  -0.0000643945
       -0.0239489605  -0.0305605455  -0.0186374729  -0.0184158176   0.0313174871
       -0.0108043227   0.0032714971  -0.0069582421   0.0019743649   0.0030667931
       -0.0104170879   0.0069095450   0.0008997424   0.0004137463   0.0000411022
       -0.0000979783  -0.0002618362  -0.0001712690   0.0002426817   0.0000598134
        0.0004811537
        0.0008852928  -0.0003243192   0.0001849115  -0.0005752627  -0.0054203340
       -0.0010112539   0.0109648893  -0.0085137714   0.0069621982  -0.1044133904
        0.0657861612  -0.0299106193   0.4972231894   0.0570311683   0.0000438311
        0.0002164233  -0.0013840242   0.0000802202   0.0005298691   0.0000541799
       -0.0000205961   0.0000039694  -0.0002136842  -0.0000278007   0.0000369349
        0.0002038198   0.0000045115  -0.0000075202   0.0002074147   0.0000856967
        0.0007755182  -0.0020340633   0.0008576102  -0.0482241695  -0.0023802609
       -0.0323419186  -0.1562441298  -0.1119653660  -0.0467438569  -0.2013050582
        0.0093504866   0.1018192420  -0.0000967655  -0.0001020000  -0.0000234090
        0.0001570510  -0.0001266561  -0.0000423721   0.0000731590  -0.0001687513
        0.0000836054
        0.0006204939  -0.0026114687   0.0001897170  -0.0021026157  -0.0050891719
       -0.0008129061   0.0015462802  -0.0414433381   0.0029965076   0.0501935090
       -0.1504547801   0.0250753644   0.0570311683   0.4283757437   0.0329258692
        0.0018878837  -0.0010628301  -0.0003404263  -0.0006208616   0.0000298749
       -0.0004071606  -0.0002360004  -0.0003728268  -0.0001679668   0.0000275709
       -0.0000748976   0.0001368491   0.0001704228  -0.0000351133  -0.0001367186
        0.0007133678   0.0019515027   0.0001025098  -0.0022764718  -0.0404279148
        0.0003283914  -0.1186090531  -0.1490158200  -0.0491373086   0.0115314532
       -0.0397613039  -0.0111189142  -0.0000153617  -0.0000997588   0.0001008214
        0.0000162740   0.0000758860   0.0002752313   0.0001219407   0.0000162170
       -0.0000098601
        0.0002297350  -0.0003395517   0.0007326299  -0.0006630635  -0.0034203213
       -0.0002602128   0.0077572762  -0.0029192530  -0.0031303575  -0.0298125505
        0.0318993357  -0.0589223531   0.0000438311   0.0329258692   0.4819849827
       -0.0004994177   0.0002115218   0.0017216851   0.0002903629   0.0001426640
       -0.0004237587  -0.0000113434  -0.0001557241   0.0000267186   0.0000226845
        0.0001599674   0.0000117266   0.0000269386   0.0000379993   0.0000046493
        0.0004850381  -0.0034071737   0.0025084215  -0.0322794914   0.0010362069
       -0.2547479401  -0.0470121112  -0.0459517382  -0.0618003803   0.1015607601
       -0.0099758722  -0.1079778578   0.0000393803  -0.0002564449  -0.0000125564
       -0.0001908663   0.0000172585   0.0003514482   0.0000128372  -0.0000047437
       -0.0000668450
        0.0002385271  -0.0017527437  -0.0005684048  -0.0565096092   0.0281222696
        0.0090534901  -0.0961299516  -0.0038127919   0.0636041164  -0.0512083335
       -0.0326022590   0.0067767818   0.0002164233   0.0018878837  -0.0004994177
        0.4144110648   0.0134570013   0.0260677918  -0.1378405660  -0.0023661926
       -0.0752740405   0.0001358512  -0.0005544497  -0.0000909844  -0.0003687498
       -0.0006775822   0.0005656773   0.0012513610  -0.0000097273  -0.0005948211
       -0.0144375859  -0.0012986473   0.0171774011  -0.0004046716   0.0006058795
        0.0005945091   0.0001008501   0.0005119733  -0.0000581835   0.0012740564
        0.0001249246  -0.0006252992  -0.0128459049  -0.0083680846  -0.0156463588
       -0.0153613213   0.0077900911  -0.0164909246  -0.0325214400  -0.0010575446
       -0.0139913329
        0.0014902138  -0.0011020385  -0.0004029782   0.0294204462  -0.0035643018
       -0.0084590303  -0.0030965191  -0.0464213074   0.0049282156  -0.0335640303
       -0.0095391961   0.0082418773  -0.0013840242  -0.0010628301   0.0002115218
        0.0134570013   0.0851799502  -0.0047482682  -0.0027626870  -0.0363297571
       -0.0007252931   0.0001110578   0.0005505810   0.0000070529   0.0002273869
        0.0000152670  -0.0000801633   0.0003989810   0.0002938624  -0.0004008035
       -0.0017137574   0.0052453772   0.0019334292  -0.0002625647   0.0000714528
        0.0001546730  -0.0001456172   0.0006040807   0.0000234574  -0.0003034230
        0.0002138455   0.0003706314  -0.0212437631   0.0018632516  -0.0150496673
        0.0211648554   0.0032959279   0.0148301554  -0.0017935565   0.0006858349
       -0.0008348103
        0.0001355499   0.0001971181   0.0017099703   0.0026383014  -0.0045272971
        0.0106100015   0.0345275580   0.0036520306  -0.1289892881   0.0006619043
        0.0037730529   0.0112335378   0.0000802202  -0.0003404263   0.0017216851
        0.0260677918  -0.0047482682   0.3057053489  -0.0603617526  -0.0000528410
       -0.1312108653  -0.0000877576   0.0002578149  -0.0000928778  -0.0000442292
        0.0005559202  -0.0004860770  -0.0001879978  -0.0004362182  -0.0001548412
        0.0332952784   0.0026307374  -0.0408547669  -0.0000127819  -0.0005279211
       -0.0005061188  -0.0000773685  -0.0002284972  -0.0001009156  -0.0002512373
        0.0004329834  -0.0001180939  -0.0255818664  -0.0057610839  -0.0197385837
       -0.0249006934   0.0047570992  -0.0186516721   0.0140990806   0.0003657963
        0.0099235569
        0.0004824310   0.0006412519   0.0003342724  -0.0042789170  -0.0003787543
        0.0000836476  -0.0408264817  -0.0015311089  -0.0033848428  -0.0038697149
        0.0002577117  -0.0000148713   0.0005298691  -0.0006208616   0.0002903629
       -0.1378405660  -0.0027626870  -0.0603617526   0.4321772104  -0.0005210859
       -0.0653729220  -0.0000150021  -0.0000367348   0.0000043130   0.0000881950
        0.0003660996  -0.0002157330  -0.0001317957   0.0005686040   0.0002059946
        0.0001654268   0.0000270565  -0.0021665560   0.0001352296  -0.0003345655
       -0.0002512585  -0.0000269455   0.0000440423   0.0000024247  -0.0000644409
       -0.0005410438   0.0002049100  -0.0399239102   0.0048227411   0.0059409099
       -0.0401832605   0.0087000572  -0.0027067465  -0.1664173272  -0.0087007222
        0.1274078477
       -0.0000105769   0.0000736633  -0.0000903700   0.0047322855  -0.0021923183
       -0.0013854157  -0.0015750301  -0.0030201164  -0.0006163867  -0.0051427399
       -0.0028636319   0.0012531365   0.0000541799   0.0000298749   0.0001426640
       -0.0023661926  -0.0363297571  -0.0000528410  -0.0005210859   0.4844151273
       -0.0029087209  -0.0001111695  -0.0000507054  -0.0000415472   0.0001805447
       -0.0000372542  -0.0001921568   0.0001411096  -0.0004435418   0.0003771522
       -0.0001462565   0.0009199603  -0.0001430979  -0.0001802605  -0.0000807528
        0.0001795156   0.0001162007  -0.0000382370   0.0000370264  -0.0000930985
       -0.0004643390  -0.0004158014   0.0053479945  -0.1928912524  -0.1042742698
        0.0080936906  -0.2035544614   0.0996430277  -0.0085195952  -0.0434722582
        0.0084880850
       -0.0000568421   0.0004299954  -0.0004061804   0.0054653573  -0.0036700457
       -0.0000913433  -0.0003374193  -0.0004721943   0.0141700392   0.0048745253
        0.0039820234   0.0001794222  -0.0000205961  -0.0004071606  -0.0004237587
       -0.0752740405  -0.0007252931  -0.1312108653  -0.0653729220  -0.0029087209
        0.4888269557  -0.0000770685   0.0000279554   0.0000768504   0.0002682020
        0.0002338595  -0.0001638751  -0.0002993521   0.0003024527   0.0004801507
        0.0043817675   0.0001355283   0.0030435057   0.0002790882  -0.0002019385
       -0.0001675711  -0.0000653389  -0.0000370705   0.0000748572  -0.0002801114
       -0.0003784983   0.0004376656   0.0073927588  -0.1042562623  -0.1147818891
       -0.0012898042   0.0997498321  -0.1038659259   0.1204117959   0.0081955373
       -0.1561780379
       -0.1760116230   0.1188278077  -0.0444938522   0.0079498622  -0.0063209601
        0.0023203635  -0.0006057337  -0.0011539741  -0.0005486520   0.0004087410
       -0.0003157104   0.0002634348   0.0000039694  -0.0002360004  -0.0000113434
        0.0001358512   0.0001110578  -0.0000877576  -0.0000150021  -0.0001111695
       -0.0000770685   0.1956560917  -0.1311350562   0.0503116170  -0.0047476173
        0.0038041014  -0.0026878330  -0.0230564043   0.0166644626  -0.0054340826
        0.0000858864  -0.0002167429   0.0002257202  -0.0000166088   0.0000047038
        0.0000029641   0.0000189693  -0.0000284360   0.0000052321  -0.0000018623
       -0.0000071401  -0.0000133238   0.0001172153   0.0000419938   0.0001845030
        0.0000274778   0.0000582641   0.0000467971   0.0000507871   0.0000127985
       -0.0000067189
        0.1121914460  -0.1336993168   0.0378657247   0.0190803661  -0.0312656097
        0.0054452523  -0.0017907710  -0.0052691130  -0.0021049567   0.0008866663
       -0.0014722065   0.0004117586  -0.0002136842  -0.0003728268  -0.0001557241
       -0.0005544497   0.0005505810   0.0002578149  -0.0000367348  -0.0000507054
        0.0000279554  -0.1311350562   0.1682255231  -0.0427751093   0.0028558939
       -0.0003731348   0.0023053336  -0.0009848873   0.0035488803  -0.0008074335
       -0.0003490719   0.0002515899  -0.0005100840  -0.0000022167   0.0000589317
       -0.0000206588   0.0000394874  -0.0001124264   0.0000157358  -0.0000136721
        0.0000345070   0.0000092611   0.0000332082  -0.0000777088   0.0000353066
       -0.0000083492   0.0000239485   0.0000185598   0.0000018251  -0.0000009132
       -0.0000187362
       -0.0448428934   0.0410626501  -0.0573644938   0.0053175677  -0.0066269940
        0.0019843357  -0.0005058731  -0.0010309138   0.0002627906   0.0003276884
       -0.0001779795   0.0002587981  -0.0000278007  -0.0001679668   0.0000267186
       -0.0000909844   0.0000070529  -0.0000928778   0.0000043130  -0.0000415472
        0.0000768504   0.0503116170  -0.0427751093   0.0613791537  -0.0236568553
        0.0195189350  -0.0102882399   0.0130639932  -0.0095749816   0.0037498359
        0.0000459635  -0.0002147418   0.0000434728  -0.0000153007  -0.0000080078
       -0.0000149424   0.0000080859  -0.0000218643   0.0000118453  -0.0000022816
        0.0000120983  -0.0000041885   0.0000839502   0.0000331480  -0.0000778869
       -0.0000037638  -0.0000367998   0.0000048512  -0.0000174259   0.0000430217
        0.0000439770
       -0.0486405891   0.0032537246  -0.0322041293  -0.0039534594  -0.0086897495
       -0.0161490534   0.0011408606   0.0003618878   0.0013901721  -0.0002892099
        0.0001029340   0.0000009121   0.0000369349   0.0000275709   0.0000226845
       -0.0003687498   0.0002273869  -0.0000442292   0.0000881950   0.0001805447
        0.0002682020  -0.0047476173   0.0028558939  -0.0236568553   0.0543692301
        0.0037246074   0.0438532448   0.0024654949  -0.0015788546   0.0264475564
        0.0002135352  -0.0004330298   0.0001429647   0.0000323154  -0.0000011614
        0.0000115731  -0.0000158850  -0.0000030963  -0.0000150538   0.0000095402
        0.0000041479   0.0000110001  -0.0003670807   0.0001267188   0.0000750757
       -0.0000039585  -0.0000448124  -0.0000567523   0.0000304435  -0.0001147127
       -0.0000973122
        0.0033665469  -0.0403076917   0.0073861054  -0.0107040271  -0.0154415147
       -0.0330093293  -0.0019061972   0.0016105434  -0.0047344787   0.0001417692
        0.0007086494   0.0002566095   0.0002038198  -0.0000748976   0.0001599674
       -0.0006775822   0.0000152670   0.0005559202   0.0003660996  -0.0000372542
        0.0002338595   0.0038041014  -0.0003731348   0.0195189350   0.0037246074
        0.0520870570   0.0033389651   0.0013296804   0.0012119330   0.0049972397
        0.0001515989   0.0005747693   0.0012805153   0.0000097622  -0.0000715288
        0.0000287205  -0.0000112468   0.0000561780   0.0000121805   0.0000211439
       -0.0000064549  -0.0000113548   0.0002109597   0.0000815447  -0.0000128373
        0.0000048796  -0.0000405503  -0.0000341873  -0.0000359157   0.0000070851
        0.0000331693
       -0.0323183465   0.0080923128  -0.2544428181  -0.0095733967  -0.0166011735
       -0.0133411834  -0.0005571153   0.0008437207   0.0015093208   0.0000458593
        0.0004647695   0.0004209906   0.0000045115   0.0001368491   0.0000117266
        0.0005656773  -0.0000801633  -0.0004860770  -0.0002157330  -0.0001921568
       -0.0001638751  -0.0026878330   0.0023053336  -0.0102882399   0.0438532448
        0.0033389651   0.2980122044  -0.0002287568   0.0029642805  -0.0217179936
        0.0006956667  -0.0013668054   0.0001604539   0.0000154932  -0.0000323324
        0.0000402661   0.0000018666   0.0000241670  -0.0000135013   0.0000245660
       -0.0000160866  -0.0000279281   0.0003838598  -0.0000119792   0.0001790331
        0.0000117616   0.0000518096   0.0000975742  -0.0000213255   0.0000784893
        0.0000500468
       -0.1981034060  -0.0303581961   0.0989860965  -0.0142398788  -0.0180787878
        0.0012579287  -0.0001609408   0.0008673963   0.0000981226  -0.0001359105
        0.0000105090  -0.0000767983  -0.0000075202   0.0001704228   0.0000269386
        0.0012513610   0.0003989810  -0.0001879978  -0.0001317957   0.0001411096
       -0.0002993521  -0.0230564043  -0.0009848873   0.0130639932   0.0024654949
        0.0013296804  -0.0002287568   0.2324359581   0.0462342840  -0.1124022463
       -0.0001024975  -0.0000064875  -0.0000749172   0.0000130552  -0.0000211753
        0.0000194505  -0.0000012349   0.0000104029  -0.0000017608   0.0000551597
       -0.0000119240  -0.0000169000  -0.0001306702   0.0002390644  -0.0002820859
       -0.0000658117  -0.0000506632   0.0000031619  -0.0000849583   0.0001102707
        0.0001151233
       -0.0281794370  -0.0449233890   0.0219627766  -0.0323809100  -0.0229986824
        0.0091287489  -0.0022493391   0.0006978888   0.0006413851   0.0003080449
        0.0006616039   0.0000151153   0.0002074147  -0.0000351133   0.0000379993
       -0.0000097273   0.0002938624  -0.0004362182   0.0005686040  -0.0004435418
        0.0003024527   0.0166644626   0.0035488803  -0.0095749816  -0.0015788546
        0.0012119330   0.0029642805   0.0462342840   0.0620136110  -0.0251563113
        0.0000390590  -0.0000352248  -0.0000849794  -0.0000031005  -0.0000097992
        0.0000213245   0.0000037207   0.0000361736  -0.0000096950   0.0000238795
       -0.0000548946  -0.0000182880   0.0003230877  -0.0000715702   0.0003546944
       -0.0000591887   0.0001349678  -0.0000895115   0.0000880002  -0.0000267055
       -0.0000587923
        0.0992662335   0.0231293735  -0.1060438940  -0.0082417841  -0.0019513664
        0.0073804983   0.0011657453   0.0001508295   0.0005095590  -0.0001114239
        0.0000168136  -0.0000643945   0.0000856967  -0.0001367186   0.0000046493
       -0.0005948211  -0.0004008035  -0.0001548412   0.0002059946   0.0003771522
        0.0004801507  -0.0054340826  -0.0008074335   0.0037498359   0.0264475564
        0.0049972397  -0.0217179936  -0.1124022463  -0.0251563113   0.1169135721
        0.0001467149  -0.0002396521  -0.0004263803   0.0000084678   0.0000136047
       -0.0000286849  -0.0000134916  -0.0000075374  -0.0000085535  -0.0000173335
        0.0000129907   0.0000297110  -0.0004428695   0.0002552148  -0.0004367144
       -0.0000649535  -0.0001678870  -0.0001527523  -0.0000034030  -0.0000855089
       -0.0000337677
        0.0006699073  -0.0008399437   0.0001505160  -0.0123725972   0.0150141119
       -0.0257471128  -0.0369985793   0.0007655154  -0.0260509755  -0.0097633910
       -0.0133882878  -0.0239489605   0.0007755182   0.0007133678   0.0004850381
       -0.0144375859  -0.0017137574   0.0332952784   0.0001654268  -0.0001462565
        0.0043817675   0.0000858864  -0.0003490719   0.0000459635   0.0002135352
        0.0001515989   0.0006956667  -0.0001024975   0.0000390590   0.0001467149
        0.0719312162  -0.0003308673   0.0360154868   0.0001941809  -0.0002159647
        0.0005647162   0.0000394208   0.0003312775   0.0000452146  -0.0001000920
       -0.0000504649   0.0001224231  -0.0001841731  -0.0007667398   0.0000526221
       -0.0002625570   0.0007622651   0.0000852233   0.0001463814   0.0000241584
       -0.0003395823
        0.0018789992   0.0018782728   0.0034020178   0.0168046755  -0.0146442164
        0.0285599748   0.0006309309  -0.0391753764   0.0026275107  -0.0156230927
       -0.0149897990  -0.0305605455  -0.0020340633   0.0019515027  -0.0034071737
       -0.0012986473   0.0052453772   0.0026307374   0.0000270565   0.0009199603
        0.0001355283  -0.0002167429   0.0002515899  -0.0002147418  -0.0004330298
        0.0005747693  -0.0013668054  -0.0000064875  -0.0000352248  -0.0002396521
       -0.0003308673   0.0578931456  -0.0034449689   0.0003927046   0.0005887472
        0.0014379055   0.0001897272   0.0002586183   0.0002297193   0.0000056099
       -0.0000562284   0.0002705080  -0.0001420407  -0.0002665093  -0.0001157418
        0.0001179905  -0.0001683905   0.0000855345   0.0000372772  -0.0002262386
       -0.0000298071
        0.0009774336  -0.0000589000   0.0026894746  -0.0166796499   0.0134326217
       -0.0163754903  -0.0206807465   0.0028579767  -0.1832251764  -0.0163187761
       -0.0147165113  -0.0186374729   0.0008576102   0.0001025098   0.0025084215
        0.0171774011   0.0019334292  -0.0408547669  -0.0021665560  -0.0001430979
        0.0030435057   0.0002257202  -0.0005100840   0.0000434728   0.0001429647
        0.0012805153   0.0001604539  -0.0000749172  -0.0000849794  -0.0004263803
        0.0360154868  -0.0034449689   0.2500122128   0.0002752308  -0.0012466732
        0.0001714115   0.0001921250   0.0005371897   0.0000817278  -0.0000822027
        0.0000997280  -0.0004074390   0.0004608815   0.0005233662   0.0004525990
        0.0005119392  -0.0005124432   0.0004253491  -0.0008339446  -0.0000496786
        0.0003380974
        0.0000544607  -0.0000209720   0.0000347044  -0.0002630277  -0.0001811916
        0.0000158276   0.0010132448  -0.0004777410   0.0009551722  -0.0057849332
        0.0105567357  -0.0184158176  -0.0482241695  -0.0022764718  -0.0322794914
       -0.0004046716  -0.0002625647  -0.0000127819   0.0001352296  -0.0001802605
        0.0002790882  -0.0000166088  -0.0000022167  -0.0000153007   0.0000323154
        0.0000097622   0.0000154932   0.0000130552  -0.0000031005   0.0000084678
        0.0001941809   0.0003927046   0.0002752308   0.0552811474  -0.0058018873
        0.0445210924  -0.0042242031  -0.0020409636  -0.0220564572   0.0025196547
        0.0002844190   0.0267509851  -0.0000079510   0.0000499241  -0.0000571752
       -0.0003348999  -0.0001647633   0.0000668078   0.0000171760   0.0001185872
       -0.0000858453
       -0.0001939199  -0.0000795135  -0.0001614851  -0.0002291755   0.0007181378
       -0.0002398043   0.0018908248   0.0015372034   0.0048313875   0.0122014845
       -0.0161561690   0.0313174871  -0.0023802609  -0.0404279148   0.0010362069
        0.0006058795   0.0000714528  -0.0005279211  -0.0003345655  -0.0000807528
       -0.0002019385   0.0000047038   0.0000589317  -0.0000080078  -0.0000011614
       -0.0000715288  -0.0000323324  -0.0000211753  -0.0000097992   0.0000136047
       -0.0002159647   0.0005887472  -0.0012466732  -0.0058018873   0.0520941836
       -0.0123576637  -0.0040609646   0.0002437364  -0.0209143022  -0.0012307255
        0.0014757278  -0.0014989940  -0.0000027031  -0.0000367891   0.0000217879
       -0.0002666818   0.0000478551   0.0000108520   0.0000362929   0.0000264915
       -0.0000422038
        0.0000116539  -0.0001390325  -0.0000007598   0.0000791769  -0.0004428447
        0.0003802502  -0.0003915104  -0.0008868108   0.0017171686  -0.0103577334
        0.0155336367  -0.0108043227  -0.0323419186   0.0003283914  -0.2547479401
        0.0005945091   0.0001546730  -0.0005061188  -0.0002512585   0.0001795156
       -0.0001675711   0.0000029641  -0.0000206588  -0.0000149424   0.0000115731
        0.0000287205   0.0000402661   0.0000194505   0.0000213245  -0.0000286849
        0.0005647162   0.0014379055   0.0001714115   0.0445210924  -0.0123576637
        0.2970985687  -0.0027170413  -0.0019731893  -0.0114237928  -0.0001183932
       -0.0017646188  -0.0220363039   0.0000149683  -0.0000558579   0.0000955936
        0.0003716200   0.0000379556   0.0001824382  -0.0000138689  -0.0000814464
        0.0000447396
       -0.0000406391   0.0002644919  -0.0000142899   0.0004407715   0.0004767731
        0.0003222497  -0.0008992374   0.0015514405  -0.0006471918   0.0087665393
        0.0096503733   0.0032714971  -0.1562441298  -0.1186090531  -0.0470121112
        0.0001008501  -0.0001456172  -0.0000773685  -0.0000269455   0.0001162007
       -0.0000653389   0.0000189693   0.0000394874   0.0000080859  -0.0000158850
       -0.0000112468   0.0000018666  -0.0000012349   0.0000037207  -0.0000134916
        0.0000394208   0.0001897272   0.0001921250  -0.0042242031  -0.0040609646
       -0.0027170413   0.1733834410   0.1291198791   0.0528977275  -0.0215042791
       -0.0184804940  -0.0063721225   0.0000317158  -0.0000615429   0.0000459900
        0.0001220304  -0.0000349596   0.0001854446   0.0000528159  -0.0000082158
       -0.0000060306
        0.0002359914  -0.0003498338   0.0001309697  -0.0007397220  -0.0014944864
       -0.0004755238   0.0022081655  -0.0051225783   0.0017639373  -0.0158722924
       -0.0320754034  -0.0069582421  -0.1119653660  -0.1490158200  -0.0459517382
        0.0005119733   0.0006040807  -0.0002284972   0.0000440423  -0.0000382370
       -0.0000370705  -0.0000284360  -0.0001124264  -0.0000218643  -0.0000030963
        0.0000561780   0.0000241670   0.0000104029   0.0000361736  -0.0000075374
        0.0003312775   0.0002586183   0.0005371897  -0.0020409636   0.0002437364
       -0.0019731893   0.1291198791   0.1856291192   0.0529903142  -0.0018068451
        0.0014411668   0.0002247021   0.0000103126   0.0000187835  -0.0000137659
       -0.0000193318  -0.0000797087  -0.0000194081   0.0000040085   0.0000006373
        0.0000155569
       -0.0000287561   0.0001479511   0.0000419937   0.0002697896   0.0001101757
        0.0002451812  -0.0004810381   0.0006979662   0.0004106611   0.0039021769
        0.0052365885   0.0019743649  -0.0467438569  -0.0491373086  -0.0618003803
       -0.0000581835   0.0000234574  -0.0001009156   0.0000024247   0.0000370264
        0.0000748572   0.0000052321   0.0000157358   0.0000118453  -0.0000150538
        0.0000121805  -0.0000135013  -0.0000017608  -0.0000096950  -0.0000085535
        0.0000452146   0.0002297193   0.0000817278  -0.0220564572  -0.0209143022
       -0.0114237928   0.0528977275   0.0529903142   0.0662445444   0.0121972698
        0.0105962772   0.0042980587  -0.0000059347   0.0000379605   0.0000038552
        0.0000858615  -0.0000253119  -0.0000820619  -0.0000146557  -0.0000487350
        0.0000421158
        0.0000267575  -0.0001710697   0.0000235529  -0.0001009570  -0.0000600428
       -0.0000837727  -0.0002722986  -0.0009692913   0.0001049591  -0.0186272910
        0.0183422819   0.0030667931  -0.2013050582   0.0115314532   0.1015607601
        0.0012740564  -0.0003034230  -0.0002512373  -0.0000644409  -0.0000930985
       -0.0002801114  -0.0000018623  -0.0000136721  -0.0000022816   0.0000095402
        0.0000211439   0.0000245660   0.0000551597   0.0000238795  -0.0000173335
       -0.0001000920   0.0000056099  -0.0000822027   0.0025196547  -0.0012307255
       -0.0001183932  -0.0215042791  -0.0018068451   0.0121972698   0.2383225054
       -0.0249640307  -0.1159809406  -0.0000752251   0.0000334872  -0.0000021789
       -0.0000858907  -0.0002256301  -0.0002656956  -0.0000702790  -0.0001200268
        0.0001062464
       -0.0002075676  -0.0000746888  -0.0000397905  -0.0003663482   0.0006278967
        0.0000170731   0.0020948341   0.0008388297  -0.0006255419   0.0331197694
       -0.0181456798  -0.0104170879   0.0093504866  -0.0397613039  -0.0099758722
        0.0001249246   0.0002138455   0.0004329834  -0.0005410438  -0.0004643390
       -0.0003784983  -0.0000071401   0.0000345070   0.0000120983   0.0000041479
       -0.0000064549  -0.0000160866  -0.0000119240  -0.0000548946   0.0000129907
       -0.0000504649  -0.0000562284   0.0000997280   0.0002844190   0.0014757278
       -0.0017646188  -0.0184804940   0.0014411668   0.0105962772  -0.0249640307
        0.0539354511   0.0122294254   0.0000455052   0.0001290410   0.0001057520
       -0.0003036297  -0.0000819845  -0.0003576068  -0.0000914437  -0.0000508915
        0.0000687749
        0.0000611764   0.0001406876   0.0000092511  -0.0001294248   0.0000117143
       -0.0000629391   0.0012822983  -0.0000306301   0.0004700088  -0.0065863403
       -0.0001476846   0.0069095450   0.1018192420  -0.0111189142  -0.1079778578
       -0.0006252992   0.0003706314  -0.0001180939   0.0002049100  -0.0004158014
        0.0004376656  -0.0000133238   0.0000092611  -0.0000041885   0.0000110001
       -0.0000113548  -0.0000279281  -0.0000169000  -0.0000182880   0.0000297110
        0.0001224231   0.0002705080  -0.0004074390   0.0267509851  -0.0014989940
       -0.0220363039  -0.0063721225   0.0002247021   0.0042980587  -0.1159809406
        0.0122294254   0.1191154771  -0.0000759396   0.0001750937  -0.0001383677
       -0.0004379069  -0.0002758124  -0.0004705077  -0.0000138372   0.0000854561
       -0.0000260916
        0.0001416995  -0.0000064592  -0.0001909422   0.0006273329  -0.0008759909
       -0.0001665753   0.0007698995  -0.0011948852  -0.0024176694  -0.0001189968
        0.0000592224   0.0008997424  -0.0000967655  -0.0000153617   0.0000393803
       -0.0128459049  -0.0212437631  -0.0255818664  -0.0399239102   0.0053479945
        0.0073927588   0.0001172153   0.0000332082   0.0000839502  -0.0003670807
        0.0002109597   0.0003838598  -0.0001306702   0.0003230877  -0.0004428695
       -0.0001841731  -0.0001420407   0.0004608815  -0.0000079510  -0.0000027031
        0.0000149683   0.0000317158   0.0000103126  -0.0000059347  -0.0000752251
        0.0000455052  -0.0000759396   0.0515894203  -0.0008623078   0.0043961041
        0.0015168808  -0.0002611465   0.0011770312  -0.0010434867   0.0185743680
        0.0140331205
        0.0001322137   0.0001041197  -0.0000442024  -0.0003067302  -0.0001766359
        0.0002525072   0.0011332956   0.0005866560  -0.0010709686   0.0000741712
        0.0001208759   0.0004137463  -0.0001020000  -0.0000997588  -0.0002564449
       -0.0083680846   0.0018632516  -0.0057610839   0.0048227411  -0.1928912524
       -0.1042562623   0.0000419938  -0.0000777088   0.0000331480   0.0001267188
        0.0000815447  -0.0000119792   0.0002390644  -0.0000715702   0.0002552148
       -0.0007667398  -0.0002665093   0.0005233662   0.0000499241  -0.0000367891
       -0.0000558579  -0.0000615429   0.0000187835   0.0000379605   0.0000334872
        0.0001290410   0.0001750937  -0.0008623078   0.2192441318   0.1251211170
        0.0027957381  -0.0283397376  -0.0145147254   0.0010180571  -0.0001884420
       -0.0008406293
       -0.0000129404  -0.0002939622   0.0003330300  -0.0003200654   0.0001089345
       -0.0001533764   0.0017396137   0.0007610705   0.0006386719  -0.0002574103
       -0.0002862703   0.0000411022  -0.0000234090   0.0001008214  -0.0000125564
       -0.0156463588  -0.0150496673  -0.0197385837   0.0059409099  -0.1042742698
       -0.1147818891   0.0001845030   0.0000353066  -0.0000778869   0.0000750757
       -0.0000128373   0.0001790331  -0.0002820859   0.0003546944  -0.0004367144
        0.0000526221  -0.0001157418   0.0004525990  -0.0000571752   0.0000217879
        0.0000955936   0.0000459900  -0.0000137659   0.0000038552  -0.0000021789
        0.0001057520  -0.0001383677   0.0043961041   0.1251211170   0.1394283594
        0.0000979204   0.0125861514   0.0085730598   0.0040688851  -0.0191491211
       -0.0144059296
       -0.0001097666   0.0000074083   0.0000155418  -0.0001097889  -0.0001154763
        0.0009282738   0.0007671042   0.0013251093  -0.0024332464   0.0005205851
        0.0009513219  -0.0000979783   0.0001570510   0.0000162740  -0.0001908663
       -0.0153613213   0.0211648554  -0.0249006934  -0.0401832605   0.0080936906
       -0.0012898042   0.0000274778  -0.0000083492  -0.0000037638  -0.0000039585
        0.0000048796   0.0000117616  -0.0000658117  -0.0000591887  -0.0000649535
       -0.0002625570   0.0001179905   0.0005119392  -0.0003348999  -0.0002666818
        0.0003716200   0.0001220304  -0.0000193318   0.0000858615  -0.0000858907
       -0.0003036297  -0.0004379069   0.0015168808   0.0027957381   0.0000979204
        0.0527418107  -0.0145308933   0.0145241125   0.0006643151  -0.0191737173
        0.0128721820
        0.0001017257  -0.0000969988   0.0002542508  -0.0000816070   0.0001115187
       -0.0003308631  -0.0012093833   0.0005788272   0.0008541687   0.0003850188
       -0.0000461044  -0.0002618362  -0.0001266561   0.0000758860   0.0000172585
        0.0077900911   0.0032959279   0.0047570992   0.0087000572  -0.2035544614
        0.0997498321   0.0000582641   0.0000239485  -0.0000367998  -0.0000448124
       -0.0000405503   0.0000518096  -0.0000506632   0.0001349678  -0.0001678870
        0.0007622651  -0.0001683905  -0.0005124432  -0.0001647633   0.0000478551
        0.0000379556  -0.0000349596  -0.0000797087  -0.0000253119  -0.0002256301
       -0.0000819845  -0.0002758124  -0.0002611465  -0.0283397376   0.0125861514
       -0.0145308933   0.2311854354  -0.1193452416  -0.0010669073  -0.0030464304
        0.0026476694
       -0.0000089163  -0.0001092596  -0.0000045364  -0.0002811481   0.0002713258
        0.0000307500   0.0017288943  -0.0006139719   0.0006553002  -0.0002946439
       -0.0001312035  -0.0001712690  -0.0000423721   0.0002752313   0.0003514482
       -0.0164909246   0.0148301554  -0.0186516721  -0.0027067465   0.0996430277
       -0.1038659259   0.0000467971   0.0000185598   0.0000048512  -0.0000567523
       -0.0000341873   0.0000975742   0.0000031619  -0.0000895115  -0.0001527523
        0.0000852233   0.0000855345   0.0004253491   0.0000668078   0.0000108520
        0.0001824382   0.0001854446  -0.0000194081  -0.0000820619  -0.0002656956
       -0.0003576068  -0.0004705077   0.0011770312  -0.0145147254   0.0085730598
        0.0145241125  -0.1193452416   0.1263409927   0.0023297266   0.0200804292
       -0.0132630382
        0.0000634868  -0.0001274012   0.0000033499  -0.0012080497   0.0003012040
        0.0002641765  -0.0035866381  -0.0001327995  -0.0028542630  -0.0012015336
       -0.0003920578   0.0002426817   0.0000731590   0.0001219407   0.0000128372
       -0.0325214400  -0.0017935565   0.0140990806  -0.1664173272  -0.0085195952
        0.1204117959   0.0000507871   0.0000018251  -0.0000174259   0.0000304435
       -0.0000359157  -0.0000213255  -0.0000849583   0.0000880002  -0.0000034030
        0.0001463814   0.0000372772  -0.0008339446   0.0000171760   0.0000362929
       -0.0000138689   0.0000528159   0.0000040085  -0.0000146557  -0.0000702790
       -0.0000914437  -0.0000138372  -0.0010434867   0.0010180571   0.0040688851
        0.0006643151  -0.0010669073   0.0023297266   0.2050351479   0.0105510713
       -0.1376598097
        0.0001706034   0.0000246507   0.0000108223  -0.0002928998  -0.0001570808
       -0.0000742633  -0.0001641044   0.0010745909  -0.0000614660   0.0002388375
       -0.0001536402   0.0000598134  -0.0001687513   0.0000162170  -0.0000047437
       -0.0010575446   0.0006858349   0.0003657963  -0.0087007222  -0.0434722582
        0.0081955373   0.0000127985  -0.0000009132   0.0000430217  -0.0001147127
        0.0000070851   0.0000784893   0.0001102707  -0.0000267055  -0.0000855089
        0.0000241584  -0.0002262386  -0.0000496786   0.0001185872   0.0000264915
       -0.0000814464  -0.0000082158   0.0000006373  -0.0000487350  -0.0001200268
       -0.0000508915   0.0000854561   0.0185743680  -0.0001884420  -0.0191491211
       -0.0191737173  -0.0030464304   0.0200804292   0.0105510713   0.0454870930
       -0.0093644024
        0.0000901458   0.0000185384  -0.0000678614  -0.0006854438   0.0001364428
        0.0004819953  -0.0011784683   0.0000136432  -0.0013443033  -0.0006577270
       -0.0002226385   0.0004811537   0.0000836054  -0.0000098601  -0.0000668450
       -0.0139913329  -0.0008348103   0.0099235569   0.1274078477   0.0084880850
       -0.1561780379  -0.0000067189  -0.0000187362   0.0000439770  -0.0000973122
        0.0000331693   0.0000500468   0.0001151233  -0.0000587923  -0.0000337677
       -0.0003395823  -0.0000298071   0.0003380974  -0.0000858453  -0.0000422038
        0.0000447396  -0.0000060306   0.0000155569   0.0000421158   0.0001062464
        0.0000687749  -0.0000260916   0.0140331205  -0.0008406293  -0.0144059296
        0.0128721820   0.0026476694  -0.0132630382  -0.1376598097  -0.0093644024
        0.1739801922
