$hessian                                                                        
        0.4611475808  -0.0107406576   0.0002343443  -0.2002315932  -0.0207676156
       -0.0003807507  -0.0116294269  -0.0076969862   0.0019448003  -0.0003680926
       -0.0006742247   0.0002444891  -0.0003975079  -0.0004258984   0.0000788572
        0.0002632173  -0.0004564591   0.0001333454   0.0001723948  -0.0001210551
        0.0000105750   0.0001090185   0.0000303982  -0.0000126330  -0.0479911981
       -0.0375045200   0.0120236501  -0.0911413591   0.0688762297   0.0681426604
       -0.0748092257   0.0116870546  -0.0813201352  -0.0197739676  -0.0010834710
        0.0025823281  -0.0169182705  -0.0026466778  -0.0032054698   0.0009275732
        0.0007818497  -0.0003628778   0.0008314820   0.0008383123  -0.0001358892
       -0.0000973524  -0.0000175328  -0.0000169541  -0.0000809462   0.0000020960
        0.0000230483   0.0000060878  -0.0000442701  -0.0000354152  -0.0000292013
        0.0000054690   0.0000021956   0.0000107871  -0.0000420410   0.0000498311
       -0.0107406576   0.5248828519  -0.0012535060  -0.0212489382  -0.0673586843
       -0.0012776826  -0.0289839008  -0.0104618697   0.0020516497   0.0014632426
       -0.0044176693   0.0016702061  -0.0029102536  -0.0021687158   0.0003225035
       -0.0004112807   0.0007156573  -0.0001509552   0.0001116273   0.0001098783
       -0.0000566642  -0.0000349118  -0.0000176600  -0.0000044849  -0.0366945775
       -0.2589481081   0.0679131756   0.0687399791  -0.1397141200  -0.0951818908
        0.0118086857  -0.0483973221   0.0273616114   0.0178479849   0.0028653529
       -0.0009054049   0.0023552798   0.0012719963  -0.0001823365  -0.0009693794
        0.0009376088   0.0003773559  -0.0003711268   0.0006777051  -0.0006917571
        0.0000443126  -0.0000199654  -0.0000095075   0.0000304742  -0.0000078853
        0.0000200385  -0.0000243256   0.0000163888   0.0000294001   0.0000014961
        0.0000237608   0.0000016696  -0.0000137304   0.0000107998  -0.0000334208
        0.0002343443  -0.0012535060   0.5235923061  -0.0001670611  -0.0012267943
       -0.0675694721   0.0087752675   0.0029931800  -0.0003051059  -0.0004915076
        0.0013664961  -0.0003519817   0.0009289341   0.0007853999   0.0000314307
        0.0001579952  -0.0001621260   0.0002991554  -0.0000241091  -0.0000481109
       -0.0000464825   0.0000141692  -0.0000018904  -0.0000362568   0.0117614741
        0.0678812190  -0.0660108942   0.0677650109  -0.0952868893  -0.1402999509
       -0.0809214216   0.0274604465  -0.2480712336   0.0195835987   0.0018318888
       -0.0004840036  -0.0280819722  -0.0042030171  -0.0017873526  -0.0004904353
       -0.0002424091   0.0003005053   0.0009628973   0.0000830981   0.0006601729
       -0.0000432580  -0.0000076234   0.0000276425   0.0000325821   0.0000378497
        0.0000138549  -0.0000253411   0.0000118454   0.0000103771   0.0000026877
        0.0000025291   0.0000207380   0.0000261449  -0.0000215862   0.0000065510
       -0.2002315932  -0.0212489382  -0.0001670611   0.4819721648  -0.0268531628
        0.0047692120  -0.0640786437  -0.0154325778   0.0060673227  -0.0061855944
       -0.0209834383   0.0070709733  -0.0088118685  -0.0070914697   0.0010489614
       -0.0020503389  -0.0033401422   0.0007964530   0.0017163317  -0.0003670241
        0.0000209645   0.0002777085   0.0000722699  -0.0000283725  -0.0090244645
       -0.0036511506   0.0006855625  -0.0199592126  -0.0000594572   0.0031194934
       -0.0168747055  -0.0021366473  -0.0042280679  -0.0877153048   0.0679999748
        0.0648099440  -0.0721575133   0.0132663254  -0.0777111318   0.0017978092
        0.0115003022  -0.0031213372   0.0017333645   0.0085487505  -0.0031834452
       -0.0001722352  -0.0001247044  -0.0000153548  -0.0001790826  -0.0000837347
        0.0000501398  -0.0000326377  -0.0000135490   0.0000002784  -0.0000088566
        0.0000155751   0.0000045576  -0.0000153271  -0.0000172017   0.0000109079
       -0.0207676156  -0.0673586843  -0.0012267943  -0.0268531628   0.4779944856
        0.0197807565  -0.0147802405  -0.1814083334   0.0358641393  -0.0103370920
       -0.0083372075   0.0020173448  -0.0007497604   0.0007423475   0.0006113019
        0.0017619886  -0.0007822773  -0.0003196852   0.0000954735  -0.0004648172
        0.0001569672   0.0000249610  -0.0001290230   0.0000142119  -0.0286150820
       -0.0073488952   0.0009553833   0.0185655716   0.0025767813  -0.0006506189
        0.0025801375   0.0007111860  -0.0001037055   0.0680455182  -0.1366601646
       -0.0937999870   0.0131536186  -0.0477467605   0.0271429820  -0.0018167732
       -0.0238756898   0.0037110239  -0.0004100867  -0.0081349745   0.0058884034
       -0.0000004367   0.0000656020  -0.0000490119   0.0000424869   0.0000692575
        0.0000265510   0.0000470688   0.0000411942  -0.0000120800   0.0000208944
       -0.0000036876  -0.0000061288  -0.0000074692   0.0000496610  -0.0000010536
       -0.0003807507  -0.0012776826  -0.0675694721   0.0047692120   0.0197807565
        0.5359763927   0.0059580266   0.0359106633  -0.0792287113   0.0021281193
        0.0012196670  -0.0006676523  -0.0003726493   0.0000775517   0.0017126251
       -0.0005236780  -0.0003291613  -0.0008367877  -0.0000046018   0.0001596691
        0.0002342095  -0.0000376153  -0.0000040196  -0.0000865043   0.0088273343
        0.0023000719   0.0000031324   0.0201581380   0.0022816893  -0.0005902132
       -0.0288528108  -0.0043285695  -0.0017770151   0.0648391712  -0.0928705455
       -0.1387695956  -0.0775823917   0.0261939115  -0.2424680939  -0.0021086641
       -0.0157256558   0.0050084863   0.0032128910   0.0266514980  -0.0109610682
       -0.0000882711  -0.0000090321  -0.0000008722   0.0000516191  -0.0000354984
       -0.0000172004   0.0000773423   0.0000005608  -0.0000207255  -0.0000190502
       -0.0000030647   0.0000065016  -0.0000513707   0.0000071904   0.0000525643
       -0.0116294269  -0.0289839008   0.0087752675  -0.0640786437  -0.0147802405
        0.0059580266   0.4602783690  -0.0136824541  -0.0017276232  -0.1631955391
       -0.0297888617   0.0036908668  -0.0214359355  -0.0216892249   0.0039019214
       -0.0458336684   0.0131215002  -0.0045006588   0.0018356888   0.0025650449
       -0.0006910703  -0.0013154993  -0.0000886310   0.0000055169  -0.0063118042
       -0.0029359878   0.0005572824   0.0009928621  -0.0008400002  -0.0003208474
        0.0009775146  -0.0003313645   0.0007402749   0.0021279839   0.0116511050
       -0.0036213882   0.0017284520   0.0088143672  -0.0025317724  -0.0861743283
        0.0669523514   0.0663834509  -0.0673268829   0.0100277822  -0.0765525775
       -0.0001244674  -0.0001027562  -0.0000861518  -0.0004022986  -0.0001011441
        0.0000385353   0.0000656897  -0.0000556240  -0.0000318061  -0.0002441838
        0.0002970880  -0.0000256738   0.0000661179  -0.0000490491   0.0000384269
       -0.0076969862  -0.0104618697   0.0029931800  -0.0154325778  -0.1814083334
        0.0359106633  -0.0136824541   0.4976432244   0.0037646017  -0.0238799392
       -0.0668614514  -0.0019030555  -0.0447052849  -0.0230565978   0.0059204804
        0.0248385607   0.0025558134   0.0023097095   0.0022221439  -0.0025117020
        0.0021927590   0.0010262563   0.0000395313   0.0000266046  -0.0015027544
        0.0003619724  -0.0000112654   0.0008985684   0.0012015766  -0.0000524576
        0.0007766560   0.0005814408  -0.0001273195  -0.0023762326  -0.0260821809
        0.0044325685  -0.0007463706  -0.0090945342   0.0059513992   0.0687952994
       -0.1387225519  -0.0914194993   0.0111744488  -0.0438632478   0.0299754553
       -0.0002572537  -0.0001367530   0.0000124617   0.0003281231  -0.0000681969
        0.0000234263  -0.0000160368   0.0001044603   0.0000285483   0.0002179631
       -0.0002920086   0.0000159799   0.0000178707   0.0000714084  -0.0000442403
        0.0019448003   0.0020516497  -0.0003051059   0.0060673227   0.0358641393
       -0.0792287113  -0.0017276232   0.0037646017   0.4911818642   0.0045586812
       -0.0014136276  -0.0702523643   0.0088751200   0.0061512415   0.0126877536
       -0.0066086444   0.0023516792   0.0066499833  -0.0005646415   0.0020138585
        0.0062338308  -0.0004626734  -0.0000516463   0.0000543700   0.0001742781
       -0.0000609251   0.0006944819  -0.0001020947   0.0006459009   0.0002199376
       -0.0003550286  -0.0008975478   0.0008828340  -0.0026104874  -0.0169761912
        0.0052251991   0.0038959250   0.0286668837  -0.0113157449   0.0678134904
       -0.0926410163  -0.1264866647  -0.0809555797   0.0303252940  -0.2362509821
       -0.0010367975   0.0001013010  -0.0000249354   0.0011818273   0.0000381775
        0.0000341845  -0.0000637579   0.0000283029   0.0000224833  -0.0000867463
        0.0001109991  -0.0000495325   0.0000626296  -0.0000730747   0.0000271188
       -0.0003680926   0.0014632426  -0.0004915076  -0.0061855944  -0.0103370920
        0.0021281193  -0.1631955391  -0.0238799392   0.0045586812   0.5463809610
        0.1269091055  -0.0187197851  -0.1516625323  -0.1963168071   0.0404279409
       -0.1419240333   0.0703228117  -0.0169553822  -0.0417437486   0.0251033047
       -0.0064520672  -0.0057120176  -0.0012814881   0.0000008809   0.0004821392
        0.0009100834  -0.0002643790  -0.0001381060  -0.0006181155  -0.0000097347
       -0.0001520575  -0.0005375361   0.0004010893   0.0010008373   0.0009930565
        0.0009970108   0.0010617506   0.0003733026  -0.0014203615  -0.0200681122
        0.0022271521   0.0007731839  -0.0168209793   0.0002912156  -0.0044097234
        0.0001554800   0.0016225146  -0.0005685082   0.0000445095   0.0015464201
        0.0000658268  -0.0002254792  -0.0002885246  -0.0001711014  -0.0006992189
        0.0017975228  -0.0001476062  -0.0002301665  -0.0003002295   0.0002574233
       -0.0006742247  -0.0044176693   0.0013664961  -0.0209834383  -0.0083372075
        0.0012196670  -0.0297888617  -0.0668614514  -0.0014136276   0.1269091055
        0.7741076109  -0.1221030479  -0.1813759121  -0.5225983414   0.0944863934
        0.0778922528  -0.1846653042   0.0305497953   0.0222378993   0.0062353879
       -0.0018045594  -0.0040471942  -0.0013700295   0.0005410687  -0.0012716973
       -0.0002707966   0.0001460214   0.0002710766  -0.0002255498  -0.0002645148
        0.0002170242   0.0000279605   0.0003334645  -0.0007825410  -0.0008998789
       -0.0009764373  -0.0007036476   0.0002497199   0.0010488657   0.0177612941
        0.0039450471  -0.0031215539   0.0010182058   0.0029232657   0.0001753019
       -0.0034110857   0.0018752857   0.0028811296  -0.0040577576   0.0007154236
       -0.0030149364   0.0011835338  -0.0004074217  -0.0000332016  -0.0014660724
        0.0003129382  -0.0000870540   0.0010720404  -0.0003389892   0.0000707293
        0.0002444891   0.0016702061  -0.0003519817   0.0070709733   0.0020173448
       -0.0006676523   0.0036908668  -0.0019030555  -0.0702523643  -0.0187197851
       -0.1221030479   0.2197155213   0.0373086196   0.0939733770  -0.0843142160
       -0.0190285029   0.0299116034  -0.0628780672  -0.0056217727  -0.0008230347
        0.0005130239   0.0012365292   0.0002419527   0.0001231689   0.0004793643
        0.0002416362   0.0002340883  -0.0000763748  -0.0000360326   0.0000583700
       -0.0000882951   0.0000247803  -0.0001133981  -0.0001626207  -0.0004076058
        0.0005028820   0.0008314256   0.0006671829  -0.0004468570   0.0205933974
        0.0020880027  -0.0007862007  -0.0290855257  -0.0052849389  -0.0027838640
        0.0021243364  -0.0005264358   0.0004909941  -0.0007294654   0.0003190772
        0.0011153080  -0.0001062462  -0.0002829807  -0.0001434684   0.0003705910
       -0.0001080047   0.0001471913  -0.0003320041   0.0003199735  -0.0001624780
       -0.0003975079  -0.0029102536   0.0009289341  -0.0088118685  -0.0007497604
       -0.0003726493  -0.0214359355  -0.0447052849   0.0088751200  -0.1516625323
       -0.1813759121   0.0373086196   0.1624573373   0.2034941125  -0.0410364369
        0.0124979309   0.0227678828  -0.0055151359   0.0021912691   0.0054456808
       -0.0005401241   0.0012928028   0.0010178910  -0.0003848749  -0.0009021590
       -0.0005482173   0.0001315198   0.0002115821   0.0001327998  -0.0000683309
        0.0001987881   0.0001575401  -0.0000150150  -0.0000889881   0.0001441508
       -0.0001693913  -0.0001275748   0.0002264895   0.0000762578   0.0018232475
       -0.0009051574  -0.0002646779   0.0007646306  -0.0007037315   0.0006600131
        0.0009459178  -0.0006459903  -0.0009281732   0.0011365682  -0.0007457700
        0.0013147289  -0.0001942435   0.0000361335  -0.0000019794   0.0003360957
       -0.0002872584   0.0000481099  -0.0002353606   0.0001546551  -0.0000465145
       -0.0004258984  -0.0021687158   0.0007853999  -0.0070914697   0.0007423475
        0.0000775517  -0.0216892249  -0.0230565978   0.0061512415  -0.1963168071
       -0.5225983414   0.0939733770   0.2034941125   0.6619923184  -0.1315600232
        0.0218636353  -0.1156639775   0.0306291067  -0.0048659465   0.0014079302
       -0.0007847406   0.0011587323   0.0008016598  -0.0001120596  -0.0006294338
       -0.0004217422   0.0000648616   0.0000266537   0.0002132022   0.0001485567
        0.0000982490   0.0001017523  -0.0002446699   0.0004778717   0.0005219076
        0.0002126297   0.0003274733   0.0000052450  -0.0002196953   0.0007939518
       -0.0008889012   0.0017465018   0.0013180462  -0.0013412960  -0.0002471285
        0.0009733602  -0.0003799466  -0.0015447977   0.0009075249   0.0000749353
        0.0009999374  -0.0005033352   0.0002729607   0.0002750843   0.0005579805
        0.0001681918  -0.0000116667  -0.0004754759   0.0002170678  -0.0003394670
        0.0000788572   0.0003225035   0.0000314307   0.0010489614   0.0006113019
        0.0017126251   0.0039019214   0.0059204804   0.0126877536   0.0404279409
        0.0944863934  -0.0843142160  -0.0410364369  -0.1315600232   0.0536811688
       -0.0048444974   0.0311188430   0.0195576289   0.0013173704  -0.0011393687
       -0.0037002396  -0.0001777890  -0.0001129199   0.0002674475   0.0000643638
        0.0000387274  -0.0000923722  -0.0000392022  -0.0000568851  -0.0000353499
        0.0000101331  -0.0000069043   0.0000450309  -0.0000236451   0.0001393727
       -0.0001326612  -0.0001799854  -0.0003066222   0.0001181782  -0.0022184720
       -0.0002271855   0.0002205983   0.0021158552   0.0014118210   0.0006821946
       -0.0003227427   0.0002139227  -0.0003930153  -0.0002174413  -0.0006918099
       -0.0003460737   0.0001223130   0.0000189445  -0.0000514739  -0.0001036188
       -0.0000581421  -0.0000576377   0.0000761144  -0.0001224497   0.0001189827
        0.0002632173  -0.0004112807   0.0001579952  -0.0020503389   0.0017619886
       -0.0005236780  -0.0458336684   0.0248385607  -0.0066086444  -0.1419240333
        0.0778922528  -0.0190285029   0.0124979309   0.0218636353  -0.0048444974
        0.4292465723  -0.0593081417   0.0218186109  -0.1529933521  -0.0491490546
        0.0077763244  -0.0309345038   0.0054188910  -0.0006497538   0.0000866116
       -0.0003212422   0.0001021388   0.0000439333   0.0002620207  -0.0000414201
        0.0000408386   0.0002304161  -0.0001166030  -0.0009500478  -0.0011541181
       -0.0007050961  -0.0004474978  -0.0003272866   0.0010817804  -0.0054245868
       -0.0003358920   0.0001877769  -0.0040758860  -0.0002287131  -0.0003042504
       -0.0295384493  -0.0108447887   0.0094299603  -0.0293610978  -0.0123905039
       -0.0074943480   0.0018164673  -0.0011347508   0.0005010028  -0.0023148530
        0.0045600750  -0.0005154684   0.0018527439  -0.0012220677  -0.0002233272
       -0.0004564591   0.0007156573  -0.0001621260  -0.0033401422  -0.0007822773
       -0.0003291613   0.0131215002   0.0025558134   0.0023516792   0.0703228117
       -0.1846653042   0.0299116034   0.0227678828  -0.1156639775   0.0311188430
       -0.0593081417   0.3851879593  -0.0692499960  -0.0387718589  -0.0805622285
        0.0047710826   0.0323374195   0.0036297848   0.0000634492   0.0000696486
        0.0001844061  -0.0000744844  -0.0001048722  -0.0001353985   0.0001098917
       -0.0000406963  -0.0002024168   0.0000338724  -0.0003882471   0.0005865069
        0.0007303522  -0.0000048283   0.0000314023  -0.0008460931  -0.0008591454
        0.0002835316  -0.0000621373  -0.0002650367  -0.0001101597  -0.0002521930
       -0.0162594695  -0.0043456133   0.0015941542  -0.0218565661  -0.0044154746
       -0.0001437303  -0.0009643463   0.0014428769   0.0000669950   0.0049279331
       -0.0049378229   0.0006386378  -0.0009273860   0.0012027347  -0.0002706393
        0.0001333454  -0.0001509552   0.0002991554   0.0007964530  -0.0003196852
       -0.0008367877  -0.0045006588   0.0023097095   0.0066499833  -0.0169553822
        0.0305497953  -0.0628780672  -0.0055151359   0.0306291067   0.0195576289
        0.0218186109  -0.0692499960   0.0891198211   0.0049691556   0.0041152210
       -0.0579873891  -0.0040780284   0.0000813237   0.0025979643  -0.0000251881
       -0.0000655767  -0.0000054047  -0.0000725791   0.0001032992   0.0000124405
        0.0001467845   0.0000329464   0.0000808268  -0.0000855462   0.0001678981
       -0.0002137471  -0.0000186786  -0.0001460256   0.0005834421  -0.0004093586
       -0.0000108137  -0.0000326221   0.0006989321  -0.0002546636  -0.0000115912
        0.0294631291   0.0067170358   0.0005327346  -0.0260516253  -0.0049971336
        0.0016550173   0.0001199064   0.0006312743   0.0002055458  -0.0006253103
        0.0006790233   0.0004921295   0.0001911744  -0.0008217836   0.0001789194
        0.0001723948   0.0001116273  -0.0000241091   0.0017163317   0.0000954735
       -0.0000046018   0.0018356888   0.0022221439  -0.0005646415  -0.0417437486
        0.0222378993  -0.0056217727   0.0021912691  -0.0048659465   0.0013173704
       -0.1529933521  -0.0387718589   0.0049691556   0.3797392920  -0.0056898686
        0.0011823502  -0.0838994870   0.0556185933  -0.0055733709  -0.0001170668
        0.0000193779  -0.0000083416  -0.0000431133  -0.0001062440  -0.0000808107
       -0.0000454833  -0.0000301220   0.0001197467  -0.0006180892  -0.0001602354
       -0.0000277116  -0.0005521984  -0.0000897960   0.0000557707  -0.0009769584
       -0.0002441331  -0.0006027128  -0.0010450442   0.0001319688   0.0004780156
       -0.0467101482  -0.0198154325   0.0405852789  -0.0453571362  -0.0258540146
       -0.0345444859   0.0026990571  -0.0040193256   0.0016620985  -0.0172648801
        0.0240887216  -0.0025918561   0.0030126722  -0.0048788285  -0.0007253722
       -0.0001210551   0.0001098783  -0.0000481109  -0.0003670241  -0.0004648172
        0.0001596691   0.0025650449  -0.0025117020   0.0020138585   0.0251033047
        0.0062353879  -0.0008230347   0.0054456808   0.0014079302  -0.0011393687
       -0.0491490546  -0.0805622285   0.0041152210  -0.0056898686   0.5024441920
       -0.0011015796   0.0520428352  -0.1806301285   0.0115013971  -0.0000088893
        0.0000381619  -0.0000093145  -0.0000251220  -0.0000413394  -0.0000197925
       -0.0000367051  -0.0000128380   0.0000231234  -0.0002755842   0.0000963854
        0.0000261289  -0.0001496383   0.0001156285  -0.0001272550   0.0006028738
       -0.0000310370  -0.0000244634   0.0009310001   0.0000775107   0.0000862685
       -0.0211631793  -0.0852570755   0.0843431246  -0.0267549634  -0.1230883943
       -0.1027671913   0.0099293976  -0.0228541919  -0.0017014400  -0.0005423615
        0.0023812416  -0.0002169795   0.0076633082  -0.0174525640   0.0057097389
        0.0000105750  -0.0000566642  -0.0000464825   0.0000209645   0.0001569672
        0.0002342095  -0.0006910703   0.0021927590   0.0062338308  -0.0064520672
       -0.0018045594   0.0005130239  -0.0005401241  -0.0007847406  -0.0037002396
        0.0077763244   0.0047710826  -0.0579873891   0.0011823502  -0.0011015796
        0.5164522296  -0.0052639539   0.0116918226  -0.0698476969  -0.0000017555
       -0.0000061194  -0.0000052497   0.0000577592  -0.0000258295  -0.0000185259
       -0.0000490158   0.0000084185  -0.0000435624   0.0000298463  -0.0001842427
       -0.0000247243   0.0000798675   0.0000978436  -0.0001522378  -0.0013317953
       -0.0001869330  -0.0000410934   0.0011259147   0.0001089272  -0.0000854230
        0.0373800023   0.0839814675  -0.2129990901  -0.0315566421  -0.1026202373
       -0.1759870834   0.0105211649  -0.0219062795   0.0016265308  -0.0001754466
        0.0000623750   0.0000256446  -0.0121228983   0.0256055220  -0.0041466709
        0.0001090185  -0.0000349118   0.0000141692   0.0002777085   0.0000249610
       -0.0000376153  -0.0013154993   0.0010262563  -0.0004626734  -0.0057120176
       -0.0040471942   0.0012365292   0.0012928028   0.0011587323  -0.0001777890
       -0.0309345038   0.0323374195  -0.0040780284  -0.0838994870   0.0520428352
       -0.0052639539   0.5214965835   0.0300924044  -0.0032047107  -0.0000250432
       -0.0000265502   0.0000076296  -0.0000614207   0.0000320648   0.0000105370
       -0.0000443931   0.0000187243  -0.0000236920  -0.0000322069   0.0001371510
        0.0000563350  -0.0000138073   0.0000629043  -0.0000913069  -0.0003112882
        0.0000031701  -0.0000185806  -0.0003013239  -0.0000113295   0.0000053995
        0.0027590488  -0.0027788019  -0.0005311210   0.0025825284  -0.0022634129
        0.0010690814  -0.0589896045  -0.0371598409  -0.0476736408  -0.2851173572
       -0.0408792362   0.0007394842  -0.0617597378  -0.0297353457   0.0584239471
        0.0000303982  -0.0000176600  -0.0000018904   0.0000722699  -0.0001290230
       -0.0000040196  -0.0000886310   0.0000395313  -0.0000516463  -0.0012814881
       -0.0013700295   0.0002419527   0.0010178910   0.0008016598  -0.0001129199
        0.0054188910   0.0036297848   0.0000813237   0.0556185933  -0.1806301285
        0.0116918226   0.0300924044   0.4773165712   0.0055137383   0.0000534999
        0.0000369868  -0.0000078022  -0.0000193348   0.0000141331   0.0000101636
       -0.0000012288   0.0000051792  -0.0000070386  -0.0000654540   0.0000590912
        0.0000248765  -0.0000215651   0.0000203623  -0.0000100433   0.0000107403
        0.0000653894   0.0000155996   0.0000166897   0.0000283423  -0.0000403214
        0.0074380343  -0.0152657766   0.0041161563   0.0095182091  -0.0204642606
       -0.0007664755  -0.0381122805  -0.1280040512  -0.1114289389  -0.0390135146
       -0.0476989370  -0.0000724333  -0.0306841243  -0.0884371652   0.0908078961
       -0.0000126330  -0.0000044849  -0.0000362568  -0.0000283725   0.0000142119
       -0.0000865043   0.0000055169   0.0000266046   0.0000543700   0.0000008809
        0.0005410687   0.0001231689  -0.0003848749  -0.0001120596   0.0002674475
       -0.0006497538   0.0000634492   0.0025979643  -0.0055733709   0.0115013971
       -0.0698476969  -0.0032047107   0.0055137383   0.5279440993  -0.0000047836
       -0.0000039142   0.0000118243  -0.0000075176  -0.0000042247   0.0000066439
        0.0000154964   0.0000069434   0.0000103117  -0.0000746311   0.0000398474
        0.0000568632   0.0000931081  -0.0000621878   0.0000386882  -0.0000557430
       -0.0000055882   0.0000017812   0.0000532806   0.0000020026   0.0000251717
       -0.0110770374   0.0235955809  -0.0034542598   0.0093871973  -0.0204895926
        0.0014564898  -0.0479060955  -0.1100919913  -0.1898691561   0.0005502093
       -0.0001000213  -0.0424983577   0.0588738344   0.0895692203  -0.2268025924
       -0.0479911981  -0.0366945775   0.0117614741  -0.0090244645  -0.0286150820
        0.0088273343  -0.0063118042  -0.0015027544   0.0001742781   0.0004821392
       -0.0012716973   0.0004793643  -0.0009021590  -0.0006294338   0.0000643638
        0.0000866116   0.0000696486  -0.0000251881  -0.0001170668  -0.0000088893
       -0.0000017555  -0.0000250432   0.0000534999  -0.0000047836   0.0581399001
        0.0446225484  -0.0139711711   0.0024403514   0.0138548904  -0.0034899376
        0.0022409615   0.0106042107  -0.0039939911   0.0005636477  -0.0003753957
        0.0001656146   0.0005927246  -0.0003464711   0.0001238638  -0.0001149892
        0.0001365777  -0.0000465665  -0.0000998876   0.0001551038  -0.0000649032
        0.0000209044  -0.0000070038  -0.0000091081   0.0000152543  -0.0000068867
        0.0000077444  -0.0000039894  -0.0000173111   0.0000087006   0.0000184546
       -0.0000017768  -0.0000010358  -0.0000103474  -0.0000192000  -0.0000042973
       -0.0375045200  -0.2589481081   0.0678812190  -0.0036511506  -0.0073488952
        0.0023000719  -0.0029359878   0.0003619724  -0.0000609251   0.0009100834
       -0.0002707966   0.0002416362  -0.0005482173  -0.0004217422   0.0000387274
       -0.0003212422   0.0001844061  -0.0000655767   0.0000193779   0.0000381619
       -0.0000061194  -0.0000265502   0.0000369868  -0.0000039142   0.0446225484
        0.2980710063  -0.0792365014  -0.0012879357  -0.0256368847   0.0048110574
        0.0000914194  -0.0071338068   0.0044161297   0.0002920593   0.0004895010
        0.0001619151   0.0001514232   0.0000546370  -0.0003095224   0.0000844688
        0.0003825551   0.0001359998   0.0000786207   0.0001742096  -0.0003012958
        0.0000176343  -0.0000165284   0.0000057978   0.0000071947  -0.0000234276
       -0.0000072853   0.0000035446   0.0000036265   0.0000151166  -0.0000004322
        0.0000000014  -0.0000009353  -0.0000023388   0.0000031256  -0.0000155954
        0.0120236501   0.0679131756  -0.0660108942   0.0006855625   0.0009553833
        0.0000031324   0.0005572824  -0.0000112654   0.0006944819  -0.0002643790
        0.0001460214   0.0002340883   0.0001315198   0.0000648616  -0.0000923722
        0.0001021388  -0.0000744844  -0.0000054047  -0.0000083416  -0.0000093145
       -0.0000052497   0.0000076296  -0.0000078022   0.0000118243  -0.0139711711
       -0.0792365014   0.0726297818  -0.0021547945  -0.0202906888   0.0053385696
        0.0030317018   0.0309030496  -0.0129657018   0.0002148871   0.0002605122
       -0.0001495953  -0.0002943976  -0.0004674928   0.0002542889   0.0000204057
       -0.0000247015  -0.0000603270  -0.0000747769  -0.0001258515   0.0001322524
       -0.0000008805   0.0000066119  -0.0000057585  -0.0000068745  -0.0000002262
       -0.0000009873   0.0000034415  -0.0000014565  -0.0000078868  -0.0000011035
       -0.0000016840  -0.0000017437  -0.0000015001   0.0000018535   0.0000075017
       -0.0911413591   0.0687399791   0.0677650109  -0.0199592126   0.0185655716
        0.0201581380   0.0009928621   0.0008985684  -0.0001020947  -0.0001381060
        0.0002710766  -0.0000763748   0.0002115821   0.0000266537  -0.0000392022
        0.0000439333  -0.0001048722  -0.0000725791  -0.0000431133  -0.0000251220
        0.0000577592  -0.0000614207  -0.0000193348  -0.0000075176   0.0024403514
       -0.0012879357  -0.0021547945   0.1092259800  -0.0798028927  -0.0800684870
        0.0052057381  -0.0062141624  -0.0064078473  -0.0073060051  -0.0007578771
        0.0006296378   0.0007449888   0.0004429327   0.0003850707  -0.0001755138
       -0.0007221811  -0.0000895844  -0.0000975440  -0.0000075600   0.0000316927
        0.0000040207   0.0000107844   0.0000064949   0.0000005842   0.0000016298
       -0.0000178361   0.0000366703  -0.0000061612  -0.0000249319  -0.0000004830
       -0.0000158660  -0.0000006406   0.0000160466   0.0000067689   0.0000280862
        0.0688762297  -0.1397141200  -0.0952868893  -0.0000594572   0.0025767813
        0.0022816893  -0.0008400002   0.0012015766   0.0006459009  -0.0006181155
       -0.0002255498  -0.0000360326   0.0001327998   0.0002132022  -0.0000568851
        0.0002620207  -0.0001353985   0.0001032992  -0.0001062440  -0.0000413394
       -0.0000258295   0.0000320648   0.0000141331  -0.0000042247   0.0138548904
       -0.0256368847  -0.0202906888  -0.0798028927   0.1594555479   0.1114353384
       -0.0012372342   0.0017915442   0.0007866019  -0.0006455186   0.0006158044
        0.0003814332   0.0002001153  -0.0000096973   0.0001908309  -0.0000975631
       -0.0000214878  -0.0001153810   0.0000698072  -0.0000785477  -0.0000221855
        0.0000000013  -0.0000006958  -0.0000082313  -0.0000045124   0.0000124726
        0.0000141298  -0.0000169870  -0.0000060924   0.0000059273   0.0000098219
       -0.0000005447   0.0000020107  -0.0000092260  -0.0000107042  -0.0000008139
        0.0681426604  -0.0951818908  -0.1402999509   0.0031194934  -0.0006506189
       -0.0005902132  -0.0003208474  -0.0000524576   0.0002199376  -0.0000097347
       -0.0002645148   0.0000583700  -0.0000683309   0.0001485567  -0.0000353499
       -0.0000414201   0.0001098917   0.0000124405  -0.0000808107  -0.0000197925
       -0.0000185259   0.0000105370   0.0000101636   0.0000066439  -0.0034899376
        0.0048110574   0.0053385696  -0.0800684870   0.1114353384   0.1589836546
        0.0124922056  -0.0210330192  -0.0252164303   0.0005339107   0.0000728511
        0.0010443595  -0.0005582172   0.0003452553   0.0006323796   0.0003069707
        0.0004082022   0.0002305381   0.0000658812  -0.0001413100  -0.0003622442
       -0.0000022545   0.0000013765  -0.0000132225  -0.0000107870   0.0000033326
        0.0000142268  -0.0000161702  -0.0000052254  -0.0000010541   0.0000031800
        0.0000063418  -0.0000006165  -0.0000078419  -0.0000035382  -0.0000035125
       -0.0748092257   0.0118086857  -0.0809214216  -0.0168747055   0.0025801375
       -0.0288528108   0.0009775146   0.0007766560  -0.0003550286  -0.0001520575
        0.0002170242  -0.0000882951   0.0001987881   0.0000982490   0.0000101331
        0.0000408386  -0.0000406963   0.0001467845  -0.0000454833  -0.0000367051
       -0.0000490158  -0.0000443931  -0.0000012288   0.0000154964   0.0022409615
        0.0000914194   0.0030317018   0.0052057381  -0.0012372342   0.0124922056
        0.0899319170  -0.0125982459   0.0956312152   0.0007486594   0.0001353259
       -0.0005903291  -0.0072084664  -0.0012624562  -0.0009171816  -0.0000840680
       -0.0000207437   0.0000040989  -0.0001781605  -0.0005027695   0.0004308112
        0.0000027129  -0.0000011698   0.0000164062   0.0000127309   0.0000121231
       -0.0000018109   0.0000003597   0.0000005318  -0.0000184697   0.0000057663
       -0.0000105573   0.0000039934   0.0000305729  -0.0000083457   0.0000115168
        0.0116870546  -0.0483973221   0.0274604465  -0.0021366473   0.0007111860
       -0.0043285695  -0.0003313645   0.0005814408  -0.0008975478  -0.0005375361
        0.0000279605   0.0000247803   0.0001575401   0.0001017523  -0.0000069043
        0.0002304161  -0.0002024168   0.0000329464  -0.0000301220  -0.0000128380
        0.0000084185   0.0000187243   0.0000051792   0.0000069434   0.0106042107
       -0.0071338068   0.0309030496  -0.0062141624   0.0017915442  -0.0210330192
       -0.0125982459   0.0522504612  -0.0324970327   0.0004858077  -0.0000225726
        0.0003287872  -0.0010775194   0.0004915814  -0.0001376272   0.0000294727
       -0.0000984402  -0.0001707822  -0.0002923060  -0.0000881471   0.0003101873
       -0.0000023344   0.0000043752  -0.0000043948   0.0000055117  -0.0000009096
        0.0000003625   0.0000013481  -0.0000017700  -0.0000012067   0.0000040849
       -0.0000051951  -0.0000005305  -0.0000039329  -0.0000020625   0.0000016930
       -0.0813201352   0.0273616114  -0.2480712336  -0.0042280679  -0.0001037055
       -0.0017770151   0.0007402749  -0.0001273195   0.0008828340   0.0004010893
        0.0003334645  -0.0001133981  -0.0000150150  -0.0002446699   0.0000450309
       -0.0001166030   0.0000338724   0.0000808268   0.0001197467   0.0000231234
       -0.0000435624  -0.0000236920  -0.0000070386   0.0000103117  -0.0039939911
        0.0044161297  -0.0129657018  -0.0064078473   0.0007866019  -0.0252164303
        0.0956312152  -0.0324970327   0.2855486739   0.0003432046   0.0001618311
        0.0006429028  -0.0008756460   0.0001623308   0.0010177697  -0.0000664833
       -0.0000675622  -0.0003441697  -0.0002314885  -0.0002288949   0.0002988203
        0.0000143246  -0.0000066673   0.0000238220   0.0000049718  -0.0000026508
       -0.0000147311   0.0000069340   0.0000085354   0.0000025233  -0.0000054036
       -0.0000050621  -0.0000001587   0.0000226117   0.0000031030  -0.0000071148
       -0.0197739676   0.0178479849   0.0195835987  -0.0877153048   0.0680455182
        0.0648391712   0.0021279839  -0.0023762326  -0.0026104874   0.0010008373
       -0.0007825410  -0.0001626207  -0.0000889881   0.0004778717  -0.0000236451
       -0.0009500478  -0.0003882471  -0.0000855462  -0.0006180892  -0.0002755842
        0.0000298463  -0.0000322069  -0.0000654540  -0.0000746311   0.0005636477
        0.0002920593   0.0002148871  -0.0073060051  -0.0006455186   0.0005339107
        0.0007486594   0.0004858077   0.0003432046   0.1067491105  -0.0764737150
       -0.0764906464   0.0050702560  -0.0057890303  -0.0065252600   0.0001693699
       -0.0008792890   0.0003204793   0.0000504777   0.0003221144   0.0000191761
        0.0000161382   0.0000080399  -0.0000003119   0.0001032121   0.0000690188
        0.0000336153  -0.0001407072   0.0000756386   0.0000854450   0.0000545095
        0.0000339210   0.0000316731  -0.0000288856   0.0000176371  -0.0000618587
       -0.0010834710   0.0028653529   0.0018318888   0.0679999748  -0.1366601646
       -0.0928705455   0.0116511050  -0.0260821809  -0.0169761912   0.0009930565
       -0.0008998789  -0.0004076058   0.0001441508   0.0005219076   0.0001393727
       -0.0011541181   0.0005865069   0.0001678981  -0.0001602354   0.0000963854
       -0.0001842427   0.0001371510   0.0000590912   0.0000398474  -0.0003753957
        0.0004895010   0.0002605122  -0.0007578771   0.0006158044   0.0000728511
        0.0001353259  -0.0000225726   0.0001618311  -0.0764737150   0.1622046293
        0.1069761772  -0.0007405424   0.0019844423  -0.0003629121  -0.0009076526
       -0.0064632810   0.0016174223   0.0003156020   0.0006615406  -0.0004798474
        0.0001242744  -0.0000158398  -0.0000245261   0.0001394043   0.0000026556
        0.0000571498  -0.0000309899   0.0000663316   0.0000134308   0.0000579214
       -0.0000316166  -0.0000060489  -0.0000139688   0.0000213857  -0.0000264618
        0.0025823281  -0.0009054049  -0.0004840036   0.0648099440  -0.0937999870
       -0.1387695956  -0.0036213882   0.0044325685   0.0052251991   0.0009970108
       -0.0009764373   0.0005028820  -0.0001693913   0.0002126297  -0.0001326612
       -0.0007050961   0.0007303522  -0.0002137471  -0.0000277116   0.0000261289
       -0.0000247243   0.0000563350   0.0000248765   0.0000568632   0.0001656146
        0.0001619151  -0.0001495953   0.0006296378   0.0003814332   0.0010443595
       -0.0005903291   0.0003287872   0.0006429028  -0.0764906464   0.1069761772
        0.1565588007   0.0122081395  -0.0200725577  -0.0255317835   0.0002095399
        0.0018379453   0.0007033040  -0.0001994046   0.0005358329   0.0006472287
        0.0001218784   0.0000571451  -0.0000292527   0.0000685756   0.0000195960
       -0.0000001281  -0.0000218002   0.0000076072   0.0001065984   0.0000603170
        0.0000224240  -0.0000264305  -0.0000835531  -0.0000010319  -0.0001262164
       -0.0169182705   0.0023552798  -0.0280819722  -0.0721575133   0.0131536186
       -0.0775823917   0.0017284520  -0.0007463706   0.0038959250   0.0010617506
       -0.0007036476   0.0008314256  -0.0001275748   0.0003274733  -0.0001799854
       -0.0004474978  -0.0000048283  -0.0000186786  -0.0005521984  -0.0001496383
        0.0000798675  -0.0000138073  -0.0000215651   0.0000931081   0.0005927246
        0.0001514232  -0.0002943976   0.0007449888   0.0002001153  -0.0005582172
       -0.0072084664  -0.0010775194  -0.0008756460   0.0050702560  -0.0007405424
        0.0122081395   0.0879997014  -0.0121753244   0.0907061829   0.0000331813
        0.0002785042  -0.0002651498   0.0001851320  -0.0009555151   0.0001977109
        0.0001030149   0.0000469271  -0.0000611273  -0.0000050515  -0.0000286564
       -0.0000079532   0.0000138975   0.0000069156  -0.0000012914   0.0000444533
        0.0000037836  -0.0000415460  -0.0001471723   0.0000795669  -0.0000440033
       -0.0026466778   0.0012719963  -0.0042030171   0.0132663254  -0.0477467605
        0.0261939115   0.0088143672  -0.0090945342   0.0286668837   0.0003733026
        0.0002497199   0.0006671829   0.0002264895   0.0000052450  -0.0003066222
       -0.0003272866   0.0000314023  -0.0001460256  -0.0000897960   0.0001156285
        0.0000978436   0.0000629043   0.0000203623  -0.0000621878  -0.0003464711
        0.0000546370  -0.0004674928   0.0004429327  -0.0000096973   0.0003452553
       -0.0012624562   0.0004915814   0.0001623308  -0.0057890303   0.0019844423
       -0.0200725577  -0.0121753244   0.0577162364  -0.0342711766   0.0002847946
        0.0006302122   0.0004781872  -0.0009582563  -0.0056591938   0.0029119494
        0.0000597065  -0.0000297100  -0.0000201996   0.0000076476  -0.0000247702
        0.0000063193  -0.0000029422  -0.0000092859  -0.0000190102   0.0000021921
       -0.0000364114   0.0000208032   0.0000575784   0.0000388998   0.0000176228
       -0.0032054698  -0.0001823365  -0.0017873526  -0.0777111318   0.0271429820
       -0.2424680939  -0.0025317724   0.0059513992  -0.0113157449  -0.0014203615
        0.0010488657  -0.0004468570   0.0000762578  -0.0002196953   0.0001181782
        0.0010817804  -0.0008460931   0.0005834421   0.0000557707  -0.0001272550
       -0.0001522378  -0.0000913069  -0.0000100433   0.0000386882   0.0001238638
       -0.0003095224   0.0002542889   0.0003850707   0.0001908309   0.0006323796
       -0.0009171816  -0.0001376272   0.0010177697  -0.0065252600  -0.0003629121
       -0.0255317835   0.0907061829  -0.0342711766   0.2785221970  -0.0000827862
       -0.0004659030   0.0005881536   0.0003145189   0.0027199552  -0.0001060644
       -0.0001293535  -0.0000427178   0.0000432789  -0.0001436364  -0.0000205188
       -0.0000057582   0.0000100507  -0.0000269693  -0.0000848491  -0.0000705323
       -0.0000061225   0.0000003906   0.0000752964  -0.0000251402   0.0000999746
        0.0009275732  -0.0009693794  -0.0004904353   0.0017978092  -0.0018167732
       -0.0021086641  -0.0861743283   0.0687952994   0.0678134904  -0.0200681122
        0.0177612941   0.0205933974   0.0018232475   0.0007939518  -0.0022184720
       -0.0054245868  -0.0008591454  -0.0004093586  -0.0009769584   0.0006028738
       -0.0013317953  -0.0003112882   0.0000107403  -0.0000557430  -0.0001149892
        0.0000844688   0.0000204057  -0.0001755138  -0.0000975631   0.0003069707
       -0.0000840680   0.0000294727  -0.0000664833   0.0001693699  -0.0009076526
        0.0002095399   0.0000331813   0.0002847946  -0.0000827862   0.1024801977
       -0.0782607759  -0.0756083425   0.0060277739  -0.0054941333  -0.0065005218
        0.0002815443   0.0000394497  -0.0000576805  -0.0002212257   0.0000408690
       -0.0000065044   0.0000428072  -0.0000785291  -0.0000298497  -0.0000363252
        0.0000537050   0.0000017313   0.0000038915  -0.0000129671   0.0000211014
        0.0007818497   0.0009376088  -0.0002424091   0.0115003022  -0.0238756898
       -0.0157256558   0.0669523514  -0.1387225519  -0.0926410163   0.0022271521
        0.0039450471   0.0020880027  -0.0009051574  -0.0008889012  -0.0002271855
       -0.0003358920   0.0002835316  -0.0000108137  -0.0002441331  -0.0000310370
       -0.0001869330   0.0000031701   0.0000653894  -0.0000055882   0.0001365777
        0.0003825551  -0.0000247015  -0.0007221811  -0.0000214878   0.0004082022
       -0.0000207437  -0.0000984402  -0.0000675622  -0.0008792890  -0.0064632810
        0.0018379453   0.0002785042   0.0006302122  -0.0004659030  -0.0782607759
        0.1617303007   0.1062270343  -0.0003806514   0.0021933345  -0.0009842284
       -0.0000204842  -0.0000243183  -0.0000082312  -0.0000496765  -0.0000174933
        0.0000203884  -0.0000370705  -0.0000134017   0.0000159820  -0.0000074401
        0.0000129775   0.0000027687  -0.0000164124  -0.0000243546  -0.0000100957
       -0.0003628778   0.0003773559   0.0003005053  -0.0031213372   0.0037110239
        0.0050084863   0.0663834509  -0.0914194993  -0.1264866647   0.0007731839
       -0.0031215539  -0.0007862007  -0.0002646779   0.0017465018   0.0002205983
        0.0001877769  -0.0000621373  -0.0000326221  -0.0006027128  -0.0000244634
       -0.0000410934  -0.0000185806   0.0000155996   0.0000017812  -0.0000465665
        0.0001359998  -0.0000603270  -0.0000895844  -0.0001153810   0.0002305381
        0.0000040989  -0.0001707822  -0.0003441697   0.0003204793   0.0016174223
        0.0007033040  -0.0002651498   0.0004781872   0.0005881536  -0.0756083425
        0.1062270343   0.1454267324   0.0127248432  -0.0194372499  -0.0247401221
       -0.0000055966  -0.0000072599  -0.0000333237   0.0000303037   0.0000088118
        0.0000426989  -0.0000271671   0.0000185908  -0.0000072274   0.0000031892
        0.0000121005   0.0000030505  -0.0000147327   0.0000096991   0.0000059024
        0.0008314820  -0.0003711268   0.0009628973   0.0017333645  -0.0004100867
        0.0032128910  -0.0673268829   0.0111744488  -0.0809555797  -0.0168209793
        0.0010182058  -0.0290855257   0.0007646306   0.0013180462   0.0021158552
       -0.0040758860  -0.0002650367   0.0006989321  -0.0010450442   0.0009310001
        0.0011259147  -0.0003013239   0.0000166897   0.0000532806  -0.0000998876
        0.0000786207  -0.0000747769  -0.0000975440   0.0000698072   0.0000658812
       -0.0001781605  -0.0002923060  -0.0002314885   0.0000504777   0.0003156020
       -0.0001994046   0.0001851320  -0.0009582563   0.0003145189   0.0060277739
       -0.0003806514   0.0127248432   0.0802349904  -0.0123328307   0.0892101454
       -0.0001928829   0.0000354704  -0.0000404058   0.0003213420   0.0000506975
        0.0000839381  -0.0000149425   0.0000090450  -0.0000092276  -0.0000285038
        0.0000574230  -0.0000121599   0.0000328445  -0.0000647618   0.0000394713
        0.0008383123   0.0006777051   0.0000830981   0.0085487505  -0.0081349745
        0.0266514980   0.0100277822  -0.0438632478   0.0303252940   0.0002912156
        0.0029232657  -0.0052849389  -0.0007037315  -0.0013412960   0.0014118210
       -0.0002287131  -0.0001101597  -0.0002546636   0.0001319688   0.0000775107
        0.0001089272  -0.0000113295   0.0000283423   0.0000020026   0.0001551038
        0.0001742096  -0.0001258515  -0.0000075600  -0.0000785477  -0.0001413100
       -0.0005027695  -0.0000881471  -0.0002288949   0.0003221144   0.0006615406
        0.0005358329  -0.0009555151  -0.0056591938   0.0027199552  -0.0054941333
        0.0021933345  -0.0194372499  -0.0123328307   0.0526080474  -0.0363570717
       -0.0000555160  -0.0000036110  -0.0000052668  -0.0000055639  -0.0000348832
       -0.0000078220   0.0000126487  -0.0000148149   0.0000089797  -0.0000168899
        0.0000043164  -0.0000052114  -0.0000133436  -0.0000193965   0.0000008720
       -0.0001358892  -0.0006917571   0.0006601729  -0.0031834452   0.0058884034
       -0.0109610682  -0.0765525775   0.0299754553  -0.2362509821  -0.0044097234
        0.0001753019  -0.0027838640   0.0006600131  -0.0002471285   0.0006821946
       -0.0003042504  -0.0002521930  -0.0000115912   0.0004780156   0.0000862685
       -0.0000854230   0.0000053995  -0.0000403214   0.0000251717  -0.0000649032
       -0.0003012958   0.0001322524   0.0000316927  -0.0000221855  -0.0003622442
        0.0004308112   0.0003101873   0.0002988203   0.0000191761  -0.0004798474
        0.0006472287   0.0001977109   0.0029119494  -0.0001060644  -0.0065005218
       -0.0009842284  -0.0247401221   0.0892101454  -0.0363570717   0.2728265882
        0.0000042546   0.0000195529   0.0000339848   0.0000625045   0.0000142383
       -0.0000144050   0.0000081293   0.0000152411   0.0000116076   0.0000064877
       -0.0000085404   0.0000048113   0.0000369700  -0.0000120289  -0.0000070683
       -0.0000973524   0.0000443126  -0.0000432580  -0.0001722352  -0.0000004367
       -0.0000882711  -0.0001244674  -0.0002572537  -0.0010367975   0.0001554800
       -0.0034110857   0.0021243364   0.0009459178   0.0009733602  -0.0003227427
       -0.0295384493  -0.0162594695   0.0294631291  -0.0467101482  -0.0211631793
        0.0373800023   0.0027590488   0.0074380343  -0.0110770374   0.0000209044
        0.0000176343  -0.0000008805   0.0000040207   0.0000000013  -0.0000022545
        0.0000027129  -0.0000023344   0.0000143246   0.0000161382   0.0001242744
        0.0001218784   0.0001030149   0.0000597065  -0.0001293535   0.0002815443
       -0.0000204842  -0.0000055966  -0.0001928829  -0.0000555160   0.0000042546
        0.0697041536   0.0275751333  -0.0512906895   0.0032060292   0.0019858961
       -0.0044200743   0.0002488122  -0.0005358840  -0.0000859294   0.0001791681
        0.0003204587  -0.0002994616  -0.0007914098   0.0031668318  -0.0003055789
       -0.0000175328  -0.0000199654  -0.0000076234  -0.0001247044   0.0000656020
       -0.0000090321  -0.0001027562  -0.0001367530   0.0001013010   0.0016225146
        0.0018752857  -0.0005264358  -0.0006459903  -0.0003799466   0.0002139227
       -0.0108447887  -0.0043456133   0.0067170358  -0.0198154325  -0.0852570755
        0.0839814675  -0.0027788019  -0.0152657766   0.0235955809  -0.0000070038
       -0.0000165284   0.0000066119   0.0000107844  -0.0000006958   0.0000013765
       -0.0000011698   0.0000043752  -0.0000066673   0.0000080399  -0.0000158398
        0.0000571451   0.0000469271  -0.0000297100  -0.0000427178   0.0000394497
       -0.0000243183  -0.0000072599   0.0000354704  -0.0000036110   0.0000195529
        0.0275751333   0.1006220439  -0.0999362069   0.0030054139   0.0070688144
       -0.0158185562  -0.0005140482   0.0005812146   0.0005672902  -0.0003189214
        0.0004661743   0.0000487827   0.0028274166  -0.0051876764   0.0010444323
       -0.0000169541  -0.0000095075   0.0000276425  -0.0000153548  -0.0000490119
       -0.0000008722  -0.0000861518   0.0000124617  -0.0000249354  -0.0005685082
        0.0028811296   0.0004909941  -0.0009281732  -0.0015447977  -0.0003930153
        0.0094299603   0.0015941542   0.0005327346   0.0405852789   0.0843431246
       -0.2129990901  -0.0005311210   0.0041161563  -0.0034542598  -0.0000091081
        0.0000057978  -0.0000057585   0.0000064949  -0.0000082313  -0.0000132225
        0.0000164062  -0.0000043948   0.0000238220  -0.0000003119  -0.0000245261
       -0.0000292527  -0.0000611273  -0.0000201996   0.0000432789  -0.0000576805
       -0.0000082312  -0.0000333237  -0.0000404058  -0.0000052668   0.0000339848
       -0.0512906895  -0.0999362069   0.2426793957   0.0041885656   0.0085497043
       -0.0286981797   0.0002254562  -0.0007300066   0.0007576101  -0.0001696621
       -0.0001056824   0.0000340972  -0.0006769138   0.0009435343   0.0010283500
       -0.0000809462   0.0000304742   0.0000325821  -0.0001790826   0.0000424869
        0.0000516191  -0.0004022986   0.0003281231   0.0011818273   0.0000445095
       -0.0040577576  -0.0007294654   0.0011365682   0.0009075249  -0.0002174413
       -0.0293610978  -0.0218565661  -0.0260516253  -0.0453571362  -0.0267549634
       -0.0315566421   0.0025825284   0.0095182091   0.0093871973   0.0000152543
        0.0000071947  -0.0000068745   0.0000005842  -0.0000045124  -0.0000107870
        0.0000127309   0.0000055117   0.0000049718   0.0001032121   0.0001394043
        0.0000685756  -0.0000050515   0.0000076476  -0.0001436364  -0.0002212257
       -0.0000496765   0.0000303037   0.0003213420  -0.0000055639   0.0000625045
        0.0032060292   0.0030054139   0.0041885656   0.0685544181   0.0356295816
        0.0436188787  -0.0007860637   0.0032177017  -0.0003494533   0.0001806933
        0.0004021925   0.0002523028   0.0002350320  -0.0005124263   0.0001865970
        0.0000020960  -0.0000078853   0.0000378497  -0.0000837347   0.0000692575
       -0.0000354984  -0.0001011441  -0.0000681969   0.0000381775   0.0015464201
        0.0007154236   0.0003190772  -0.0007457700   0.0000749353  -0.0006918099
       -0.0123905039  -0.0044154746  -0.0049971336  -0.0258540146  -0.1230883943
       -0.1026202373  -0.0022634129  -0.0204642606  -0.0204895926  -0.0000068867
       -0.0000234276  -0.0000002262   0.0000016298   0.0000124726   0.0000033326
        0.0000121231  -0.0000009096  -0.0000026508   0.0000690188   0.0000026556
        0.0000195960  -0.0000286564  -0.0000247702  -0.0000205188   0.0000408690
       -0.0000174933   0.0000088118   0.0000506975  -0.0000348832   0.0000142383
        0.0019858961   0.0070688144   0.0085497043   0.0356295816   0.1446009485
        0.1202642154   0.0029466536  -0.0054633565   0.0002937217  -0.0002822653
        0.0004803900  -0.0001513855  -0.0005285970   0.0005841545  -0.0005396713
        0.0000230483   0.0000200385   0.0000138549   0.0000501398   0.0000265510
       -0.0000172004   0.0000385353   0.0000234263   0.0000341845   0.0000658268
       -0.0030149364   0.0011153080   0.0013147289   0.0009999374  -0.0003460737
       -0.0074943480  -0.0001437303   0.0016550173  -0.0345444859  -0.1027671913
       -0.1759870834   0.0010690814  -0.0007664755   0.0014564898   0.0000077444
       -0.0000072853  -0.0000009873  -0.0000178361   0.0000141298   0.0000142268
       -0.0000018109   0.0000003625  -0.0000147311   0.0000336153   0.0000571498
       -0.0000001281  -0.0000079532   0.0000063193  -0.0000057582  -0.0000065044
        0.0000203884   0.0000426989   0.0000839381  -0.0000078220  -0.0000144050
       -0.0044200743  -0.0158185562  -0.0286981797   0.0436188787   0.1202642154
        0.1988179827   0.0000824150   0.0003201416   0.0011737560   0.0002314324
        0.0000313156   0.0000739211  -0.0001263714   0.0007420214   0.0006871071
        0.0000060878  -0.0000243256  -0.0000253411  -0.0000326377   0.0000470688
        0.0000773423   0.0000656897  -0.0000160368  -0.0000637579  -0.0002254792
        0.0011835338  -0.0001062462  -0.0001942435  -0.0005033352   0.0001223130
        0.0018164673  -0.0009643463   0.0001199064   0.0026990571   0.0099293976
        0.0105211649  -0.0589896045  -0.0381122805  -0.0479060955  -0.0000039894
        0.0000035446   0.0000034415   0.0000366703  -0.0000169870  -0.0000161702
        0.0000003597   0.0000013481   0.0000069340  -0.0001407072  -0.0000309899
       -0.0000218002   0.0000138975  -0.0000029422   0.0000100507   0.0000428072
       -0.0000370705  -0.0000271671  -0.0000149425   0.0000126487   0.0000081293
        0.0002488122  -0.0005140482   0.0002254562  -0.0007860637   0.0029466536
        0.0000824150   0.0640371549   0.0412409868   0.0552394395  -0.0112579920
       -0.0196007923  -0.0253966726   0.0026786558   0.0044579726   0.0071466578
       -0.0000442701   0.0000163888   0.0000118454  -0.0000135490   0.0000411942
        0.0000005608  -0.0000556240   0.0001044603   0.0000283029  -0.0002885246
       -0.0004074217  -0.0002829807   0.0000361335   0.0002729607   0.0000189445
       -0.0011347508   0.0014428769   0.0006312743  -0.0040193256  -0.0228541919
       -0.0219062795  -0.0371598409  -0.1280040512  -0.1100919913  -0.0000173111
        0.0000036265  -0.0000014565  -0.0000061612  -0.0000060924  -0.0000052254
        0.0000005318  -0.0000017700   0.0000085354   0.0000756386   0.0000663316
        0.0000076072   0.0000069156  -0.0000092859  -0.0000269693  -0.0000785291
       -0.0000134017   0.0000185908   0.0000090450  -0.0000148149   0.0000152411
       -0.0005358840   0.0005812146  -0.0007300066   0.0032177017  -0.0054633565
        0.0003201416   0.0412409868   0.1503055277   0.1289383819  -0.0039882500
       -0.0035663294  -0.0057937069   0.0027550674   0.0075061346   0.0088391903
       -0.0000354152   0.0000294001   0.0000103771   0.0000002784  -0.0000120800
       -0.0000207255  -0.0000318061   0.0000285483   0.0000224833  -0.0001711014
       -0.0000332016  -0.0001434684  -0.0000019794   0.0002750843  -0.0000514739
        0.0005010028   0.0000669950   0.0002055458   0.0016620985  -0.0017014400
        0.0016265308  -0.0476736408  -0.1114289389  -0.1898691561   0.0000087006
        0.0000151166  -0.0000078868  -0.0000249319   0.0000059273  -0.0000010541
       -0.0000184697  -0.0000012067   0.0000025233   0.0000854450   0.0000134308
        0.0001065984  -0.0000012914  -0.0000190102  -0.0000848491  -0.0000298497
        0.0000159820  -0.0000072274  -0.0000092276   0.0000089797   0.0000116076
       -0.0000859294   0.0005672902   0.0007576101  -0.0003494533   0.0002937217
        0.0011737560   0.0552394395   0.1289383819   0.2149774778  -0.0019948569
       -0.0014494690  -0.0014516861  -0.0070690120  -0.0156135119  -0.0272569829
       -0.0000292013   0.0000014961   0.0000026877  -0.0000088566   0.0000208944
       -0.0000190502  -0.0002441838   0.0002179631  -0.0000867463  -0.0006992189
       -0.0014660724   0.0003705910   0.0003360957   0.0005579805  -0.0001036188
       -0.0023148530   0.0049279331  -0.0006253103  -0.0172648801  -0.0005423615
       -0.0001754466  -0.2851173572  -0.0390135146   0.0005502093   0.0000184546
       -0.0000004322  -0.0000011035  -0.0000004830   0.0000098219   0.0000031800
        0.0000057663   0.0000040849  -0.0000054036   0.0000545095   0.0000579214
        0.0000603170   0.0000444533   0.0000021921  -0.0000705323  -0.0000363252
       -0.0000074401   0.0000031892  -0.0000285038  -0.0000168899   0.0000064877
        0.0001791681  -0.0003189214  -0.0001696621   0.0001806933  -0.0002822653
        0.0002314324  -0.0112579920  -0.0039882500  -0.0019948569   0.3281993770
        0.0435373339  -0.0004452279  -0.0120166629  -0.0037014739   0.0024688641
        0.0000054690   0.0000237608   0.0000025291   0.0000155751  -0.0000036876
       -0.0000030647   0.0002970880  -0.0002920086   0.0001109991   0.0017975228
        0.0003129382  -0.0001080047  -0.0002872584   0.0001681918  -0.0000581421
        0.0045600750  -0.0049378229   0.0006790233   0.0240887216   0.0023812416
        0.0000623750  -0.0408792362  -0.0476989370  -0.0001000213  -0.0000017768
        0.0000000014  -0.0000016840  -0.0000158660  -0.0000005447   0.0000063418
       -0.0000105573  -0.0000051951  -0.0000050621   0.0000339210  -0.0000316166
        0.0000224240   0.0000037836  -0.0000364114  -0.0000061225   0.0000537050
        0.0000129775   0.0000121005   0.0000574230   0.0000043164  -0.0000085404
        0.0003204587   0.0004661743  -0.0001056824   0.0004021925   0.0004803900
        0.0000313156  -0.0196007923  -0.0035663294  -0.0014494690   0.0435373339
        0.0548713347  -0.0002691295  -0.0143777823  -0.0021487733   0.0011878144
        0.0000021956   0.0000016696   0.0000207380   0.0000045576  -0.0000061288
        0.0000065016  -0.0000256738   0.0000159799  -0.0000495325  -0.0001476062
       -0.0000870540   0.0001471913   0.0000481099  -0.0000116667  -0.0000576377
       -0.0005154684   0.0006386378   0.0004921295  -0.0025918561  -0.0002169795
        0.0000256446   0.0007394842  -0.0000724333  -0.0424983577  -0.0000010358
       -0.0000009353  -0.0000017437  -0.0000006406   0.0000020107  -0.0000006165
        0.0000039934  -0.0000005305  -0.0000001587   0.0000316731  -0.0000060489
       -0.0000264305  -0.0000415460   0.0000208032   0.0000003906   0.0000017313
        0.0000027687   0.0000030505  -0.0000121599  -0.0000052114   0.0000048113
       -0.0002994616   0.0000487827   0.0000340972   0.0002523028  -0.0001513855
        0.0000739211  -0.0253966726  -0.0057937069  -0.0014516861  -0.0004452279
       -0.0002691295   0.0453106973   0.0283933010   0.0058905578  -0.0020330096
        0.0000107871  -0.0000137304   0.0000261449  -0.0000153271  -0.0000074692
       -0.0000513707   0.0000661179   0.0000178707   0.0000626296  -0.0002301665
        0.0010720404  -0.0003320041  -0.0002353606  -0.0004754759   0.0000761144
        0.0018527439  -0.0009273860   0.0001911744   0.0030126722   0.0076633082
       -0.0121228983  -0.0617597378  -0.0306841243   0.0588738344  -0.0000103474
       -0.0000023388  -0.0000015001   0.0000160466  -0.0000092260  -0.0000078419
        0.0000305729  -0.0000039329   0.0000226117  -0.0000288856  -0.0000139688
       -0.0000835531  -0.0001471723   0.0000575784   0.0000752964   0.0000038915
       -0.0000164124  -0.0000147327   0.0000328445  -0.0000133436   0.0000369700
       -0.0007914098   0.0028274166  -0.0006769138   0.0002350320  -0.0005285970
       -0.0001263714   0.0026786558   0.0027550674  -0.0070690120  -0.0120166629
       -0.0143777823   0.0283933010   0.0672957055   0.0326805059  -0.0672718787
       -0.0000420410   0.0000107998  -0.0000215862  -0.0000172017   0.0000496610
        0.0000071904  -0.0000490491   0.0000714084  -0.0000730747  -0.0003002295
       -0.0003389892   0.0003199735   0.0001546551   0.0002170678  -0.0001224497
       -0.0012220677   0.0012027347  -0.0008217836  -0.0048788285  -0.0174525640
        0.0256055220  -0.0297353457  -0.0884371652   0.0895692203  -0.0000192000
        0.0000031256   0.0000018535   0.0000067689  -0.0000107042  -0.0000035382
       -0.0000083457  -0.0000020625   0.0000031030   0.0000176371   0.0000213857
       -0.0000010319   0.0000795669   0.0000388998  -0.0000251402  -0.0000129671
       -0.0000243546   0.0000096991  -0.0000647618  -0.0000193965  -0.0000120289
        0.0031668318  -0.0051876764   0.0009435343  -0.0005124263   0.0005841545
        0.0007420214   0.0044579726   0.0075061346  -0.0156135119  -0.0037014739
       -0.0021487733   0.0058905578   0.0326805059   0.1039163140  -0.1063985299
        0.0000498311  -0.0000334208   0.0000065510   0.0000109079  -0.0000010536
        0.0000525643   0.0000384269  -0.0000442403   0.0000271188   0.0002574233
        0.0000707293  -0.0001624780  -0.0000465145  -0.0003394670   0.0001189827
       -0.0002233272  -0.0002706393   0.0001789194  -0.0007253722   0.0057097389
       -0.0041466709   0.0584239471   0.0908078961  -0.2268025924  -0.0000042973
       -0.0000155954   0.0000075017   0.0000280862  -0.0000008139  -0.0000035125
        0.0000115168   0.0000016930  -0.0000071148  -0.0000618587  -0.0000264618
       -0.0001262164  -0.0000440033   0.0000176228   0.0000999746   0.0000211014
       -0.0000100957   0.0000059024   0.0000394713   0.0000008720  -0.0000070683
       -0.0003055789   0.0010444323   0.0010283500   0.0001865970  -0.0005396713
        0.0006871071   0.0071466578   0.0088391903  -0.0272569829   0.0024688641
        0.0011878144  -0.0020330096  -0.0672718787  -0.1063985299   0.2583326737
