           1           2   1.42170629878751     
           2           3   1.44395113067478     
           3           4   1.39217668188480     
           4           5   1.32575135244277     
           1           6   1.44716501612978     
           5           6   1.38484768329158     
           5           7   1.05009651228722     
           7           8   1.70414223877505     
           7           9   1.04678638260675     
           9          10   1.43642741711063     
          10          11   1.35247664589622     
          11          12   1.53117904241636     
          12          13   1.25161359622087     
           9          14   1.27969758051978     
          13          14   1.23657926269850     
           4          15   1.04122843163814     
          14          15   1.14669439626979     
          15          16   1.60326345113584     
          13          17   1.31637561382974     
          17          18   1.00443983133346     
          18          19  0.975673512230685     
          19          20   1.00058477089460     
           1          21  0.967116099578541     
           2          22  0.967041039806901     
           3          23  0.963567654924130     
           6          24  0.964761965035906     
          10          25  0.964848903028005     
          11          26  0.966409208973148     
          12          27  0.960041346710474     
          17          28  0.878622776224452     
          18          29  0.960263896086148     
          18          30  0.967786503575558     
          19          31  0.968384531430248     
          19          32  0.970125002426091     
          20          33  0.863828269017523     
