           1           2   1.01930554800666     
           2           3   1.00471967573601     
           3           4  0.937414326605650     
           4           5   1.45686422629553     
           4           6   1.47594727267474     
           5           6  0.343163791681174     
           1           7  0.984818759393353     
           1           8  0.986209088882566     
           1           9  0.987658109251391     
           2          10  0.970928835288318     
           2          11  0.969516735835004     
           3          12  0.949284414597626     
           3          13  0.918050508981896     
