           1           2   1.42144227475427     
           2           3   1.44422203834058     
           3           4   1.39257582407526     
           4           5   1.32656604259362     
           1           6   1.44780196309376     
           5           6   1.38432608347752     
           5           7   1.05017950825574     
           7           8   1.70308386888669     
           7           9   1.04747008376374     
           9          10   1.43479941827130     
          10          11   1.35330802399594     
          11          12   1.53105305362455     
          12          13   1.25130428980311     
           9          14   1.28102930170566     
          13          14   1.23672782662957     
           4          15   1.03946380979552     
          14          15   1.14535188734105     
          15          16   1.60676418874498     
          13          17   1.31722523723389     
          17          18   1.00491419770394     
          18          19  0.975348258915083     
          19          20   1.00197529275879     
           1          21  0.967133780405331     
           2          22  0.967058988944927     
           3          23  0.963591753362067     
           6          24  0.964786823555448     
          10          25  0.964902142742062     
          11          26  0.966442005219058     
          12          27  0.960135420363649     
          17          28  0.877996003359503     
          18          29  0.967838424691961     
          18          30  0.960375195655790     
          19          31  0.967315132593100     
          19          32  0.970421633192346     
          20          33  0.857254468202180     
