$hessian                                                                        
        0.5193513619   0.0160851249  -0.0013683925  -0.0758319428   0.0351341269
        0.0013491506   0.0030487917  -0.0177845787   0.0001106822   0.0003747600
       -0.0010078892   0.0007482280  -0.0001332948  -0.0003917275  -0.0003996983
        0.0001904793  -0.0002295549  -0.0002431519   0.0004750972  -0.0000190759
        0.0000248333   0.0004251129   0.0002006036  -0.0000072850  -0.1552496213
       -0.0899880233   0.0803886145  -0.0448443517   0.0005674687   0.0027496925
       -0.2374363500   0.0323853298  -0.0862333594   0.0008422745   0.0009107644
        0.0004363161  -0.0094271973   0.0279046198   0.0011934619  -0.0018071878
       -0.0032706167   0.0018821690   0.0004376446  -0.0002191514  -0.0006145470
       -0.0000332708  -0.0000385359  -0.0000347953  -0.0000840276  -0.0000524338
        0.0000156615  -0.0000068460  -0.0000106869  -0.0000054463  -0.0002139737
       -0.0001115950  -0.0000437860  -0.0000774583  -0.0000641689   0.0000516521
        0.0160851249   0.4637353239  -0.0054371768   0.0354017261  -0.1930241255
       -0.0126466038  -0.0015936242  -0.0246097302   0.0028104515   0.0008362282
        0.0000081418  -0.0003901954  -0.0001025922  -0.0000148227   0.0000870813
       -0.0003999380   0.0000214400   0.0002698740   0.0004517641  -0.0001594397
        0.0001070786  -0.0000843137  -0.0001110641  -0.0000698956  -0.0904187126
       -0.1138671978   0.0654165365   0.0004406176  -0.0596440400  -0.0623921585
        0.0327207299  -0.0479579227   0.0150106316   0.0032654014  -0.0138992834
       -0.0041543632   0.0051727743  -0.0095963452   0.0004162403  -0.0023877578
       -0.0020647077   0.0016691613   0.0006749676   0.0010947403  -0.0007597438
       -0.0000674682   0.0000099748  -0.0000138374  -0.0000167342   0.0000485828
       -0.0000135885  -0.0000427286   0.0000272520   0.0000181456   0.0000702135
       -0.0000069292   0.0000540160  -0.0000056782   0.0000101528   0.0000183463
       -0.0013683925  -0.0054371768   0.5246628588   0.0009562882  -0.0126265118
       -0.0685232353  -0.0010291843   0.0144046626   0.0000262732  -0.0008098031
       -0.0007227747  -0.0012256046   0.0000384731   0.0002467350   0.0010931500
        0.0001372087   0.0003183403   0.0002930664  -0.0003718462   0.0000210660
       -0.0001559787   0.0001592906  -0.0000133010  -0.0001570020   0.0803694334
        0.0650026090  -0.1029267370   0.0028290584  -0.0619969185  -0.2664593320
       -0.0860790017   0.0147961329  -0.0840409691   0.0073804656  -0.0287725066
       -0.0042849286  -0.0039674367   0.0109024894   0.0014008111   0.0020812334
        0.0026300994  -0.0008140574  -0.0003002988   0.0011927153   0.0009857018
        0.0000151862  -0.0000212569   0.0000179218   0.0000574164   0.0000175372
        0.0000250603   0.0000391065   0.0000204067   0.0000592456  -0.0000570176
       -0.0000435872  -0.0000751220  -0.0000801798   0.0000812399   0.0000988778
       -0.0758319428   0.0354017261   0.0009562882   0.5050946509  -0.0147966760
        0.0313744446  -0.1091229580  -0.0505229458   0.0444394521  -0.0305401566
       -0.0171139516   0.0063399624   0.0011046995   0.0025518593   0.0034376901
       -0.0026374116   0.0003966128  -0.0021712125  -0.0010355306   0.0014672588
       -0.0000065747  -0.0001520139  -0.0000371801  -0.0000284056   0.0038366289
       -0.0192196643  -0.0007865948   0.0001610901   0.0011831371   0.0011277353
       -0.0096267790   0.0291995661   0.0010358425  -0.0449589665  -0.0004821482
       -0.0066018317  -0.2386169362   0.0312193450  -0.0815640924   0.0043427682
        0.0023280542  -0.0019785265  -0.0021877629  -0.0017869348   0.0044046664
        0.0000117441   0.0000165014  -0.0000223871   0.0002315114   0.0000232167
        0.0001301815   0.0000143645   0.0000889119  -0.0000544856  -0.0000619656
        0.0000412892  -0.0000129317  -0.0000250338   0.0000420222  -0.0000192205
        0.0351341269  -0.1930241255  -0.0126265118  -0.0147966760   0.4545052834
        0.0209437467  -0.0412384230  -0.0973589176   0.0353479213  -0.0076408249
        0.0010554279  -0.0037581202   0.0001759707   0.0008748137   0.0014920171
        0.0009850311  -0.0013391642  -0.0000542258   0.0002464262  -0.0005025346
        0.0001653474  -0.0000705067  -0.0002056711   0.0000431603   0.0023875373
       -0.0207032675  -0.0000306182   0.0029919746  -0.0134459762  -0.0050841275
        0.0056721283  -0.0096562580   0.0008830759  -0.0007146412  -0.0585424733
       -0.0613751664   0.0315366853  -0.0451378553   0.0108738705  -0.0183228791
       -0.0207485493   0.0152395951   0.0036008312   0.0040071410  -0.0020451090
       -0.0000158237   0.0000507386  -0.0000269248  -0.0000255590   0.0000759642
       -0.0000065090   0.0000167310   0.0000178753   0.0000118235   0.0000478819
        0.0000549102   0.0000354056   0.0000300090   0.0000226384  -0.0000286505
        0.0013491506  -0.0126466038  -0.0685232353   0.0313744446   0.0209437467
        0.5166980313   0.0351110046   0.0329620111  -0.0997904006   0.0039116806
       -0.0076970922   0.0093557398  -0.0019926502   0.0000699440  -0.0030996480
       -0.0034682507   0.0017850061   0.0013732418   0.0002992990   0.0007238792
        0.0000510633  -0.0001739309   0.0000770980  -0.0001307130  -0.0024648722
        0.0145309398   0.0008178995   0.0076188444  -0.0297383203  -0.0050174780
       -0.0035745866   0.0121085372   0.0012001543  -0.0076044269  -0.0612982887
       -0.2573604784  -0.0810612928   0.0111194751  -0.0773091517   0.0011440607
        0.0020562993  -0.0000248752   0.0195745464   0.0151595264  -0.0182701027
       -0.0000887401  -0.0000428381   0.0000002123   0.0000744422  -0.0000930489
       -0.0000253119  -0.0000590151   0.0000221434  -0.0000271654  -0.0000157586
       -0.0000249273   0.0000657758   0.0000460508  -0.0000174871   0.0000164422
        0.0030487917  -0.0015936242  -0.0010291843  -0.1091229580  -0.0412384230
        0.0351110046   0.4393931773  -0.0347347857  -0.0054335353  -0.1451821211
        0.0013520336  -0.0454189500  -0.0111865090  -0.0018904175  -0.0201003432
       -0.0501575817   0.0134878168   0.0015083095   0.0015299409   0.0014673109
        0.0030706430  -0.0008879364   0.0003108793  -0.0003697697   0.0009809583
        0.0008402188  -0.0000714198   0.0002517863   0.0004511497  -0.0003810830
        0.0009199112   0.0003752367  -0.0001923760  -0.0020774922  -0.0015790202
        0.0043560032  -0.0239844882  -0.0169621643   0.0152474258  -0.0596924341
        0.0733262977   0.0003363044  -0.0428235017   0.0062110439   0.0140709920
       -0.0010793661   0.0000533285  -0.0003961447   0.0001908344   0.0000291356
       -0.0001836186  -0.0001009331   0.0003102389  -0.0002263463  -0.0000188214
       -0.0001758331   0.0000189209  -0.0000012571  -0.0000404226   0.0000831676
       -0.0177845787  -0.0246097302   0.0144046626  -0.0505229458  -0.0973589176
        0.0329620111  -0.0347347857   0.4899419382   0.0433988424   0.0079407681
       -0.0695528226   0.0075866365  -0.0102394982   0.0114857449  -0.0136247517
        0.0166991644   0.0043139070  -0.0001037263   0.0035101832   0.0053673364
       -0.0031280206  -0.0011712479   0.0001117518  -0.0003858998   0.0009183284
       -0.0065630432   0.0002326772  -0.0005081299   0.0009159500   0.0009711958
       -0.0005939920   0.0012186823   0.0000377797   0.0028226825   0.0032376352
       -0.0013433150  -0.0023686353  -0.0004467041   0.0007330474   0.0767164707
       -0.2516972784  -0.0115686838   0.0073699045  -0.0663230676  -0.0703760652
        0.0013610187  -0.0000466874   0.0003987658   0.0007236787  -0.0001768763
       -0.0001257663  -0.0000695435   0.0002401530  -0.0001512080  -0.0000464586
       -0.0000999845  -0.0000081576  -0.0000223838   0.0000420131   0.0000899760
        0.0001106822   0.0028104515   0.0000262732   0.0444394521   0.0353479213
       -0.0997904006  -0.0054335353   0.0433988424   0.5246367157  -0.0490737231
        0.0049433463  -0.0855885354  -0.0413252931  -0.0075235739  -0.0326930876
        0.0166271654  -0.0040531126   0.0074970478   0.0011684656  -0.0027861357
       -0.0011866565   0.0006980120  -0.0000401572   0.0001540093  -0.0001945258
       -0.0005628257   0.0006746609  -0.0006693925  -0.0010469425   0.0011109847
        0.0001292554  -0.0001488576   0.0001498075   0.0206857957   0.0170214606
       -0.0201442817  -0.0053898836  -0.0041864588   0.0046046859   0.0006735565
       -0.0121129080  -0.0433660488   0.0170676409  -0.0708004858  -0.2561996323
        0.0005083533  -0.0000345408   0.0001747189  -0.0000641248   0.0000375729
       -0.0002131589   0.0000810603  -0.0002457943   0.0001598907  -0.0000335983
       -0.0000873148  -0.0000490546  -0.0000053631   0.0000695125   0.0000420617
        0.0003747600   0.0008362282  -0.0008098031  -0.0305401566  -0.0076408249
        0.0039116806  -0.1451821211   0.0079407681  -0.0490737231   0.4968898882
       -0.0183968458   0.1164835528  -0.1095194243  -0.0420148466  -0.1423557835
       -0.1512354387   0.0429772517   0.0577483603  -0.0456649984   0.0125544036
        0.0163966194   0.0012915812  -0.0012747495   0.0015411356  -0.0000141773
        0.0008172373  -0.0001669080   0.0001775045  -0.0002017384   0.0003546822
        0.0005506348  -0.0004043339  -0.0003533727  -0.0003541099  -0.0002500479
       -0.0001905886  -0.0009358394  -0.0016506704   0.0008584589  -0.0127434921
        0.0047883140  -0.0029441179   0.0023842276  -0.0010612496  -0.0010694030
       -0.0061258529   0.0012683682  -0.0011928144   0.0004286119   0.0012888699
        0.0013664437   0.0005919169   0.0000340581   0.0000643349  -0.0000060008
        0.0003398862  -0.0003120709  -0.0003675135   0.0000499217  -0.0002566834
       -0.0010078892   0.0000081418  -0.0007227747  -0.0171139516   0.0010554279
       -0.0076970922   0.0013520336  -0.0695528226   0.0049433463  -0.0183968458
        0.2631448399   0.1855395199  -0.0358969205  -0.1079578893  -0.1456366968
        0.0449993324  -0.0798269876  -0.0459753189   0.0135265242  -0.0005299210
        0.0015944864  -0.0002390344   0.0001638279  -0.0014529807   0.0003406577
       -0.0002664424  -0.0000281275  -0.0001703999  -0.0003368445  -0.0004075327
        0.0003973333  -0.0007712479   0.0011466537   0.0009074946   0.0009646314
       -0.0009334371  -0.0034443735  -0.0018580450   0.0020700297   0.0270579770
       -0.0046227025   0.0126878078  -0.0080103632   0.0001473588  -0.0054164424
       -0.0022731989   0.0000425876  -0.0002350246  -0.0020749976   0.0005746852
        0.0000535096  -0.0005621874   0.0000568042   0.0000435041   0.0002275802
        0.0003250585   0.0006721753   0.0003812290  -0.0007604603  -0.0002456055
        0.0007482280  -0.0003901954  -0.0012256046   0.0063399624  -0.0037581202
        0.0093557398  -0.0454189500   0.0075866365  -0.0855885354   0.1164835528
        0.1855395199   0.7853272373  -0.1246580506  -0.1473378330  -0.5544256009
        0.0643958336  -0.0498298368  -0.1468592065   0.0136214592   0.0054796155
        0.0138426537  -0.0035793680  -0.0003785824  -0.0015983453   0.0002327403
        0.0007697397  -0.0001249314  -0.0005628085  -0.0003612699  -0.0006521213
       -0.0004742831   0.0006204047   0.0011694051   0.0025160329   0.0000551991
       -0.0008504246   0.0034372070   0.0025116587  -0.0018406558  -0.0030006543
        0.0003188158   0.0017809932  -0.0237657459  -0.0005738885  -0.0166415535
       -0.0023017605  -0.0012669161  -0.0016594233  -0.0033275134  -0.0016026807
        0.0012701607  -0.0007907971   0.0013049453  -0.0007439114  -0.0002130559
        0.0015640685  -0.0004634962   0.0003179712  -0.0002512807  -0.0000723795
       -0.0001332948  -0.0001025922   0.0000384731   0.0011046995   0.0001759707
       -0.0019926502  -0.0111865090  -0.0102394982  -0.0413252931  -0.1095194243
       -0.0358969205  -0.1246580506   0.1174068270   0.0291385650   0.1319902365
        0.0061703995   0.0164666741   0.0350107994   0.0010166735  -0.0002054612
        0.0043841776   0.0002795645   0.0007038539   0.0001498413  -0.0000270868
       -0.0000662273   0.0000606496  -0.0000066092   0.0001276438  -0.0001029029
       -0.0001021805  -0.0000411427   0.0000277912   0.0007324617   0.0004740185
       -0.0001934662  -0.0000788281  -0.0000237890   0.0001991269   0.0005695483
       -0.0008888414  -0.0003139780  -0.0077321671   0.0002730010  -0.0046804270
        0.0011520187   0.0006311324   0.0005863286   0.0004784156   0.0003445787
        0.0004486978   0.0000881600  -0.0003694207   0.0000865783  -0.0002753789
       -0.0004791583   0.0001383504   0.0000627104  -0.0000223864   0.0001457171
       -0.0003917275  -0.0000148227   0.0002467350   0.0025518593   0.0008748137
        0.0000699440  -0.0018904175   0.0114857449  -0.0075235739  -0.0420148466
       -0.1079578893  -0.1473378330   0.0291385650   0.0928932745   0.2045000919
        0.0151206601   0.0045719529  -0.0499770286  -0.0025724427  -0.0033654618
        0.0010727640   0.0013068974  -0.0001200629   0.0010594327   0.0000164723
       -0.0000650180   0.0000689632   0.0000610082   0.0000622449  -0.0001140009
       -0.0001310651   0.0000576859  -0.0001189526   0.0001383061  -0.0004993097
        0.0003333439   0.0002381755   0.0001255322  -0.0002525518  -0.0015696448
        0.0006559915  -0.0016106949  -0.0004597154   0.0016006251  -0.0005794398
       -0.0002288571   0.0000598821   0.0001678429   0.0003993544  -0.0004849740
        0.0003178626   0.0002385388  -0.0001963506   0.0000914861   0.0001592287
       -0.0000382663  -0.0003044450  -0.0001103493   0.0003544076  -0.0001099458
       -0.0003996983   0.0000870813   0.0010931500   0.0034376901   0.0014920171
       -0.0030996480  -0.0201003432  -0.0136247517  -0.0326930876  -0.1423557835
       -0.1456366968  -0.5544256009   0.1319902365   0.2045000919   0.6825154922
        0.0341709885  -0.0478455571  -0.0944170343  -0.0033861428   0.0000447801
        0.0007978229   0.0007232209   0.0006747682   0.0010422310   0.0000010317
       -0.0004232769   0.0001391340   0.0002318810   0.0002616645   0.0000948825
        0.0003533142  -0.0006716616  -0.0005447060  -0.0006040550   0.0001597492
        0.0011021574  -0.0006677138  -0.0004231206   0.0008054206   0.0021649734
       -0.0000594997  -0.0005681421  -0.0068795719   0.0003208144  -0.0034284826
       -0.0001961170   0.0006045604   0.0011222175   0.0012243151   0.0015074381
       -0.0000410900   0.0002598884  -0.0003557704   0.0001804128   0.0001703372
       -0.0009683797   0.0003696863  -0.0001384515   0.0003557495  -0.0000448154
        0.0001904793  -0.0003999380   0.0001372087  -0.0026374116   0.0009850311
       -0.0034682507  -0.0501575817   0.0166991644   0.0166271654  -0.1512354387
        0.0449993324   0.0643958336   0.0061703995   0.0151206601   0.0341709885
        0.4243921044  -0.0887787815  -0.0262585633  -0.1436111181  -0.0018033954
       -0.0517334398  -0.0207253354   0.0127855863  -0.0136363462   0.0000894551
       -0.0000118599   0.0000910547  -0.0001000834   0.0000091181  -0.0004043002
       -0.0001149152  -0.0002395265   0.0004493305   0.0005073620   0.0005491797
        0.0000668861  -0.0016808246  -0.0009008876   0.0006345187  -0.0047902849
        0.0013217978  -0.0020007867   0.0004722478  -0.0000491047   0.0004144155
       -0.0325477686   0.0019945580  -0.0036429115  -0.0263645523  -0.0049386821
       -0.0151347502  -0.0002512280   0.0040504912  -0.0022152606   0.0012265834
       -0.0005970667   0.0003618106   0.0011679112  -0.0007956767   0.0011453969
       -0.0002295549   0.0000214400   0.0003183403   0.0003966128  -0.0013391642
        0.0017850061   0.0134878168   0.0043139070  -0.0040531126   0.0429772517
       -0.0798269876  -0.0498298368   0.0164666741   0.0045719529  -0.0478455571
       -0.0887787815   0.1315325744   0.0982139812   0.0001675635  -0.0559172308
       -0.0046883466   0.0321004517  -0.0047127813   0.0120977683  -0.0002446139
        0.0000593865   0.0000279958   0.0002719960   0.0001893168   0.0003503668
       -0.0003608975   0.0000713743  -0.0006346988  -0.0003586109  -0.0002078613
        0.0000506472   0.0006171688   0.0003691502  -0.0004257622   0.0000205907
       -0.0002142674   0.0004239048  -0.0006293754  -0.0006365698   0.0005022089
        0.0039444914   0.0010826132  -0.0006577212  -0.0218983684   0.0030077420
       -0.0075846351   0.0024984711  -0.0058691068   0.0038103712  -0.0002915598
        0.0011940324  -0.0012426439  -0.0001573262   0.0023104795  -0.0006182764
       -0.0002431519   0.0002698740   0.0002930664  -0.0021712125  -0.0000542258
        0.0013732418   0.0015083095  -0.0001037263   0.0074970478   0.0577483603
       -0.0459753189  -0.1468592065   0.0350107994  -0.0499770286  -0.0944170343
       -0.0262585633   0.0982139812   0.3339118567  -0.0411960254  -0.0086507769
       -0.0937366173  -0.0201212371   0.0074405890  -0.0046604841  -0.0002055445
       -0.0000266943  -0.0000919719   0.0002156626   0.0000699328   0.0001770761
        0.0003032037   0.0001505883  -0.0004182620  -0.0003496147  -0.0002552864
       -0.0000785907   0.0001028814  -0.0001906924   0.0000080832  -0.0010074415
        0.0004810406  -0.0000013638  -0.0003899760   0.0007025004   0.0007984764
        0.0231035228  -0.0017642464   0.0078802190  -0.0256697215  -0.0013422060
       -0.0109505262  -0.0007262602   0.0036513395  -0.0016700734  -0.0002135182
       -0.0015421392   0.0005358069   0.0005595271  -0.0010975046   0.0004092561
        0.0004750972   0.0004517641  -0.0003718462  -0.0010355306   0.0002464262
        0.0002992990   0.0015299409   0.0035101832   0.0011684656  -0.0456649984
        0.0135265242   0.0136214592   0.0010166735  -0.0025724427  -0.0033861428
       -0.1436111181   0.0001675635  -0.0411960254   0.4043025737   0.0169848051
       -0.0553212740  -0.0593998550   0.0066298308  -0.0003092421   0.0001532310
        0.0000144591  -0.0000846525  -0.0001828501  -0.0001117437   0.0000321011
       -0.0001092659  -0.0003648647   0.0003316772  -0.0001721671  -0.0000842485
       -0.0001997562   0.0000586300  -0.0002175028   0.0002502673  -0.0016268349
       -0.0003393791  -0.0001882127  -0.0000422561   0.0001660826   0.0006157662
       -0.1041201746  -0.0056766338   0.1106436744  -0.0472246907  -0.0341473191
       -0.0247103482  -0.0068265501   0.0234031747  -0.0132629406   0.0015987947
       -0.0149909555   0.0084492577   0.0008813506  -0.0065957235   0.0036184729
       -0.0000190759  -0.0001594397   0.0000210660   0.0014672588  -0.0005025346
        0.0007238792   0.0014673109   0.0053673364  -0.0027861357   0.0125544036
       -0.0005299210   0.0054796155  -0.0002054612  -0.0033654618   0.0000447801
       -0.0018033954  -0.0559172308  -0.0086507769   0.0169848051   0.4746875252
        0.0363963871   0.0047099323  -0.1700027549   0.0527950371   0.0000485724
       -0.0000139068   0.0000051678  -0.0000329227  -0.0000132561  -0.0000889517
       -0.0001297498  -0.0001319065   0.0001595180  -0.0000543559   0.0000198276
        0.0000853693   0.0003920497   0.0002772006  -0.0002514833  -0.0006224072
        0.0000848644  -0.0001574641   0.0000752081   0.0001708329  -0.0000588010
       -0.0070168315  -0.0419519710   0.0050540899  -0.0318137001  -0.1718330102
       -0.1070792495   0.0020433134  -0.0037768819   0.0024136418  -0.0007260807
       -0.0041355848   0.0058795876   0.0026811261  -0.0282737269   0.0100147228
        0.0000248333   0.0001070786  -0.0001559787  -0.0000065747   0.0001653474
        0.0000510633   0.0030706430  -0.0031280206  -0.0011866565   0.0163966194
        0.0015944864   0.0138426537   0.0043841776   0.0010727640   0.0007978229
       -0.0517334398  -0.0046883466  -0.0937366173  -0.0553212740   0.0363963871
        0.5237008073   0.0006329982   0.0515912719  -0.0950230810   0.0000121367
       -0.0000050542  -0.0000058329  -0.0000466957  -0.0000033793   0.0000787527
        0.0000367026   0.0000654216   0.0000092394  -0.0000439784  -0.0001015370
       -0.0000393971   0.0000753031   0.0000038595   0.0000482242   0.0008862463
       -0.0003076369   0.0004343999  -0.0002857145   0.0000052248   0.0001870308
        0.1059130071   0.0056457710  -0.2095686449  -0.0215612035  -0.1060218049
       -0.1277581831  -0.0023759556   0.0066574019  -0.0038250614  -0.0014316018
        0.0253735577  -0.0164055422   0.0013737707  -0.0144227923   0.0085550007
        0.0004251129  -0.0000843137   0.0001592906  -0.0001520139  -0.0000705067
       -0.0001739309  -0.0008879364  -0.0011712479   0.0006980120   0.0012915812
       -0.0002390344  -0.0035793680   0.0002795645   0.0013068974   0.0007232209
       -0.0207253354   0.0321004517  -0.0201212371  -0.0593998550   0.0047099323
        0.0006329982   0.5322034160   0.0086581525  -0.0005680109  -0.0001434107
        0.0000056603  -0.0000101328  -0.0000334355   0.0000575422   0.0000144259
       -0.0002652655   0.0001266204  -0.0001821374   0.0000015578   0.0000257015
       -0.0000251062  -0.0001855098   0.0000243338   0.0000524947   0.0001446325
       -0.0000057267  -0.0000160223   0.0000422311   0.0000257000   0.0001435469
        0.0018542042  -0.0128818175   0.0074873387   0.0017758560  -0.0041762363
        0.0024001935  -0.2734308624   0.0222388237  -0.0591176320  -0.1202888548
       -0.0009346128   0.1115554370  -0.0625056768  -0.0497163197  -0.0400733809
        0.0002006036  -0.0001110641  -0.0000133010  -0.0000371801  -0.0002056711
        0.0000770980   0.0003108793   0.0001117518  -0.0000401572  -0.0012747495
        0.0001638279  -0.0003785824   0.0007038539  -0.0001200629   0.0006747682
        0.0127855863  -0.0047127813   0.0074405890   0.0066298308  -0.1700027549
        0.0515912719   0.0086581525   0.4709480495   0.0315143366   0.0000269436
        0.0000539595  -0.0000209064  -0.0000600977   0.0000174792  -0.0000171858
       -0.0001557248   0.0000450495   0.0000844474   0.0000134696   0.0000293957
       -0.0000116394   0.0000478071   0.0000849288  -0.0000276493  -0.0000243816
        0.0000466293  -0.0000073795  -0.0000039061  -0.0000257367  -0.0000728107
       -0.0003814181  -0.0042693105   0.0046953872   0.0018778015  -0.0269804019
        0.0101033891   0.0233538427  -0.0436414468   0.0052599634  -0.0022882865
       -0.0434760790   0.0008848462  -0.0503830266  -0.1779557621  -0.1117364853
       -0.0000072850  -0.0000698956  -0.0001570020  -0.0000284056   0.0000431603
       -0.0001307130  -0.0003697697  -0.0003858998   0.0001540093   0.0015411356
       -0.0014529807  -0.0015983453   0.0001498413   0.0010594327   0.0010422310
       -0.0136363462   0.0120977683  -0.0046604841  -0.0003092421   0.0527950371
       -0.0950230810  -0.0005680109   0.0315143366   0.5085940894  -0.0000378530
       -0.0000074913   0.0000270053  -0.0000433336   0.0000582736   0.0000153817
        0.0001425008   0.0001520174   0.0002027092   0.0000104028  -0.0000198514
        0.0000337656  -0.0000555892  -0.0000244551   0.0000226275   0.0000544405
       -0.0000197658   0.0000201854   0.0000518664   0.0000214450   0.0000996571
       -0.0002635538   0.0236553641  -0.0147231151   0.0010339391  -0.0135521561
        0.0074189500  -0.0595795676   0.0049613506  -0.0575626743   0.1114028532
       -0.0002971201  -0.2096030663  -0.0394880230  -0.1105285701  -0.1341721303
       -0.1552496213  -0.0904187126   0.0803694334   0.0038366289   0.0023875373
       -0.0024648722   0.0009809583   0.0009183284  -0.0001945258  -0.0000141773
        0.0003406577   0.0002327403  -0.0000270868   0.0000164723   0.0000010317
        0.0000894551  -0.0002446139  -0.0002055445   0.0001532310   0.0000485724
        0.0000121367  -0.0001434107   0.0000269436  -0.0000378530   0.1775662017
        0.1041828553  -0.0940006593  -0.0014328283  -0.0009738162   0.0024455262
       -0.0265420099  -0.0166301540   0.0144509122   0.0000309294  -0.0001364914
       -0.0002640599   0.0005972774   0.0003960545  -0.0001374853   0.0001048576
        0.0000822992  -0.0000633597  -0.0000321338   0.0000868239  -0.0001959172
       -0.0000071844   0.0000235185  -0.0000076859  -0.0000036787   0.0000096587
       -0.0000250148  -0.0000290896  -0.0000180345   0.0000060325   0.0000481588
       -0.0000063653   0.0001263816   0.0000735230  -0.0000915338  -0.0000472170
       -0.0899880233  -0.1138671978   0.0650026090  -0.0192196643  -0.0207032675
        0.0145309398   0.0008402188  -0.0065630432  -0.0005628257   0.0008172373
       -0.0002664424   0.0007697397  -0.0000662273  -0.0000650180  -0.0004232769
       -0.0000118599   0.0000593865  -0.0000266943   0.0000144591  -0.0000139068
       -0.0000050542   0.0000056603   0.0000539595  -0.0000074913   0.1041828553
        0.1348076291  -0.0758942898   0.0042730299   0.0044806344  -0.0028104373
        0.0008398520   0.0024537298  -0.0015052883  -0.0004673029   0.0003697749
        0.0000927911  -0.0003434812   0.0005487742   0.0003358432  -0.0011086144
       -0.0012798018   0.0008049487   0.0002268187   0.0000339401  -0.0003058722
        0.0000068987  -0.0000021138   0.0000078356   0.0000100521  -0.0000245614
       -0.0000023638   0.0000130333   0.0000037585  -0.0000047459  -0.0000197304
       -0.0000226350  -0.0000089491  -0.0000052119  -0.0000035993   0.0000125817
        0.0803886145   0.0654165365  -0.1029267370  -0.0007865948  -0.0000306182
        0.0008178995  -0.0000714198   0.0002326772   0.0006746609  -0.0001669080
       -0.0000281275  -0.0001249314   0.0000606496   0.0000689632   0.0001391340
        0.0000910547   0.0000279958  -0.0000919719  -0.0000846525   0.0000051678
       -0.0000058329  -0.0000101328  -0.0000209064   0.0000270053  -0.0940006593
       -0.0758942898   0.1154590920   0.0235863754   0.0166974951  -0.0206662883
       -0.0087751952  -0.0063118239   0.0061129673  -0.0001826134  -0.0003660030
        0.0003374078  -0.0000444525   0.0002453257  -0.0001278430   0.0000615943
        0.0000630837   0.0001558322  -0.0000886205  -0.0001397980   0.0002146964
       -0.0000024769  -0.0000019538  -0.0000032164   0.0000104153   0.0000131791
        0.0000168736  -0.0000053419  -0.0000091253   0.0000126670   0.0000282490
        0.0000216542   0.0000187777  -0.0000078851   0.0000105676  -0.0000401928
       -0.0448443517   0.0004406176   0.0028290584   0.0001610901   0.0029919746
        0.0076188444   0.0002517863  -0.0005081299  -0.0006693925   0.0001775045
       -0.0001703999  -0.0005628085  -0.0000066092   0.0000610082   0.0002318810
       -0.0001000834   0.0002719960   0.0002156626  -0.0001828501  -0.0000329227
       -0.0000466957  -0.0000334355  -0.0000600977  -0.0000433336  -0.0014328283
        0.0042730299   0.0235863754   0.0478661260  -0.0020358308  -0.0036727385
       -0.0024052772  -0.0071017795  -0.0308560320   0.0002743719   0.0018364243
        0.0004055055   0.0000719377   0.0002002867   0.0006574300  -0.0000999741
       -0.0000257761   0.0000886718   0.0002174872  -0.0002586882   0.0001302853
        0.0000026519  -0.0000159989   0.0000198569   0.0000479010   0.0000490348
        0.0000346445   0.0000289422   0.0000151516   0.0000552847   0.0000922399
        0.0000360625   0.0000281941  -0.0000866292   0.0000340378  -0.0000506937
        0.0005674687  -0.0596440400  -0.0619969185   0.0011831371  -0.0134459762
       -0.0297383203   0.0004511497   0.0009159500  -0.0010469425  -0.0002017384
       -0.0003368445  -0.0003612699   0.0001276438   0.0000622449   0.0002616645
        0.0000091181   0.0001893168   0.0000699328  -0.0001117437  -0.0000132561
       -0.0000033793   0.0000575422   0.0000174792   0.0000582736  -0.0009738162
        0.0044806344   0.0166974951  -0.0020358308   0.0719682990   0.0738713804
       -0.0004517036   0.0018258918   0.0031865839   0.0018664913  -0.0066965243
       -0.0013859562  -0.0003331600   0.0007738122  -0.0002997785   0.0000886697
        0.0003202996   0.0000813531  -0.0003196703  -0.0004076240   0.0006016031
        0.0000302940   0.0000001673   0.0000113700   0.0000394754  -0.0000116125
        0.0000239576   0.0000307522  -0.0000182341  -0.0000041684  -0.0000172726
       -0.0000123914  -0.0000344545  -0.0000068066   0.0000324078   0.0000075739
        0.0027496925  -0.0623921585  -0.2664593320   0.0011277353  -0.0050841275
       -0.0050174780  -0.0003810830   0.0009711958   0.0011109847   0.0003546822
       -0.0004075327  -0.0006521213  -0.0001029029  -0.0001140009   0.0000948825
       -0.0004043002   0.0003503668   0.0001770761   0.0000321011  -0.0000889517
        0.0000787527   0.0000144259  -0.0000171858   0.0000153817   0.0024455262
       -0.0028104373  -0.0206662883  -0.0036727385   0.0738713804   0.3076226967
       -0.0029932999  -0.0034177390  -0.0176614393   0.0007766201  -0.0013436222
        0.0007147240   0.0001335522   0.0003217066   0.0003737102   0.0000466499
        0.0002544331  -0.0000331303  -0.0001898668  -0.0001610064   0.0002890187
        0.0000153892   0.0000010455   0.0000255293   0.0000275405   0.0000184570
        0.0000021270   0.0000370731   0.0000166781   0.0000136128   0.0000607759
        0.0000095302  -0.0000473118  -0.0000775726   0.0000219687   0.0000186046
       -0.2374363500   0.0327207299  -0.0860790017  -0.0096267790   0.0056721283
       -0.0035745866   0.0009199112  -0.0005939920   0.0001292554   0.0005506348
        0.0003973333  -0.0004742831  -0.0001021805  -0.0001310651   0.0003533142
       -0.0001149152  -0.0003608975   0.0003032037  -0.0001092659  -0.0001297498
        0.0000367026  -0.0002652655  -0.0001557248   0.0001425008  -0.0265420099
        0.0008398520  -0.0087751952  -0.0024052772  -0.0004517036  -0.0029932999
        0.2753084019  -0.0402804168   0.1007350218   0.0000861446  -0.0003235568
        0.0001742957   0.0000427117   0.0027055969   0.0003258885  -0.0000910730
       -0.0002399502   0.0000301936  -0.0001424783   0.0000455430  -0.0000526059
       -0.0000125409   0.0000578953  -0.0000100638  -0.0000053307   0.0000302560
       -0.0000509646   0.0000392225   0.0000713061  -0.0000902974  -0.0000488373
       -0.0000566095  -0.0003053931  -0.0000447233   0.0001830254   0.0001753151
        0.0323853298  -0.0479579227   0.0147961329   0.0291995661  -0.0096562580
        0.0121085372   0.0003752367   0.0012186823  -0.0001488576  -0.0004043339
       -0.0007712479   0.0006204047  -0.0000411427   0.0000576859  -0.0006716616
       -0.0002395265   0.0000713743   0.0001505883  -0.0003648647  -0.0001319065
        0.0000654216   0.0001266204   0.0000450495   0.0001520174  -0.0166301540
        0.0024537298  -0.0063118239  -0.0071017795   0.0018258918  -0.0034177390
       -0.0402804168   0.0582242665  -0.0172566215   0.0000958736   0.0009319594
        0.0004588535   0.0028281725  -0.0065776168  -0.0002144068  -0.0000353188
        0.0002816668  -0.0001392552   0.0000406608  -0.0000438932   0.0000207773
        0.0000620196  -0.0000310981  -0.0000149997   0.0000083592  -0.0000851139
        0.0000368198   0.0000691063  -0.0000545831  -0.0000275430  -0.0001537866
        0.0001567447  -0.0001192559   0.0000603786   0.0000425892  -0.0000873884
       -0.0862333594   0.0150106316  -0.0840409691   0.0010358425   0.0008830759
        0.0012001543  -0.0001923760   0.0000377797   0.0001498075  -0.0003533727
        0.0011466537   0.0011694051   0.0000277912  -0.0001189526  -0.0005447060
        0.0004493305  -0.0006346988  -0.0004182620   0.0003316772   0.0001595180
        0.0000092394  -0.0001821374   0.0000844474   0.0002027092   0.0144509122
       -0.0015052883   0.0061129673  -0.0308560320   0.0031865839  -0.0176614393
        0.1007350218  -0.0172566215   0.0929159799   0.0007510504  -0.0002962489
        0.0004731765   0.0002319961  -0.0003273686   0.0009816688   0.0000472160
       -0.0001297402  -0.0000638212  -0.0002044731  -0.0000168980  -0.0002752041
       -0.0000223932   0.0000445785  -0.0000457657  -0.0000643005  -0.0000553922
       -0.0000490896  -0.0000681331  -0.0000438594  -0.0001122361  -0.0001069959
       -0.0000257445   0.0000952171   0.0002227354  -0.0001424557  -0.0000988319
        0.0008422745   0.0032654014   0.0073804656  -0.0449589665  -0.0007146412
       -0.0076044269  -0.0020774922   0.0028226825   0.0206857957  -0.0003541099
        0.0009074946   0.0025160329   0.0007324617   0.0001383061  -0.0006040550
        0.0005073620  -0.0003586109  -0.0003496147  -0.0001721671  -0.0000543559
       -0.0000439784   0.0000015578   0.0000134696   0.0000104028   0.0000309294
       -0.0004673029  -0.0001826134   0.0002743719   0.0018664913   0.0007766201
        0.0000861446   0.0000958736   0.0007510504   0.0506704740   0.0015008804
        0.0039525386  -0.0034812520  -0.0071007702  -0.0299166589   0.0003675913
        0.0003190525  -0.0002893820  -0.0025025918  -0.0022454229   0.0029506088
        0.0000437663  -0.0000068119  -0.0000334103  -0.0000216491   0.0000003534
        0.0000247187   0.0000406204  -0.0000149458   0.0000003122  -0.0000418288
        0.0000462949  -0.0000104556   0.0000125034  -0.0000134388  -0.0000139508
        0.0009107644  -0.0138992834  -0.0287725066  -0.0004821482  -0.0585424733
       -0.0612982887  -0.0015790202   0.0032376352   0.0170214606  -0.0002500479
        0.0009646314   0.0000551991   0.0004740185  -0.0004993097   0.0001597492
        0.0005491797  -0.0002078613  -0.0002552864  -0.0000842485   0.0000198276
       -0.0001015370   0.0000257015   0.0000293957  -0.0000198514  -0.0001364914
        0.0003697749  -0.0003660030   0.0018364243  -0.0066965243  -0.0013436222
       -0.0003235568   0.0009319594  -0.0002962489   0.0015008804   0.0733620117
        0.0696197340   0.0001698121   0.0020858106   0.0029954834   0.0000594146
        0.0002754181   0.0005269958  -0.0026461003  -0.0013967037   0.0020417944
        0.0000124917  -0.0000167781   0.0000128052  -0.0000281746   0.0000130916
        0.0000108186  -0.0000122364  -0.0000045065   0.0000136186   0.0000327995
       -0.0000022126   0.0000039391  -0.0000294622  -0.0000239033  -0.0000082537
        0.0004363161  -0.0041543632  -0.0042849286  -0.0066018317  -0.0613751664
       -0.2573604784   0.0043560032  -0.0013433150  -0.0201442817  -0.0001905886
       -0.0009334371  -0.0008504246  -0.0001934662   0.0003333439   0.0011021574
        0.0000668861   0.0000506472  -0.0000785907  -0.0001997562   0.0000853693
       -0.0000393971  -0.0000251062  -0.0000116394   0.0000337656  -0.0002640599
        0.0000927911   0.0003374078   0.0004055055  -0.0013859562   0.0007147240
        0.0001742957   0.0004588535   0.0004731765   0.0039525386   0.0696197340
        0.2981547723  -0.0041876355  -0.0039453299  -0.0163031548  -0.0002247510
       -0.0000314534   0.0000603653   0.0025116801   0.0025054662  -0.0018470125
       -0.0000283780   0.0000176318   0.0000065374   0.0000095647   0.0000378600
        0.0000222422  -0.0000137959   0.0000093902  -0.0000022299   0.0000358876
       -0.0000256185   0.0000316456  -0.0000193083  -0.0000048080  -0.0000262958
       -0.0094271973   0.0051727743  -0.0039674367  -0.2386169362   0.0315366853
       -0.0810612928  -0.0239844882  -0.0023686353  -0.0053898836  -0.0009358394
       -0.0034443735   0.0034372070  -0.0000788281   0.0002381755  -0.0006677138
       -0.0016808246   0.0006171688   0.0001028814   0.0000586300   0.0003920497
        0.0000753031  -0.0001855098   0.0000478071  -0.0000555892   0.0005972774
       -0.0003434812  -0.0000444525   0.0000719377  -0.0003331600   0.0001335522
        0.0000427117   0.0028281725   0.0002319961  -0.0034812520   0.0001698121
       -0.0041876355   0.2768161321  -0.0350660455   0.0919929271   0.0005529780
        0.0001973646  -0.0004243174   0.0001382930   0.0003970240  -0.0002028266
       -0.0000270229   0.0000008022   0.0000101204   0.0000899907  -0.0000198998
       -0.0000093474  -0.0000222086   0.0000168630  -0.0000207725   0.0000323526
       -0.0000159605   0.0000554086   0.0000398039  -0.0000231435  -0.0000081278
        0.0279046198  -0.0095963452   0.0109024894   0.0312193450  -0.0451378553
        0.0111194751  -0.0169621643  -0.0004467041  -0.0041864588  -0.0016506704
       -0.0018580450   0.0025116587  -0.0000237890   0.0001255322  -0.0004231206
       -0.0009008876   0.0003691502  -0.0001906924  -0.0002175028   0.0002772006
        0.0000038595   0.0000243338   0.0000849288  -0.0000244551   0.0003960545
        0.0005487742   0.0002453257   0.0002002867   0.0007738122   0.0003217066
        0.0027055969  -0.0065776168  -0.0003273686  -0.0071007702   0.0020858106
       -0.0039453299  -0.0350660455   0.0589204830  -0.0155054990  -0.0007514906
        0.0002930663  -0.0002802781   0.0003132587   0.0001915190  -0.0002215530
       -0.0000352215  -0.0000021002  -0.0000097049   0.0000318151  -0.0000088581
        0.0000161531   0.0000009772   0.0000257903  -0.0000149140  -0.0000398278
       -0.0000653744  -0.0000380013  -0.0000479178  -0.0000031682   0.0000467076
        0.0011934619   0.0004162403   0.0014008111  -0.0815640924   0.0108738705
       -0.0773091517   0.0152474258   0.0007330474   0.0046046859   0.0008584589
        0.0020700297  -0.0018406558   0.0001991269  -0.0002525518   0.0008054206
        0.0006345187  -0.0004257622   0.0000080832   0.0002502673  -0.0002514833
        0.0000482242   0.0000524947  -0.0000276493   0.0000226275  -0.0001374853
        0.0003358432  -0.0001278430   0.0006574300  -0.0002997785   0.0003737102
        0.0003258885  -0.0002144068   0.0009816688  -0.0299166589   0.0029954834
       -0.0163031548   0.0919929271  -0.0155054990   0.0866247923  -0.0001846303
       -0.0003967111   0.0003566357   0.0003977960  -0.0000506863   0.0003374398
       -0.0000060066   0.0000092431   0.0000202089  -0.0000308831   0.0000131507
       -0.0000140743  -0.0000086963  -0.0000135322   0.0000119481   0.0000339845
       -0.0000057344   0.0000060869   0.0000046725  -0.0000031133  -0.0000074633
       -0.0018071878  -0.0023877578   0.0020812334   0.0043427682  -0.0183228791
        0.0011440607  -0.0596924341   0.0767164707   0.0006735565  -0.0127434921
        0.0270579770  -0.0030006543   0.0005695483  -0.0015696448   0.0021649734
       -0.0047902849   0.0000205907  -0.0010074415  -0.0016268349  -0.0006224072
        0.0008862463   0.0001446325  -0.0000243816   0.0000544405   0.0001048576
       -0.0011086144   0.0000615943  -0.0000999741   0.0000886697   0.0000466499
       -0.0000910730  -0.0000353188   0.0000472160   0.0003675913   0.0000594146
       -0.0002247510   0.0005529780  -0.0007514906  -0.0001846303   0.0749203800
       -0.0819915625  -0.0036509187   0.0002176382   0.0029634360   0.0009394340
       -0.0003771386   0.0000141335  -0.0001201736  -0.0000548058   0.0000569093
        0.0000156056   0.0000046455  -0.0000580598   0.0000354157   0.0000342732
       -0.0000214897   0.0000669527   0.0000239125  -0.0000839953  -0.0000288094
       -0.0032706167  -0.0020647077   0.0026300994   0.0023280542  -0.0207485493
        0.0020562993   0.0733262977  -0.2516972784  -0.0121129080   0.0047883140
       -0.0046227025   0.0003188158  -0.0008888414   0.0006559915  -0.0000594997
        0.0013217978  -0.0002142674   0.0004810406  -0.0003393791   0.0000848644
       -0.0003076369  -0.0000057267   0.0000466293  -0.0000197658   0.0000822992
       -0.0012798018   0.0000630837  -0.0000257761   0.0003202996   0.0002544331
       -0.0002399502   0.0002816668  -0.0001297402   0.0003190525   0.0002754181
       -0.0000314534   0.0001973646   0.0002930663  -0.0003967111  -0.0819915625
        0.2906536920   0.0106240660   0.0044234617  -0.0120298748  -0.0034060296
        0.0000265256   0.0000053595   0.0000365425   0.0000168615   0.0000148335
        0.0000099249   0.0000019563   0.0000230168  -0.0000030967  -0.0000232928
       -0.0000256560  -0.0000232854  -0.0000468396   0.0000280002   0.0000158215
        0.0018821690   0.0016691613  -0.0008140574  -0.0019785265   0.0152395951
       -0.0000248752   0.0003363044  -0.0115686838  -0.0433660488  -0.0029441179
        0.0126878078   0.0017809932  -0.0003139780  -0.0016106949  -0.0005681421
       -0.0020007867   0.0004239048  -0.0000013638  -0.0001882127  -0.0001574641
        0.0004343999  -0.0000160223  -0.0000073795   0.0000201854  -0.0000633597
        0.0008049487   0.0001558322   0.0000886718   0.0000813531  -0.0000331303
        0.0000301936  -0.0001392552  -0.0000638212  -0.0002893820   0.0005269958
        0.0000603653  -0.0004243174  -0.0002802781   0.0003566357  -0.0036509187
        0.0106240660   0.0456514351   0.0095547736  -0.0282930551  -0.0035925011
       -0.0001167948  -0.0000143881  -0.0000407256   0.0000521168   0.0000228273
        0.0000443318   0.0000056248  -0.0000058598   0.0000104310   0.0000371003
       -0.0000053901   0.0000038454  -0.0000005375   0.0000017887  -0.0000137895
        0.0004376446   0.0006749676  -0.0003002988  -0.0021877629   0.0036008312
        0.0195745464  -0.0428235017   0.0073699045   0.0170676409   0.0023842276
       -0.0080103632  -0.0237657459  -0.0077321671  -0.0004597154  -0.0068795719
        0.0004722478  -0.0006293754  -0.0003899760  -0.0000422561   0.0000752081
       -0.0002857145   0.0000422311  -0.0000039061   0.0000518664  -0.0000321338
        0.0002268187  -0.0000886205   0.0002174872  -0.0003196703  -0.0001898668
       -0.0001424783   0.0000406608  -0.0002044731  -0.0025025918  -0.0026461003
        0.0025116801   0.0001382930   0.0003132587   0.0003977960   0.0002176382
        0.0044234617   0.0095547736   0.0512330546  -0.0046026809  -0.0172476410
        0.0000766791  -0.0000053658   0.0000477881   0.0001978471   0.0000207421
        0.0000721954   0.0000345907  -0.0000445934   0.0000421149   0.0000203486
       -0.0000652073   0.0000280206  -0.0000093979   0.0000411246   0.0000034863
       -0.0002191514   0.0010947403   0.0011927153  -0.0017869348   0.0040071410
        0.0151595264   0.0062110439  -0.0663230676  -0.0708004858  -0.0010612496
        0.0001473588  -0.0005738885   0.0002730010   0.0016006251   0.0003208144
       -0.0000491047  -0.0006365698   0.0007025004   0.0001660826   0.0001708329
        0.0000052248   0.0000257000  -0.0000257367   0.0000214450   0.0000868239
        0.0000339401  -0.0001397980  -0.0002586882  -0.0004076240  -0.0001610064
        0.0000455430  -0.0000438932  -0.0000168980  -0.0022454229  -0.0013967037
        0.0025054662   0.0003970240   0.0001915190  -0.0000506863   0.0029634360
       -0.0120298748  -0.0282930551  -0.0046026809   0.0736768550   0.0800958675
       -0.0000002541   0.0000299202   0.0000260957   0.0000453811  -0.0000294594
       -0.0000177414  -0.0000219588  -0.0000229687  -0.0000029388  -0.0000026043
       -0.0000179326   0.0000098958   0.0000340140  -0.0000191019   0.0000169469
       -0.0006145470  -0.0007597438   0.0009857018   0.0044046664  -0.0020451090
       -0.0182701027   0.0140709920  -0.0703760652  -0.2561996323  -0.0010694030
       -0.0054164424  -0.0166415535  -0.0046804270  -0.0005794398  -0.0034284826
        0.0004144155   0.0005022089   0.0007984764   0.0006157662  -0.0000588010
        0.0001870308   0.0001435469  -0.0000728107   0.0000996571  -0.0001959172
       -0.0003058722   0.0002146964   0.0001302853   0.0006016031   0.0002890187
       -0.0000526059   0.0000207773  -0.0002752041   0.0029506088   0.0020417944
       -0.0018470125  -0.0002028266  -0.0002215530   0.0003374398   0.0009394340
       -0.0034060296  -0.0035925011  -0.0172476410   0.0800958675   0.2972153672
        0.0001519865  -0.0000091154   0.0000663125   0.0001883348   0.0000133337
        0.0000502039   0.0000565018  -0.0000489716   0.0000331001   0.0000250439
       -0.0000437078  -0.0000645200  -0.0000282146   0.0000680766   0.0000420042
       -0.0000332708  -0.0000674682   0.0000151862   0.0000117441  -0.0000158237
       -0.0000887401  -0.0010793661   0.0013610187   0.0005083533  -0.0061258529
       -0.0022731989  -0.0023017605   0.0011520187  -0.0002288571  -0.0001961170
       -0.0325477686   0.0039444914   0.0231035228  -0.1041201746  -0.0070168315
        0.1059130071   0.0018542042  -0.0003814181  -0.0002635538  -0.0000071844
        0.0000068987  -0.0000024769   0.0000026519   0.0000302940   0.0000153892
       -0.0000125409   0.0000620196  -0.0000223932   0.0000437663   0.0000124917
       -0.0000283780  -0.0000270229  -0.0000352215  -0.0000060066  -0.0003771386
        0.0000265256  -0.0001167948   0.0000766791  -0.0000002541   0.0001519865
        0.1362286459   0.0034423797  -0.1237031375   0.0038166148   0.0003866318
       -0.0022601163   0.0003273083   0.0003505620  -0.0004447491   0.0008268457
        0.0005605319  -0.0002811436  -0.0000101592  -0.0001647719   0.0000079221
       -0.0000385359   0.0000099748  -0.0000212569   0.0000165014   0.0000507386
       -0.0000428381   0.0000533285  -0.0000466874  -0.0000345408   0.0012683682
        0.0000425876  -0.0012669161   0.0006311324   0.0000598821   0.0006045604
        0.0019945580   0.0010826132  -0.0017642464  -0.0056766338  -0.0419519710
        0.0056457710  -0.0128818175  -0.0042693105   0.0236553641   0.0000235185
       -0.0000021138  -0.0000019538  -0.0000159989   0.0000001673   0.0000010455
        0.0000578953  -0.0000310981   0.0000445785  -0.0000068119  -0.0000167781
        0.0000176318   0.0000008022  -0.0000021002   0.0000092431   0.0000141335
        0.0000053595  -0.0000143881  -0.0000053658   0.0000299202  -0.0000091154
        0.0034423797   0.0489089783  -0.0103610227   0.0115709508  -0.0000385615
       -0.0203965797  -0.0003335260   0.0004922379  -0.0000772193   0.0003564626
       -0.0049523941   0.0035014519  -0.0004713413   0.0006285551   0.0005104312
       -0.0000347953  -0.0000138374   0.0000179218  -0.0000223871  -0.0000269248
        0.0000002123  -0.0003961447   0.0003987658   0.0001747189  -0.0011928144
       -0.0002350246  -0.0016594233   0.0005863286   0.0001678429   0.0011222175
       -0.0036429115  -0.0006577212   0.0078802190   0.1106436744   0.0050540899
       -0.2095686449   0.0074873387   0.0046953872  -0.0147231151  -0.0000076859
        0.0000078356  -0.0000032164   0.0000198569   0.0000113700   0.0000255293
       -0.0000100638  -0.0000149997  -0.0000457657  -0.0000334103   0.0000128052
        0.0000065374   0.0000101204  -0.0000097049   0.0000202089  -0.0001201736
        0.0000365425  -0.0000407256   0.0000477881   0.0000260957   0.0000663125
       -0.1237031375  -0.0103610227   0.2356843444   0.0109087546  -0.0017515935
       -0.0187954230  -0.0000099330  -0.0001880139   0.0000278103  -0.0004831356
        0.0036327338  -0.0009663983  -0.0000472691  -0.0007846261   0.0007766799
       -0.0000840276  -0.0000167342   0.0000574164   0.0002315114  -0.0000255590
        0.0000744422   0.0001908344   0.0007236787  -0.0000641248   0.0004286119
       -0.0020749976  -0.0033275134   0.0004784156   0.0003993544   0.0012243151
       -0.0263645523  -0.0218983684  -0.0256697215  -0.0472246907  -0.0318137001
       -0.0215612035   0.0017758560   0.0018778015   0.0010339391  -0.0000036787
        0.0000100521   0.0000104153   0.0000479010   0.0000394754   0.0000275405
       -0.0000053307   0.0000083592  -0.0000643005  -0.0000216491  -0.0000281746
        0.0000095647   0.0000899907   0.0000318151  -0.0000308831  -0.0000548058
        0.0000168615   0.0000521168   0.0001978471   0.0000453811   0.0001883348
        0.0038166148   0.0115709508   0.0109087546   0.0657775389   0.0405704822
        0.0377068878   0.0000986236   0.0004665672   0.0000228891  -0.0000606099
       -0.0004533996   0.0000076010   0.0006855994   0.0005501542  -0.0006064707
       -0.0000524338   0.0000485828   0.0000175372   0.0000232167   0.0000759642
       -0.0000930489   0.0000291356  -0.0001768763   0.0000375729   0.0012888699
        0.0005746852  -0.0016026807   0.0003445787  -0.0004849740   0.0015074381
       -0.0049386821   0.0030077420  -0.0013422060  -0.0341473191  -0.1718330102
       -0.1060218049  -0.0041762363  -0.0269804019  -0.0135521561   0.0000096587
       -0.0000245614   0.0000131791   0.0000490348  -0.0000116125   0.0000184570
        0.0000302560  -0.0000851139  -0.0000553922   0.0000003534   0.0000130916
        0.0000378600  -0.0000198998  -0.0000088581   0.0000131507   0.0000569093
        0.0000148335   0.0000228273   0.0000207421  -0.0000294594   0.0000133337
        0.0003866318  -0.0000385615  -0.0017515935   0.0405704822   0.2003276667
        0.1207018455  -0.0000202526   0.0002575933  -0.0003116492  -0.0002244061
        0.0009308930  -0.0007510843   0.0007693605  -0.0055776230   0.0030984141
        0.0000156615  -0.0000135885   0.0000250603   0.0001301815  -0.0000065090
       -0.0000253119  -0.0001836186  -0.0001257663  -0.0002131589   0.0013664437
        0.0000535096   0.0012701607   0.0004486978   0.0003178626  -0.0000410900
       -0.0151347502  -0.0075846351  -0.0109505262  -0.0247103482  -0.1070792495
       -0.1277581831   0.0024001935   0.0101033891   0.0074189500  -0.0000250148
       -0.0000023638   0.0000168736   0.0000346445   0.0000239576   0.0000021270
       -0.0000509646   0.0000368198  -0.0000490896   0.0000247187   0.0000108186
        0.0000222422  -0.0000093474   0.0000161531  -0.0000140743   0.0000156056
        0.0000099249   0.0000443318   0.0000721954  -0.0000177414   0.0000502039
       -0.0022601163  -0.0203965797  -0.0187954230   0.0377068878   0.1207018455
        0.1484049060   0.0002715619   0.0000136411   0.0002132563   0.0000817865
        0.0006777351   0.0007461830  -0.0001944183   0.0032607763  -0.0003674378
       -0.0000068460  -0.0000427286   0.0000391065   0.0000143645   0.0000167310
       -0.0000590151  -0.0001009331  -0.0000695435   0.0000810603   0.0005919169
       -0.0005621874  -0.0007907971   0.0000881600   0.0002385388   0.0002598884
       -0.0002512280   0.0024984711  -0.0007262602  -0.0068265501   0.0020433134
       -0.0023759556  -0.2734308624   0.0233538427  -0.0595795676  -0.0000290896
        0.0000130333  -0.0000053419   0.0000289422   0.0000307522   0.0000370731
        0.0000392225   0.0000691063  -0.0000681331   0.0000406204  -0.0000122364
       -0.0000137959  -0.0000222086   0.0000009772  -0.0000086963   0.0000046455
        0.0000019563   0.0000056248   0.0000345907  -0.0000219588   0.0000565018
        0.0003273083  -0.0003335260  -0.0000099330   0.0000986236  -0.0000202526
        0.0002715619   0.3137023872  -0.0276640502   0.0692296660  -0.0225833185
        0.0016173179  -0.0020974222  -0.0117197455  -0.0011575568  -0.0042455650
       -0.0000106869   0.0000272520   0.0000204067   0.0000889119   0.0000178753
        0.0000221434   0.0003102389   0.0002401530  -0.0002457943   0.0000340581
        0.0000568042   0.0013049453  -0.0003694207  -0.0001963506  -0.0003557704
        0.0040504912  -0.0058691068   0.0036513395   0.0234031747  -0.0037768819
        0.0066574019   0.0222388237  -0.0436414468   0.0049613506  -0.0000180345
        0.0000037585  -0.0000091253   0.0000151516  -0.0000182341   0.0000166781
        0.0000713061  -0.0000545831  -0.0000438594  -0.0000149458  -0.0000045065
        0.0000093902   0.0000168630   0.0000257903  -0.0000135322  -0.0000580598
        0.0000230168  -0.0000058598  -0.0000445934  -0.0000229687  -0.0000489716
        0.0003505620   0.0004922379  -0.0001880139   0.0004665672   0.0002575933
        0.0000136411  -0.0276640502   0.0500932712  -0.0081755008   0.0006044495
        0.0008637750  -0.0004944588  -0.0234708063   0.0014825510  -0.0070764103
       -0.0000054463   0.0000181456   0.0000592456  -0.0000544856   0.0000118235
       -0.0000271654  -0.0002263463  -0.0001512080   0.0001598907   0.0000643349
        0.0000435041  -0.0007439114   0.0000865783   0.0000914861   0.0001804128
       -0.0022152606   0.0038103712  -0.0016700734  -0.0132629406   0.0024136418
       -0.0038250614  -0.0591176320   0.0052599634  -0.0575626743   0.0000060325
       -0.0000047459   0.0000126670   0.0000552847  -0.0000041684   0.0000136128
       -0.0000902974  -0.0000275430  -0.0001122361   0.0000003122   0.0000136186
       -0.0000022299  -0.0000207725  -0.0000149140   0.0000119481   0.0000354157
       -0.0000030967   0.0000104310   0.0000421149  -0.0000029388   0.0000331001
       -0.0004447491  -0.0000772193   0.0000278103   0.0000228891  -0.0003116492
        0.0002132563   0.0692296660  -0.0081755008   0.0639815291   0.0266793099
       -0.0025555120   0.0052215483  -0.0207840077  -0.0003340580  -0.0059821006
       -0.0002139737   0.0000702135  -0.0000570176  -0.0000619656   0.0000478819
       -0.0000157586  -0.0000188214  -0.0000464586  -0.0000335983  -0.0000060008
        0.0002275802  -0.0002130559  -0.0002753789   0.0001592287   0.0001703372
        0.0012265834  -0.0002915598  -0.0002135182   0.0015987947  -0.0007260807
       -0.0014316018  -0.1202888548  -0.0022882865   0.1114028532   0.0000481588
       -0.0000197304   0.0000282490   0.0000922399  -0.0000172726   0.0000607759
       -0.0000488373  -0.0001537866  -0.0001069959  -0.0000418288   0.0000327995
        0.0000358876   0.0000323526  -0.0000398278   0.0000339845   0.0000342732
       -0.0000232928   0.0000371003   0.0000203486  -0.0000026043   0.0000250439
        0.0008268457   0.0003564626  -0.0004831356  -0.0000606099  -0.0002244061
        0.0000817865  -0.0225833185   0.0006044495   0.0266793099   0.1351045491
        0.0022973511  -0.1300661854   0.0046154438   0.0000373392  -0.0059344606
       -0.0001115950  -0.0000069292  -0.0000435872   0.0000412892   0.0000549102
       -0.0000249273  -0.0001758331  -0.0000999845  -0.0000873148   0.0003398862
        0.0003250585   0.0015640685  -0.0004791583  -0.0000382663  -0.0009683797
       -0.0005970667   0.0011940324  -0.0015421392  -0.0149909555  -0.0041355848
        0.0253735577  -0.0009346128  -0.0434760790  -0.0002971201  -0.0000063653
       -0.0000226350   0.0000216542   0.0000360625  -0.0000123914   0.0000095302
       -0.0000566095   0.0001567447  -0.0000257445   0.0000462949  -0.0000022126
       -0.0000256185  -0.0000159605  -0.0000653744  -0.0000057344  -0.0000214897
       -0.0000256560  -0.0000053901  -0.0000652073  -0.0000179326  -0.0000437078
        0.0005605319  -0.0049523941   0.0036327338  -0.0004533996   0.0009308930
        0.0006777351   0.0016173179   0.0008637750  -0.0025555120   0.0022973511
        0.0504284055  -0.0045327732   0.0129695198  -0.0010983794  -0.0211213307
       -0.0000437860   0.0000540160  -0.0000751220  -0.0000129317   0.0000354056
        0.0000657758   0.0000189209  -0.0000081576  -0.0000490546  -0.0003120709
        0.0006721753  -0.0004634962   0.0001383504  -0.0003044450   0.0003696863
        0.0003618106  -0.0012426439   0.0005358069   0.0084492577   0.0058795876
       -0.0164055422   0.1115554370   0.0008848462  -0.2096030663   0.0001263816
       -0.0000089491   0.0000187777   0.0000281941  -0.0000344545  -0.0000473118
       -0.0003053931  -0.0001192559   0.0000952171  -0.0000104556   0.0000039391
        0.0000316456   0.0000554086  -0.0000380013   0.0000060869   0.0000669527
       -0.0000232854   0.0000038454   0.0000280206   0.0000098958  -0.0000645200
       -0.0002811436   0.0035014519  -0.0009663983   0.0000076010  -0.0007510843
        0.0007461830  -0.0020974222  -0.0004944588   0.0052215483  -0.1300661854
       -0.0045327732   0.2411450386   0.0122930533  -0.0034838085  -0.0205651003
       -0.0000774583  -0.0000056782  -0.0000801798  -0.0000250338   0.0000300090
        0.0000460508  -0.0000012571  -0.0000223838  -0.0000053631  -0.0003675135
        0.0003812290   0.0003179712   0.0000627104  -0.0001103493  -0.0001384515
        0.0011679112  -0.0001573262   0.0005595271   0.0008813506   0.0026811261
        0.0013737707  -0.0625056768  -0.0503830266  -0.0394880230   0.0000735230
       -0.0000052119  -0.0000078851  -0.0000866292  -0.0000068066  -0.0000775726
       -0.0000447233   0.0000603786   0.0002227354   0.0000125034  -0.0000294622
       -0.0000193083   0.0000398039  -0.0000479178   0.0000046725   0.0000239125
       -0.0000468396  -0.0000005375  -0.0000093979   0.0000340140  -0.0000282146
       -0.0000101592  -0.0004713413  -0.0000472691   0.0006855994   0.0007693605
       -0.0001944183  -0.0117197455  -0.0234708063  -0.0207840077   0.0046154438
        0.0129695198   0.0122930533   0.0672848365   0.0578315128   0.0460534497
       -0.0000641689   0.0000101528   0.0000812399   0.0000420222   0.0000226384
       -0.0000174871  -0.0000404226   0.0000420131   0.0000695125   0.0000499217
       -0.0007604603  -0.0002512807  -0.0000223864   0.0003544076   0.0003557495
       -0.0007956767   0.0023104795  -0.0010975046  -0.0065957235  -0.0282737269
       -0.0144227923  -0.0497163197  -0.1779557621  -0.1105285701  -0.0000915338
       -0.0000035993   0.0000105676   0.0000340378   0.0000324078   0.0000219687
        0.0001830254   0.0000425892  -0.0001424557  -0.0000134388  -0.0000239033
       -0.0000048080  -0.0000231435  -0.0000031682  -0.0000031133  -0.0000839953
        0.0000280002   0.0000017887   0.0000411246  -0.0000191019   0.0000680766
       -0.0001647719   0.0006285551  -0.0007846261   0.0005501542  -0.0055776230
        0.0032607763  -0.0011575568   0.0014825510  -0.0003340580   0.0000373392
       -0.0010983794  -0.0034838085   0.0578315128   0.2087619297   0.1272008246
        0.0000516521   0.0000183463   0.0000988778  -0.0000192205  -0.0000286505
        0.0000164422   0.0000831676   0.0000899760   0.0000420617  -0.0002566834
       -0.0002456055  -0.0000723795   0.0001457171  -0.0001099458  -0.0000448154
        0.0011453969  -0.0006182764   0.0004092561   0.0036184729   0.0100147228
        0.0085550007  -0.0400733809  -0.1117364853  -0.1341721303  -0.0000472170
        0.0000125817  -0.0000401928  -0.0000506937   0.0000075739   0.0000186046
        0.0001753151  -0.0000873884  -0.0000988319  -0.0000139508  -0.0000082537
       -0.0000262958  -0.0000081278   0.0000467076  -0.0000074633  -0.0000288094
        0.0000158215  -0.0000137895   0.0000034863   0.0000169469   0.0000420042
        0.0000079221   0.0005104312   0.0007766799  -0.0006064707   0.0030984141
       -0.0003674378  -0.0042455650  -0.0070764103  -0.0059821006  -0.0059344606
       -0.0211213307  -0.0205651003   0.0460534497   0.1272008246   0.1514316100
