           1           2   1.02135747832672     
           2           3  0.984035116985331     
           3           4  0.978076342466458     
           4           5   1.69452082545992     
           4           6   1.16661234186143     
           5           6  0.170731914017710     
           6           7  0.920208009428027     
           7           8   1.01340783459331     
           1           9  0.985842867027412     
           1          10  0.986113731502096     
           1          11  0.987288112163555     
           2          12  0.977484581281236     
           2          13  0.975130105154051     
           3          14  0.951229810608100     
           3          15  0.972583885453099     
           7          16  0.969288071885799     
           7          17  0.970267567565714     
           8          18  0.980315820714544     
           8          19  0.985843891854383     
           8          20  0.984572269938867     
