           1           2   1.42184021107572     
           2           3   1.44385530444092     
           3           4   1.39255323617346     
           4           5   1.32614034882880     
           1           6   1.44714431095413     
           5           6   1.38502309013970     
           5           7   1.04960827175014     
           7           8   1.70470225268964     
           7           9   1.04713914407844     
           9          10   1.43517537764857     
          10          11   1.35282943104187     
          11          12   1.53164410517931     
          12          13   1.24908248436196     
           9          14   1.28090191592848     
          13          14   1.23570290381214     
           4          15   1.04029946062806     
          14          15   1.14582286187859     
          15          16   1.60527461556004     
          13          17   1.32086767695681     
          17          18  0.999584783159989     
          18          19  0.991466505062843     
          19          20   1.00499167947030     
           1          21  0.967078115308516     
           2          22  0.967022170131414     
           3          23  0.963638893235283     
           6          24  0.964695005896439     
          10          25  0.964829430930461     
          11          26  0.966265270441040     
          12          27  0.962012100189674     
          17          28  0.879183875379521     
          18          29  0.959512517391429     
          18          30  0.958949781872076     
          19          31  0.969631068425691     
          19          32  0.971216075501286     
          20          33  0.854648599470472     
