           1           2   1.02126907216358     
           2           3  0.986241225516620     
           3           4  0.978025306653115     
           4           5   1.69485401998509     
           4           6   1.16611042939765     
           5           6  0.170636665620183     
           6           7  0.920081691048864     
           7           8   1.01341367958610     
           1           9  0.986171943646691     
           1          10  0.985917664469923     
           1          11  0.987330193076215     
           2          12  0.975362064973294     
           2          13  0.977302127090240     
           3          14  0.972374291171670     
           3          15  0.948931930153697     
           7          16  0.970284293682940     
           7          17  0.969230803276734     
           8          18  0.985919069538468     
           8          19  0.980307086913024     
           8          20  0.984514610228626     
