           1           2   1.01812661902355     
           2           3  0.980179808130703     
           3           4  0.978647477258263     
           4           5   1.69327937983060     
           4           6   1.16813769331425     
           5           6  0.171168439336619     
           6           7  0.918581861201681     
           7           8   1.01357164948271     
           1           9  0.984745193255314     
           1          10  0.986559024274035     
           1          11  0.986808956244827     
           2          12  0.977734040990855     
           2          13  0.978969756636342     
           3          14  0.973214764235822     
           3          15  0.953740001489086     
           7          16  0.968968786550047     
           7          17  0.970299968206803     
           8          18  0.985789750287383     
           8          19  0.984460286646830     
           8          20  0.980132119600196     
