$hessian                                                                        
        0.4772219671  -0.0258885622  -0.0134369329  -0.1667525876  -0.0554252932
       -0.0295402681  -0.0281133167  -0.0094861241   0.0001111952  -0.0018785839
        0.0015137699   0.0028183244   0.0002333397   0.0001675115  -0.0001989146
       -0.0019043136  -0.0002086519  -0.0000493627  -0.0001767994   0.0002421341
       -0.0000295287  -0.0000208792  -0.0000360624  -0.0000488483  -0.0594707175
        0.0153117494  -0.0593105432  -0.0450510843   0.0254245051  -0.0021029451
       -0.1634595599   0.0568802198   0.1088432100  -0.0113239251  -0.0050951575
       -0.0056257391  -0.0010677195  -0.0027530468  -0.0001101252   0.0012051911
       -0.0001645281  -0.0009460161   0.0007001919  -0.0004676699  -0.0004094615
       -0.0001231463  -0.0000449598   0.0000011212   0.0000212731   0.0000246269
       -0.0000091681   0.0000043492   0.0000148236   0.0000533613  -0.0000001973
       -0.0000105544   0.0000187085  -0.0000434818   0.0000012700  -0.0000280671
       -0.0258885622   0.5109138613  -0.0058751929  -0.0549070603  -0.0957110704
       -0.0134070247   0.0056705063   0.0034906514   0.0014610612   0.0001724765
       -0.0014735517  -0.0016336185   0.0000411912   0.0010166637   0.0005506170
        0.0007540458   0.0002377119   0.0001556018   0.0001580297  -0.0001439732
        0.0000330022   0.0000790495  -0.0000309561   0.0000048655   0.0149909599
       -0.0565201030   0.0503538102   0.0257621246  -0.2791959805   0.0231002242
        0.0563809956  -0.0690417832  -0.0487357724   0.0033433274   0.0028223845
        0.0008268787  -0.0274149249  -0.0175264776  -0.0067885677   0.0000465141
        0.0001249512   0.0000408235   0.0008306208   0.0009533432  -0.0000881315
        0.0000090204   0.0000221045  -0.0000022224  -0.0000022948   0.0000261471
       -0.0000204085  -0.0000119158   0.0000062053   0.0000215224  -0.0000167521
        0.0000134946  -0.0000096925   0.0000026484   0.0000163771   0.0000122244
       -0.0134369329  -0.0058751929   0.5225375005  -0.0292720818  -0.0134346087
       -0.0734903444   0.0158956317   0.0069508035   0.0020858764   0.0012583634
       -0.0020165669  -0.0024125080   0.0000131153   0.0007674905   0.0006241543
        0.0018084770   0.0001477543   0.0001283613   0.0002407474  -0.0002233686
       -0.0000087260   0.0001163087   0.0000130200  -0.0000133766  -0.0590618396
        0.0506438544  -0.2555113623  -0.0022762898   0.0229792549  -0.0471132574
        0.1082636967  -0.0489706347  -0.1404787262  -0.0262647836  -0.0125381019
       -0.0091206100   0.0016520730   0.0008570975   0.0013633813   0.0010531305
        0.0002990240   0.0011979864  -0.0000036167   0.0003549685   0.0001427091
        0.0000588278   0.0000283327   0.0000143944  -0.0000371345   0.0000052351
        0.0000029094  -0.0000020395   0.0000165101   0.0000082464  -0.0000113193
       -0.0000141765  -0.0000016377   0.0000056664   0.0000093046   0.0000450293
       -0.1667525876  -0.0549070603  -0.0292720818   0.4584712978  -0.0015524343
        0.0203477439  -0.1221307820   0.0328917506   0.0593001937  -0.0271495080
       -0.0012448024   0.0123936151  -0.0001812735   0.0052353343   0.0014468487
       -0.0048970887  -0.0023966583  -0.0000828877  -0.0010376807   0.0006514736
        0.0000640441  -0.0000315926  -0.0000460735  -0.0000357870  -0.0113199366
       -0.0047101769  -0.0062393807  -0.0003542991  -0.0033429209   0.0002236618
       -0.0234923500  -0.0100225972  -0.0032452475  -0.0557425465   0.0129591907
       -0.0553466848  -0.0427951511   0.0231975968  -0.0034570228   0.0034443412
       -0.0011659074  -0.0002022617  -0.0057270983   0.0044304406   0.0041650051
       -0.0002608983  -0.0001025721  -0.0000480549   0.0000677770   0.0001232918
        0.0000036425  -0.0000511707   0.0000033213   0.0000443117  -0.0000329131
       -0.0000203658   0.0000245784  -0.0000265390   0.0000191695  -0.0000842360
       -0.0554252932  -0.0957110704  -0.0134346087  -0.0015524343   0.5223257889
       -0.0185853589   0.0302267348  -0.0833575900  -0.0250845802  -0.0034627211
        0.0047171441   0.0085113779  -0.0016139601  -0.0002111650   0.0000824849
       -0.0054518361   0.0007549334  -0.0001404029  -0.0002558309   0.0007188077
       -0.0004142331  -0.0002013574  -0.0001419744  -0.0000396660   0.0039768990
        0.0029130067  -0.0000521560  -0.0275849105  -0.0186675575  -0.0070113505
        0.0064808763   0.0037251808   0.0016378432   0.0131842248  -0.0567498308
        0.0459217615   0.0227911244  -0.2705538644   0.0245727685  -0.0025356483
        0.0021192504   0.0013872197   0.0214326983  -0.0118990073  -0.0173978826
       -0.0001499954  -0.0000610238   0.0000413636   0.0001498412   0.0000293958
        0.0000223658   0.0000343237   0.0000259516   0.0000417547   0.0000189012
        0.0000292972  -0.0000100317  -0.0000616363  -0.0000056730  -0.0000486691
       -0.0295402681  -0.0134070247  -0.0734903444   0.0203477439  -0.0185853589
        0.5098638726   0.0569563321  -0.0260720782  -0.1149325646   0.0035439111
        0.0023826846   0.0023033881  -0.0016060733  -0.0008936291   0.0002719988
       -0.0029312002   0.0000370696   0.0002019017  -0.0003909033   0.0003334911
       -0.0000298229  -0.0000033344  -0.0000166878  -0.0001259712  -0.0262899571
       -0.0128650001  -0.0096723501   0.0020791846   0.0003614975   0.0010023907
        0.0161307524   0.0075332709   0.0033399878  -0.0555277579   0.0471636139
       -0.2483694086  -0.0029466928   0.0239950710  -0.0486639074   0.0208490132
       -0.0087170464  -0.0234021636  -0.0005554165  -0.0011403751   0.0015336278
       -0.0001624694  -0.0000646318   0.0000611419   0.0000807459  -0.0000476476
        0.0000273607  -0.0000141961  -0.0000348747   0.0000497100   0.0000061919
        0.0000479304   0.0000260010  -0.0000256059  -0.0000102744   0.0000051519
       -0.0281133167   0.0056705063   0.0158956317  -0.1221307820   0.0302267348
        0.0569563321   0.4571363594  -0.0231247835   0.0046010267  -0.1357603762
       -0.0512734055  -0.0184083567  -0.0038783108  -0.0143856948  -0.0032341503
       -0.0558073365  -0.0042447737   0.0003422075   0.0002339434   0.0034543102
        0.0020279748  -0.0006818040  -0.0001917209  -0.0002182626   0.0010249158
        0.0003355605   0.0007428248   0.0011797761   0.0007796497   0.0001110196
       -0.0057572625  -0.0023191209  -0.0005557807   0.0023468174  -0.0013813223
        0.0005907415  -0.0058315152   0.0059378875   0.0044698138  -0.0541379767
        0.0106815613  -0.0600879001  -0.0483248572   0.0406427638  -0.0029016628
       -0.0013622534  -0.0006813454  -0.0000779086  -0.0000352919  -0.0000692264
       -0.0001277230   0.0000384169  -0.0000380542   0.0001145934   0.0000360202
        0.0000065320   0.0000647046  -0.0001751660  -0.0000260585  -0.0003051258
       -0.0094861241   0.0034906514   0.0069508035   0.0328917506  -0.0833575900
       -0.0260720782  -0.0231247835   0.5236151126  -0.0073346331  -0.0465355740
       -0.0918507276  -0.0049229974  -0.0361797530  -0.0368078627  -0.0207839339
        0.0086587478   0.0093691977   0.0016335114   0.0027062239  -0.0006105392
       -0.0022395366  -0.0002322506  -0.0001286918  -0.0000719439   0.0001505186
        0.0001600177   0.0001685225  -0.0009636733   0.0010830545   0.0004939012
       -0.0034279219  -0.0004070553  -0.0000649266  -0.0035237124   0.0022300563
        0.0029810574   0.0235983669  -0.0137633228  -0.0197140410   0.0125798637
       -0.0455933200   0.0396926516   0.0417837612  -0.2675888208   0.0293196259
        0.0008020399   0.0003797874   0.0000248773   0.0003168562  -0.0001979113
       -0.0002093712   0.0000026875  -0.0001191928   0.0001217623  -0.0000178881
        0.0001069877   0.0000126305   0.0000008646  -0.0000098309   0.0000141183
        0.0001111952   0.0014610612   0.0020858764   0.0593001937  -0.0250845802
       -0.1149325646   0.0046010267  -0.0073346331   0.4717218982  -0.0115725719
       -0.0026676588  -0.0705598492  -0.0108441340  -0.0214102398   0.0079796226
        0.0054232212   0.0041734946   0.0085716303   0.0008313324  -0.0031053227
        0.0046968162   0.0011262311   0.0005229566   0.0000680813  -0.0009019088
       -0.0000596432   0.0013018630  -0.0002866319   0.0000121666   0.0001174842
       -0.0012858273  -0.0002362530   0.0008488983   0.0224673322  -0.0095903361
       -0.0229702369   0.0004674940  -0.0017894344   0.0005396677  -0.0651082223
        0.0356781395  -0.2458055317  -0.0037098322   0.0297303117  -0.0440806138
       -0.0002746318  -0.0001761385   0.0000529441  -0.0006007828  -0.0000756620
        0.0000255271   0.0000626260   0.0000041900  -0.0000066113   0.0000454012
       -0.0000148554  -0.0000443164   0.0001484894  -0.0000375630   0.0003894147
       -0.0018785839   0.0001724765   0.0012583634  -0.0271495080  -0.0034627211
        0.0035439111  -0.1357603762  -0.0465355740  -0.0115725719   0.4774497139
        0.0555632708   0.0033278621  -0.0799894401  -0.0691302752  -0.0244327678
       -0.1737478251   0.0599072972   0.0284397124  -0.0503461992   0.0075789477
        0.0090892466   0.0016594700   0.0011404192   0.0018166290  -0.0001687539
        0.0000345177   0.0005987908  -0.0002786390   0.0005683914   0.0001819067
       -0.0001815041  -0.0005158665  -0.0003253646   0.0002700623  -0.0001444482
       -0.0006443791  -0.0008951441  -0.0000389137   0.0001438658  -0.0095178096
       -0.0059594597  -0.0069954125   0.0047287650   0.0002582837  -0.0028842418
       -0.0051319160  -0.0011526059  -0.0005907162   0.0008278270   0.0019048295
       -0.0003043096  -0.0001068933  -0.0003295162  -0.0003965641  -0.0005411140
       -0.0000667762  -0.0002091797   0.0007578686   0.0002077230  -0.0000447806
        0.0015137699  -0.0014735517  -0.0020165669  -0.0012448024   0.0047171441
        0.0023826846  -0.0512734055  -0.0918507276  -0.0026676588   0.0555632708
        0.7872561313   0.2235054861  -0.0507360786  -0.5620774891  -0.1857545337
        0.0697719372  -0.1327844489  -0.0314649253   0.0050563574   0.0176200577
        0.0030701629  -0.0021176083  -0.0022220392  -0.0003164197  -0.0002816273
        0.0001037972   0.0002746436  -0.0001718790  -0.0000100971   0.0001337841
        0.0012780752   0.0003428213  -0.0002862045   0.0006950593   0.0009581014
       -0.0008461154   0.0024409460  -0.0008009229   0.0004026131   0.0010954630
        0.0032232898  -0.0010530840  -0.0232105877  -0.0205726528  -0.0058201848
       -0.0039742266  -0.0027061478   0.0002871393  -0.0034462598  -0.0001197636
        0.0020022883  -0.0005082501   0.0008397013  -0.0011246754   0.0005728205
       -0.0004760874   0.0002390297  -0.0010229739   0.0000328840  -0.0009474632
        0.0028183244  -0.0016336185  -0.0024125080   0.0123936151   0.0085113779
        0.0023033881  -0.0184083567  -0.0049229974  -0.0705598492   0.0033278621
        0.2235054861   0.2787547286  -0.0178055218  -0.1844668652  -0.1337510655
        0.0322816587  -0.0332932304  -0.0666817125   0.0062860776   0.0062090078
        0.0006114034  -0.0020622748  -0.0007807576   0.0003584266  -0.0001991575
       -0.0000110331   0.0000107827  -0.0001608584  -0.0000798609   0.0000286039
        0.0014076262   0.0003374051   0.0001847429   0.0016260889   0.0007593924
       -0.0008719340   0.0004454676  -0.0001761024   0.0008118630  -0.0268261889
       -0.0143393393  -0.0093544347   0.0043702291   0.0018369006   0.0007269174
        0.0016491433  -0.0008337164   0.0001047568  -0.0000756529  -0.0007737477
        0.0017093351  -0.0005355761  -0.0002399779  -0.0009529076  -0.0001775972
        0.0003708576  -0.0001668759  -0.0003549087   0.0000208191  -0.0008536611
        0.0002333397   0.0000411912   0.0000131153  -0.0001812735  -0.0016139601
       -0.0016060733  -0.0038783108  -0.0361797530  -0.0108441340  -0.0799894401
       -0.0507360786  -0.0178055218   0.0960988166   0.0379813804   0.0093450860
       -0.0083063886   0.0508202968   0.0211982642   0.0013954719   0.0037851057
        0.0014437038  -0.0003814259   0.0001955315  -0.0006280422   0.0000754780
       -0.0000331653  -0.0000005391  -0.0000011697  -0.0000753586  -0.0000599916
       -0.0000372663   0.0001133492   0.0000923632   0.0003235157   0.0000259526
       -0.0001386850   0.0002353296  -0.0006522847  -0.0001754336  -0.0012456094
       -0.0009722398  -0.0000518095  -0.0053517579  -0.0040250491  -0.0011972730
        0.0009442503   0.0009624988  -0.0003604287   0.0001183509   0.0005341504
       -0.0001646289  -0.0002414117  -0.0001192965   0.0004870130   0.0001217462
        0.0000697686   0.0002097313   0.0000677553  -0.0001220394   0.0002432841
        0.0001675115   0.0010166637   0.0007674905   0.0052353343  -0.0002111650
       -0.0008936291  -0.0143856948  -0.0368078627  -0.0214102398  -0.0691302752
       -0.5620774891  -0.1844668652   0.0379813804   0.6818478641   0.2478977296
        0.0485491816  -0.0821024831  -0.0450887661  -0.0033538212  -0.0003430051
        0.0037673228   0.0010572249   0.0018319346   0.0002785293   0.0002242208
       -0.0001408143  -0.0002230148   0.0002274755  -0.0000221625  -0.0001801732
       -0.0004185101   0.0000804156   0.0002336978  -0.0000951668  -0.0003440007
        0.0008495272  -0.0009868533   0.0009194818  -0.0001344451  -0.0011645617
       -0.0025905934  -0.0002463078  -0.0051767478  -0.0030311535  -0.0013054227
       -0.0002893333   0.0012149136   0.0002117181   0.0009304710   0.0010321355
       -0.0007941397   0.0004252458  -0.0004111116   0.0007222878  -0.0002739001
        0.0001875641  -0.0003953728   0.0004768187  -0.0000491320   0.0004100731
       -0.0001989146   0.0005506170   0.0006241543   0.0014468487   0.0000824849
        0.0002719988  -0.0032341503  -0.0207839339   0.0079796226  -0.0244327678
       -0.1857545337  -0.1337510655   0.0093450860   0.2478977296   0.1202758073
        0.0208337484  -0.0430860101   0.0068453965  -0.0011325076   0.0005356126
       -0.0026095282  -0.0007129053   0.0000241682  -0.0002771851   0.0001492175
       -0.0000317156  -0.0000522722   0.0001403268   0.0000034045  -0.0000753360
       -0.0002907400   0.0000416929   0.0000578741  -0.0005714937  -0.0007302152
        0.0005949758  -0.0001951361   0.0006649617  -0.0006376967   0.0020606645
        0.0014593578   0.0008713214  -0.0030892211  -0.0019953208   0.0002475260
       -0.0002656736   0.0004531152   0.0001748465  -0.0000145055   0.0005803023
       -0.0012220420   0.0002119656   0.0000784376   0.0006253858  -0.0000133997
       -0.0000044886   0.0000319477  -0.0000364423   0.0000143337   0.0000242689
       -0.0019043136   0.0007540458   0.0018084770  -0.0048970887  -0.0054518361
       -0.0029312002  -0.0558073365   0.0086587478   0.0054232212  -0.1737478251
        0.0697719372   0.0322816587  -0.0083063886   0.0485491816   0.0208337484
        0.4512213362  -0.0325451562  -0.0303686016  -0.1298720563  -0.0546435178
       -0.0126685714  -0.0294835448  -0.0112153737  -0.0147359085   0.0002085544
        0.0000813729  -0.0002107669   0.0001973351  -0.0001834702  -0.0000360715
       -0.0007746658  -0.0001248937   0.0000773625   0.0002811572   0.0000231904
        0.0004007726   0.0011252130   0.0001694926  -0.0002607835  -0.0019628632
        0.0002018062  -0.0004206255  -0.0000710762   0.0003495724   0.0014780479
       -0.0323647323  -0.0095840616   0.0027231207  -0.0143425378  -0.0161201964
        0.0000995322   0.0014058601   0.0003179894   0.0007873889   0.0013831290
        0.0004451474   0.0015918101  -0.0022881560   0.0005460221  -0.0058726113
       -0.0002086519   0.0002377119   0.0001477543  -0.0023966583   0.0007549334
        0.0000370696  -0.0042447737   0.0093691977   0.0041734946   0.0599072972
       -0.1327844489  -0.0332932304   0.0508202968  -0.0821024831  -0.0430860101
       -0.0325451562   0.3203522475   0.0926429231  -0.0446020869  -0.1049833344
       -0.0132556082  -0.0031763311   0.0034550269  -0.0039132934  -0.0000018068
       -0.0000637867   0.0000676398   0.0000097749   0.0001390714  -0.0000199658
       -0.0001591815  -0.0001007794   0.0000367608   0.0000067642  -0.0003035246
       -0.0002896448  -0.0007200390  -0.0000673137  -0.0001164674  -0.0002291897
       -0.0003282153  -0.0004256836   0.0000870512   0.0009072587  -0.0007807847
        0.0120094045   0.0065001167   0.0008342454  -0.0358253497  -0.0216091848
       -0.0027162781   0.0001350761  -0.0005815332   0.0003289636   0.0004421529
        0.0004892426  -0.0002141646   0.0006914071   0.0007197972  -0.0001577200
       -0.0000493627   0.0001556018   0.0001283613  -0.0000828877  -0.0001404029
        0.0002019017   0.0003422075   0.0016335114   0.0085716303   0.0284397124
       -0.0314649253  -0.0666817125   0.0211982642  -0.0450887661   0.0068453965
       -0.0303686016   0.0926429231   0.1101753796  -0.0072202293  -0.0136600126
       -0.0562664857  -0.0323765680  -0.0113514290  -0.0039926263   0.0000175005
       -0.0000420947   0.0000515805  -0.0000354573   0.0000364609  -0.0000437413
       -0.0000920579  -0.0000549278  -0.0000288187  -0.0002605470  -0.0000513704
        0.0000294814  -0.0002755785  -0.0000838754  -0.0000635750   0.0014819471
       -0.0003593469   0.0000503850  -0.0010261467  -0.0000455426  -0.0007073635
        0.0171955411   0.0074033932   0.0022170260   0.0055315927   0.0011887491
        0.0016376702   0.0003315917  -0.0001331184   0.0021269250   0.0009543030
       -0.0008665136   0.0019647388  -0.0037052234   0.0002816861  -0.0062161532
       -0.0001767994   0.0001580297   0.0002407474  -0.0010376807  -0.0002558309
       -0.0003909033   0.0002339434   0.0027062239   0.0008313324  -0.0503461992
        0.0050563574   0.0062860776   0.0013954719  -0.0033538212  -0.0011325076
       -0.1298720563  -0.0446020869  -0.0072202293   0.4075649751  -0.0586964206
       -0.0390345473  -0.0703282308   0.0101745405  -0.0350401263  -0.0000455920
        0.0000053260   0.0001086587  -0.0000770519   0.0000680413   0.0000308498
       -0.0001667378  -0.0001172415  -0.0000595854  -0.0001123587   0.0000061690
       -0.0002102036  -0.0001321264  -0.0002218199   0.0000558169  -0.0008506716
       -0.0002908613   0.0001710954  -0.0001615504   0.0004345391  -0.0000106066
       -0.1073087719   0.0703257869   0.0881938232  -0.0407052985   0.0176526947
       -0.0017070063   0.0056084691  -0.0025478038   0.0152711656  -0.0008629607
        0.0016662429  -0.0021136038  -0.0126187732   0.0018319349  -0.0242702476
        0.0002421341  -0.0001439732  -0.0002233686   0.0006514736   0.0007188077
        0.0003334911   0.0034543102  -0.0006105392  -0.0031053227   0.0075789477
        0.0176200577   0.0062090078   0.0037851057  -0.0003430051   0.0005356126
       -0.0546435178  -0.1049833344  -0.0136600126  -0.0586964206   0.5187654809
        0.0148967873   0.0098705279  -0.0700661866   0.0196255462  -0.0000230968
        0.0000099502   0.0000616841  -0.0000526235   0.0000300566   0.0000172709
        0.0000873646   0.0000252048  -0.0000079078  -0.0000911282   0.0000455752
       -0.0000170214  -0.0000832677  -0.0000578914   0.0000691756  -0.0004675765
       -0.0001410826   0.0001996551  -0.0002719818   0.0003343405  -0.0000235077
        0.0657808457  -0.1043068506  -0.0785593267   0.0213253028  -0.2535497210
        0.0470549583  -0.0046922922   0.0022102766  -0.0146768081   0.0105175486
       -0.0063692548   0.0299959294  -0.0042716557   0.0008120885  -0.0087258428
       -0.0000295287   0.0000330022  -0.0000087260   0.0000640441  -0.0004142331
       -0.0000298229   0.0020279748  -0.0022395366   0.0046968162   0.0090892466
        0.0030701629   0.0006114034   0.0014437038   0.0037673228  -0.0026095282
       -0.0126685714  -0.0132556082  -0.0562664857  -0.0390345473   0.0148967873
        0.4750648679  -0.0327546986   0.0189180810  -0.1842756951  -0.0000519235
        0.0000097821  -0.0000216711   0.0000029708   0.0000143590   0.0000286288
       -0.0000497982  -0.0000126055  -0.0000358049   0.0000484676   0.0000528358
       -0.0000891810   0.0000010625  -0.0000042823   0.0000365831   0.0009378521
        0.0005161726   0.0002275691  -0.0001478989  -0.0002835998   0.0000083448
        0.0863118729  -0.0792469175  -0.1437398481  -0.0018303511   0.0488070561
       -0.0525486010  -0.0060828084   0.0001476790  -0.0267244069  -0.0049920024
        0.0054164094  -0.0116311688  -0.0022850667  -0.0001928671  -0.0026932738
       -0.0000208792   0.0000790495   0.0001163087  -0.0000315926  -0.0002013574
       -0.0000033344  -0.0006818040  -0.0002322506   0.0011262311   0.0016594700
       -0.0021176083  -0.0020622748  -0.0003814259   0.0010572249  -0.0007129053
       -0.0294835448  -0.0031763311  -0.0323765680  -0.0703282308   0.0098705279
       -0.0327546986   0.5235620028   0.0071639344  -0.0234622525  -0.0000258221
       -0.0000092398  -0.0000412460   0.0000038425  -0.0000051472  -0.0000114927
       -0.0000990903  -0.0000072731   0.0000060961  -0.0000142415  -0.0000191789
       -0.0000661067  -0.0000159701   0.0000126915  -0.0000227530   0.0001469349
        0.0000358621   0.0000780152   0.0000272221   0.0001215786   0.0000058726
        0.0050622642  -0.0017904989   0.0131655023  -0.0002771928   0.0021747466
       -0.0044039519  -0.1265778367   0.0712655972   0.0895861570  -0.0439374466
       -0.0011427691   0.0011286414  -0.2585866593  -0.0830795582  -0.0092952404
       -0.0000360624  -0.0000309561   0.0000130200  -0.0000460735  -0.0001419744
       -0.0000166878  -0.0001917209  -0.0001286918   0.0005229566   0.0011404192
       -0.0022220392  -0.0007807576   0.0001955315   0.0018319346   0.0000241682
       -0.0112153737   0.0034550269  -0.0113514290   0.0101745405  -0.0700661866
        0.0189180810   0.0071639344   0.5280245902   0.0065568506  -0.0000088579
        0.0000074977  -0.0000135726   0.0000107985   0.0000292305  -0.0000014610
       -0.0000117360   0.0000054446  -0.0000010595   0.0000359845   0.0000312126
       -0.0000411113   0.0000098920   0.0000269364   0.0000248090   0.0000671551
        0.0000376661   0.0000228718   0.0000105942   0.0000661199   0.0000023358
       -0.0033458015   0.0022554884  -0.0140231671   0.0094673062  -0.0061989880
        0.0278850408   0.0706916424  -0.1072077063  -0.0771026661  -0.0013840026
       -0.2753231755   0.0532097202  -0.0827281698  -0.0744514301  -0.0038479420
       -0.0000488483   0.0000048655  -0.0000133766  -0.0000357870  -0.0000396660
       -0.0001259712  -0.0002182626  -0.0000719439   0.0000680813   0.0018166290
       -0.0003164197   0.0003584266  -0.0006280422   0.0002785293  -0.0002771851
       -0.0147359085  -0.0039132934  -0.0039926263  -0.0350401263   0.0196255462
       -0.1842756951  -0.0234622525   0.0065568506   0.4613709368   0.0000219274
        0.0000030076   0.0000301598  -0.0000007215   0.0000011246   0.0000013811
       -0.0000355395  -0.0000035539   0.0000153852   0.0000124216   0.0000207881
        0.0000755198  -0.0000019002  -0.0000044529   0.0000228571   0.0000857249
        0.0000245328   0.0000978222  -0.0000166472   0.0000604335  -0.0000283519
       -0.0054039903   0.0010951131  -0.0244482885  -0.0045224030   0.0045603400
       -0.0113677184   0.0909125106  -0.0781192573  -0.1403394104   0.0017147195
        0.0546072510  -0.0555955586  -0.0104135042  -0.0043697951  -0.0415763876
       -0.0594707175   0.0149909599  -0.0590618396  -0.0113199366   0.0039768990
       -0.0262899571   0.0010249158   0.0001505186  -0.0009019088  -0.0001687539
       -0.0002816273  -0.0001991575   0.0000754780   0.0002242208   0.0001492175
        0.0002085544  -0.0000018068   0.0000175005  -0.0000455920  -0.0000230968
       -0.0000519235  -0.0000258221  -0.0000088579   0.0000219274   0.0703326239
       -0.0149858642   0.0709073794  -0.0005779897   0.0026930899  -0.0049556934
        0.0050628659  -0.0044611933   0.0220845054  -0.0053178238  -0.0027700553
       -0.0023239076   0.0007557251   0.0005706903   0.0000703622  -0.0005091366
       -0.0001454698   0.0006079553  -0.0000643984   0.0000480332  -0.0000490698
        0.0000153098   0.0000163311  -0.0000058895   0.0000069078   0.0000043559
       -0.0000158250   0.0000092484   0.0000131013  -0.0000057207   0.0000040062
       -0.0000110562  -0.0000060993   0.0000045353   0.0000008274   0.0000081442
        0.0153117494  -0.0565201030   0.0506438544  -0.0047101769   0.0029130067
       -0.0128650001   0.0003355605   0.0001600177  -0.0000596432   0.0000345177
        0.0001037972  -0.0000110331  -0.0000331653  -0.0001408143  -0.0000317156
        0.0000813729  -0.0000637867  -0.0000420947   0.0000053260   0.0000099502
        0.0000097821  -0.0000092398   0.0000074977   0.0000030076  -0.0149858642
        0.0622521194  -0.0577797041   0.0087397749  -0.0113893394   0.0323082050
       -0.0017602886   0.0026313057  -0.0103175850  -0.0030644857  -0.0004464682
       -0.0012704371  -0.0001046474   0.0004632250  -0.0007679939   0.0001154961
        0.0002431326   0.0000085082   0.0000482919  -0.0002315134   0.0001792959
        0.0000051807  -0.0000000326  -0.0000011389  -0.0000102507  -0.0000030475
       -0.0000064760   0.0000041732   0.0000057795  -0.0000041446  -0.0000011005
       -0.0000021325   0.0000049697  -0.0000022242   0.0000074060  -0.0000006567
       -0.0593105432   0.0503538102  -0.2555113623  -0.0062393807  -0.0000521560
       -0.0096723501   0.0007428248   0.0001685225   0.0013018630   0.0005987908
        0.0002746436   0.0000107827  -0.0000005391  -0.0002230148  -0.0000522722
       -0.0002107669   0.0000676398   0.0000515805   0.0001086587   0.0000616841
       -0.0000216711  -0.0000412460  -0.0000135726   0.0000301598   0.0709073794
       -0.0577797041   0.2954090741  -0.0015273640   0.0038989584  -0.0062291680
       -0.0029354097   0.0046929186  -0.0255189747  -0.0022188137  -0.0014409330
       -0.0000487978   0.0003933178  -0.0000356783   0.0001848765  -0.0002613891
       -0.0000075324   0.0002952661  -0.0000529642   0.0000345307  -0.0002136123
        0.0000069884   0.0000097731   0.0000099362   0.0000171228  -0.0000162536
       -0.0000047553   0.0000180889   0.0000097364  -0.0000145942   0.0000159104
        0.0000035548  -0.0000080598  -0.0000106654  -0.0000069275   0.0000020790
       -0.0450510843   0.0257621246  -0.0022762898  -0.0003542991  -0.0275849105
        0.0020791846   0.0011797761  -0.0009636733  -0.0002866319  -0.0002786390
       -0.0001718790  -0.0001608584  -0.0000011697   0.0002274755   0.0001403268
        0.0001973351   0.0000097749  -0.0000354573  -0.0000770519  -0.0000526235
        0.0000029708   0.0000038425   0.0000107985  -0.0000007215  -0.0005779897
        0.0087397749  -0.0015273640   0.0532809079  -0.0267923091   0.0035581770
       -0.0039203213   0.0242668922  -0.0007713863   0.0007455737  -0.0000967496
        0.0004317890  -0.0046257794  -0.0036509605  -0.0011669579  -0.0000837532
        0.0000311085   0.0000188798  -0.0004514092   0.0002516636  -0.0000093986
        0.0000138246   0.0000070649  -0.0000023099   0.0000106362   0.0000183114
       -0.0000044934  -0.0000040734  -0.0000105086   0.0000043926  -0.0000202478
       -0.0000057685  -0.0000003884   0.0000139221   0.0000043938   0.0000065369
        0.0254245051  -0.2791959805   0.0229792549  -0.0033429209  -0.0186675575
        0.0003614975   0.0007796497   0.0010830545   0.0000121666   0.0005683914
       -0.0000100971  -0.0000798609  -0.0000753586  -0.0000221625   0.0000034045
       -0.0001834702   0.0001390714   0.0000364609   0.0000680413   0.0000300566
        0.0000143590  -0.0000051472   0.0000292305   0.0000011246   0.0026930899
       -0.0113893394   0.0038989584  -0.0267923091   0.3242326254  -0.0257566287
        0.0045177738  -0.0151507516  -0.0003752024   0.0004871865   0.0004100200
       -0.0000376554  -0.0036289685  -0.0014544830  -0.0012658312  -0.0000119119
       -0.0002962597   0.0001226624  -0.0005362348   0.0002647921   0.0000792000
        0.0000068203   0.0000139961   0.0000096930   0.0000154968  -0.0000095426
        0.0000023620   0.0000101517  -0.0000219209  -0.0000063412  -0.0000015342
        0.0000164148  -0.0000019399   0.0000067490  -0.0000011667   0.0000023159
       -0.0021029451   0.0231002242  -0.0471132574   0.0002236618  -0.0070113505
        0.0010023907   0.0001110196   0.0004939012   0.0001174842   0.0001819067
        0.0001337841   0.0000286039  -0.0000599916  -0.0001801732  -0.0000753360
       -0.0000360715  -0.0000199658  -0.0000437413   0.0000308498   0.0000172709
        0.0000286288  -0.0000114927  -0.0000014610   0.0000013811  -0.0049556934
        0.0323082050  -0.0062291680   0.0035581770  -0.0257566287   0.0505031319
        0.0042618248  -0.0214655330   0.0011764059   0.0000602031  -0.0007467794
        0.0001572814  -0.0013851698  -0.0010285249   0.0004800421  -0.0000789733
        0.0002255607  -0.0002255120   0.0002119875  -0.0000502854   0.0001906768
        0.0000003312   0.0000054020  -0.0000032570  -0.0000041896  -0.0000014164
        0.0000020245   0.0000013920  -0.0000157684   0.0000004830  -0.0000037632
       -0.0000030368   0.0000026650  -0.0000030633  -0.0000034244  -0.0000009275
       -0.1634595599   0.0563809956   0.1082636967  -0.0234923500   0.0064808763
        0.0161307524  -0.0057572625  -0.0034279219  -0.0012858273  -0.0001815041
        0.0012780752   0.0014076262  -0.0000372663  -0.0004185101  -0.0002907400
       -0.0007746658  -0.0001591815  -0.0000920579  -0.0001667378   0.0000873646
       -0.0000497982  -0.0000990903  -0.0000117360  -0.0000355395   0.0050628659
       -0.0017602886  -0.0029354097  -0.0039203213   0.0045177738   0.0042618248
        0.1917126606  -0.0634166878  -0.1255162966   0.0002273872   0.0005038934
        0.0002002888   0.0005401638   0.0002266621   0.0003492636   0.0001401997
       -0.0000574052  -0.0003750128   0.0001936639  -0.0002024821  -0.0000677062
       -0.0000256209  -0.0000101914   0.0000029394   0.0000264275  -0.0000078633
        0.0000036753   0.0000090004   0.0000053689   0.0000183426   0.0000146840
       -0.0000021118   0.0000129872  -0.0000126741  -0.0000066303  -0.0000030088
        0.0568802198  -0.0690417832  -0.0489706347  -0.0100225972   0.0037251808
        0.0075332709  -0.0023191209  -0.0004070553  -0.0002362530  -0.0005158665
        0.0003428213   0.0003374051   0.0001133492   0.0000804156   0.0000416929
       -0.0001248937  -0.0001007794  -0.0000549278  -0.0001172415   0.0000252048
       -0.0000126055  -0.0000072731   0.0000054446  -0.0000035539  -0.0044611933
        0.0026313057   0.0046929186   0.0242668922  -0.0151507516  -0.0214655330
       -0.0634166878   0.0774437795   0.0575572817   0.0003318257   0.0001483126
        0.0002282925  -0.0003590922   0.0003632729   0.0003607435  -0.0000050960
       -0.0001217179   0.0000065092  -0.0002402060   0.0000406624  -0.0000215533
       -0.0000085534   0.0000032905  -0.0000027515   0.0000047260   0.0000149095
        0.0000058357  -0.0000001948   0.0000005093   0.0000057628   0.0000003370
       -0.0000077039  -0.0000034759   0.0000006665   0.0000046815   0.0000015755
        0.1088432100  -0.0487357724  -0.1404787262  -0.0032452475   0.0016378432
        0.0033399878  -0.0005557807  -0.0000649266   0.0008488983  -0.0003253646
       -0.0002862045   0.0001847429   0.0000923632   0.0002336978   0.0000578741
        0.0000773625   0.0000367608  -0.0000288187  -0.0000595854  -0.0000079078
       -0.0000358049   0.0000060961  -0.0000010595   0.0000153852   0.0220845054
       -0.0103175850  -0.0255189747  -0.0007713863  -0.0003752024   0.0011764059
       -0.1255162966   0.0575572817   0.1597770332  -0.0004280724   0.0000266053
        0.0005275550   0.0000599116   0.0002736629  -0.0000321355  -0.0001207511
       -0.0001007291   0.0002067751  -0.0001387892   0.0001058115  -0.0000458190
        0.0000088263   0.0000031354  -0.0000009737   0.0000047390   0.0000138231
       -0.0000032395  -0.0000084252   0.0000011171   0.0000046758  -0.0000102784
       -0.0000031725   0.0000010145   0.0000029630   0.0000028209   0.0000041441
       -0.0113239251   0.0033433274  -0.0262647836  -0.0557425465   0.0131842248
       -0.0555277579   0.0023468174  -0.0035237124   0.0224673322   0.0002700623
        0.0006950593   0.0016260889   0.0003235157  -0.0000951668  -0.0005714937
        0.0002811572   0.0000067642  -0.0002605470  -0.0001123587  -0.0000911282
        0.0000484676  -0.0000142415   0.0000359845   0.0000124216  -0.0053178238
       -0.0030644857  -0.0022188137   0.0007455737   0.0004871865   0.0000602031
        0.0002273872   0.0003318257  -0.0004280724   0.0705655213  -0.0142874451
        0.0623782281  -0.0000047454   0.0022182464  -0.0046355413  -0.0029364507
        0.0011383210   0.0034574877   0.0006807206  -0.0003726836  -0.0000740942
        0.0000466364   0.0000064543  -0.0000228388   0.0000040624   0.0000146910
        0.0000049123  -0.0000447009  -0.0000534399  -0.0000324409  -0.0000313916
        0.0000237128  -0.0000001909   0.0000367300   0.0000022641  -0.0000185672
       -0.0050951575   0.0028223845  -0.0125381019   0.0129591907  -0.0567498308
        0.0471636139  -0.0013813223   0.0022300563  -0.0095903361  -0.0001444482
        0.0009581014   0.0007593924   0.0000259526  -0.0003440007  -0.0007302152
        0.0000231904  -0.0003035246  -0.0000513704   0.0000061690   0.0000455752
        0.0000528358  -0.0000191789   0.0000312126   0.0000207881  -0.0027700553
       -0.0004464682  -0.0014409330  -0.0000967496   0.0004100200  -0.0007467794
        0.0005038934   0.0001483126   0.0000266053  -0.0142874451   0.0619445884
       -0.0519380807   0.0091431310  -0.0113885242   0.0317678604   0.0013233795
        0.0003046160  -0.0019434820  -0.0001911788   0.0003980319  -0.0007873244
        0.0000006291  -0.0000081290  -0.0000180869  -0.0000060706  -0.0000155873
        0.0000236606  -0.0000266138  -0.0000042672  -0.0000151892   0.0000254432
       -0.0000165626  -0.0000113165   0.0000072412  -0.0000160043  -0.0000035405
       -0.0056257391   0.0008268787  -0.0091206100  -0.0553466848   0.0459217615
       -0.2483694086   0.0005907415   0.0029810574  -0.0229702369  -0.0006443791
       -0.0008461154  -0.0008719340  -0.0001386850   0.0008495272   0.0005949758
        0.0004007726  -0.0002896448   0.0000294814  -0.0002102036  -0.0000170214
       -0.0000891810  -0.0000661067  -0.0000411113   0.0000755198  -0.0023239076
       -0.0012704371  -0.0000487978   0.0004317890  -0.0000376554   0.0001572814
        0.0002002888   0.0002282925   0.0005275550   0.0623782281  -0.0519380807
        0.2897263885  -0.0025576177   0.0048826500  -0.0070609347   0.0035404721
       -0.0014797578  -0.0030010223  -0.0006045565   0.0001839032   0.0004753473
       -0.0000356055   0.0000257890  -0.0000218750  -0.0000137271   0.0000105477
       -0.0000461386   0.0000423199   0.0000440579   0.0000314893   0.0000160134
       -0.0000301048  -0.0000051352  -0.0000334126  -0.0000045365  -0.0000127642
       -0.0010677195  -0.0274149249   0.0016520730  -0.0427951511   0.0227911244
       -0.0029466928  -0.0058315152   0.0235983669   0.0004674940  -0.0008951441
        0.0024409460   0.0004454676   0.0002353296  -0.0009868533  -0.0001951361
        0.0011252130  -0.0007200390  -0.0002755785  -0.0001321264  -0.0000832677
        0.0000010625  -0.0000159701   0.0000098920  -0.0000019002   0.0007557251
       -0.0001046474   0.0003933178  -0.0046257794  -0.0036289685  -0.0013851698
        0.0005401638  -0.0003590922   0.0000599116  -0.0000047454   0.0091431310
       -0.0025576177   0.0555764072  -0.0263210120   0.0016021623   0.0006362078
       -0.0001924041  -0.0004131662  -0.0035082966   0.0018516105   0.0031653834
        0.0000485090  -0.0000115072  -0.0000151663  -0.0000567257  -0.0000087368
        0.0000166558  -0.0000254093   0.0000250959  -0.0000347578   0.0000243500
       -0.0000253668   0.0000083517   0.0000166772  -0.0000033466   0.0000133054
       -0.0027530468  -0.0175264776   0.0008570975   0.0231975968  -0.2705538644
        0.0239950710   0.0059378875  -0.0137633228  -0.0017894344  -0.0000389137
       -0.0008009229  -0.0001761024  -0.0006522847   0.0009194818   0.0006649617
        0.0001694926  -0.0000673137  -0.0000838754  -0.0002218199  -0.0000578914
       -0.0000042823   0.0000126915   0.0000269364  -0.0000044529   0.0005706903
        0.0004632250  -0.0000356783  -0.0036509605  -0.0014544830  -0.0010285249
        0.0002266621   0.0003632729   0.0002736629   0.0022182464  -0.0113885242
        0.0048826500  -0.0263210120   0.3142123273  -0.0256607173  -0.0003392867
        0.0002468976   0.0001785079   0.0017071746  -0.0006441299  -0.0020899618
       -0.0000254190   0.0000054039  -0.0000016788  -0.0000134556   0.0000424718
       -0.0000004197   0.0000139322  -0.0000153042   0.0000260343  -0.0000298954
       -0.0000141721   0.0000009779  -0.0000082799   0.0000063894  -0.0000038351
       -0.0001101252  -0.0067885677   0.0013633813  -0.0034570228   0.0245727685
       -0.0486639074   0.0044698138  -0.0197140410   0.0005396677   0.0001438658
        0.0004026131   0.0008118630  -0.0001754336  -0.0001344451  -0.0006376967
       -0.0002607835  -0.0001164674  -0.0000635750   0.0000558169   0.0000691756
        0.0000365831  -0.0000227530   0.0000248090   0.0000228571   0.0000703622
       -0.0007679939   0.0001848765  -0.0011669579  -0.0012658312   0.0004800421
        0.0003492636   0.0003607435  -0.0000321355  -0.0046355413   0.0317678604
       -0.0070609347   0.0016021623  -0.0256607173   0.0543853528  -0.0000260994
       -0.0007131879   0.0003744340   0.0031666130  -0.0020319906  -0.0017111286
       -0.0000104808  -0.0000160151  -0.0000060524   0.0000076459  -0.0000016542
        0.0000091670  -0.0000024082   0.0000183161  -0.0000129744   0.0000046268
       -0.0000041926  -0.0000111571  -0.0000025646  -0.0000011822  -0.0000086628
        0.0012051911   0.0000465141   0.0010531305   0.0034443412  -0.0025356483
        0.0208490132  -0.0541379767   0.0125798637  -0.0651082223  -0.0095178096
        0.0010954630  -0.0268261889  -0.0012456094  -0.0011645617   0.0020606645
       -0.0019628632  -0.0002291897   0.0014819471  -0.0008506716  -0.0004675765
        0.0009378521   0.0001469349   0.0000671551   0.0000857249  -0.0005091366
        0.0001154961  -0.0002613891  -0.0000837532  -0.0000119119  -0.0000789733
        0.0001401997  -0.0000050960  -0.0001207511  -0.0029364507   0.0013233795
        0.0035404721   0.0006362078  -0.0003392867  -0.0000260994   0.0659570761
       -0.0129985890   0.0681377348  -0.0001295215   0.0025787484  -0.0058492313
       -0.0001912494  -0.0000650652  -0.0000085834  -0.0000736456   0.0000247512
       -0.0000324790   0.0000426938   0.0000454109   0.0000611922   0.0000464505
       -0.0000543123   0.0000194245   0.0000195925  -0.0000055446   0.0000847621
       -0.0001645281   0.0001249512   0.0002990240  -0.0011659074   0.0021192504
       -0.0087170464   0.0106815613  -0.0455933200   0.0356781395  -0.0059594597
        0.0032232898  -0.0143393393  -0.0009722398  -0.0025905934   0.0014593578
        0.0002018062  -0.0003282153  -0.0003593469  -0.0002908613  -0.0001410826
        0.0005161726   0.0000358621   0.0000376661   0.0000245328  -0.0001454698
        0.0002431326  -0.0000075324   0.0000311085  -0.0002962597   0.0002255607
       -0.0000574052  -0.0001217179  -0.0001007291   0.0011383210   0.0003046160
       -0.0014797578  -0.0001924041   0.0002468976  -0.0007131879  -0.0129985890
        0.0517196287  -0.0424817868   0.0099293853  -0.0089048817   0.0300078263
       -0.0000479274  -0.0000441681   0.0000007554  -0.0000469160   0.0000045554
       -0.0000336766   0.0000246923  -0.0000034420  -0.0000066043  -0.0000134678
       -0.0000128907   0.0000121498   0.0000124391   0.0000125835   0.0000154889
       -0.0009460161   0.0000408235   0.0011979864  -0.0002022617   0.0013872197
       -0.0234021636  -0.0600879001   0.0396926516  -0.2458055317  -0.0069954125
       -0.0010530840  -0.0093544347  -0.0000518095  -0.0002463078   0.0008713214
       -0.0004206255  -0.0004256836   0.0000503850   0.0001710954   0.0001996551
        0.0002275691   0.0000780152   0.0000228718   0.0000978222   0.0006079553
        0.0000085082   0.0002952661   0.0000188798   0.0001226624  -0.0002255120
       -0.0003750128   0.0000065092   0.0002067751   0.0034574877  -0.0019434820
       -0.0030010223  -0.0004131662   0.0001785079   0.0003744340   0.0681377348
       -0.0424817868   0.2855777779  -0.0031124880   0.0044633211  -0.0071231827
        0.0000117407  -0.0000164050   0.0000052720   0.0000335954   0.0000291602
       -0.0000110677   0.0000336954   0.0000283892  -0.0000121375   0.0000348924
       -0.0000100214  -0.0000100156   0.0000196002  -0.0000035092   0.0000404587
        0.0007001919   0.0008306208  -0.0000036167  -0.0057270983   0.0214326983
       -0.0005554165  -0.0483248572   0.0417837612  -0.0037098322   0.0047287650
       -0.0232105877   0.0043702291  -0.0053517579  -0.0051767478  -0.0030892211
       -0.0000710762   0.0000870512  -0.0010261467  -0.0001615504  -0.0002719818
       -0.0001478989   0.0000272221   0.0000105942  -0.0000166472  -0.0000643984
        0.0000482919  -0.0000529642  -0.0004514092  -0.0005362348   0.0002119875
        0.0001936639  -0.0002402060  -0.0001387892   0.0006807206  -0.0001911788
       -0.0006045565  -0.0035082966   0.0017071746   0.0031666130  -0.0001295215
        0.0099293853  -0.0031124880   0.0572604539  -0.0463504403   0.0046772691
        0.0001021118   0.0000346302   0.0000219467   0.0001147364   0.0000866593
       -0.0000039489   0.0000184672  -0.0000377354   0.0000342249  -0.0000807214
        0.0000394742  -0.0000435697   0.0000443542   0.0000247713   0.0000228257
       -0.0004676699   0.0009533432   0.0003549685   0.0044304406  -0.0118990073
       -0.0011403751   0.0406427638  -0.2675888208   0.0297303117   0.0002582837
       -0.0205726528   0.0018369006  -0.0040250491  -0.0030311535  -0.0019953208
        0.0003495724   0.0009072587  -0.0000455426   0.0004345391   0.0003343405
       -0.0002835998   0.0001215786   0.0000661199   0.0000604335   0.0000480332
       -0.0002315134   0.0000345307   0.0002516636   0.0002647921  -0.0000502854
       -0.0002024821   0.0000406624   0.0001058115  -0.0003726836   0.0003980319
        0.0001839032   0.0018516105  -0.0006441299  -0.0020319906   0.0025787484
       -0.0089048817   0.0044633211  -0.0463504403   0.3097379386  -0.0312468428
        0.0001698130   0.0000693089   0.0000160447   0.0002475131   0.0001052386
        0.0000003329   0.0000080904  -0.0000957799  -0.0000111270  -0.0000474360
        0.0000867371  -0.0000119465   0.0000731105   0.0000041672   0.0000304723
       -0.0004094615  -0.0000881315   0.0001427091   0.0041650051  -0.0173978826
        0.0015336278  -0.0029016628   0.0293196259  -0.0440806138  -0.0028842418
       -0.0058201848   0.0007269174  -0.0011972730  -0.0013054227   0.0002475260
        0.0014780479  -0.0007807847  -0.0007073635  -0.0000106066  -0.0000235077
        0.0000083448   0.0000058726   0.0000023358  -0.0000283519  -0.0000490698
        0.0001792959  -0.0002136123  -0.0000093986   0.0000792000   0.0001906768
       -0.0000677062  -0.0000215533  -0.0000458190  -0.0000740942  -0.0007873244
        0.0004753473   0.0031653834  -0.0020899618  -0.0017111286  -0.0058492313
        0.0300078263  -0.0071231827   0.0046772691  -0.0312468428   0.0506902889
        0.0000612226   0.0000187405  -0.0000274284  -0.0000529065  -0.0000145354
       -0.0000254161  -0.0000161023  -0.0000514853  -0.0000369255  -0.0000588286
       -0.0000001122   0.0000107772   0.0000277826   0.0000207050  -0.0000263735
       -0.0001231463   0.0000090204   0.0000588278  -0.0002608983  -0.0001499954
       -0.0001624694  -0.0013622534   0.0008020399  -0.0002746318  -0.0051319160
       -0.0039742266   0.0016491433   0.0009442503  -0.0002893333  -0.0002656736
       -0.0323647323   0.0120094045   0.0171955411  -0.1073087719   0.0657808457
        0.0863118729   0.0050622642  -0.0033458015  -0.0054039903   0.0000153098
        0.0000051807   0.0000069884   0.0000138246   0.0000068203   0.0000003312
       -0.0000256209  -0.0000085534   0.0000088263   0.0000466364   0.0000006291
       -0.0000356055   0.0000485090  -0.0000254190  -0.0000104808  -0.0001912494
       -0.0000479274   0.0000117407   0.0001021118   0.0001698130   0.0000612226
        0.1405045551  -0.0747773222  -0.0992867194  -0.0007631707   0.0039755055
        0.0027730193   0.0002304663   0.0002460383  -0.0022277303   0.0002244725
       -0.0002895529   0.0000729811   0.0003393594  -0.0000971657  -0.0004831937
       -0.0000449598   0.0000221045   0.0000283327  -0.0001025721  -0.0000610238
       -0.0000646318  -0.0006813454   0.0003797874  -0.0001761385  -0.0011526059
       -0.0027061478  -0.0008337164   0.0009624988   0.0012149136   0.0004531152
       -0.0095840616   0.0065001167   0.0074033932   0.0703257869  -0.1043068506
       -0.0792469175  -0.0017904989   0.0022554884   0.0010951131   0.0000163311
       -0.0000000326   0.0000097731   0.0000070649   0.0000139961   0.0000054020
       -0.0000101914   0.0000032905   0.0000031354   0.0000064543  -0.0000081290
        0.0000257890  -0.0000115072   0.0000054039  -0.0000160151  -0.0000650652
       -0.0000441681  -0.0000164050   0.0000346302   0.0000693089   0.0000187405
       -0.0747773222   0.1133242709   0.0891056071   0.0173744071  -0.0181019056
       -0.0192047332  -0.0000500774   0.0009802974   0.0007851815  -0.0002780150
        0.0004612069   0.0008451223  -0.0001789511  -0.0000019277  -0.0002201475
        0.0000011212  -0.0000022224   0.0000143944  -0.0000480549   0.0000413636
        0.0000611419  -0.0000779086   0.0000248773   0.0000529441  -0.0005907162
        0.0002871393   0.0001047568  -0.0003604287   0.0002117181   0.0001748465
        0.0027231207   0.0008342454   0.0022170260   0.0881938232  -0.0785593267
       -0.1437398481   0.0131655023  -0.0140231671  -0.0244482885  -0.0000058895
       -0.0000011389   0.0000099362  -0.0000023099   0.0000096930  -0.0000032570
        0.0000029394  -0.0000027515  -0.0000009737  -0.0000228388  -0.0000180869
       -0.0000218750  -0.0000151663  -0.0000016788  -0.0000060524  -0.0000085834
        0.0000007554   0.0000052720   0.0000219467   0.0000160447  -0.0000274284
       -0.0992867194   0.0891056071   0.1669600380  -0.0023355720   0.0017866486
        0.0038168662  -0.0022553252   0.0008483553  -0.0063268012   0.0005822848
       -0.0003976942   0.0006989034   0.0003187746  -0.0001603813   0.0004583988
        0.0000212731  -0.0000022948  -0.0000371345   0.0000677770   0.0001498412
        0.0000807459  -0.0000352919   0.0003168562  -0.0006007828   0.0008278270
       -0.0034462598  -0.0000756529   0.0001183509   0.0009304710  -0.0000145055
       -0.0143425378  -0.0358253497   0.0055315927  -0.0407052985   0.0213253028
       -0.0018303511  -0.0002771928   0.0094673062  -0.0045224030   0.0000069078
       -0.0000102507   0.0000171228   0.0000106362   0.0000154968  -0.0000041896
        0.0000264275   0.0000047260   0.0000047390   0.0000040624  -0.0000060706
       -0.0000137271  -0.0000567257  -0.0000134556   0.0000076459  -0.0000736456
       -0.0000469160   0.0000335954   0.0001147364   0.0002475131  -0.0000529065
       -0.0007631707   0.0173744071  -0.0023355720   0.0549513409  -0.0106564689
        0.0058843598   0.0002072244  -0.0002885508   0.0006623556  -0.0000691714
        0.0001417068  -0.0024932293  -0.0000335292   0.0003219897  -0.0002417028
        0.0000246269   0.0000261471   0.0000052351   0.0001232918   0.0000293958
       -0.0000476476  -0.0000692264  -0.0001979113  -0.0000756620   0.0019048295
       -0.0001197636  -0.0007737477   0.0005341504   0.0010321355   0.0005803023
       -0.0161201964  -0.0216091848   0.0011887491   0.0176526947  -0.2535497210
        0.0488070561   0.0021747466  -0.0061989880   0.0045603400   0.0000043559
       -0.0000030475  -0.0000162536   0.0000183114  -0.0000095426  -0.0000014164
       -0.0000078633   0.0000149095   0.0000138231   0.0000146910  -0.0000155873
        0.0000105477  -0.0000087368   0.0000424718  -0.0000016542   0.0000247512
        0.0000045554   0.0000291602   0.0000866593   0.0001052386  -0.0000145354
        0.0039755055  -0.0181019056   0.0017866486  -0.0106564689   0.2969046393
       -0.0564849016  -0.0003673076   0.0006471040  -0.0006201075   0.0005551165
        0.0008015367   0.0013102415   0.0001360684   0.0001975180  -0.0002561778
       -0.0000091681  -0.0000204085   0.0000029094   0.0000036425   0.0000223658
        0.0000273607  -0.0001277230  -0.0002093712   0.0000255271  -0.0003043096
        0.0020022883   0.0017093351  -0.0001646289  -0.0007941397  -0.0012220420
        0.0000995322  -0.0027162781   0.0016376702  -0.0017070063   0.0470549583
       -0.0525486010  -0.0044039519   0.0278850408  -0.0113677184  -0.0000158250
       -0.0000064760  -0.0000047553  -0.0000044934   0.0000023620   0.0000020245
        0.0000036753   0.0000058357  -0.0000032395   0.0000049123   0.0000236606
       -0.0000461386   0.0000166558  -0.0000004197   0.0000091670  -0.0000324790
       -0.0000336766  -0.0000110677  -0.0000039489   0.0000003329  -0.0000254161
        0.0027730193  -0.0192047332   0.0038168662   0.0058843598  -0.0564849016
        0.0628783261   0.0002145980   0.0007482074   0.0007277699  -0.0024535970
        0.0015603261  -0.0060083269   0.0002267359   0.0001650268   0.0004003493
        0.0000043492  -0.0000119158  -0.0000020395  -0.0000511707   0.0000343237
       -0.0000141961   0.0000384169   0.0000026875   0.0000626260  -0.0001068933
       -0.0005082501  -0.0005355761  -0.0002414117   0.0004252458   0.0002119656
        0.0014058601   0.0001350761   0.0003315917   0.0056084691  -0.0046922922
       -0.0060828084  -0.1265778367   0.0706916424   0.0909125106   0.0000092484
        0.0000041732   0.0000180889  -0.0000040734   0.0000101517   0.0000013920
        0.0000090004  -0.0000001948  -0.0000084252  -0.0000447009  -0.0000266138
        0.0000423199  -0.0000254093   0.0000139322  -0.0000024082   0.0000426938
        0.0000246923   0.0000336954   0.0000184672   0.0000080904  -0.0000161023
        0.0002304663  -0.0000500774  -0.0022553252   0.0002072244  -0.0003673076
        0.0002145980   0.1423946245  -0.0824791187  -0.1038380985  -0.0004211002
        0.0016793277   0.0007336961  -0.0224962239   0.0151064273   0.0201924954
        0.0000148236   0.0000062053   0.0000165101   0.0000033213   0.0000259516
       -0.0000348747  -0.0000380542  -0.0001191928   0.0000041900  -0.0003295162
        0.0008397013  -0.0002399779  -0.0001192965  -0.0004111116   0.0000784376
        0.0003179894  -0.0005815332  -0.0001331184  -0.0025478038   0.0022102766
        0.0001476790   0.0712655972  -0.1072077063  -0.0781192573   0.0000131013
        0.0000057795   0.0000097364  -0.0000105086  -0.0000219209  -0.0000157684
        0.0000053689   0.0000005093   0.0000011171  -0.0000534399  -0.0000042672
        0.0000440579   0.0000250959  -0.0000153042   0.0000183161   0.0000454109
       -0.0000034420   0.0000283892  -0.0000377354  -0.0000957799  -0.0000514853
        0.0002460383   0.0009802974   0.0008483553  -0.0002885508   0.0006471040
        0.0007482074  -0.0824791187   0.1190668381   0.0899877115   0.0201660685
       -0.0208115838  -0.0197243505  -0.0061987911   0.0054891788   0.0063861251
        0.0000533613   0.0000215224   0.0000082464   0.0000443117   0.0000417547
        0.0000497100   0.0001145934   0.0001217623  -0.0000066113  -0.0003965641
       -0.0011246754  -0.0009529076   0.0004870130   0.0007222878   0.0006253858
        0.0007873889   0.0003289636   0.0021269250   0.0152711656  -0.0146768081
       -0.0267244069   0.0895861570  -0.0771026661  -0.1403394104  -0.0000057207
       -0.0000041446  -0.0000145942   0.0000043926  -0.0000063412   0.0000004830
        0.0000183426   0.0000057628   0.0000046758  -0.0000324409  -0.0000151892
        0.0000314893  -0.0000347578   0.0000260343  -0.0000129744   0.0000611922
       -0.0000066043  -0.0000121375   0.0000342249  -0.0000111270  -0.0000369255
       -0.0022277303   0.0007851815  -0.0063268012   0.0006623556  -0.0006201075
        0.0007277699  -0.1038380985   0.0899877115   0.1661590276  -0.0025540617
        0.0016276785   0.0041239862   0.0019648752  -0.0001009960   0.0005690700
       -0.0000001973  -0.0000167521  -0.0000113193  -0.0000329131   0.0000189012
        0.0000061919   0.0000360202  -0.0000178881   0.0000454012  -0.0005411140
        0.0005728205  -0.0001775972   0.0001217462  -0.0002739001  -0.0000133997
        0.0013831290   0.0004421529   0.0009543030  -0.0008629607   0.0105175486
       -0.0049920024  -0.0439374466  -0.0013840026   0.0017147195   0.0000040062
       -0.0000011005   0.0000159104  -0.0000202478  -0.0000015342  -0.0000037632
        0.0000146840   0.0000003370  -0.0000102784  -0.0000313916   0.0000254432
        0.0000160134   0.0000243500  -0.0000298954   0.0000046268   0.0000464505
       -0.0000134678   0.0000348924  -0.0000807214  -0.0000474360  -0.0000588286
        0.0002244725  -0.0002780150   0.0005822848  -0.0000691714   0.0005551165
       -0.0024535970  -0.0004211002   0.0201660685  -0.0025540617   0.0464993458
        0.0003947225   0.0002701474  -0.0023569403  -0.0306291192   0.0066303566
       -0.0000105544   0.0000134946  -0.0000141765  -0.0000203658   0.0000292972
        0.0000479304   0.0000065320   0.0001069877  -0.0000148554  -0.0000667762
       -0.0004760874   0.0003708576   0.0000697686   0.0001875641  -0.0000044886
        0.0004451474   0.0004892426  -0.0008665136   0.0016662429  -0.0063692548
        0.0054164094  -0.0011427691  -0.2753231755   0.0546072510  -0.0000110562
       -0.0000021325   0.0000035548  -0.0000057685   0.0000164148  -0.0000030368
       -0.0000021118  -0.0000077039  -0.0000031725   0.0000237128  -0.0000165626
       -0.0000301048  -0.0000253668  -0.0000141721  -0.0000041926  -0.0000543123
       -0.0000128907  -0.0000100214   0.0000394742   0.0000867371  -0.0000001122
       -0.0002895529   0.0004612069  -0.0003976942   0.0001417068   0.0008015367
        0.0015603261   0.0016793277  -0.0208115838   0.0016276785   0.0003947225
        0.3157607210  -0.0650126236  -0.0028380010  -0.0149196396   0.0027269845
        0.0000187085  -0.0000096925  -0.0000016377   0.0000245784  -0.0000100317
        0.0000260010   0.0000647046   0.0000126305  -0.0000443164  -0.0002091797
        0.0002390297  -0.0001668759   0.0002097313  -0.0003953728   0.0000319477
        0.0015918101  -0.0002141646   0.0019647388  -0.0021136038   0.0299959294
       -0.0116311688   0.0011286414   0.0532097202  -0.0555955586  -0.0000060993
        0.0000049697  -0.0000080598  -0.0000003884  -0.0000019399   0.0000026650
        0.0000129872  -0.0000034759   0.0000010145  -0.0000001909  -0.0000113165
       -0.0000051352   0.0000083517   0.0000009779  -0.0000111571   0.0000194245
        0.0000121498  -0.0000100156  -0.0000435697  -0.0000119465   0.0000107772
        0.0000729811   0.0008451223   0.0006989034  -0.0024932293   0.0013102415
       -0.0060083269   0.0007336961  -0.0197243505   0.0041239862   0.0002701474
       -0.0650126236   0.0656025252   0.0007104990  -0.0002358563   0.0010196932
       -0.0000434818   0.0000026484   0.0000056664  -0.0000265390  -0.0000616363
       -0.0000256059  -0.0001751660   0.0000008646   0.0001484894   0.0007578686
       -0.0010229739  -0.0003549087   0.0000677553   0.0004768187  -0.0000364423
       -0.0022881560   0.0006914071  -0.0037052234  -0.0126187732  -0.0042716557
       -0.0022850667  -0.2585866593  -0.0827281698  -0.0104135042   0.0000045353
       -0.0000022242  -0.0000106654   0.0000139221   0.0000067490  -0.0000030633
       -0.0000126741   0.0000006665   0.0000029630   0.0000367300   0.0000072412
       -0.0000334126   0.0000166772  -0.0000082799  -0.0000025646   0.0000195925
        0.0000124391   0.0000196002   0.0000443542   0.0000731105   0.0000277826
        0.0003393594  -0.0001789511   0.0003187746  -0.0000335292   0.0001360684
        0.0002267359  -0.0224962239  -0.0061987911   0.0019648752  -0.0023569403
       -0.0028380010   0.0007104990   0.2973373482   0.0959026695   0.0134450709
        0.0000012700   0.0000163771   0.0000093046   0.0000191695  -0.0000056730
       -0.0000102744  -0.0000260585  -0.0000098309  -0.0000375630   0.0002077230
        0.0000328840   0.0000208191  -0.0001220394  -0.0000491320   0.0000143337
        0.0005460221   0.0007197972   0.0002816861   0.0018319349   0.0008120885
       -0.0001928671  -0.0830795582  -0.0744514301  -0.0043697951   0.0000008274
        0.0000074060  -0.0000069275   0.0000043938  -0.0000011667  -0.0000034244
       -0.0000066303   0.0000046815   0.0000028209   0.0000022641  -0.0000160043
       -0.0000045365  -0.0000033466   0.0000063894  -0.0000011822  -0.0000055446
        0.0000125835  -0.0000035092   0.0000247713   0.0000041672   0.0000207050
       -0.0000971657  -0.0000019277  -0.0001603813   0.0003219897   0.0001975180
        0.0001650268   0.0151064273   0.0054891788  -0.0001009960  -0.0306291192
       -0.0149196396  -0.0002358563   0.0959026695   0.0821517332   0.0046126168
       -0.0000280671   0.0000122244   0.0000450293  -0.0000842360  -0.0000486691
        0.0000051519  -0.0003051258   0.0000141183   0.0003894147  -0.0000447806
       -0.0009474632  -0.0008536611   0.0002432841   0.0004100731   0.0000242689
       -0.0058726113  -0.0001577200  -0.0062161532  -0.0242702476  -0.0087258428
       -0.0026932738  -0.0092952404  -0.0038479420  -0.0415763876   0.0000081442
       -0.0000006567   0.0000020790   0.0000065369   0.0000023159  -0.0000009275
       -0.0000030088   0.0000015755   0.0000041441  -0.0000185672  -0.0000035405
       -0.0000127642   0.0000133054  -0.0000038351  -0.0000086628   0.0000847621
        0.0000154889   0.0000404587   0.0000228257   0.0000304723  -0.0000263735
       -0.0004831937  -0.0002201475   0.0004583988  -0.0002417028  -0.0002561778
        0.0004003493   0.0201924954   0.0063861251   0.0005690700   0.0066303566
        0.0027269845   0.0010196932   0.0134450709   0.0046126168   0.0484301459
