           1           2   1.01960733062019     
           2           3   1.00074023124441     
           3           4  0.981015201740833     
           4           5   1.69778954881248     
           4           6   1.16059392711271     
           5           6  0.168739941265508     
           6           7  0.919184095932163     
           7           8   1.01370823123679     
           1           9  0.986899399213773     
           1          10  0.986757040322211     
           1          11  0.985972492737710     
           2          12  0.978467804045152     
           2          13  0.976562950274644     
           3          14  0.937661911711656     
           3          15  0.963634943180421     
           7          16  0.969171682498148     
           7          17  0.970405130365462     
           8          18  0.985709402117440     
           8          19  0.984553061719796     
           8          20  0.980220536921632     
