           1           2   1.02221240162735     
           2           3   1.00179827740252     
           3           4   1.03064605915403     
           4           5  0.940759515989494     
           1           6  0.985338553375810     
           1           7  0.986209649641090     
           1           8  0.987481392800755     
           2           9  0.976406191375268     
           2          10  0.980519151369463     
           3          11  0.974934299274930     
           3          12  0.961571261277731     
           4          13  0.980573594372617     
           4          14  0.980881259175543     
