$hessian                                                                        
        0.4865290350  -0.0327364724   0.0009924635  -0.1476616648  -0.0696419982
        0.0020939840  -0.0299564006  -0.0137964962   0.0003974201  -0.0029748618
        0.0029512465  -0.0001186349   0.0003747072   0.0001055518  -0.0000369496
       -0.0022636719  -0.0005442650  -0.0000441091  -0.0002592980   0.0002021801
       -0.0000519655  -0.0001470688  -0.0000813185   0.0000034927  -0.2148265375
        0.1120433780  -0.0060749505  -0.0430784434   0.0060226143   0.0061925476
       -0.0428446555   0.0035961914  -0.0036377923  -0.0021897596  -0.0033021251
       -0.0014540303  -0.0025915591  -0.0035014289   0.0017062068   0.0010006272
       -0.0007205462  -0.0003320465   0.0009507245  -0.0006314821   0.0003677997
       -0.0000066164   0.0000089714  -0.0000096143  -0.0000142388   0.0000079499
        0.0000075556   0.0000156226  -0.0000064799   0.0000100710   0.0000173730
       -0.0000061647  -0.0000065508  -0.0000733136   0.0000306938  -0.0000048972
       -0.0327364724   0.4998859823   0.0007285306  -0.0691054376  -0.1207131033
        0.0014557125   0.0089680051   0.0076324193  -0.0002544401   0.0014298089
       -0.0030540591   0.0001914049  -0.0003052862   0.0014079621  -0.0001026234
        0.0014398975   0.0005439446   0.0000201819   0.0002644450  -0.0002682352
        0.0000403135   0.0001195153   0.0000014654   0.0000028900   0.1112019545
       -0.1134569753   0.0037736547   0.0060340893  -0.1321084054  -0.1154910747
        0.0035760805  -0.1141371917   0.1089865580  -0.0169146830  -0.0144682693
       -0.0021830620  -0.0154254298  -0.0128903340   0.0028478445   0.0007669799
        0.0008108224   0.0004721590   0.0007181516   0.0006922565  -0.0004821642
       -0.0000038688   0.0000290140  -0.0000277904   0.0000029298   0.0000406932
        0.0000221633  -0.0000257273   0.0000187627  -0.0000075342  -0.0000288565
        0.0000230357   0.0000064808   0.0000239043   0.0000102150   0.0000007952
        0.0009924635   0.0007285306   0.5240880049   0.0020478858   0.0014289510
       -0.0677786151  -0.0007024600  -0.0004330404   0.0002207167  -0.0000601216
        0.0002232142   0.0003133847   0.0000286159  -0.0000784252   0.0000840653
       -0.0000620025  -0.0000404028   0.0000421874  -0.0000128479   0.0000125742
       -0.0000152671  -0.0000052463  -0.0000004117  -0.0000209330  -0.0060381872
        0.0037730598  -0.0448212732   0.0065231620  -0.1152415491  -0.1961453829
       -0.0039668428   0.1087524804  -0.2143252942  -0.0184076570  -0.0163223398
       -0.0006964759   0.0196817860   0.0172184668  -0.0018201564   0.0005654433
        0.0004731856   0.0003902737  -0.0005843593  -0.0004905979   0.0004457924
       -0.0000196317  -0.0000114588   0.0000117343   0.0000192227   0.0000103005
        0.0000074105   0.0000061007  -0.0000113363   0.0000089069  -0.0000037091
        0.0000083472   0.0000062648  -0.0000016144   0.0000004517   0.0000046562
       -0.1476616648  -0.0691054376   0.0020478858   0.4553166244   0.0052693805
       -0.0014637565  -0.1530298269   0.0621472452  -0.0031117720  -0.0281918512
        0.0033672550  -0.0000435059   0.0002565578   0.0050783266  -0.0006301970
       -0.0051480314  -0.0023230368   0.0001247065  -0.0007719249   0.0004688156
       -0.0001253641  -0.0002798013  -0.0001207231   0.0000012740  -0.0250576155
       -0.0156226314   0.0004002858  -0.0018784530  -0.0033292225  -0.0021367757
       -0.0022874919  -0.0034810870   0.0024075590  -0.0411879014   0.0058159453
        0.0068540421  -0.0409105448   0.0032440485  -0.0039394517  -0.0046908120
        0.0045596671   0.0021777222  -0.0043325295   0.0039313130  -0.0025460544
       -0.0000121917   0.0000479067  -0.0000711469  -0.0000383764   0.0000506894
        0.0000577251   0.0000046359  -0.0000358071   0.0000485793   0.0000117906
       -0.0000474187  -0.0000398490  -0.0001105922   0.0000847714  -0.0000119066
       -0.0696419982  -0.1207131033   0.0014289510   0.0052693805   0.5034477711
        0.0012892060   0.0614231401  -0.1044695785   0.0024606352  -0.0075594956
        0.0076892224  -0.0001320949  -0.0025054786   0.0010627349  -0.0001836880
       -0.0067755459  -0.0008090467  -0.0001599781  -0.0007222016   0.0007096553
       -0.0001415982  -0.0004013655  -0.0002674535   0.0000071884   0.0105546423
        0.0083200264  -0.0002342365  -0.0163620719  -0.0154064282  -0.0027871596
       -0.0148810145  -0.0137842990   0.0035706085   0.0059608864  -0.1305418013
       -0.1107033015   0.0034187674  -0.1131628757   0.1046271256   0.0170941885
       -0.0118989838  -0.0023017648   0.0150903736  -0.0103168686   0.0032685136
        0.0000590620   0.0000257750   0.0000384872   0.0000534211   0.0000202568
       -0.0000382131   0.0000289381   0.0000206285  -0.0000269476   0.0000240108
        0.0000254861   0.0000260793  -0.0001276390   0.0000488823  -0.0000078126
        0.0020939840   0.0014557125  -0.0677786151  -0.0014637565   0.0012892060
        0.5371321452  -0.0030152822   0.0024844938  -0.0685320711  -0.0000680929
       -0.0007776396   0.0000537264   0.0000625652   0.0000772257  -0.0004919965
        0.0003605822   0.0000069276   0.0011767834  -0.0000344979   0.0000075218
        0.0004470228   0.0000138988   0.0000072308  -0.0000288044  -0.0006421287
       -0.0004670412   0.0003383688  -0.0189329721  -0.0165257115  -0.0006673071
        0.0201899235   0.0175469025  -0.0018914302   0.0061056066  -0.1099609550
       -0.1897631666  -0.0031757794   0.1039948826  -0.2075965835   0.0190971724
       -0.0129180031  -0.0003836266  -0.0205844213   0.0137792157  -0.0020566062
       -0.0000739813  -0.0000615572   0.0000080628   0.0000680106   0.0000606324
        0.0000139769   0.0000175546  -0.0000010904   0.0000101807  -0.0000207370
        0.0000016453   0.0000017247   0.0000023512   0.0000004012   0.0000082156
       -0.0299564006   0.0089680051  -0.0007024600  -0.1530298269   0.0614231401
       -0.0030152822   0.4623474469  -0.0183246435   0.0019414247  -0.1290009917
       -0.0614524472   0.0036427557  -0.0000878594  -0.0088963322   0.0003984812
       -0.0539273579  -0.0117811735  -0.0012839287  -0.0003566769   0.0039391711
       -0.0006457479  -0.0015660642  -0.0007865733   0.0000247913  -0.0048062692
       -0.0028542879   0.0000567045   0.0011156468   0.0007683574   0.0002471757
        0.0011078999   0.0007816797  -0.0003026198  -0.0057454919   0.0054610102
        0.0024454695  -0.0051378038   0.0049764495  -0.0029999368  -0.0395228388
        0.0097035642   0.0093306514  -0.0404371813   0.0083872511  -0.0091394928
       -0.0003057644  -0.0002034529   0.0000018674  -0.0003838867  -0.0002312550
        0.0000226201   0.0001017307  -0.0000782437   0.0000748139   0.0001098778
       -0.0000962165  -0.0000558559  -0.0005181885   0.0002959972  -0.0000414313
       -0.0137964962   0.0076324193  -0.0004330404   0.0621472452  -0.1044695785
        0.0024844938  -0.0183246435   0.4901863842  -0.0039049912  -0.0464269488
       -0.0982767087   0.0010796347  -0.0319885244  -0.0503600589   0.0053042129
        0.0008144821   0.0131782098  -0.0006423742   0.0031881954  -0.0010366149
        0.0008963007   0.0006312891   0.0003577508  -0.0000087581  -0.0043763213
       -0.0011015237   0.0000324223  -0.0007155158   0.0008696450   0.0005180308
       -0.0006515466   0.0007797162  -0.0005471463   0.0184174788  -0.0128022428
       -0.0015343645   0.0166806439  -0.0115674258   0.0028793552   0.0074454495
       -0.1265140086  -0.1132904461   0.0068369809  -0.1064075668   0.1071015520
       -0.0001770419  -0.0002253052   0.0000141980   0.0000418198  -0.0001433337
        0.0000249452   0.0000004118   0.0000323195  -0.0000259089  -0.0000203831
        0.0000429896   0.0000266338   0.0002734251  -0.0001750666   0.0000252504
        0.0003974201  -0.0002544401   0.0002207167  -0.0031117720   0.0024606352
       -0.0685320711   0.0019414247  -0.0039049912   0.5001867071   0.0031496840
        0.0011455654  -0.0721899657   0.0028551289   0.0062656172   0.0184084608
       -0.0027364665  -0.0007376227   0.0053066520  -0.0004634807   0.0007683284
        0.0051563995  -0.0001203834  -0.0000607649   0.0000297643   0.0001595881
        0.0000682693   0.0006804860  -0.0007028704   0.0004758509   0.0004702257
        0.0007869685  -0.0004835517   0.0005516449   0.0206811094  -0.0141060772
       -0.0002870882  -0.0222659940   0.0151782627  -0.0022120591   0.0074438723
       -0.1165354196  -0.1831180730  -0.0079617268   0.1096961224  -0.2046713742
       -0.0009104413  -0.0002437773  -0.0000044721   0.0008906856   0.0002583399
       -0.0000072313   0.0000553036  -0.0000326193   0.0000291223  -0.0000451288
        0.0000196339   0.0000172090  -0.0000429216   0.0000226386  -0.0000350535
       -0.0029748618   0.0014298089  -0.0000601216  -0.0281918512  -0.0075594956
       -0.0000680929  -0.1290009917  -0.0464269488   0.0031496840   0.4765812836
        0.0167486457   0.0088891463  -0.0738699472  -0.0219607549   0.0019895483
       -0.1900793811   0.0629918203  -0.0113131741  -0.0511105745   0.0027907129
       -0.0022215529  -0.0031842688  -0.0019423575   0.0000623198  -0.0004952826
       -0.0008490832   0.0000354283  -0.0002755504   0.0004411670   0.0003120950
       -0.0002592410   0.0004081110  -0.0003541642  -0.0004522519  -0.0002955215
        0.0001395534  -0.0005401355  -0.0002570209  -0.0001864347   0.0016779969
       -0.0045044040   0.0002143755   0.0018089553  -0.0046398388  -0.0001949843
        0.0010149957   0.0013171568  -0.0015210922   0.0010012026   0.0015833765
        0.0012358091  -0.0005119727  -0.0003186171   0.0001947247  -0.0005163521
       -0.0003396627  -0.0001509406  -0.0006217715   0.0013829059  -0.0001521269
        0.0029512465  -0.0030540591   0.0002232142   0.0033672550   0.0076892224
       -0.0007776396  -0.0614524472  -0.0982767087   0.0011455654   0.0167486457
        0.8684533825  -0.0672516187  -0.0010378893  -0.6306505464   0.0570014358
        0.0748514102  -0.1293154605   0.0105042616   0.0001226225   0.0168469912
       -0.0017509772  -0.0050512126  -0.0038401597   0.0002473093   0.0017463042
        0.0004175629   0.0000096959  -0.0004026426   0.0001813333  -0.0000028791
       -0.0003905525   0.0001223116   0.0000025028   0.0019168433   0.0004398552
       -0.0016354345   0.0017253826   0.0006043500   0.0016366533  -0.0151550282
       -0.0164696564  -0.0033153328  -0.0126897578  -0.0143846081   0.0042005681
       -0.0036516279   0.0007856925   0.0025493697  -0.0037616198   0.0002193314
       -0.0027427420   0.0010162780  -0.0000245345   0.0001309388   0.0010709140
       -0.0000655997  -0.0000802585  -0.0019241239   0.0003213001  -0.0000946324
       -0.0001186349   0.0001914049   0.0003133847  -0.0000435059  -0.0001320949
        0.0000537264   0.0036427557   0.0010796347  -0.0721899657   0.0088891463
       -0.0672516187   0.2010635557  -0.0002630440   0.0562774783  -0.0713052242
       -0.0124851812   0.0098398020  -0.0567065524  -0.0018562837  -0.0015403638
        0.0006620609   0.0004224827   0.0003505428   0.0002293030  -0.0001008026
       -0.0000023257   0.0002654159   0.0000776671  -0.0000256388  -0.0000020089
       -0.0000435176   0.0000090568  -0.0000271738   0.0007580219  -0.0000434682
        0.0002276839  -0.0010459329   0.0000222800  -0.0000663890  -0.0189671065
       -0.0170790094  -0.0008889250   0.0204022243   0.0181680396  -0.0030314796
        0.0017999366   0.0001800420   0.0005150747  -0.0009981811  -0.0000254968
        0.0010610334  -0.0003345468   0.0002086044  -0.0001844408   0.0000918550
       -0.0002534515  -0.0001167848   0.0001726478   0.0000265823   0.0001277056
        0.0003747072  -0.0003052862   0.0000286159   0.0002565578  -0.0025054786
        0.0000625652  -0.0000878594  -0.0319885244   0.0028551289  -0.0738699472
       -0.0010378893  -0.0002630440   0.0928593388  -0.0249340517   0.0050449267
       -0.0189795933   0.0614005902  -0.0079187804   0.0020579755   0.0053203380
       -0.0003242898   0.0004902817   0.0008850882  -0.0000904623   0.0000608600
        0.0001436694  -0.0000075225  -0.0000093116  -0.0000353810   0.0000182572
       -0.0000189738  -0.0000460244  -0.0000074034   0.0004874613  -0.0000759707
       -0.0005087034   0.0003575481  -0.0001478740   0.0005612913  -0.0027892858
       -0.0026461876   0.0000509524  -0.0030658546  -0.0029314354   0.0002794122
        0.0008636114  -0.0004616400  -0.0004852337   0.0008309744  -0.0003346350
        0.0006680705  -0.0000224148  -0.0000022333   0.0001049688  -0.0000106966
       -0.0000310447  -0.0001048335   0.0002146209  -0.0002660294   0.0000360839
        0.0001055518   0.0014079621  -0.0000784252   0.0050783266   0.0010627349
        0.0000772257  -0.0088963322  -0.0503600589   0.0062656172  -0.0219607549
       -0.6306505464   0.0562774783  -0.0249340517   0.7686291160  -0.0758047139
        0.0604641628  -0.0885816934   0.0137917244  -0.0049055388   0.0016273568
       -0.0006947041   0.0010732433   0.0016129855  -0.0001095707  -0.0004755107
        0.0002319632  -0.0000193630   0.0003205940  -0.0001859189   0.0000552910
        0.0003193767  -0.0001673575  -0.0000408409  -0.0006859681   0.0002258107
        0.0012207575  -0.0006196069   0.0001107239  -0.0012669828  -0.0028342748
       -0.0023915953   0.0006983841  -0.0039418991  -0.0032665228  -0.0002566060
        0.0012912634   0.0000187059  -0.0016173117   0.0012317712   0.0002669479
        0.0015653383  -0.0005974081   0.0000243219  -0.0003177439  -0.0006172248
        0.0000837185   0.0002665517   0.0005842800   0.0003013457  -0.0000121059
       -0.0000369496  -0.0001026234   0.0000840653  -0.0006301970  -0.0001836880
       -0.0004919965   0.0003984812   0.0053042129   0.0184084608   0.0019895483
        0.0570014358  -0.0713052242   0.0050449267  -0.0758047139   0.0338062980
       -0.0079557966   0.0139923570   0.0242195209   0.0007295215  -0.0003971614
       -0.0038825403  -0.0000977034  -0.0001088287   0.0002417652   0.0000342058
       -0.0000246190  -0.0000553732  -0.0000267922   0.0000647187   0.0000205107
       -0.0000250739  -0.0000237943   0.0000321412  -0.0003825074  -0.0001089513
       -0.0000352432   0.0005100134  -0.0000343331   0.0001102665   0.0021135262
        0.0022354695  -0.0003756843  -0.0015551779  -0.0015866819   0.0000838855
       -0.0002765276   0.0003071550  -0.0003477479   0.0000929364  -0.0004750435
       -0.0005178369   0.0000657902  -0.0000756146   0.0000723088   0.0000572367
        0.0000675292  -0.0000098531  -0.0000494609  -0.0000468252  -0.0000577233
       -0.0022636719   0.0014398975  -0.0000620025  -0.0051480314  -0.0067755459
        0.0003605822  -0.0539273579   0.0008144821  -0.0027364665  -0.1900793811
        0.0748514102  -0.0124851812  -0.0189795933   0.0604641628  -0.0079557966
        0.4568889633  -0.0308757346   0.0173358248  -0.1130187212  -0.0617624333
        0.0043129615  -0.0392006711  -0.0110419344  -0.0002806960  -0.0007490944
       -0.0001313059  -0.0000051633   0.0002454508  -0.0000814885  -0.0001621106
        0.0002313816  -0.0000837377   0.0001758714   0.0006069329   0.0001891173
        0.0000546719   0.0007615234   0.0001600691   0.0000006759  -0.0014149623
        0.0009738262  -0.0012305411  -0.0011819526   0.0013387466   0.0010352616
       -0.0169816573  -0.0158052768   0.0086747128  -0.0149416032  -0.0163328048
       -0.0066932606   0.0024876821  -0.0007742933  -0.0001595539   0.0024885347
       -0.0007391305   0.0004466700  -0.0058237710   0.0041719740  -0.0006264597
       -0.0005442650   0.0005439446  -0.0000404028  -0.0023230368  -0.0008090467
        0.0000069276  -0.0117811735   0.0131782098  -0.0007376227   0.0629918203
       -0.1293154605   0.0098398020   0.0614005902  -0.0885816934   0.0139923570
       -0.0308757346   0.3514618156  -0.0299479527  -0.0514320842  -0.1210006815
        0.0048017349   0.0161241544   0.0119404880  -0.0003764953  -0.0003219047
       -0.0001590219   0.0000109885   0.0000113638   0.0000304105   0.0000966866
        0.0000149452   0.0000338446  -0.0001052095  -0.0002811631  -0.0002887134
        0.0002532048  -0.0003345426  -0.0003135510  -0.0002539025   0.0006797915
       -0.0001474769   0.0007967610   0.0003925844  -0.0002052255  -0.0008393299
       -0.0214915557  -0.0162712293   0.0048770778  -0.0259271765  -0.0199650993
       -0.0026028641  -0.0004406122   0.0005520389  -0.0003285974  -0.0005082729
        0.0007298359   0.0002078397   0.0046462720  -0.0014133887   0.0003489966
       -0.0000441091   0.0000201819   0.0000421874   0.0001247065  -0.0001599781
        0.0011767834  -0.0012839287  -0.0006423742   0.0053066520  -0.0113131741
        0.0105042616  -0.0567065524  -0.0079187804   0.0137917244   0.0242195209
        0.0173358248  -0.0299479527   0.0749858163   0.0031788689   0.0044638138
       -0.0564106446  -0.0029793230  -0.0012634281   0.0026800323  -0.0000003830
        0.0000016196  -0.0000287297   0.0000382068   0.0000182090  -0.0000037602
       -0.0000238876  -0.0000289846   0.0000183292  -0.0001395883   0.0001328475
       -0.0000376817   0.0002214259  -0.0000484152   0.0000378780   0.0011174521
        0.0003721370   0.0005928334  -0.0013772363  -0.0002186594   0.0007191818
        0.0254561816   0.0167249879   0.0003968231  -0.0219697746  -0.0139216390
        0.0021191392   0.0004195798  -0.0007381100   0.0002864909  -0.0001737195
        0.0006054865   0.0000984313  -0.0006683421   0.0003342719   0.0005072692
       -0.0002592980   0.0002644450  -0.0000128479  -0.0007719249  -0.0007222016
       -0.0000344979  -0.0003566769   0.0031881954  -0.0004634807  -0.0511105745
        0.0001226225  -0.0018562837   0.0020579755  -0.0049055388   0.0007295215
       -0.1130187212  -0.0514320842   0.0031788689   0.3987854558  -0.0458645244
        0.0008206470  -0.1327831601   0.0742068757  -0.0093139942  -0.0001500779
       -0.0001745320   0.0000087264  -0.0000715672   0.0000540500   0.0000421973
       -0.0000729941   0.0000476040  -0.0000450837  -0.0000723448  -0.0001501218
       -0.0001610943  -0.0000908876  -0.0001317918   0.0001704378  -0.0004140217
       -0.0000541705   0.0001744073  -0.0002873240   0.0000242889  -0.0002060993
       -0.0377455963  -0.0003993671   0.0059538678  -0.0377933321   0.0059692393
        0.0037321498  -0.0008590456   0.0018827806  -0.0027636262  -0.0022952899
        0.0035758409   0.0022041728  -0.0226905945   0.0144983897  -0.0021579887
        0.0002021801  -0.0002682352   0.0000125742   0.0004688156   0.0007096553
        0.0000075218   0.0039391711  -0.0010366149   0.0007683284   0.0027907129
        0.0168469912  -0.0015403638   0.0053203380   0.0016273568  -0.0003971614
       -0.0617624333  -0.1210006815   0.0044638138  -0.0458645244   0.4827215417
        0.0015730623   0.0705708494  -0.1319354174   0.0084743007   0.0001038752
       -0.0000184939  -0.0000017609  -0.0000578606   0.0000596768   0.0000361775
       -0.0000539241   0.0000638380  -0.0000460694  -0.0000468102  -0.0000271256
       -0.0001364461  -0.0000674385  -0.0000089560   0.0001232735  -0.0002621780
        0.0002056783   0.0001667725  -0.0003427210   0.0000609198  -0.0002053336
       -0.0017921327  -0.0925251815   0.0922668690   0.0051681385  -0.1318248666
       -0.1083872599   0.0139691422  -0.0136343742   0.0049769963   0.0178910209
       -0.0177790890  -0.0010702662  -0.0101742210   0.0077633781  -0.0010850287
       -0.0000519655   0.0000403135  -0.0000152671  -0.0001253641  -0.0001415982
        0.0004470228  -0.0006457479   0.0008963007   0.0051563995  -0.0022215529
       -0.0017509772   0.0006620609  -0.0003242898  -0.0006947041  -0.0038825403
        0.0043129615   0.0048017349  -0.0564106446   0.0008206470   0.0015730623
        0.5151793825  -0.0089690341   0.0086000592  -0.0697837931  -0.0000192167
       -0.0000139801  -0.0000233022  -0.0000162399  -0.0000355932  -0.0000194903
        0.0000181743   0.0000301283  -0.0000151416   0.0000334949  -0.0000290417
       -0.0000394352  -0.0000129413   0.0000147268  -0.0000373279   0.0005210270
        0.0005935498  -0.0000321470  -0.0003043512  -0.0005611019   0.0000685163
        0.0033673446   0.0909984574  -0.2140702697   0.0065054119  -0.1070778324
       -0.1746895458  -0.0206746413   0.0196171015  -0.0040810894   0.0175542770
       -0.0165895368   0.0015126303   0.0002320067  -0.0002710688   0.0000739817
       -0.0001470688   0.0001195153  -0.0000052463  -0.0002798013  -0.0004013655
        0.0000138988  -0.0015660642   0.0006312891  -0.0001203834  -0.0031842688
       -0.0050512126   0.0004224827   0.0004902817   0.0010732433  -0.0000977034
       -0.0392006711   0.0161241544  -0.0029793230  -0.1327831601   0.0705708494
       -0.0089690341   0.4957397667   0.0373397621  -0.0047148045  -0.0001076461
       -0.0000162201  -0.0000012955   0.0000129734  -0.0000028902  -0.0000026000
        0.0000132713   0.0000005436   0.0000002674   0.0000037441  -0.0000013455
       -0.0000017108   0.0000029996   0.0000012045  -0.0000001827   0.0000247321
        0.0000795492   0.0000755907   0.0000428563   0.0000947258  -0.0000894261
       -0.0013580174   0.0028633620  -0.0020293747  -0.0026235932   0.0043089198
        0.0012637467  -0.0444747330  -0.0114011934   0.0196051106  -0.0427287990
       -0.0063765632  -0.0068442979  -0.2278768024  -0.1099563280   0.0044742855
       -0.0000813185   0.0000014654  -0.0000004117  -0.0001207231  -0.0002674535
        0.0000072308  -0.0007865733   0.0003577508  -0.0000607649  -0.0019423575
       -0.0038401597   0.0003505428   0.0008850882   0.0016129855  -0.0001088287
       -0.0110419344   0.0119404880  -0.0012634281   0.0742068757  -0.1319354174
        0.0086000592   0.0373397621   0.5029686478   0.0037024185  -0.0000236847
        0.0000073901  -0.0000000174   0.0000234438   0.0000195480   0.0000053505
        0.0000247878   0.0000167829  -0.0000067907  -0.0000059895   0.0000449867
        0.0000381664  -0.0000054262   0.0000435054  -0.0000408594   0.0000586854
        0.0000432417   0.0000140003   0.0000689402   0.0000443857  -0.0000193882
        0.0128238443  -0.0113074910   0.0036705496   0.0163915152  -0.0150474793
       -0.0003238773  -0.0123222310  -0.1029618001   0.1045162778  -0.0073708082
       -0.1469482415  -0.1215095311  -0.1081218965  -0.1047931356   0.0024293017
        0.0000034927   0.0000028900  -0.0000209330   0.0000012740   0.0000071884
       -0.0000288044   0.0000247913  -0.0000087581   0.0000297643   0.0000623198
        0.0002473093   0.0002293030  -0.0000904623  -0.0001095707   0.0002417652
       -0.0002806960  -0.0003764953   0.0026800323  -0.0093139942   0.0084743007
       -0.0697837931  -0.0047148045   0.0037024185   0.5277310998  -0.0000020315
       -0.0000010207   0.0000044674   0.0000008223   0.0000088148   0.0000081234
       -0.0000045103  -0.0000119625   0.0000116307  -0.0000149661   0.0000073711
        0.0000103820   0.0000145699  -0.0000142259   0.0000154559  -0.0000019612
        0.0000356759   0.0000070468  -0.0000037711  -0.0000321499   0.0000118386
       -0.0189888782   0.0181901984  -0.0035214312   0.0160675406  -0.0155708982
        0.0014537529   0.0205122890   0.1034752647  -0.2293714565  -0.0075732082
       -0.1203952827  -0.1871411803   0.0043021842   0.0023689321  -0.0425670638
       -0.2148265375   0.1112019545  -0.0060381872  -0.0250576155   0.0105546423
       -0.0006421287  -0.0048062692  -0.0043763213   0.0001595881  -0.0004952826
        0.0017463042  -0.0001008026   0.0000608600  -0.0004755107   0.0000342058
       -0.0007490944  -0.0003219047  -0.0000003830  -0.0001500779   0.0001038752
       -0.0000192167  -0.0001076461  -0.0000236847  -0.0000020315   0.2507314912
       -0.1269002463   0.0069620162  -0.0031605481   0.0042570340   0.0013949930
       -0.0027139185   0.0038235806  -0.0017352004   0.0003711255   0.0004189319
       -0.0002497585   0.0003625875   0.0004463703   0.0002167901   0.0002515976
       -0.0002320810  -0.0001801108   0.0002380828  -0.0001963462   0.0001981984
        0.0000115061  -0.0000050723   0.0000140121   0.0000097244  -0.0000089728
       -0.0000129572   0.0000227824  -0.0000016297   0.0000093585   0.0000238035
       -0.0000054636  -0.0000080450  -0.0000165712  -0.0000054598  -0.0000003406
        0.1120433780  -0.1134569753   0.0037730598  -0.0156226314   0.0083200264
       -0.0004670412  -0.0028542879  -0.0011015237   0.0000682693  -0.0008490832
        0.0004175629  -0.0000023257   0.0001436694   0.0002319632  -0.0000246190
       -0.0001313059  -0.0001590219   0.0000016196  -0.0001745320  -0.0000184939
       -0.0000139801  -0.0000162201   0.0000073901  -0.0000010207  -0.1269002463
        0.1303392128  -0.0044698816   0.0184508175  -0.0135723667  -0.0017880325
        0.0165637538  -0.0120148728   0.0029668621  -0.0001939879   0.0005530860
        0.0001703158  -0.0001474461   0.0005274278  -0.0002201569  -0.0001581948
       -0.0000395400   0.0001596853  -0.0001622824  -0.0000486469  -0.0001539730
        0.0000130609   0.0000083154  -0.0000124116   0.0000103463   0.0000100130
        0.0000109859  -0.0000069853  -0.0000051365   0.0000007181  -0.0000077461
       -0.0000053416   0.0000016660  -0.0000000767   0.0000069216   0.0000002603
       -0.0060749505   0.0037736547  -0.0448212732   0.0004002858  -0.0002342365
        0.0003383688   0.0000567045   0.0000324223   0.0006804860   0.0000354283
        0.0000096959   0.0002654159  -0.0000075225  -0.0000193630  -0.0000553732
       -0.0000051633   0.0000109885  -0.0000287297   0.0000087264  -0.0000017609
       -0.0000233022  -0.0000012955  -0.0000000174   0.0000044674   0.0069620162
       -0.0044698816   0.0478476220   0.0223153215  -0.0166599667  -0.0011253333
       -0.0237356017   0.0175920294  -0.0031430777  -0.0004753624   0.0000754357
        0.0000028778   0.0004912222  -0.0001118294   0.0000383952  -0.0000844957
        0.0000194124   0.0000026485   0.0001134604  -0.0000158859   0.0000239861
        0.0000036412   0.0000028807  -0.0000017766  -0.0000041930  -0.0000035358
       -0.0000021502   0.0000010398   0.0000021996  -0.0000020481   0.0000009883
       -0.0000022936  -0.0000020598  -0.0000002499   0.0000000516   0.0000008563
       -0.0430784434   0.0060340893   0.0065231620  -0.0018784530  -0.0163620719
       -0.0189329721   0.0011156468  -0.0007155158  -0.0007028704  -0.0002755504
       -0.0004026426   0.0000776671  -0.0000093116   0.0003205940  -0.0000267922
        0.0002454508   0.0000113638   0.0000382068  -0.0000715672  -0.0000578606
       -0.0000162399   0.0000129734   0.0000234438   0.0000008223  -0.0031605481
        0.0184508175   0.0223153215   0.0501146789  -0.0036690402  -0.0072860002
        0.0007315880  -0.0003186652  -0.0013146867  -0.0038164310  -0.0039413960
       -0.0006308059   0.0006079749   0.0004705252  -0.0003189437  -0.0005140977
        0.0001305164   0.0003229999  -0.0000547498   0.0000084148  -0.0000524344
        0.0000126032   0.0000061493  -0.0000142854   0.0000196005   0.0000132105
        0.0000172479  -0.0000076282  -0.0000051281   0.0000009834  -0.0000139148
       -0.0000012197  -0.0000012272   0.0000201786   0.0000044155   0.0000008472
        0.0060226143  -0.1321084054  -0.1152415491  -0.0033292225  -0.0154064282
       -0.0165257115   0.0007683574   0.0008696450   0.0004758509   0.0004411670
        0.0001813333  -0.0000256388  -0.0000353810  -0.0001859189   0.0000647187
       -0.0000814885   0.0000304105   0.0000182090   0.0000540500   0.0000596768
       -0.0000355932  -0.0000028902   0.0000195480   0.0000088148   0.0042570340
       -0.0135723667  -0.0166599667  -0.0036690402   0.1533424997   0.1355348524
       -0.0004588611   0.0095914396   0.0130081061  -0.0040878907  -0.0030061839
       -0.0003157431   0.0004572132   0.0000573484  -0.0004015460  -0.0003288074
        0.0002668393   0.0000623122  -0.0000389542  -0.0001014511   0.0000322862
        0.0000092282  -0.0000110218   0.0000054096   0.0000133783  -0.0000195905
        0.0000022612   0.0000048204  -0.0000035999  -0.0000070090   0.0000018933
        0.0000046923   0.0000018290   0.0000027798  -0.0000084666  -0.0000018928
        0.0061925476  -0.1154910747  -0.1961453829  -0.0021367757  -0.0027871596
       -0.0006673071   0.0002471757   0.0005180308   0.0004702257   0.0003120950
       -0.0000028791  -0.0000020089   0.0000182572   0.0000552910   0.0000205107
       -0.0001621106   0.0000966866  -0.0000037602   0.0000421973   0.0000361775
       -0.0000194903  -0.0000026000   0.0000053505   0.0000081234   0.0013949930
       -0.0017880325  -0.0011253333  -0.0072860002   0.1355348524   0.2242613450
        0.0018886563  -0.0160762063  -0.0285095655  -0.0003455589  -0.0004545584
        0.0010988602   0.0002321295   0.0004472689   0.0007188911  -0.0004196836
        0.0000020075   0.0002725891  -0.0000090880  -0.0000897351  -0.0003749631
        0.0000155925  -0.0000006304   0.0000062643   0.0000116455  -0.0000054344
       -0.0000049137   0.0000010062   0.0000001359  -0.0000126300  -0.0000008576
        0.0000019063   0.0000095065   0.0000063789  -0.0000019970  -0.0000009612
       -0.0428446555   0.0035760805  -0.0039668428  -0.0022874919  -0.0148810145
        0.0201899235   0.0011078999  -0.0006515466   0.0007869685  -0.0002592410
       -0.0003905525  -0.0000435176  -0.0000189738   0.0003193767  -0.0000250739
        0.0002313816   0.0000149452  -0.0000238876  -0.0000729941  -0.0000539241
        0.0000181743   0.0000132713   0.0000247878  -0.0000045103  -0.0027139185
        0.0165637538  -0.0237356017   0.0007315880  -0.0004588611   0.0018886563
        0.0498657812  -0.0007997972   0.0040961740   0.0006052530   0.0005006594
        0.0002755957  -0.0038261003  -0.0038779065   0.0008341097  -0.0000604504
        0.0000122119   0.0000657844  -0.0005041505   0.0000840787  -0.0003496225
        0.0000214917   0.0000098069  -0.0000186293   0.0000132501   0.0000093786
        0.0000148003  -0.0000142957  -0.0000018614  -0.0000010010  -0.0000083655
       -0.0000046150  -0.0000002891   0.0000207205   0.0000049994  -0.0000012110
        0.0035961914  -0.1141371917   0.1087524804  -0.0034810870  -0.0137842990
        0.0175469025   0.0007816797   0.0007797162  -0.0004835517   0.0004081110
        0.0001223116   0.0000090568  -0.0000460244  -0.0001673575  -0.0000237943
       -0.0000837377   0.0000338446  -0.0000289846   0.0000476040   0.0000638380
        0.0000301283   0.0000005436   0.0000167829  -0.0000119625   0.0038235806
       -0.0120148728   0.0175920294  -0.0003186652   0.0095914396  -0.0160762063
       -0.0007997972   0.1322135518  -0.1281837802   0.0004242591   0.0000565910
        0.0004565380  -0.0040409083  -0.0028981684   0.0005464696  -0.0000448646
       -0.0000974397  -0.0000570827  -0.0002963516   0.0002557743  -0.0000707385
        0.0000130600  -0.0000160365   0.0000023526   0.0000099632  -0.0000150121
       -0.0000007394   0.0000011841   0.0000051854  -0.0000053458   0.0000032714
       -0.0000010440   0.0000033950   0.0000019881  -0.0000076138   0.0000028334
       -0.0036377923   0.1089865580  -0.2143252942   0.0024075590   0.0035706085
       -0.0018914302  -0.0003026198  -0.0005471463   0.0005516449  -0.0003541642
        0.0000025028  -0.0000271738  -0.0000074034  -0.0000408409   0.0000321412
        0.0001758714  -0.0001052095   0.0000183292  -0.0000450837  -0.0000460694
       -0.0000151416   0.0000002674  -0.0000067907   0.0000116307  -0.0017352004
        0.0029668621  -0.0031430777  -0.0013146867   0.0130081061  -0.0285095655
        0.0040961740  -0.1281837802   0.2456476503  -0.0002693257  -0.0003842573
        0.0007154691   0.0005772543   0.0006996471   0.0010418939   0.0000202778
        0.0000656798  -0.0003838777   0.0004229967   0.0000019429   0.0002803571
       -0.0000117423   0.0000071827  -0.0000076161  -0.0000157633   0.0000060937
        0.0000022344  -0.0000007711  -0.0000004864   0.0000139429  -0.0000000552
       -0.0000036905  -0.0000107029  -0.0000057926   0.0000030875  -0.0000014137
       -0.0021897596  -0.0169146830  -0.0184076570  -0.0411879014   0.0059608864
        0.0061056066  -0.0057454919   0.0184174788   0.0206811094  -0.0004522519
        0.0019168433   0.0007580219   0.0004874613  -0.0006859681  -0.0003825074
        0.0006069329  -0.0002811631  -0.0001395883  -0.0000723448  -0.0000468102
        0.0000334949   0.0000037441  -0.0000059895  -0.0000149661   0.0003711255
       -0.0001939879  -0.0004753624  -0.0038164310  -0.0040878907  -0.0003455589
        0.0006052530   0.0004242591  -0.0002693257   0.0540074333  -0.0071570316
       -0.0077399613   0.0013778805  -0.0003265035  -0.0004409167  -0.0047719401
        0.0032441064   0.0003845434   0.0007580384  -0.0002441764   0.0002810061
        0.0000168846   0.0000144626  -0.0000020637  -0.0000411356  -0.0000083827
       -0.0000241690   0.0000013929   0.0000044992   0.0000127394   0.0000234100
       -0.0000172543  -0.0000149726   0.0000176998  -0.0000126948   0.0000005274
       -0.0033021251  -0.0144682693  -0.0163223398   0.0058159453  -0.1305418013
       -0.1099609550   0.0054610102  -0.0128022428  -0.0141060772  -0.0002955215
        0.0004398552  -0.0000434682  -0.0000759707   0.0002258107  -0.0001089513
        0.0001891173  -0.0002887134   0.0001328475  -0.0001501218  -0.0000271256
       -0.0000290417  -0.0000013455   0.0000449867   0.0000073711   0.0004189319
        0.0005530860   0.0000754357  -0.0039413960  -0.0030061839  -0.0004545584
        0.0005006594   0.0000565910  -0.0003842573  -0.0071570316   0.1525895694
        0.1297172126  -0.0005219847   0.0092856677   0.0123227447   0.0033983435
       -0.0020228681  -0.0004315531  -0.0003066369  -0.0000131161  -0.0004214724
       -0.0000039237  -0.0000087435  -0.0000109967  -0.0000061605   0.0000097438
        0.0000165987  -0.0000040573  -0.0000164785   0.0000031863  -0.0000140337
       -0.0000170612  -0.0000013622  -0.0000036988   0.0000072935  -0.0000003632
       -0.0014540303  -0.0021830620  -0.0006964759   0.0068540421  -0.1107033015
       -0.1897631666   0.0024454695  -0.0015343645  -0.0002870882   0.0001395534
       -0.0016354345   0.0002276839  -0.0005087034   0.0012207575  -0.0000352432
        0.0000546719   0.0002532048  -0.0000376817  -0.0001610943  -0.0001364461
       -0.0000394352  -0.0000017108   0.0000381664   0.0000103820  -0.0002497585
        0.0001703158   0.0000028778  -0.0006308059  -0.0003157431   0.0010988602
        0.0002755957   0.0004565380   0.0007154691  -0.0077399613   0.1297172126
        0.2165237494   0.0010563446  -0.0155361028  -0.0294294693   0.0002815472
       -0.0002065379   0.0010683456  -0.0003282071   0.0003942688   0.0006449107
        0.0000020738  -0.0000011312  -0.0000352135  -0.0000019876  -0.0000029268
        0.0000373398  -0.0000163913  -0.0000031932   0.0000041963  -0.0000163708
       -0.0000022643  -0.0000075958  -0.0000002768   0.0000100440  -0.0000024451
       -0.0025915591  -0.0154254298   0.0196817860  -0.0409105448   0.0034187674
       -0.0031757794  -0.0051378038   0.0166806439  -0.0222659940  -0.0005401355
        0.0017253826  -0.0010459329   0.0003575481  -0.0006196069   0.0005100134
        0.0007615234  -0.0003345426   0.0002214259  -0.0000908876  -0.0000674385
       -0.0000129413   0.0000029996  -0.0000054262   0.0000145699   0.0003625875
       -0.0001474461   0.0004912222   0.0006079749   0.0004572132   0.0002321295
       -0.0038261003  -0.0040409083   0.0005772543   0.0013778805  -0.0005219847
        0.0010563446   0.0536564189  -0.0040525834   0.0046485519   0.0007404224
       -0.0002459445  -0.0002433595  -0.0047837282   0.0031880414  -0.0007149769
       -0.0000422926   0.0000008692   0.0000209494   0.0000126017   0.0000156605
       -0.0000034617   0.0000216801  -0.0000128888   0.0000202524   0.0000042376
        0.0000002890  -0.0000145973   0.0000171769  -0.0000126675   0.0000025436
       -0.0035014289  -0.0128903340   0.0172184668   0.0032440485  -0.1131628757
        0.1039948826   0.0049764495  -0.0115674258   0.0151782627  -0.0002570209
        0.0006043500   0.0000222800  -0.0001478740   0.0001107239  -0.0000343331
        0.0001600691  -0.0003135510  -0.0000484152  -0.0001317918  -0.0000089560
        0.0000147268   0.0000012045   0.0000435054  -0.0000142259   0.0004463703
        0.0005274278  -0.0001118294   0.0004705252   0.0000573484   0.0004472689
       -0.0038779065  -0.0028981684   0.0006996471  -0.0003265035   0.0092856677
       -0.0155361028  -0.0040525834   0.1322048845  -0.1230001860  -0.0002704401
       -0.0000168687   0.0004687596   0.0032943753  -0.0019516414   0.0007034186
       -0.0000032156   0.0000069291  -0.0000158633  -0.0000044160  -0.0000070686
        0.0000098269  -0.0000125625  -0.0000148162   0.0000011061  -0.0000039046
       -0.0000168350   0.0000026423  -0.0000033946   0.0000077039  -0.0000003330
        0.0017062068   0.0028478445  -0.0018201564  -0.0039394517   0.1046271256
       -0.2075965835  -0.0029999368   0.0028793552  -0.0022120591  -0.0001864347
        0.0016366533  -0.0000663890   0.0005612913  -0.0012669828   0.0001102665
        0.0000006759  -0.0002539025   0.0000378780   0.0001704378   0.0001232735
       -0.0000373279  -0.0000001827  -0.0000408594   0.0000154559   0.0002167901
       -0.0002201569   0.0000383952  -0.0003189437  -0.0004015460   0.0007188911
        0.0008341097   0.0005464696   0.0010418939  -0.0004409167   0.0123227447
       -0.0294294693   0.0046485519  -0.1230001860   0.2375991940   0.0003531575
       -0.0003443039   0.0006273852  -0.0006427504   0.0005468353   0.0009799859
       -0.0000006001   0.0000076560   0.0000372103   0.0000003173  -0.0000031551
       -0.0000373945   0.0000197999   0.0000016062  -0.0000086558   0.0000175227
        0.0000037331   0.0000026637   0.0000003558  -0.0000122042  -0.0000011844
        0.0010006272   0.0007669799   0.0005654433  -0.0046908120   0.0170941885
        0.0190971724  -0.0395228388   0.0074454495   0.0074438723   0.0016779969
       -0.0151550282  -0.0189671065  -0.0027892858  -0.0028342748   0.0021135262
       -0.0014149623   0.0006797915   0.0011174521  -0.0004140217  -0.0002621780
        0.0005210270   0.0000247321   0.0000586854  -0.0000019612   0.0002515976
       -0.0001581948  -0.0000844957  -0.0005140977  -0.0003288074  -0.0004196836
       -0.0000604504  -0.0000448646   0.0000202778  -0.0047719401   0.0033983435
        0.0002815472   0.0007404224  -0.0002704401   0.0003531575   0.0482703644
       -0.0102582749  -0.0116873779   0.0021342325  -0.0001892759  -0.0004358492
       -0.0000720679  -0.0000230614  -0.0000148555   0.0001458015   0.0000729786
        0.0000592485   0.0000194403  -0.0000206277  -0.0000003368  -0.0000708190
        0.0000243791   0.0000265766   0.0000560809   0.0000042320   0.0000123655
       -0.0007205462   0.0008108224   0.0004731856   0.0045596671  -0.0118989838
       -0.0129180031   0.0097035642  -0.1265140086  -0.1165354196  -0.0045044040
       -0.0164696564  -0.0170790094  -0.0026461876  -0.0023915953   0.0022354695
        0.0009738262  -0.0001474769   0.0003721370  -0.0000541705   0.0002056783
        0.0005935498   0.0000795492   0.0000432417   0.0000356759  -0.0002320810
       -0.0000395400   0.0000194124   0.0001305164   0.0002668393   0.0000020075
        0.0000122119  -0.0000974397   0.0000656798   0.0032441064  -0.0020228681
       -0.0002065379  -0.0002459445  -0.0000168687  -0.0003443039  -0.0102582749
        0.1487222028   0.1315451741  -0.0002493132   0.0094826805   0.0117022309
       -0.0000571441  -0.0000167922  -0.0000340531   0.0002155688   0.0000762114
        0.0000702760   0.0000172430  -0.0000082179  -0.0000008455  -0.0000129835
        0.0000343274   0.0000088458   0.0000447964  -0.0000185563  -0.0000054717
       -0.0003320465   0.0004721590   0.0003902737   0.0021777222  -0.0023017648
       -0.0003836266   0.0093306514  -0.1132904461  -0.1831180730   0.0002143755
       -0.0033153328  -0.0008889250   0.0000509524   0.0006983841  -0.0003756843
       -0.0012305411   0.0007967610   0.0005928334   0.0001744073   0.0001667725
       -0.0000321470   0.0000755907   0.0000140003   0.0000070468  -0.0001801108
        0.0001596853   0.0000026485   0.0003229999   0.0000623122   0.0002725891
        0.0000657844  -0.0000570827  -0.0003838777   0.0003845434  -0.0004315531
        0.0010683456  -0.0002433595   0.0004687596   0.0006273852  -0.0116873779
        0.1315451741   0.2100867992   0.0006644353  -0.0151485766  -0.0278741074
        0.0000785136   0.0000563108  -0.0000065122   0.0001240338   0.0000871953
        0.0000105079  -0.0000062554  -0.0000051855  -0.0000543686  -0.0000281780
        0.0000145476   0.0000571594   0.0000438594   0.0000078798   0.0000017329
        0.0009507245   0.0007181516  -0.0005843593  -0.0043325295   0.0150903736
       -0.0205844213  -0.0404371813   0.0068369809  -0.0079617268   0.0018089553
       -0.0126897578   0.0204022243  -0.0030658546  -0.0039418991  -0.0015551779
       -0.0011819526   0.0003925844  -0.0013772363  -0.0002873240  -0.0003427210
       -0.0003043512   0.0000428563   0.0000689402  -0.0000037711   0.0002380828
       -0.0001622824   0.0001134604  -0.0000547498  -0.0000389542  -0.0000090880
       -0.0005041505  -0.0002963516   0.0004229967   0.0007580384  -0.0003066369
       -0.0003282071  -0.0047837282   0.0032943753  -0.0006427504   0.0021342325
       -0.0002493132   0.0006644353   0.0485987286  -0.0084325829   0.0118220443
        0.0001384074   0.0000505696  -0.0000592306  -0.0000261752   0.0000044670
        0.0000212761  -0.0000726338   0.0000161843  -0.0000442029   0.0000091651
       -0.0000146402   0.0000178032   0.0000670885   0.0000025123  -0.0000097173
       -0.0006314821   0.0006922565  -0.0004905979   0.0039313130  -0.0103168686
        0.0137792157   0.0083872511  -0.1064075668   0.1096961224  -0.0046398388
       -0.0143846081   0.0181680396  -0.0029314354  -0.0032665228  -0.0015866819
        0.0013387466  -0.0002052255  -0.0002186594   0.0000242889   0.0000609198
       -0.0005611019   0.0000947258   0.0000443857  -0.0000321499  -0.0001963462
       -0.0000486469  -0.0000158859   0.0000084148  -0.0001014511  -0.0000897351
        0.0000840787   0.0002557743   0.0000019429  -0.0002441764  -0.0000131161
        0.0003942688   0.0031880414  -0.0019516414   0.0005468353  -0.0001892759
        0.0094826805  -0.0151485766  -0.0084325829   0.1261131104  -0.1243960012
        0.0002072942   0.0000562269  -0.0000736771  -0.0000472548  -0.0000198146
        0.0000354002  -0.0000169848   0.0000367788  -0.0000132388   0.0000164201
       -0.0000057647  -0.0000053274   0.0000488027  -0.0000209063   0.0000098082
        0.0003677997  -0.0004821642   0.0004457924  -0.0025460544   0.0032685136
       -0.0020566062  -0.0091394928   0.1071015520  -0.2046713742  -0.0001949843
        0.0042005681  -0.0030314796   0.0002794122  -0.0002566060   0.0000838855
        0.0010352616  -0.0008393299   0.0007191818  -0.0002060993  -0.0002053336
        0.0000685163  -0.0000894261  -0.0000193882   0.0000118386   0.0001981984
       -0.0001539730   0.0000239861  -0.0000524344   0.0000322862  -0.0003749631
       -0.0003496225  -0.0000707385   0.0002803571   0.0002810061  -0.0004214724
        0.0006449107  -0.0007149769   0.0007034186   0.0009799859  -0.0004358492
        0.0117022309  -0.0278741074   0.0118220443  -0.1243960012   0.2347296103
       -0.0001553031  -0.0000843436   0.0000250994  -0.0000850644  -0.0000611423
       -0.0000110681   0.0000176772  -0.0000085940   0.0000660985   0.0000166976
       -0.0000058125  -0.0000563512  -0.0000487897  -0.0000036700  -0.0000033129
       -0.0000066164  -0.0000038688  -0.0000196317  -0.0000121917   0.0000590620
       -0.0000739813  -0.0003057644  -0.0001770419  -0.0009104413   0.0010149957
       -0.0036516279   0.0017999366   0.0008636114   0.0012912634  -0.0002765276
       -0.0169816573  -0.0214915557   0.0254561816  -0.0377455963  -0.0017921327
        0.0033673446  -0.0013580174   0.0128238443  -0.0189888782   0.0000115061
        0.0000130609   0.0000036412   0.0000126032   0.0000092282   0.0000155925
        0.0000214917   0.0000130600  -0.0000117423   0.0000168846  -0.0000039237
        0.0000020738  -0.0000422926  -0.0000032156  -0.0000006001  -0.0000720679
       -0.0000571441   0.0000785136   0.0001384074   0.0002072942  -0.0001553031
        0.0549536330   0.0089887994  -0.0103889479   0.0020496461   0.0001518168
        0.0013520554  -0.0034115113   0.0039146136  -0.0006569191   0.0006385342
       -0.0005227622  -0.0002807336   0.0002144018   0.0002312300  -0.0003116329
        0.0000089714   0.0000290140  -0.0000114588   0.0000479067   0.0000257750
       -0.0000615572  -0.0002034529  -0.0002253052  -0.0002437773   0.0013171568
        0.0007856925   0.0001800420  -0.0004616400   0.0000187059   0.0003071550
       -0.0158052768  -0.0162712293   0.0167249879  -0.0003993671  -0.0925251815
        0.0909984574   0.0028633620  -0.0113074910   0.0181901984  -0.0000050723
        0.0000083154   0.0000028807   0.0000061493  -0.0000110218  -0.0000006304
        0.0000098069  -0.0000160365   0.0000071827   0.0000144626  -0.0000087435
       -0.0000011312   0.0000008692   0.0000069291   0.0000076560  -0.0000230614
       -0.0000167922   0.0000563108   0.0000505696   0.0000562269  -0.0000843436
        0.0089887994   0.1133188676  -0.1108317112   0.0009139807   0.0081725119
       -0.0165507244   0.0035682522  -0.0026473994   0.0008605467  -0.0004744816
        0.0001798492   0.0005072063  -0.0004179347   0.0004273130  -0.0000572898
       -0.0000096143  -0.0000277904   0.0000117343  -0.0000711469   0.0000384872
        0.0000080628   0.0000018674   0.0000141980  -0.0000044721  -0.0015210922
        0.0025493697   0.0005150747  -0.0004852337  -0.0016173117  -0.0003477479
        0.0086747128   0.0048770778   0.0003968231   0.0059538678   0.0922668690
       -0.2140702697  -0.0020293747   0.0036705496  -0.0035214312   0.0000140121
       -0.0000124116  -0.0000017766  -0.0000142854   0.0000054096   0.0000062643
       -0.0000186293   0.0000023526  -0.0000076161  -0.0000020637  -0.0000109967
       -0.0000352135   0.0000209494  -0.0000158633   0.0000372103  -0.0000148555
       -0.0000340531  -0.0000065122  -0.0000592306  -0.0000736771   0.0000250994
       -0.0103889479  -0.1108317112   0.2439127091   0.0005624964   0.0092968241
       -0.0287408311  -0.0009799185   0.0006665982   0.0010303769   0.0004812900
       -0.0005936638   0.0007475903  -0.0001148031  -0.0001702567   0.0000449251
       -0.0000142388   0.0000029298   0.0000192227  -0.0000383764   0.0000534211
        0.0000680106  -0.0003838867   0.0000418198   0.0008906856   0.0010012026
       -0.0037616198  -0.0009981811   0.0008309744   0.0012317712   0.0000929364
       -0.0149416032  -0.0259271765  -0.0219697746  -0.0377933321   0.0051681385
        0.0065054119  -0.0026235932   0.0163915152   0.0160675406   0.0000097244
        0.0000103463  -0.0000041930   0.0000196005   0.0000133783   0.0000116455
        0.0000132501   0.0000099632  -0.0000157633  -0.0000411356  -0.0000061605
       -0.0000019876   0.0000126017  -0.0000044160   0.0000003173   0.0001458015
        0.0002155688   0.0001240338  -0.0000261752  -0.0000472548  -0.0000850644
        0.0020496461   0.0009139807   0.0005624964   0.0543971226   0.0019526651
       -0.0015053201   0.0006434234  -0.0004979363   0.0003731680  -0.0034515340
        0.0039551701  -0.0004114749   0.0001905278   0.0002838956   0.0002762902
        0.0000079499   0.0000406932   0.0000103005   0.0000506894   0.0000202568
        0.0000606324  -0.0002312550  -0.0001433337   0.0002583399   0.0015833765
        0.0002193314  -0.0000254968  -0.0003346350   0.0002669479  -0.0004750435
       -0.0163328048  -0.0199650993  -0.0139216390   0.0059692393  -0.1318248666
       -0.1070778324   0.0043089198  -0.0150474793  -0.0155708982  -0.0000089728
        0.0000100130  -0.0000035358   0.0000132105  -0.0000195905  -0.0000054344
        0.0000093786  -0.0000150121   0.0000060937  -0.0000083827   0.0000097438
       -0.0000029268   0.0000156605  -0.0000070686  -0.0000031551   0.0000729786
        0.0000762114   0.0000871953   0.0000044670  -0.0000198146  -0.0000611423
        0.0001518168   0.0081725119   0.0092968241   0.0019526651   0.1603155313
        0.1277783573  -0.0005271017   0.0002089084  -0.0004329141   0.0036883729
       -0.0027577603   0.0001316398  -0.0003855728   0.0004598762  -0.0000493648
        0.0000075556   0.0000221633   0.0000074105   0.0000577251  -0.0000382131
        0.0000139769   0.0000226201   0.0000249452  -0.0000072313   0.0012358091
       -0.0027427420   0.0010610334   0.0006680705   0.0015653383  -0.0005178369
       -0.0066932606  -0.0026028641   0.0021191392   0.0037321498  -0.1083872599
       -0.1746895458   0.0012637467  -0.0003238773   0.0014537529  -0.0000129572
        0.0000109859  -0.0000021502   0.0000172479   0.0000022612  -0.0000049137
        0.0000148003  -0.0000007394   0.0000022344  -0.0000241690   0.0000165987
        0.0000373398  -0.0000034617   0.0000098269  -0.0000373945   0.0000592485
        0.0000702760   0.0000105079   0.0000212761   0.0000354002  -0.0000110681
        0.0013520554  -0.0165507244  -0.0287408311  -0.0015053201   0.1277783573
        0.1973758007  -0.0003878522   0.0006575968   0.0007027243  -0.0000281983
        0.0003440133   0.0011737774   0.0002029141   0.0001086570   0.0000532742
        0.0000156226  -0.0000257273   0.0000061007   0.0000046359   0.0000289381
        0.0000175546   0.0001017307   0.0000004118   0.0000553036  -0.0005119727
        0.0010162780  -0.0003345468  -0.0000224148  -0.0005974081   0.0000657902
        0.0024876821  -0.0004406122   0.0004195798  -0.0008590456   0.0139691422
       -0.0206746413  -0.0444747330  -0.0123222310   0.0205122890   0.0000227824
       -0.0000069853   0.0000010398  -0.0000076282   0.0000048204   0.0000010062
       -0.0000142957   0.0000011841  -0.0000007711   0.0000013929  -0.0000040573
       -0.0000163913   0.0000216801  -0.0000125625   0.0000197999   0.0000194403
        0.0000172430  -0.0000062554  -0.0000726338  -0.0000169848   0.0000176772
       -0.0034115113   0.0035682522  -0.0009799185   0.0006434234  -0.0005271017
       -0.0003878522   0.0494767137   0.0100520649  -0.0218939472   0.0009193344
        0.0003533947  -0.0014150371  -0.0043402034  -0.0150580589   0.0245932198
       -0.0000064799   0.0000187627  -0.0000113363  -0.0000358071   0.0000206285
       -0.0000010904  -0.0000782437   0.0000323195  -0.0000326193  -0.0003186171
       -0.0000245345   0.0002086044  -0.0000022333   0.0000243219  -0.0000756146
       -0.0007742933   0.0005520389  -0.0007381100   0.0018827806  -0.0136343742
        0.0196171015  -0.0114011934  -0.1029618001   0.1034752647  -0.0000016297
       -0.0000051365   0.0000021996  -0.0000051281  -0.0000035999   0.0000001359
       -0.0000018614   0.0000051854  -0.0000004864   0.0000044992  -0.0000164785
       -0.0000031932  -0.0000128888  -0.0000148162   0.0000016062  -0.0000206277
       -0.0000082179  -0.0000051855   0.0000161843   0.0000367788  -0.0000085940
        0.0039146136  -0.0026473994   0.0006665982  -0.0004979363   0.0002089084
        0.0006575968   0.0100520649   0.1184652509  -0.1220458495   0.0017195746
        0.0092248379  -0.0175137729  -0.0044327774  -0.0092726757   0.0158067448
        0.0000100710  -0.0000075342   0.0000089069   0.0000485793  -0.0000269476
        0.0000101807   0.0000748139  -0.0000259089   0.0000291223   0.0001947247
        0.0001309388  -0.0001844408   0.0001049688  -0.0003177439   0.0000723088
       -0.0001595539  -0.0003285974   0.0002864909  -0.0027636262   0.0049769963
       -0.0040810894   0.0196051106   0.1045162778  -0.2293714565   0.0000093585
        0.0000007181  -0.0000020481   0.0000009834  -0.0000070090  -0.0000126300
       -0.0000010010  -0.0000053458   0.0000139429   0.0000127394   0.0000031863
        0.0000041963   0.0000202524   0.0000011061  -0.0000086558  -0.0000003368
       -0.0000008455  -0.0000543686  -0.0000442029  -0.0000132388   0.0000660985
       -0.0006569191   0.0008605467   0.0010303769   0.0003731680  -0.0004329141
        0.0007027243  -0.0218939472  -0.1220458495   0.2613412507   0.0031109511
        0.0104504781  -0.0272370603   0.0019538660   0.0022716864  -0.0026138496
        0.0000173730  -0.0000288565  -0.0000037091   0.0000117906   0.0000240108
       -0.0000207370   0.0001098778  -0.0000203831  -0.0000451288  -0.0005163521
        0.0010709140   0.0000918550  -0.0000106966  -0.0006172248   0.0000572367
        0.0024885347  -0.0005082729  -0.0001737195  -0.0022952899   0.0178910209
        0.0175542770  -0.0427287990  -0.0073708082  -0.0075732082   0.0000238035
       -0.0000077461   0.0000009883  -0.0000139148   0.0000018933  -0.0000008576
       -0.0000083655   0.0000032714  -0.0000000552   0.0000234100  -0.0000140337
       -0.0000163708   0.0000042376  -0.0000039046   0.0000175227  -0.0000708190
       -0.0000129835  -0.0000281780   0.0000091651   0.0000164201   0.0000166976
        0.0006385342  -0.0004744816   0.0004812900  -0.0034515340   0.0036883729
       -0.0000281983   0.0009193344   0.0017195746   0.0031109511   0.0475565219
        0.0040174424   0.0079319366  -0.0027068121  -0.0193742256  -0.0213725926
       -0.0000061647   0.0000230357   0.0000083472  -0.0000474187   0.0000254861
        0.0000016453  -0.0000962165   0.0000429896   0.0000196339  -0.0003396627
       -0.0000655997  -0.0002534515  -0.0000310447   0.0000837185   0.0000675292
       -0.0007391305   0.0007298359   0.0006054865   0.0035758409  -0.0177790890
       -0.0165895368  -0.0063765632  -0.1469482415  -0.1203952827  -0.0000054636
       -0.0000053416  -0.0000022936  -0.0000012197   0.0000046923   0.0000019063
       -0.0000046150  -0.0000010440  -0.0000036905  -0.0000172543  -0.0000170612
       -0.0000022643   0.0000002890  -0.0000168350   0.0000037331   0.0000243791
        0.0000343274   0.0000145476  -0.0000146402  -0.0000057647  -0.0000058125
       -0.0005227622   0.0001798492  -0.0005936638   0.0039551701  -0.0027577603
        0.0003440133   0.0003533947   0.0092248379   0.0104504781   0.0040174424
        0.1698220374   0.1406305683  -0.0037243603  -0.0125740730  -0.0143018929
       -0.0000065508   0.0000064808   0.0000062648  -0.0000398490   0.0000260793
        0.0000017247  -0.0000558559   0.0000266338   0.0000172090  -0.0001509406
       -0.0000802585  -0.0001167848  -0.0001048335   0.0002665517  -0.0000098531
        0.0004466700   0.0002078397   0.0000984313   0.0022041728  -0.0010702662
        0.0015126303  -0.0068442979  -0.1215095311  -0.1871411803  -0.0000080450
        0.0000016660  -0.0000020598  -0.0000012272   0.0000018290   0.0000095065
       -0.0000002891   0.0000033950  -0.0000107029  -0.0000149726  -0.0000013622
       -0.0000075958  -0.0000145973   0.0000026423   0.0000026637   0.0000265766
        0.0000088458   0.0000571594   0.0000178032  -0.0000053274  -0.0000563512
       -0.0002807336   0.0005072063   0.0007475903  -0.0004114749   0.0001316398
        0.0011737774  -0.0014150371  -0.0175137729  -0.0272370603   0.0079319366
        0.1406305683   0.2118944161  -0.0012784547  -0.0016408595  -0.0009397853
       -0.0000733136   0.0000239043  -0.0000016144  -0.0001105922  -0.0001276390
        0.0000023512  -0.0005181885   0.0002734251  -0.0000429216  -0.0006217715
       -0.0019241239   0.0001726478   0.0002146209   0.0005842800  -0.0000494609
       -0.0058237710   0.0046462720  -0.0006683421  -0.0226905945  -0.0101742210
        0.0002320067  -0.2278768024  -0.1081218965   0.0043021842  -0.0000165712
       -0.0000000767  -0.0000002499   0.0000201786   0.0000027798   0.0000063789
        0.0000207205   0.0000019881  -0.0000057926   0.0000176998  -0.0000036988
       -0.0000002768   0.0000171769  -0.0000033946   0.0000003558   0.0000560809
        0.0000447964   0.0000438594   0.0000670885   0.0000488027  -0.0000487897
        0.0002144018  -0.0004179347  -0.0001148031   0.0001905278  -0.0003855728
        0.0002029141  -0.0043402034  -0.0044327774   0.0019538660  -0.0027068121
       -0.0037243603  -0.0012784547   0.2639601247   0.1236894471  -0.0047058582
        0.0000306938   0.0000102150   0.0000004517   0.0000847714   0.0000488823
        0.0000004012   0.0002959972  -0.0001750666   0.0000226386   0.0013829059
        0.0003213001   0.0000265823  -0.0002660294   0.0003013457  -0.0000468252
        0.0041719740  -0.0014133887   0.0003342719   0.0144983897   0.0077633781
       -0.0002710688  -0.1099563280  -0.1047931356   0.0023689321  -0.0000054598
        0.0000069216   0.0000000516   0.0000044155  -0.0000084666  -0.0000019970
        0.0000049994  -0.0000076138   0.0000030875  -0.0000126948   0.0000072935
        0.0000100440  -0.0000126675   0.0000077039  -0.0000122042   0.0000042320
       -0.0000185563   0.0000078798   0.0000025123  -0.0000209063  -0.0000036700
        0.0002312300   0.0004273130  -0.0001702567   0.0002838956   0.0004598762
        0.0001086570  -0.0150580589  -0.0092726757   0.0022716864  -0.0193742256
       -0.0125740730  -0.0016408595   0.1236894471   0.1189296531  -0.0030078028
       -0.0000048972   0.0000007952   0.0000046562  -0.0000119066  -0.0000078126
        0.0000082156  -0.0000414313   0.0000252504  -0.0000350535  -0.0001521269
       -0.0000946324   0.0001277056   0.0000360839  -0.0000121059  -0.0000577233
       -0.0006264597   0.0003489966   0.0005072692  -0.0021579887  -0.0010850287
        0.0000739817   0.0044742855   0.0024293017  -0.0425670638  -0.0000003406
        0.0000002603   0.0000008563   0.0000008472  -0.0000018928  -0.0000009612
       -0.0000012110   0.0000028334  -0.0000014137   0.0000005274  -0.0000003632
       -0.0000024451   0.0000025436  -0.0000003330  -0.0000011844   0.0000123655
       -0.0000054717   0.0000017329  -0.0000097173   0.0000098082  -0.0000033129
       -0.0003116329  -0.0000572898   0.0000449251   0.0002762902  -0.0000493648
        0.0000532742   0.0245932198   0.0158067448  -0.0026138496  -0.0213725926
       -0.0143018929  -0.0009397853  -0.0047058582  -0.0030078028   0.0454001760
