           1           2   1.01966220014397     
           2           3   1.00699706531422     
           3           4  0.982475356177648     
           4           5   1.69571034785548     
           4           6   1.16064599468205     
           5           6  0.167879227460487     
           6           7  0.918380094116269     
           7           8   1.01966347160004     
           1           9  0.986278032937511     
           1          10  0.986836467501383     
           1          11  0.986824976678535     
           2          12  0.977623585466256     
           2          13  0.977332121718473     
           3          14  0.944421632352848     
           3          15  0.948543740717829     
           7          16  0.969235988080081     
           7          17  0.969163357304312     
           8          18  0.983552625957585     
           8          19  0.983577898273732     
           8          20  0.980028630793521     
