$hessian                                                                        
        0.4724360188  -0.0244333997  -0.0124591471  -0.1732838337  -0.0477393346
       -0.0298403456  -0.0193491401  -0.0098673692   0.0031792924  -0.0007134039
       -0.0008013988   0.0033473474  -0.0003951507  -0.0005589261  -0.0004677270
       -0.0003602393   0.0000776428  -0.0001085103   0.0002221220   0.0000161425
       -0.0001704707   0.0000225377   0.0000047343  -0.0000280236  -0.1246769604
        0.0965882498  -0.0626137895  -0.0465445103   0.0248734215   0.0183785097
       -0.0867307035  -0.0299998333   0.0898486675  -0.0218625453  -0.0065118292
       -0.0065114725  -0.0003385873  -0.0021877684  -0.0010416085   0.0011023867
        0.0004455439  -0.0006792467   0.0005722042   0.0000939770  -0.0008735753
       -0.0000375439  -0.0000113868  -0.0000045994  -0.0000362800   0.0000311117
        0.0000239696   0.0000149218  -0.0000330292   0.0000162857  -0.0000031349
       -0.0000081648   0.0000006729  -0.0000381578   0.0000216163   0.0000037709
       -0.0244333997   0.5139625439  -0.0055168477  -0.0479325968  -0.0897312948
       -0.0141799518  -0.0120971351  -0.0054102005   0.0017305391  -0.0000885343
       -0.0007040343   0.0022394789  -0.0002283552  -0.0001121693  -0.0003054911
       -0.0005655590   0.0003526936  -0.0003545425   0.0000412807   0.0000098569
       -0.0000986797  -0.0000294966  -0.0000429479  -0.0000177178   0.0959274878
       -0.1549301910   0.0726864546   0.0255000813  -0.1939268256  -0.1141805082
       -0.0299319998  -0.0653959076   0.0620288095   0.0163973793   0.0073213670
        0.0046651230  -0.0228073438  -0.0125828334  -0.0078468449  -0.0005719266
        0.0003444374  -0.0006154044   0.0008370981   0.0007652187  -0.0002399682
        0.0000243917   0.0000207055  -0.0000072401  -0.0000062872   0.0000058926
        0.0000124310  -0.0000213436   0.0000140845  -0.0000043625  -0.0000027592
        0.0000142298   0.0000088406  -0.0000109821   0.0000253745  -0.0000041178
       -0.0124591471  -0.0055168477   0.5244367943  -0.0286206320  -0.0135418604
       -0.0702523287   0.0231752563   0.0111236026  -0.0001931470  -0.0010391447
       -0.0000953322  -0.0055176871   0.0009330640   0.0023485878   0.0016586587
        0.0017281983  -0.0008964258   0.0007398216  -0.0000357009  -0.0002408292
        0.0002199738   0.0000956398  -0.0000045610   0.0000116249  -0.0625120945
        0.0729266684  -0.0928606788   0.0187333705  -0.1142126324  -0.1320613059
        0.0892587813   0.0617388897  -0.2205803352  -0.0137056971  -0.0046300196
       -0.0029472069  -0.0166592236  -0.0095406630  -0.0045833093   0.0007696837
       -0.0002817887   0.0008464557   0.0003371222   0.0007283463   0.0009977885
       -0.0000731597   0.0000187597  -0.0000080085   0.0000840887   0.0000666137
        0.0000625989   0.0000048588  -0.0000189858   0.0000203479  -0.0000341834
        0.0000308339  -0.0000023950   0.0000189195  -0.0000023562   0.0000123380
       -0.1732838337  -0.0479325968  -0.0286206320   0.4710390274  -0.0358641998
        0.0216030420  -0.0771407047  -0.0103535809   0.0502403771  -0.0199184722
       -0.0126695932   0.0182753666  -0.0007169767   0.0008465077  -0.0017187452
       -0.0010928318  -0.0009753494  -0.0005041261   0.0003585318   0.0002213064
       -0.0013284358   0.0000728781  -0.0000050992  -0.0000385866  -0.0222908855
       -0.0058961500  -0.0067853529   0.0002961429  -0.0025976163  -0.0015947433
       -0.0157269917  -0.0076933502  -0.0009979749  -0.1194156643   0.0933522064
       -0.0603469135  -0.0463014160   0.0258047227   0.0155737975   0.0067105588
        0.0044998405  -0.0113638449  -0.0024333889  -0.0008218973   0.0076175642
        0.0001722508   0.0000445083   0.0000002893  -0.0002305691   0.0000061727
       -0.0000175882  -0.0000592976   0.0000006645  -0.0000148270  -0.0000065363
       -0.0000154246   0.0000136447  -0.0000318213   0.0000489284   0.0000076889
       -0.0477393346  -0.0897312948  -0.0135418604  -0.0358641998   0.5200621729
        0.0162613382  -0.0094952536  -0.0725874255   0.0337743876  -0.0119914324
       -0.0066061269   0.0080319716  -0.0007522556   0.0005649094  -0.0017397280
        0.0011854713  -0.0009113232   0.0008298353   0.0000816926   0.0000299846
       -0.0005363550  -0.0000524106  -0.0000948436  -0.0000046697   0.0168705090
        0.0079378573   0.0044469821  -0.0229820846  -0.0131301531  -0.0077641330
       -0.0101691868  -0.0044759525  -0.0008311544   0.0931347102  -0.1521755822
        0.0673214940   0.0260368952  -0.1872011099  -0.1079993028  -0.0079762720
       -0.0079053456   0.0198527902   0.0096364588   0.0060558178  -0.0181455801
        0.0000983145   0.0000373475   0.0000440403  -0.0000693134   0.0000975894
        0.0000045277   0.0000634303   0.0000064316   0.0000097079   0.0000038766
        0.0000146540  -0.0000128680  -0.0000196151   0.0000123928  -0.0000014234
       -0.0298403456  -0.0141799518  -0.0702523287   0.0216030420   0.0162613382
        0.4740831422   0.0363872999   0.0268290910  -0.1496000005   0.0139379601
        0.0061583119   0.0079765182  -0.0019647991  -0.0058403097  -0.0021845521
       -0.0044569526   0.0028862793  -0.0012006472   0.0006262592   0.0003958352
       -0.0000027829  -0.0001161100  -0.0000149149  -0.0001433917  -0.0138989488
       -0.0043853416  -0.0038045123  -0.0165899054  -0.0097044546  -0.0054316748
        0.0220033150   0.0103298149   0.0035471705  -0.0605034365   0.0687845203
       -0.0892716936   0.0167732052  -0.1086899048  -0.1266147993   0.0054089141
        0.0084655681  -0.0160882850   0.0107525481   0.0029465581  -0.0210886110
       -0.0000987104  -0.0001553453   0.0000575126  -0.0000104330  -0.0000628036
       -0.0000483770   0.0000094214  -0.0000233353   0.0000162703   0.0000289433
        0.0000094161   0.0000496533  -0.0000512670  -0.0000103714   0.0000013891
       -0.0193491401  -0.0120971351   0.0231752563  -0.0771407047  -0.0094952536
        0.0363872999   0.4672308093  -0.0522708343   0.0337824927  -0.1473185194
       -0.0455916671  -0.0247190064  -0.0063569581  -0.0154344464  -0.0076115999
       -0.0503298554   0.0037254057  -0.0128050383   0.0009308432   0.0035076338
       -0.0003106125  -0.0014619739  -0.0003203721  -0.0004361386   0.0009573734
       -0.0002811009   0.0008493997   0.0009787296   0.0006594269   0.0002980197
       -0.0061048162  -0.0032254944  -0.0002116924   0.0060265912   0.0037297565
       -0.0111811638  -0.0034396461  -0.0007205136   0.0079780901  -0.1165232634
        0.0951001891  -0.0628677487  -0.0472747473   0.0328469519   0.0179100255
       -0.0000976654  -0.0001284577  -0.0000779300  -0.0005114825  -0.0001723792
       -0.0001104081   0.0000380106  -0.0000687195   0.0000502549   0.0001008574
       -0.0000975362  -0.0000348970  -0.0003544422   0.0003345462  -0.0000646030
       -0.0098673692  -0.0054102005   0.0111236026  -0.0103535809  -0.0725874255
        0.0268290910  -0.0522708343   0.5370065220   0.0229870456  -0.0331781843
       -0.0776270959  -0.0099097906  -0.0402289552  -0.0376570894  -0.0143239395
        0.0163507324   0.0099938394   0.0040149246   0.0036171784  -0.0019886601
       -0.0005282191   0.0009147738   0.0002196390   0.0002408894   0.0007556036
        0.0006807431  -0.0004187829  -0.0000945189   0.0004761757   0.0008800689
       -0.0030993976  -0.0009456176  -0.0001645616  -0.0083283203  -0.0084454854
        0.0204270620   0.0091777791   0.0061522966  -0.0182979488   0.0933821969
       -0.1595333735   0.0695863662   0.0329498937  -0.1899078580  -0.1124778908
        0.0001870661  -0.0000868814   0.0000422737  -0.0001768141  -0.0002100703
       -0.0000858409  -0.0000098185   0.0000926378  -0.0000233713   0.0000142579
        0.0000669008   0.0000382449   0.0002583113  -0.0002889965   0.0000607765
        0.0031792924   0.0017305391  -0.0001931470   0.0502403771   0.0337743876
       -0.1496000005   0.0337824927   0.0229870456   0.4538136901  -0.0378552206
       -0.0179555125  -0.0790071162  -0.0106384582  -0.0066928844   0.0136638341
       -0.0079000709  -0.0024398462   0.0038760042  -0.0024834223  -0.0003446007
        0.0052485784  -0.0001642504   0.0000054037  -0.0000112731  -0.0005789230
       -0.0006963423   0.0007392636  -0.0009071329  -0.0000819698   0.0009492876
       -0.0005046755  -0.0002943558   0.0011973127   0.0062532776   0.0080936422
       -0.0164058314   0.0109789688   0.0039840759  -0.0209480113  -0.0621272607
        0.0710151415  -0.0886876723   0.0188624776  -0.1131591476  -0.1246392682
       -0.0009531621  -0.0000661957  -0.0003555786   0.0008905440   0.0000735111
        0.0003632854   0.0000057022  -0.0000352053   0.0000545758  -0.0000764519
        0.0000473297  -0.0000209765  -0.0000041040   0.0000549837  -0.0000369568
       -0.0007134039  -0.0000885343  -0.0010391447  -0.0199184722  -0.0119914324
        0.0139379601  -0.1473185194  -0.0331781843  -0.0378552206   0.4895134386
        0.0723886043   0.0765918441  -0.0955244512  -0.1168323382  -0.0213483812
       -0.1623063268   0.0755163126  -0.0175914434  -0.0454743443   0.0161955928
       -0.0091487284  -0.0041858267  -0.0016029170  -0.0012430653  -0.0000357482
       -0.0003307931   0.0004046523  -0.0001092720   0.0002785320   0.0005850406
        0.0007513327   0.0003225935  -0.0002377188   0.0008872355   0.0010450825
       -0.0011370965  -0.0001752272  -0.0002029258   0.0000597973  -0.0195409170
       -0.0036035978  -0.0047121359   0.0043894239  -0.0017115616   0.0028177263
        0.0002815810   0.0014515250  -0.0007886438   0.0007797102   0.0013334500
        0.0009683923  -0.0003581560  -0.0003601205   0.0001163872  -0.0003381046
       -0.0001884164  -0.0002774367  -0.0006039523   0.0015591285  -0.0001027850
       -0.0008013988  -0.0007040343  -0.0000953322  -0.0126695932  -0.0066061269
        0.0061583119  -0.0455916671  -0.0776270959  -0.0179555125   0.0723886043
        0.8379295552   0.0946880325  -0.0987817211  -0.5937282092  -0.0908129937
        0.0837000185  -0.1645422548   0.0069885447   0.0133892423   0.0126534916
        0.0056671128  -0.0045078409  -0.0022993385  -0.0015834088   0.0002186255
       -0.0002033215   0.0003129736  -0.0000667486   0.0001166288   0.0001419093
        0.0001974116   0.0003500983  -0.0000937277  -0.0007197428  -0.0009398824
        0.0008923408   0.0014692623   0.0003705215  -0.0014970947   0.0175816245
        0.0069803268   0.0068337914  -0.0191198435  -0.0136763909  -0.0078450713
       -0.0045564439   0.0006426858   0.0017659404  -0.0026833361   0.0014032319
       -0.0037084329   0.0011089386  -0.0002771613   0.0003478081   0.0010696967
       -0.0002269227   0.0002033799  -0.0016250884   0.0003841984  -0.0004085716
        0.0033473474   0.0022394789  -0.0055176871   0.0182753666   0.0080319716
        0.0079765182  -0.0247190064  -0.0099097906  -0.0790071162   0.0765918441
        0.0946880325   0.2249553178  -0.0194280240  -0.0925533987  -0.0808405162
       -0.0143767279   0.0040799115  -0.0587795523  -0.0102627428   0.0053435990
       -0.0012742541  -0.0018873492  -0.0007155540  -0.0003173963  -0.0002538748
       -0.0001020134  -0.0000072329  -0.0002328148  -0.0001051340   0.0000180122
        0.0020381533   0.0010106707   0.0000661831   0.0007819984   0.0011620717
       -0.0000026917   0.0015695142  -0.0000371623  -0.0003841430  -0.0140126938
       -0.0044479669  -0.0032549401  -0.0159861739  -0.0099338834  -0.0047446610
        0.0007036192   0.0002638031   0.0010321785  -0.0018713108   0.0006495985
        0.0003267830  -0.0000921668   0.0001957298  -0.0001200065   0.0002370416
       -0.0003365754  -0.0001638286  -0.0004219994   0.0004766113   0.0000390330
       -0.0003951507  -0.0002283552   0.0009330640  -0.0007169767  -0.0007522556
       -0.0019647991  -0.0063569581  -0.0402289552  -0.0106384582  -0.0955244512
       -0.0987817211  -0.0194280240   0.1001147057   0.0952236750   0.0297457627
        0.0019820119   0.0442693309  -0.0002051057   0.0020162311   0.0049431929
        0.0019962703   0.0008055820   0.0009414866   0.0003450748   0.0001999055
        0.0000307782  -0.0000363261   0.0000914274   0.0000746562  -0.0000553919
       -0.0003151660  -0.0001204305   0.0001677620  -0.0000336844  -0.0001945722
        0.0000330992   0.0002362811   0.0004234055  -0.0004105418   0.0023753221
       -0.0000577158   0.0011085446  -0.0063153715  -0.0040713339  -0.0020841816
        0.0012063031  -0.0007205571  -0.0005672234   0.0006237828  -0.0005457666
        0.0010680612  -0.0001137272   0.0000245165   0.0000155824  -0.0001218949
        0.0000307668  -0.0000777598   0.0002418280  -0.0002601455   0.0000545906
       -0.0005589261  -0.0001121693   0.0023485878   0.0008465077   0.0005649094
       -0.0058403097  -0.0154344464  -0.0376570894  -0.0066928844  -0.1168323382
       -0.5937282092  -0.0925533987   0.0952236750   0.7395134194   0.1112298066
        0.0434370843  -0.1108227575  -0.0063817099  -0.0047957402   0.0017269399
       -0.0009885616   0.0011424124   0.0011542636   0.0004313766   0.0000293745
        0.0001818842  -0.0002226345   0.0001993810   0.0000276804  -0.0000852788
       -0.0007662099  -0.0004059268   0.0001115370   0.0003081422  -0.0001774319
        0.0000099725  -0.0003708464   0.0004551507   0.0006334655   0.0017443140
        0.0009240581  -0.0005453661  -0.0056253044  -0.0021884711  -0.0022213814
        0.0014229318   0.0000960007  -0.0009490827   0.0005645049  -0.0001551863
        0.0017826715  -0.0004752416   0.0002114966  -0.0004191715  -0.0006224133
        0.0001726340   0.0001771622   0.0005631386   0.0002188044   0.0001751996
       -0.0004677270  -0.0003054911   0.0016586587  -0.0017187452  -0.0017397280
       -0.0021845521  -0.0076115999  -0.0143239395   0.0136638341  -0.0213483812
       -0.0908129937  -0.0808405162   0.0297457627   0.1112298066   0.0464878470
       -0.0008943796  -0.0058864608   0.0251125370   0.0009817994   0.0021318454
       -0.0035554600   0.0002536415   0.0003550055   0.0003729105   0.0000706862
        0.0000188042  -0.0000726147   0.0000732834   0.0000905652  -0.0000178445
       -0.0005866021  -0.0002518035   0.0000221796  -0.0000364266  -0.0002208006
       -0.0000891335  -0.0006470299   0.0000628355   0.0000521045   0.0020475092
        0.0004874393   0.0000304166  -0.0008759749  -0.0007596004   0.0000041352
        0.0005325661   0.0003721322  -0.0005886824   0.0005452594  -0.0004858070
       -0.0000387478  -0.0000993543  -0.0000398958  -0.0000385511  -0.0001049054
        0.0001116169   0.0000484461   0.0001406183  -0.0000335303  -0.0000269671
       -0.0003602393  -0.0005655590   0.0017281983  -0.0010928318   0.0011854713
       -0.0044569526  -0.0503298554   0.0163507324  -0.0079000709  -0.1623063268
        0.0837000185  -0.0143767279   0.0019820119   0.0434370843  -0.0008943796
        0.4266459424  -0.0627410263   0.0795389377  -0.1305306876  -0.0547268033
       -0.0257360050  -0.0335314435  -0.0002754120  -0.0098551947   0.0001143763
        0.0001656282  -0.0001458018   0.0001533690  -0.0000350185  -0.0002416711
       -0.0004443804  -0.0002691745   0.0001652013   0.0003200839  -0.0005431121
        0.0002541816   0.0001190702   0.0005270786   0.0002120568  -0.0070153204
       -0.0021950033  -0.0027202397   0.0001130288   0.0009647215  -0.0008277511
       -0.0309773378  -0.0169698312  -0.0017995724  -0.0133071893  -0.0105478765
       -0.0130002278   0.0020654942  -0.0008349311   0.0000681897   0.0019845793
       -0.0012761962   0.0007335419  -0.0036023437   0.0046492089  -0.0007457128
        0.0000776428   0.0003526936  -0.0008964258  -0.0009753494  -0.0009113232
        0.0028862793   0.0037254057   0.0099938394  -0.0024398462   0.0755163126
       -0.1645422548   0.0040799115   0.0442693309  -0.1108227575  -0.0058864608
       -0.0627410263   0.3734195613   0.0231615239  -0.0445976875  -0.0960547841
       -0.0164330279   0.0259950292   0.0083007985   0.0075284440  -0.0000449876
       -0.0000559010   0.0000196279  -0.0000372866   0.0000406693   0.0001164077
        0.0003096523   0.0001041897   0.0000573382   0.0000678589   0.0004390696
       -0.0005638624  -0.0000884182  -0.0002071261  -0.0000673268  -0.0021116087
        0.0000208505   0.0000339347  -0.0003933412   0.0001897158   0.0011331177
       -0.0238550006  -0.0099982249  -0.0053746940  -0.0185698133  -0.0087320766
       -0.0080636751  -0.0007947723   0.0011000980  -0.0003624917  -0.0008244588
        0.0009502431   0.0000483677   0.0050725180  -0.0035872807   0.0010228585
       -0.0001085103  -0.0003545425   0.0007398216  -0.0005041261   0.0008298353
       -0.0012006472  -0.0128050383   0.0040149246   0.0038760042  -0.0175914434
        0.0069885447  -0.0587795523  -0.0002051057  -0.0063817099   0.0251125370
        0.0795389377   0.0231615239   0.0962875163  -0.0238692036  -0.0191267027
       -0.0655639328  -0.0074399960   0.0003817352   0.0006407772   0.0001933056
        0.0000159910   0.0000067106   0.0000338099   0.0000224472  -0.0000696337
       -0.0002027567  -0.0001459705   0.0000533747  -0.0001019905  -0.0006548542
        0.0003198745  -0.0001000866   0.0000968458   0.0001104568  -0.0021646245
       -0.0003357617  -0.0000623831   0.0011487197   0.0006696691   0.0001159686
        0.0160198028   0.0044175464   0.0083978157  -0.0320533547  -0.0139768441
       -0.0110027938   0.0005795834  -0.0009464081   0.0002257287   0.0002749030
        0.0004249659   0.0003221245  -0.0006428256   0.0008987645   0.0004702323
        0.0002221220   0.0000412807  -0.0000357009   0.0003585318   0.0000816926
        0.0006262592   0.0009308432   0.0036171784  -0.0024834223  -0.0454743443
        0.0133892423  -0.0102627428   0.0020162311  -0.0047957402   0.0009817994
       -0.1305306876  -0.0445976875  -0.0238692036   0.3939419259  -0.0219607811
       -0.0356688774  -0.1015920208   0.0669666031  -0.0036995601   0.0000239370
       -0.0000985007   0.0000688841  -0.0000719994   0.0000428099   0.0000563536
       -0.0000679331  -0.0000264836  -0.0000334137  -0.0003714911  -0.0001498167
        0.0000637410  -0.0001966768  -0.0001752489  -0.0000944626  -0.0012246423
       -0.0008466957   0.0000319578  -0.0001873810   0.0002593953   0.0002729135
       -0.0606259994  -0.0424102878   0.0548799165  -0.0406735813   0.0122701000
        0.0215434558   0.0056015211  -0.0064208791  -0.0005693979  -0.0028652373
        0.0046799658   0.0017681401  -0.0192131176   0.0201338535  -0.0035766395
        0.0000161425   0.0000098569  -0.0002408292   0.0002213064   0.0000299846
        0.0003958352   0.0035076338  -0.0019886601  -0.0003446007   0.0161955928
        0.0126534916   0.0053435990   0.0049431929   0.0017269399   0.0021318454
       -0.0547268033  -0.0960547841  -0.0191267027  -0.0219607811   0.4985460524
       -0.0061038873   0.0634022208  -0.1639764466   0.0096135512  -0.0000082805
       -0.0000535505   0.0000478753  -0.0000290880   0.0000446356   0.0000388353
        0.0000306188   0.0000508073  -0.0000370628  -0.0001715851   0.0001115271
       -0.0000152339   0.0000097021  -0.0000926933   0.0000009800   0.0009567642
        0.0001943001   0.0003545647  -0.0002604895   0.0001225560   0.0001330213
       -0.0434630406  -0.1242820814   0.0972042025   0.0112244971  -0.0940563249
       -0.0923425660   0.0120351883  -0.0210742445   0.0055621911   0.0118216433
       -0.0172345025  -0.0020168257  -0.0037444349   0.0053231364  -0.0005987927
       -0.0001704707  -0.0000986797   0.0002199738  -0.0013284358  -0.0005363550
       -0.0000027829  -0.0003106125  -0.0005282191   0.0052485784  -0.0091487284
        0.0056671128  -0.0012742541   0.0019962703  -0.0009885616  -0.0035554600
       -0.0257360050  -0.0164330279  -0.0655639328  -0.0356688774  -0.0061038873
        0.5055813020  -0.0039308758   0.0105015646  -0.0689147012  -0.0000395934
       -0.0000152070   0.0000233193  -0.0000299554  -0.0000084451   0.0000351223
       -0.0001077181  -0.0000555250  -0.0000528537  -0.0000367221   0.0002646785
       -0.0001396336   0.0001038082  -0.0001376016  -0.0001329704   0.0002407546
        0.0000825599   0.0004334672  -0.0000011437   0.0003062333   0.0002181371
        0.0518907425   0.0968332686  -0.1595392143   0.0245795982  -0.0912506032
       -0.2100566485  -0.0124569565   0.0196780525  -0.0030878274   0.0156037894
       -0.0229702260   0.0015207578  -0.0054488683   0.0057928684  -0.0009603791
        0.0000225377  -0.0000294966   0.0000956398   0.0000728781  -0.0000524106
       -0.0001161100  -0.0014619739   0.0009147738  -0.0001642504  -0.0041858267
       -0.0045078409  -0.0018873492   0.0008055820   0.0011424124   0.0002536415
       -0.0335314435   0.0259950292  -0.0074399960  -0.1015920208   0.0634022208
       -0.0039308758   0.5119451025   0.0349102661  -0.0014896753  -0.0000345746
        0.0000118298  -0.0000247554   0.0000097768   0.0000130373  -0.0000097904
       -0.0000619492  -0.0000247036   0.0000264098  -0.0000204814   0.0000630190
       -0.0001094032  -0.0000148135   0.0000292948  -0.0000069244  -0.0004905054
       -0.0001174691  -0.0001198983   0.0000952837   0.0001380113   0.0001051752
        0.0047986796  -0.0046978893  -0.0000880201  -0.0027478955   0.0057790040
        0.0011804411  -0.0790009762  -0.0569101935   0.0662086188  -0.0430963408
        0.0035339184   0.0085610068  -0.2515110388  -0.0695928134  -0.0610438844
        0.0000047343  -0.0000429479  -0.0000045610  -0.0000050992  -0.0000948436
       -0.0000149149  -0.0003203721   0.0002196390   0.0000054037  -0.0016029170
       -0.0022993385  -0.0007155540   0.0009414866   0.0011542636   0.0003550055
       -0.0002754120   0.0083007985   0.0003817352   0.0669666031  -0.1639764466
        0.0105015646   0.0349102661   0.4861525608   0.0058932645  -0.0000097857
        0.0000132756  -0.0000085293   0.0000277900   0.0000263339   0.0000138236
        0.0000257974   0.0000140961   0.0000026976  -0.0000376431   0.0000222939
       -0.0000390812  -0.0000048660   0.0000549326   0.0000379479  -0.0000740136
        0.0000284680  -0.0000423128   0.0000741991   0.0000219742   0.0000276923
        0.0115723287  -0.0184853512   0.0044355338   0.0108329978  -0.0148190632
       -0.0007827572  -0.0581666230  -0.1324737012   0.1036390409   0.0029403429
       -0.1002591675  -0.1040388009  -0.0677998145  -0.0635577764  -0.0196471980
       -0.0000280236  -0.0000177178   0.0000116249  -0.0000385866  -0.0000046697
       -0.0001433917  -0.0004361386   0.0002408894  -0.0000112731  -0.0012430653
       -0.0015834088  -0.0003173963   0.0003450748   0.0004313766   0.0003729105
       -0.0098551947   0.0075284440   0.0006407772  -0.0036995601   0.0096135512
       -0.0689147012  -0.0014896753   0.0058932645   0.5283747088   0.0000087604
        0.0000076052   0.0000024051   0.0000144006   0.0000148391   0.0000165920
       -0.0000185178  -0.0000151710   0.0000098949   0.0000737397  -0.0000247492
        0.0000108996  -0.0000221614   0.0000141743   0.0000250768  -0.0001102330
       -0.0000248714  -0.0000149747   0.0000261485   0.0000528047   0.0000631431
       -0.0113928986   0.0187427367  -0.0026227779   0.0141986554  -0.0208157327
        0.0015275433   0.0666476084   0.1026900867  -0.1652789673   0.0079292186
       -0.1026165192  -0.2334803242  -0.0609095514  -0.0201269324  -0.0602717699
       -0.1246769604   0.0959274878  -0.0625120945  -0.0222908855   0.0168705090
       -0.0138989488   0.0009573734   0.0007556036  -0.0005789230  -0.0000357482
        0.0002186255  -0.0002538748   0.0001999055   0.0000293745   0.0000706862
        0.0001143763  -0.0000449876   0.0001933056   0.0000239370  -0.0000082805
       -0.0000395934  -0.0000345746  -0.0000097857   0.0000087604   0.1471805655
       -0.1101121210   0.0748816885  -0.0033157760   0.0067376833  -0.0019539566
        0.0074954265  -0.0078072300   0.0054132761  -0.0060518498  -0.0024578831
       -0.0020359914   0.0008060447   0.0004943126   0.0001916650  -0.0003074692
       -0.0006725542   0.0004722943  -0.0001310893   0.0000815127   0.0000221990
        0.0000031689   0.0000024776   0.0000242758   0.0000178838   0.0000188525
       -0.0000093657   0.0000273410  -0.0000098590   0.0000125056   0.0000106740
        0.0000001339  -0.0000092510   0.0000076564  -0.0000138717   0.0000013427
        0.0965882498  -0.1549301910   0.0729266684  -0.0058961500   0.0079378573
       -0.0043853416  -0.0002811009   0.0006807431  -0.0006963423  -0.0003307931
       -0.0002033215  -0.0001020134   0.0000307782   0.0001818842   0.0000188042
        0.0001656282  -0.0000559010   0.0000159910  -0.0000985007  -0.0000535505
       -0.0000152070   0.0000118298   0.0000132756   0.0000076052  -0.1101121210
        0.1767122122  -0.0849598706   0.0166735439  -0.0225383104   0.0104180867
        0.0060277322  -0.0086339829   0.0073020560  -0.0025962152   0.0002752073
       -0.0005167046  -0.0003719002   0.0007689841  -0.0000947524   0.0000624026
        0.0001446710   0.0000363796   0.0001387364  -0.0003081699   0.0000531581
        0.0000002426   0.0000123951  -0.0000117654   0.0000001698   0.0000034507
        0.0000085683  -0.0000098009  -0.0000054187  -0.0000052940  -0.0000094534
       -0.0000070293  -0.0000023775   0.0000067219   0.0000051946   0.0000023513
       -0.0626137895   0.0726864546  -0.0928606788  -0.0067853529   0.0044469821
       -0.0038045123   0.0008493997  -0.0004187829   0.0007392636   0.0004046523
        0.0003129736  -0.0000072329  -0.0000363261  -0.0002226345  -0.0000726147
       -0.0001458018   0.0000196279   0.0000067106   0.0000688841   0.0000478753
        0.0000233193  -0.0000247554  -0.0000085293   0.0000024051   0.0748816885
       -0.0849598706   0.1045946722   0.0108527287  -0.0137833925   0.0079343217
       -0.0154160086   0.0223458464  -0.0165117534  -0.0019351357  -0.0007858254
        0.0001135803  -0.0001655483   0.0003063380  -0.0002198253   0.0000487127
        0.0001086763   0.0001744392  -0.0000051551  -0.0000821725  -0.0001066592
       -0.0000001946  -0.0000060093   0.0000152588   0.0000042811  -0.0000016665
       -0.0000186209   0.0000166157   0.0000010431  -0.0000014507   0.0000088953
       -0.0000018198   0.0000020562  -0.0000077901  -0.0000051139  -0.0000026788
       -0.0465445103   0.0255000813   0.0187333705   0.0002961429  -0.0229820846
       -0.0165899054   0.0009787296  -0.0000945189  -0.0009071329  -0.0001092720
       -0.0000667486  -0.0002328148   0.0000914274   0.0001993810   0.0000732834
        0.0001533690  -0.0000372866   0.0000338099  -0.0000719994  -0.0000290880
       -0.0000299554   0.0000097768   0.0000277900   0.0000144006  -0.0033157760
        0.0166735439   0.0108527287   0.0548903235  -0.0262299534  -0.0202149087
       -0.0019201245   0.0108716305   0.0098487529   0.0008417850  -0.0004470606
       -0.0001202593  -0.0049317595  -0.0035477892  -0.0019120805  -0.0001227819
        0.0001349761   0.0000768825  -0.0002853846   0.0000153443   0.0003663871
        0.0000217927   0.0000121757  -0.0000054784   0.0000257668   0.0000077513
        0.0000181502  -0.0000113047  -0.0000093902  -0.0000136094  -0.0000177524
       -0.0000042038   0.0000030010   0.0000215517   0.0000054498   0.0000053780
        0.0248734215  -0.1939268256  -0.1142126324  -0.0025976163  -0.0131301531
       -0.0097044546   0.0006594269   0.0004761757  -0.0000819698   0.0002785320
        0.0001166288  -0.0001051340   0.0000746562   0.0000276804   0.0000905652
       -0.0000350185   0.0000406693   0.0000224472   0.0000428099   0.0000446356
       -0.0000084451   0.0000130373   0.0000263339   0.0000148391   0.0067376833
       -0.0225383104  -0.0137833925  -0.0262299534   0.2231219357   0.1345139795
       -0.0004184384   0.0060768899   0.0037586222   0.0004783459   0.0007061910
        0.0003372982  -0.0033750276  -0.0008155719  -0.0011794402   0.0000906956
       -0.0003060854  -0.0000536296  -0.0006407785   0.0001028035   0.0003801019
        0.0000188040  -0.0000121148   0.0000093816   0.0000267371  -0.0000123088
        0.0000029489  -0.0000007123   0.0000009268  -0.0000128778  -0.0000071251
        0.0000074147   0.0000125371   0.0000105203  -0.0000069152  -0.0000007448
        0.0183785097  -0.1141805082  -0.1320613059  -0.0015947433  -0.0077641330
       -0.0054316748   0.0002980197   0.0008800689   0.0009492876   0.0005850406
        0.0001419093   0.0000180122  -0.0000553919  -0.0000852788  -0.0000178445
       -0.0002416711   0.0001164077  -0.0000696337   0.0000563536   0.0000388353
        0.0000351223  -0.0000097904   0.0000138236   0.0000165920  -0.0019539566
        0.0104180867   0.0079343217  -0.0202149087   0.1345139795   0.1505285647
        0.0066324241  -0.0229378752  -0.0217800255   0.0001352080  -0.0001414424
       -0.0002207353  -0.0020184533  -0.0009378363   0.0000340774  -0.0000549793
       -0.0000006245  -0.0001036655   0.0000413449  -0.0000558319   0.0001920211
        0.0000076493  -0.0000040662   0.0000021028   0.0000104343  -0.0000131613
       -0.0000137130  -0.0000052943  -0.0000003914  -0.0000184930   0.0000006204
       -0.0000028389   0.0000122186   0.0000035844   0.0000008773  -0.0000052293
       -0.0867307035  -0.0299319998   0.0892587813  -0.0157269917  -0.0101691868
        0.0220033150  -0.0061048162  -0.0030993976  -0.0005046755   0.0007513327
        0.0001974116   0.0020381533  -0.0003151660  -0.0007662099  -0.0005866021
       -0.0004443804   0.0003096523  -0.0002027567  -0.0000679331   0.0000306188
       -0.0001077181  -0.0000619492   0.0000257974  -0.0000185178   0.0074954265
        0.0060277322  -0.0154160086  -0.0019201245  -0.0004184384   0.0066324241
        0.1021847287   0.0374987159  -0.1034215648   0.0002043001   0.0001276123
        0.0005510763   0.0005990811   0.0001462522   0.0003066972  -0.0000299046
        0.0001115178  -0.0002175000   0.0001345191  -0.0000374174  -0.0003091196
        0.0000242675  -0.0000075469  -0.0000007963  -0.0000127882  -0.0000214535
       -0.0000091400  -0.0000004903  -0.0000049032   0.0000109776   0.0000194734
       -0.0000129234  -0.0000064846   0.0000021184  -0.0000058338  -0.0000005408
       -0.0299998333  -0.0653959076   0.0617388897  -0.0076933502  -0.0044759525
        0.0103298149  -0.0032254944  -0.0009456176  -0.0002943558   0.0003225935
        0.0003500983   0.0010106707  -0.0001204305  -0.0004059268  -0.0002518035
       -0.0002691745   0.0001041897  -0.0001459705  -0.0000264836   0.0000508073
       -0.0000555250  -0.0000247036   0.0000140961  -0.0000151710  -0.0078072300
       -0.0086339829   0.0223458464   0.0108716305   0.0060768899  -0.0229378752
        0.0374987159   0.0730023221  -0.0717815001   0.0004725085   0.0003274326
       -0.0000652784  -0.0000735551  -0.0001481141   0.0004065588   0.0000498580
        0.0001518036  -0.0001963749   0.0000113178  -0.0000406267  -0.0000895478
        0.0000156430  -0.0000124702   0.0000054893  -0.0000066677  -0.0000117799
       -0.0000070281   0.0000045623   0.0000028017   0.0000017026   0.0000074929
       -0.0000049283   0.0000016238  -0.0000073997  -0.0000051348  -0.0000001660
        0.0898486675   0.0620288095  -0.2205803352  -0.0009979749  -0.0008311544
        0.0035471705  -0.0002116924  -0.0001645616   0.0011973127  -0.0002377188
       -0.0000937277   0.0000661831   0.0001677620   0.0001115370   0.0000221796
        0.0001652013   0.0000573382   0.0000533747  -0.0000334137  -0.0000370628
       -0.0000528537   0.0000264098   0.0000026976   0.0000098949   0.0054132761
        0.0073020560  -0.0165117534   0.0098487529   0.0037586222  -0.0217800255
       -0.1034215648  -0.0717815001   0.2529289417   0.0000268318  -0.0003182533
        0.0003425835  -0.0002770392   0.0001279197   0.0004482803  -0.0000591430
       -0.0002798265   0.0001266097  -0.0002538544   0.0001048830   0.0001782821
        0.0000029053   0.0000083474  -0.0000051234  -0.0000008359   0.0000119133
        0.0000122616  -0.0000022434  -0.0000067383   0.0000016866  -0.0000114695
       -0.0000022353  -0.0000078475   0.0000071431   0.0000009360   0.0000031775
       -0.0218625453   0.0163973793  -0.0137056971  -0.1194156643   0.0931347102
       -0.0605034365   0.0060265912  -0.0083283203   0.0062532776   0.0008872355
       -0.0007197428   0.0007819984  -0.0000336844   0.0003081422  -0.0000364266
        0.0003200839   0.0000678589  -0.0001019905  -0.0003714911  -0.0001715851
       -0.0000367221  -0.0000204814  -0.0000376431   0.0000737397  -0.0060518498
       -0.0025962152  -0.0019351357   0.0008417850   0.0004783459   0.0001352080
        0.0002043001   0.0004725085   0.0000268318   0.1427379242  -0.1041707887
        0.0690453873  -0.0030831771   0.0063876790  -0.0019073215  -0.0006142716
       -0.0012014372   0.0022249674   0.0004321251  -0.0001464133  -0.0002133201
        0.0000934300   0.0000617690  -0.0000179231  -0.0000019845  -0.0000385203
       -0.0000110339  -0.0001330947   0.0000698655  -0.0000465820   0.0000016089
        0.0000174021  -0.0000039041   0.0000431603   0.0000150053  -0.0000219171
       -0.0065118292   0.0073213670  -0.0046300196   0.0933522064  -0.1521755822
        0.0687845203   0.0037297565  -0.0084454854   0.0080936422   0.0010450825
       -0.0009398824   0.0011620717  -0.0001945722  -0.0001774319  -0.0002208006
       -0.0005431121   0.0004390696  -0.0006548542  -0.0001498167   0.0001115271
        0.0002646785   0.0000630190   0.0000222939  -0.0000247492  -0.0024578831
        0.0002752073  -0.0007858254  -0.0004470606   0.0007061910  -0.0001414424
        0.0001276123   0.0003274326  -0.0003182533  -0.1041707887   0.1743645755
       -0.0821899254   0.0172815482  -0.0225617189   0.0091506160  -0.0012459195
        0.0000293446   0.0023281182   0.0000141132   0.0007615678  -0.0007573604
        0.0000795586  -0.0000092073  -0.0000511859  -0.0000112750  -0.0000785491
       -0.0000080144   0.0000017843   0.0000747745  -0.0000073441   0.0000128367
       -0.0000155914  -0.0000045333   0.0000247395  -0.0000299022   0.0000106611
       -0.0065114725   0.0046651230  -0.0029472069  -0.0603469135   0.0673214940
       -0.0892716936  -0.0111811638   0.0204270620  -0.0164058314  -0.0011370965
        0.0008923408  -0.0000026917   0.0000330992   0.0000099725  -0.0000891335
        0.0002541816  -0.0005638624   0.0003198745   0.0000637410  -0.0000152339
       -0.0001396336  -0.0001094032  -0.0000390812   0.0000108996  -0.0020359914
       -0.0005167046   0.0001135803  -0.0001202593   0.0003372982  -0.0002207353
        0.0005510763  -0.0000652784   0.0003425835   0.0690453873  -0.0821899254
        0.1052569855   0.0100440034  -0.0130425964   0.0076964507   0.0023604735
        0.0025150321  -0.0049583563  -0.0007513409   0.0003401502   0.0003495458
       -0.0000674350  -0.0000147834  -0.0000061940  -0.0001080311  -0.0000510626
       -0.0000490665   0.0000150792  -0.0000013101   0.0000763647   0.0000478457
       -0.0000099844  -0.0000594616  -0.0000457803   0.0000013501  -0.0000162799
       -0.0003385873  -0.0228073438  -0.0166592236  -0.0463014160   0.0260368952
        0.0167732052  -0.0034396461   0.0091777791   0.0109789688  -0.0001752272
        0.0014692623   0.0015695142   0.0002362811  -0.0003708464  -0.0006470299
        0.0001190702  -0.0000884182  -0.0001000866  -0.0001966768   0.0000097021
        0.0001038082  -0.0000148135  -0.0000048660  -0.0000221614   0.0008060447
       -0.0003719002  -0.0001655483  -0.0049317595  -0.0033750276  -0.0020184533
        0.0005990811  -0.0000735551  -0.0002770392  -0.0030831771   0.0172815482
        0.0100440034   0.0571389484  -0.0257127615  -0.0215690505   0.0004469429
       -0.0000384581  -0.0007277561  -0.0008779079  -0.0010746379   0.0027824038
        0.0000153049   0.0000034501  -0.0000170506  -0.0000628426  -0.0000188308
       -0.0000410270   0.0000129726   0.0000118884   0.0000215439   0.0000363013
       -0.0000317371  -0.0000324287   0.0000111067  -0.0000221430   0.0000034077
       -0.0021877684  -0.0125828334  -0.0095406630   0.0258047227  -0.1872011099
       -0.1086899048  -0.0007205136   0.0061522966   0.0039840759  -0.0002029258
        0.0003705215  -0.0000371623   0.0004234055   0.0004551507   0.0000628355
        0.0005270786  -0.0002071261   0.0000968458  -0.0001752489  -0.0000926933
       -0.0001376016   0.0000292948   0.0000549326   0.0000141743   0.0004943126
        0.0007689841   0.0003063380  -0.0035477892  -0.0008155719  -0.0009378363
        0.0001462522  -0.0001481141   0.0001279197   0.0063876790  -0.0225617189
       -0.0130425964  -0.0257127615   0.2146099921   0.1260940795  -0.0001740424
        0.0006747461   0.0003158537  -0.0010629556   0.0005196792   0.0013575118
       -0.0000034113   0.0000085355   0.0000057039   0.0000188573   0.0000254832
        0.0000238134  -0.0000248887  -0.0000345432  -0.0000215451  -0.0000274985
       -0.0000056549   0.0000148720   0.0000082011   0.0000090441   0.0000032862
       -0.0010416085  -0.0078468449  -0.0045833093   0.0155737975  -0.1079993028
       -0.1266147993   0.0079780901  -0.0182979488  -0.0209480113   0.0000597973
       -0.0014970947  -0.0003841430  -0.0004105418   0.0006334655   0.0000521045
        0.0002120568  -0.0000673268   0.0001104568  -0.0000944626   0.0000009800
       -0.0001329704  -0.0000069244   0.0000379479   0.0000250768   0.0001916650
       -0.0000947524  -0.0002198253  -0.0019120805  -0.0011794402   0.0000340774
        0.0003066972   0.0004065588   0.0004482803  -0.0019073215   0.0091506160
        0.0076964507  -0.0215690505   0.1260940795   0.1493760221  -0.0002609302
       -0.0007017522   0.0003511690   0.0029327331   0.0013837331  -0.0052015221
       -0.0000019846  -0.0000050837  -0.0000246412  -0.0000180994  -0.0000154150
        0.0000282424  -0.0000014803  -0.0000064179  -0.0000049191  -0.0000188726
       -0.0000069981  -0.0000117957  -0.0000114802   0.0000109968   0.0000040567
        0.0011023867  -0.0005719266   0.0007696837   0.0067105588  -0.0079762720
        0.0054089141  -0.1165232634   0.0933821969  -0.0621272607  -0.0195409170
        0.0175816245  -0.0140126938   0.0023753221   0.0017443140   0.0020475092
       -0.0070153204  -0.0021116087  -0.0021646245  -0.0012246423   0.0009567642
        0.0002407546  -0.0004905054  -0.0000740136  -0.0001102330  -0.0003074692
        0.0000624026   0.0000487127  -0.0001227819   0.0000906956  -0.0000549793
       -0.0000299046   0.0000498580  -0.0000591430  -0.0006142716  -0.0012459195
        0.0023604735   0.0004469429  -0.0001740424  -0.0002609302   0.1380675598
       -0.1072651802   0.0698002644  -0.0028735250   0.0054969690  -0.0019424546
       -0.0000802872   0.0000241820  -0.0000261061   0.0001267462   0.0000540056
        0.0000777538   0.0000391042  -0.0000731576   0.0000585371   0.0000462662
       -0.0000360894  -0.0000322311  -0.0000919989   0.0000851975  -0.0000219468
        0.0004455439   0.0003444374  -0.0002817887   0.0044998405  -0.0079053456
        0.0084655681   0.0951001891  -0.1595333735   0.0710151415  -0.0036035978
        0.0069803268  -0.0044479669  -0.0000577158   0.0009240581   0.0004874393
       -0.0021950033   0.0000208505  -0.0003357617  -0.0008466957   0.0001943001
        0.0000825599  -0.0001174691   0.0000284680  -0.0000248714  -0.0006725542
        0.0001446710   0.0001086763   0.0001349761  -0.0003060854  -0.0000006245
        0.0001115178   0.0001518036  -0.0002798265  -0.0012014372   0.0000293446
        0.0025150321  -0.0000384581   0.0006747461  -0.0007017522  -0.1072651802
        0.1782320893  -0.0857891903   0.0157024215  -0.0200188011   0.0091855937
        0.0000220598   0.0000144418  -0.0000297548   0.0000534445   0.0000115778
        0.0000509322  -0.0000247114  -0.0000086842  -0.0000230821  -0.0000299104
       -0.0000143369   0.0000072278  -0.0000172602   0.0000355116  -0.0000035518
       -0.0006792467  -0.0006154044   0.0008464557  -0.0113638449   0.0198527902
       -0.0160882850  -0.0628677487   0.0695863662  -0.0886876723  -0.0047121359
        0.0068337914  -0.0032549401   0.0011085446  -0.0005453661   0.0000304166
       -0.0027202397   0.0000339347  -0.0000623831   0.0000319578   0.0003545647
        0.0004334672  -0.0001198983  -0.0000423128  -0.0000149747   0.0004722943
        0.0000363796   0.0001744392   0.0000768825  -0.0000536296  -0.0001036655
       -0.0002175000  -0.0001963749   0.0001266097   0.0022249674   0.0023281182
       -0.0049583563  -0.0007277561   0.0003158537   0.0003511690   0.0698002644
       -0.0857891903   0.1037454924   0.0095786221  -0.0121239034   0.0074488171
       -0.0000195446   0.0000011204   0.0000179367   0.0000929756   0.0000382401
       -0.0000001635   0.0000388222  -0.0000121345  -0.0000051302   0.0000114032
       -0.0000146606   0.0000040849  -0.0000088193   0.0000118175  -0.0000033179
        0.0005722042   0.0008370981   0.0003371222  -0.0024333889   0.0096364588
        0.0107525481  -0.0472747473   0.0329498937   0.0188624776   0.0043894239
       -0.0191198435  -0.0159861739  -0.0063153715  -0.0056253044  -0.0008759749
        0.0001130288  -0.0003933412   0.0011487197  -0.0001873810  -0.0002604895
       -0.0000011437   0.0000952837   0.0000741991   0.0000261485  -0.0001310893
        0.0001387364  -0.0000051551  -0.0002853846  -0.0006407785   0.0000413449
        0.0001345191   0.0000113178  -0.0002538544   0.0004321251   0.0000141132
       -0.0007513409  -0.0008779079  -0.0010629556   0.0029327331  -0.0028735250
        0.0157024215   0.0095786221   0.0544902235  -0.0323009780  -0.0259139734
        0.0000556270   0.0000142076  -0.0000329621   0.0001014418   0.0000081715
        0.0001067656  -0.0000009461  -0.0000018309  -0.0000223989  -0.0000776534
        0.0000318820   0.0000249836   0.0000735179  -0.0000129781   0.0000315120
        0.0000939770   0.0007652187   0.0007283463  -0.0008218973   0.0060558178
        0.0029465581   0.0328469519  -0.1899078580  -0.1131591476  -0.0017115616
       -0.0136763909  -0.0099338834  -0.0040713339  -0.0021884711  -0.0007596004
        0.0009647215   0.0001897158   0.0006696691   0.0002593953   0.0001225560
        0.0003062333   0.0001380113   0.0000219742   0.0000528047   0.0000815127
       -0.0003081699  -0.0000821725   0.0000153443   0.0001028035  -0.0000558319
       -0.0000374174  -0.0000406267   0.0001048830  -0.0001464133   0.0007615678
        0.0003401502  -0.0010746379   0.0005196792   0.0013837331   0.0054969690
       -0.0200188011  -0.0121239034  -0.0323009780   0.2175871803   0.1294532060
        0.0000432172  -0.0000222676  -0.0000242783   0.0001866788   0.0000099123
        0.0001289808   0.0000087737   0.0000126959  -0.0000064614  -0.0000201471
        0.0000537386   0.0000239606   0.0000488338  -0.0000402749   0.0000067539
       -0.0008735753  -0.0002399682   0.0009977885   0.0076175642  -0.0181455801
       -0.0210886110   0.0179100255  -0.1124778908  -0.1246392682   0.0028177263
       -0.0078450713  -0.0047446610  -0.0020841816  -0.0022213814   0.0000041352
       -0.0008277511   0.0011331177   0.0001159686   0.0002729135   0.0001330213
        0.0002181371   0.0001051752   0.0000276923   0.0000631431   0.0000221990
        0.0000531581  -0.0001066592   0.0003663871   0.0003801019   0.0001920211
       -0.0003091196  -0.0000895478   0.0001782821  -0.0002133201  -0.0007573604
        0.0003495458   0.0027824038   0.0013575118  -0.0052015221  -0.0019424546
        0.0091855937   0.0074488171  -0.0259139734   0.1294532060   0.1461890881
        0.0001154740   0.0000412530  -0.0000028920   0.0001346266   0.0000045948
        0.0000422228  -0.0000166649   0.0000169870  -0.0000769768  -0.0000257987
        0.0000016516   0.0000572992   0.0000623444  -0.0000110890   0.0000041418
       -0.0000375439   0.0000243917  -0.0000731597   0.0001722508   0.0000983145
       -0.0000987104  -0.0000976654   0.0001870661  -0.0009531621   0.0002815810
       -0.0045564439   0.0007036192   0.0012063031   0.0014229318   0.0005325661
       -0.0309773378  -0.0238550006   0.0160198028  -0.0606259994  -0.0434630406
        0.0518907425   0.0047986796   0.0115723287  -0.0113928986   0.0000031689
        0.0000002426  -0.0000001946   0.0000217927   0.0000188040   0.0000076493
        0.0000242675   0.0000156430   0.0000029053   0.0000934300   0.0000795586
       -0.0000674350   0.0000153049  -0.0000034113  -0.0000019846  -0.0000802872
        0.0000220598  -0.0000195446   0.0000556270   0.0000432172   0.0001154740
        0.0856552336   0.0568875909  -0.0612080518   0.0003365975  -0.0021674351
        0.0055827791  -0.0015691595   0.0036545339  -0.0004994268   0.0004201334
       -0.0003314190  -0.0003346376   0.0003036233   0.0003500676  -0.0002063325
       -0.0000113868   0.0000207055   0.0000187597   0.0000445083   0.0000373475
       -0.0001553453  -0.0001284577  -0.0000868814  -0.0000661957   0.0014515250
        0.0006426858   0.0002638031  -0.0007205571   0.0000960007   0.0003721322
       -0.0169698312  -0.0099982249   0.0044175464  -0.0424102878  -0.1242820814
        0.0968332686  -0.0046978893  -0.0184853512   0.0187427367   0.0000024776
        0.0000123951  -0.0000060093   0.0000121757  -0.0000121148  -0.0000040662
       -0.0000075469  -0.0000124702   0.0000083474   0.0000617690  -0.0000092073
       -0.0000147834   0.0000034501   0.0000085355  -0.0000050837   0.0000241820
        0.0000144418   0.0000011204   0.0000142076  -0.0000222676   0.0000412530
        0.0568875909   0.1478300432  -0.1125825706   0.0041126606   0.0078171965
       -0.0090753319   0.0033525190  -0.0044877433   0.0008627151  -0.0006744141
        0.0004325392   0.0003395604  -0.0003466950   0.0004844514   0.0000081432
       -0.0000045994  -0.0000072401  -0.0000080085   0.0000002893   0.0000440403
        0.0000575126  -0.0000779300   0.0000422737  -0.0003555786  -0.0007886438
        0.0017659404   0.0010321785  -0.0005672234  -0.0009490827  -0.0005886824
       -0.0017995724  -0.0053746940   0.0083978157   0.0548799165   0.0972042025
       -0.1595392143  -0.0000880201   0.0044355338  -0.0026227779   0.0000242758
       -0.0000117654   0.0000152588  -0.0000054784   0.0000093816   0.0000021028
       -0.0000007963   0.0000054893  -0.0000051234  -0.0000179231  -0.0000511859
       -0.0000061940  -0.0000170506   0.0000057039  -0.0000246412  -0.0000261061
       -0.0000297548   0.0000179367  -0.0000329621  -0.0000242783  -0.0000028920
       -0.0612080518  -0.1125825706   0.1786191324   0.0106306169   0.0154851926
       -0.0266093356  -0.0009163118   0.0008419933   0.0010041216   0.0001629612
       -0.0008397473   0.0006754977  -0.0001473904   0.0000305677  -0.0000591088
       -0.0000362800  -0.0000062872   0.0000840887  -0.0002305691  -0.0000693134
       -0.0000104330  -0.0005114825  -0.0001768141   0.0008905440   0.0007797102
       -0.0026833361  -0.0018713108   0.0006237828   0.0005645049   0.0005452594
       -0.0133071893  -0.0185698133  -0.0320533547  -0.0406735813   0.0112244971
        0.0245795982  -0.0027478955   0.0108329978   0.0141986554   0.0000178838
        0.0000001698   0.0000042811   0.0000257668   0.0000267371   0.0000104343
       -0.0000127882  -0.0000066677  -0.0000008359  -0.0000019845  -0.0000112750
       -0.0001080311  -0.0000628426   0.0000188573  -0.0000180994   0.0001267462
        0.0000534445   0.0000929756   0.0001014418   0.0001866788   0.0001346266
        0.0003365975   0.0041126606   0.0106306169   0.0568733385  -0.0087737474
       -0.0170407093   0.0004663336  -0.0007300930   0.0000942914  -0.0018179691
        0.0037624549  -0.0004674018   0.0000509811   0.0002443443   0.0003048044
        0.0000311117   0.0000058926   0.0000666137   0.0000061727   0.0000975894
       -0.0000628036  -0.0001723792  -0.0002100703   0.0000735111   0.0013334500
        0.0014032319   0.0006495985  -0.0005457666  -0.0001551863  -0.0004858070
       -0.0105478765  -0.0087320766  -0.0139768441   0.0122701000  -0.0940563249
       -0.0912506032   0.0057790040  -0.0148190632  -0.0208157327   0.0000188525
        0.0000034507  -0.0000016665   0.0000077513  -0.0000123088  -0.0000131613
       -0.0000214535  -0.0000117799   0.0000119133  -0.0000385203  -0.0000785491
       -0.0000510626  -0.0000188308   0.0000254832  -0.0000154150   0.0000540056
        0.0000115778   0.0000382401   0.0000081715   0.0000099123   0.0000045948
       -0.0021674351   0.0078171965   0.0154851926  -0.0087737474   0.1121481030
        0.1110336161  -0.0003689406   0.0004272410  -0.0006741405   0.0034781167
       -0.0043347439   0.0001010011  -0.0003317861   0.0004604247  -0.0001170448
        0.0000239696   0.0000124310   0.0000625989  -0.0000175882   0.0000045277
       -0.0000483770  -0.0001104081  -0.0000858409   0.0003632854   0.0009683923
       -0.0037084329   0.0003267830   0.0010680612   0.0017826715  -0.0000387478
       -0.0130002278  -0.0080636751  -0.0110027938   0.0215434558  -0.0923425660
       -0.2100566485   0.0011804411  -0.0007827572   0.0015275433  -0.0000093657
        0.0000085683  -0.0000186209   0.0000181502   0.0000029489  -0.0000137130
       -0.0000091400  -0.0000070281   0.0000122616  -0.0000110339  -0.0000080144
       -0.0000490665  -0.0000410270   0.0000238134   0.0000282424   0.0000777538
        0.0000509322  -0.0000001635   0.0001067656   0.0001289808   0.0000422228
        0.0055827791  -0.0090753319  -0.0266093356  -0.0170407093   0.1110336161
        0.2434799608  -0.0003946810   0.0005092870   0.0006831611  -0.0000984720
        0.0003225261   0.0011440408   0.0001628843   0.0001933434   0.0001673665
        0.0000149218  -0.0000213436   0.0000048588  -0.0000592976   0.0000634303
        0.0000094214   0.0000380106  -0.0000098185   0.0000057022  -0.0003581560
        0.0011089386  -0.0000921668  -0.0001137272  -0.0004752416  -0.0000993543
        0.0020654942  -0.0007947723   0.0005795834   0.0056015211   0.0120351883
       -0.0124569565  -0.0790009762  -0.0581666230   0.0666476084   0.0000273410
       -0.0000098009   0.0000166157  -0.0000113047  -0.0000007123  -0.0000052943
       -0.0000004903   0.0000045623  -0.0000022434  -0.0001330947   0.0000017843
        0.0000150792   0.0000129726  -0.0000248887  -0.0000014803   0.0000391042
       -0.0000247114   0.0000388222  -0.0000009461   0.0000087737  -0.0000166649
       -0.0015691595   0.0033525190  -0.0009163118   0.0004663336  -0.0003689406
       -0.0003946810   0.0877813268   0.0638104737  -0.0763557141  -0.0002573506
       -0.0010764091   0.0021130767  -0.0145425230  -0.0194124083   0.0209100994
       -0.0000330292   0.0000140845  -0.0000189858   0.0000006645   0.0000064316
       -0.0000233353  -0.0000687195   0.0000926378  -0.0000352053  -0.0003601205
       -0.0002771613   0.0001957298   0.0000245165   0.0002114966  -0.0000398958
       -0.0008349311   0.0011000980  -0.0009464081  -0.0064208791  -0.0210742445
        0.0196780525  -0.0569101935  -0.1324737012   0.1026900867  -0.0000098590
       -0.0000054187   0.0000010431  -0.0000093902   0.0000009268  -0.0000003914
       -0.0000049032   0.0000028017  -0.0000067383   0.0000698655   0.0000747745
       -0.0000013101   0.0000118884  -0.0000345432  -0.0000064179  -0.0000731576
       -0.0000086842  -0.0000121345  -0.0000018309   0.0000126959   0.0000169870
        0.0036545339  -0.0044877433   0.0008419933  -0.0007300930   0.0004272410
        0.0005092870   0.0638104737   0.1546651103  -0.1211048376   0.0049192961
        0.0085367266  -0.0094766185  -0.0070341319  -0.0067835290   0.0077390992
        0.0000162857  -0.0000043625   0.0000203479  -0.0000148270   0.0000097079
        0.0000162703   0.0000502549  -0.0000233713   0.0000545758   0.0001163872
        0.0003478081  -0.0001200065   0.0000155824  -0.0004191715  -0.0000385511
        0.0000681897  -0.0003624917   0.0002257287  -0.0005693979   0.0055621911
       -0.0030878274   0.0662086188   0.1036390409  -0.1652789673   0.0000125056
       -0.0000052940  -0.0000014507  -0.0000136094  -0.0000128778  -0.0000184930
        0.0000109776   0.0000017026   0.0000016866  -0.0000465820  -0.0000073441
        0.0000763647   0.0000215439  -0.0000215451  -0.0000049191   0.0000585371
       -0.0000230821  -0.0000051302  -0.0000223989  -0.0000064614  -0.0000769768
       -0.0004994268   0.0008627151   0.0010041216   0.0000942914  -0.0006741405
        0.0006831611  -0.0763557141  -0.1211048376   0.1868465370   0.0127903368
        0.0160834058  -0.0253589808  -0.0019415550  -0.0038415920   0.0050625091
       -0.0000031349  -0.0000027592  -0.0000341834  -0.0000065363   0.0000038766
        0.0000289433   0.0001008574   0.0000142579  -0.0000764519  -0.0003381046
        0.0010696967   0.0002370416  -0.0001218949  -0.0006224133  -0.0001049054
        0.0019845793  -0.0008244588   0.0002749030  -0.0028652373   0.0118216433
        0.0156037894  -0.0430963408   0.0029403429   0.0079292186   0.0000106740
       -0.0000094534   0.0000088953  -0.0000177524  -0.0000071251   0.0000006204
        0.0000194734   0.0000074929  -0.0000114695   0.0000016089   0.0000128367
        0.0000478457   0.0000363013  -0.0000274985  -0.0000188726   0.0000462662
       -0.0000299104   0.0000114032  -0.0000776534  -0.0000201471  -0.0000257987
        0.0004201334  -0.0006744141   0.0001629612  -0.0018179691   0.0034781167
       -0.0000984720  -0.0002573506   0.0049192961   0.0127903368   0.0467482154
       -0.0071810428  -0.0100698212  -0.0007661350  -0.0148683370  -0.0266559837
       -0.0000081648   0.0000142298   0.0000308339  -0.0000154246   0.0000146540
        0.0000094161  -0.0000975362   0.0000669008   0.0000473297  -0.0001884164
       -0.0002269227  -0.0003365754   0.0000307668   0.0001726340   0.0001116169
       -0.0012761962   0.0009502431   0.0004249659   0.0046799658  -0.0172345025
       -0.0229702260   0.0035339184  -0.1002591675  -0.1026165192   0.0000001339
       -0.0000070293  -0.0000018198  -0.0000042038   0.0000074147  -0.0000028389
       -0.0000129234  -0.0000049283  -0.0000022353   0.0000174021  -0.0000155914
       -0.0000099844  -0.0000317371  -0.0000056549  -0.0000069981  -0.0000360894
       -0.0000143369  -0.0000146606   0.0000318820   0.0000537386   0.0000016516
       -0.0003314190   0.0004325392  -0.0008397473   0.0037624549  -0.0043347439
        0.0003225261  -0.0010764091   0.0085367266   0.0160834058  -0.0071810428
        0.1169553008   0.1204906365  -0.0017969612  -0.0051015041  -0.0107207775
        0.0000006729   0.0000088406  -0.0000023950   0.0000136447  -0.0000128680
        0.0000496533  -0.0000348970   0.0000382449  -0.0000209765  -0.0002774367
        0.0002033799  -0.0001638286  -0.0000777598   0.0001771622   0.0000484461
        0.0007335419   0.0000483677   0.0003221245   0.0017681401  -0.0020168257
        0.0015207578   0.0085610068  -0.1040388009  -0.2334803242  -0.0000092510
       -0.0000023775   0.0000020562   0.0000030010   0.0000125371   0.0000122186
       -0.0000064846   0.0000016238  -0.0000078475  -0.0000039041  -0.0000045333
       -0.0000594616  -0.0000324287   0.0000148720  -0.0000117957  -0.0000322311
        0.0000072278   0.0000040849   0.0000249836   0.0000239606   0.0000572992
       -0.0003346376   0.0003395604   0.0006754977  -0.0004674018   0.0001010011
        0.0011440408   0.0021130767  -0.0094766185  -0.0253589808  -0.0100698212
        0.1204906365   0.2656010611  -0.0018718139  -0.0059153905  -0.0103316303
       -0.0000381578  -0.0000109821   0.0000189195  -0.0000318213  -0.0000196151
       -0.0000512670  -0.0003544422   0.0002583113  -0.0000041040  -0.0006039523
       -0.0016250884  -0.0004219994   0.0002418280   0.0005631386   0.0001406183
       -0.0036023437   0.0050725180  -0.0006428256  -0.0192131176  -0.0037444349
       -0.0054488683  -0.2515110388  -0.0677998145  -0.0609095514   0.0000076564
        0.0000067219  -0.0000077901   0.0000215517   0.0000105203   0.0000035844
        0.0000021184  -0.0000073997   0.0000071431   0.0000431603   0.0000247395
       -0.0000457803   0.0000111067   0.0000082011  -0.0000114802  -0.0000919989
       -0.0000172602  -0.0000088193   0.0000735179   0.0000488338   0.0000623444
        0.0003036233  -0.0003466950  -0.0001473904   0.0000509811  -0.0003317861
        0.0001628843  -0.0145425230  -0.0070341319  -0.0019415550  -0.0007661350
       -0.0017969612  -0.0018718139   0.2899999866   0.0767411846   0.0711177508
        0.0000216163   0.0000253745  -0.0000023562   0.0000489284   0.0000123928
       -0.0000103714   0.0003345462  -0.0002889965   0.0000549837   0.0015591285
        0.0003841984   0.0004766113  -0.0002601455   0.0002188044  -0.0000335303
        0.0046492089  -0.0035872807   0.0008987645   0.0201338535   0.0053231364
        0.0057928684  -0.0695928134  -0.0635577764  -0.0201269324  -0.0000138717
        0.0000051946  -0.0000051139   0.0000054498  -0.0000069152   0.0000008773
       -0.0000058338  -0.0000051348   0.0000009360   0.0000150053  -0.0000299022
        0.0000013501  -0.0000221430   0.0000090441   0.0000109968   0.0000851975
        0.0000355116   0.0000118175  -0.0000129781  -0.0000402749  -0.0000110890
        0.0003500676   0.0004844514   0.0000305677   0.0002443443   0.0004604247
        0.0001933434  -0.0194124083  -0.0067835290  -0.0038415920  -0.0148683370
       -0.0051015041  -0.0059153905   0.0767411846   0.0724427809   0.0224732591
        0.0000037709  -0.0000041178   0.0000123380   0.0000076889  -0.0000014234
        0.0000013891  -0.0000646030   0.0000607765  -0.0000369568  -0.0001027850
       -0.0004085716   0.0000390330   0.0000545906   0.0001751996  -0.0000269671
       -0.0007457128   0.0010228585   0.0004702323  -0.0035766395  -0.0005987927
       -0.0009603791  -0.0610438844  -0.0196471980  -0.0602717699   0.0000013427
        0.0000023513  -0.0000026788   0.0000053780  -0.0000007448  -0.0000052293
       -0.0000005408  -0.0000001660   0.0000031775  -0.0000219171   0.0000106611
       -0.0000162799   0.0000034077   0.0000032862   0.0000040567  -0.0000219468
       -0.0000035518  -0.0000033179   0.0000315120   0.0000067539   0.0000041418
       -0.0002063325   0.0000081432  -0.0000591088   0.0003048044  -0.0001170448
        0.0001673665   0.0209100994   0.0077390992   0.0050625091  -0.0266559837
       -0.0107207775  -0.0103316303   0.0711177508   0.0224732591   0.0659500740
