           1           2  0.991584180552753     
           2           3  0.960173592162900     
           2           4  0.963711230083869     
           4           5   1.29897821662881     
           5           6   1.55869055585287     
           6           7   1.27859599400729     
           7           8   1.27989461143104     
           8           9   1.47719355621086     
           9          10   1.24565353125235     
           8          11  0.105134384988044     
          10          11   1.58724861726560     
           7          12   1.25141253823329     
          11          12   1.26160395213923     
           4          13   1.51682251810131     
           6          13  0.112453238939111     
          12          13   1.29006444500716     
           9          14   1.05808410581069     
          14          15  0.971520761900993     
           2          16  0.958332167610473     
          16          17   1.69042495753891     
          16          18   1.19100161722345     
          17          18  0.172051676387339     
           1          19  0.984542325953318     
           1          20  0.985050417080968     
           1          21  0.981857457315482     
           5          22  0.964793218466967     
           6          23  0.967194770220834     
           8          24  0.962665597065983     
          10          25  0.967195117826574     
          11          26  0.966642105567207     
          13          27  0.965027663445780     
          15          28  0.976395825714026     
          15          29  0.977854996944336     
          15          30  0.976492121411405     
          18          31  0.801995553574581     
