           1           2   1.01743116409310     
           2           3  0.974882497169383     
           3           4  0.978697180264692     
           4           5   1.69248503921110     
           4           6   1.16822486995483     
           5           6  0.170961919263179     
           6           7  0.919070142090672     
           7           8   1.01337250892144     
           1           9  0.984365080845926     
           1          10  0.986835042632085     
           1          11  0.986568988964422     
           2          12  0.978585475435017     
           2          13  0.978447133010786     
           3          14  0.963042659294341     
           3          15  0.970206794877848     
           7          16  0.969032765388255     
           7          17  0.970125705421950     
           8          18  0.984493569422359     
           8          19  0.980124276606321     
           8          20  0.985845265980983     
