           1           2   1.01982390103185     
           2           3   1.00851398489245     
           3           4  0.981776549309319     
           4           5  0.979218713381183     
           5           6   1.69635343247455     
           5           7   1.16213816355910     
           6           7  0.170512306901509     
           7           8  0.939579547150528     
           1           9  0.986677809759767     
           1          10  0.986846603706379     
           1          11  0.985685170899952     
           2          12  0.977710950830868     
           2          13  0.977199542071560     
           3          14  0.973694627649170     
           3          15  0.977322594368703     
           4          16  0.970588421344582     
           4          17  0.952870203509361     
           8          18  0.976458182734022     
           8          19  0.974984795358593     
           8          20  0.977336537751121     
