$hessian                                                                        
        0.5118357802  -0.0159453250  -0.0181887623  -0.0823542094  -0.0285315725
       -0.0367832132  -0.0167807823  -0.0147629981  -0.0221890125   0.0004041152
       -0.0000806964  -0.0003756677  -0.0002272262  -0.0000035960  -0.0000111553
       -0.0553562934   0.0503521289  -0.0072267128  -0.2822324751   0.0280400820
       -0.0008120990  -0.0756419031  -0.0245706851   0.0781358105   0.0042713926
        0.0059756694   0.0078494035   0.0018171483   0.0008995627   0.0019097113
       -0.0058393137   0.0000551833  -0.0017089784   0.0010367750  -0.0011099704
        0.0000192808  -0.0001880672  -0.0001686149  -0.0000862824  -0.0007449408
       -0.0001491678  -0.0005323224
       -0.0159453250   0.5019563819  -0.0263431367  -0.0278572748  -0.1110065799
       -0.0562938125  -0.0020493909   0.0011246484   0.0010155604  -0.0002687534
        0.0001364715   0.0000566238   0.0002534612   0.0000390526   0.0000192521
        0.0505285135  -0.2651301266   0.0373390639   0.0277459916  -0.0467820843
        0.0015453195  -0.0244544962  -0.0643036557   0.0621209128   0.0013275685
        0.0035440890   0.0024649839  -0.0110995282  -0.0215486437  -0.0231905656
        0.0012206913   0.0006448960   0.0005225711   0.0009014921   0.0012956483
        0.0008657525   0.0000846162  -0.0000177185  -0.0000874795  -0.0003875659
        0.0000476210  -0.0000350457
       -0.0181887623  -0.0263431367   0.4922973820  -0.0351203348  -0.0559975413
       -0.1419616626  -0.0074422636  -0.0025560436  -0.0043890602  -0.0004833506
       -0.0000052882   0.0000147080   0.0003480498  -0.0000053974   0.0000620488
       -0.0071905708   0.0372274040  -0.0499815394  -0.0013249941   0.0016090270
       -0.0426024501   0.0780926600   0.0627239711  -0.2307066075  -0.0091862504
       -0.0160681148  -0.0261435157   0.0005255871  -0.0003164230   0.0021028024
       -0.0009641568  -0.0000159029   0.0007666164   0.0005242585  -0.0001620485
        0.0002724765  -0.0000982093   0.0000726869   0.0000771098   0.0005083373
       -0.0001631926   0.0001916915
       -0.0823542094  -0.0278572748  -0.0351203348   0.4580164429  -0.0000806485
       -0.0201442546  -0.1792570178   0.0221734361  -0.0206772011  -0.0265115219
       -0.0014213408   0.0077423981   0.0008476012  -0.0005317380   0.0012979077
        0.0019506966   0.0017218048   0.0034733696  -0.0153718579  -0.0172091965
       -0.0230540714   0.0046072158   0.0059113871   0.0071499332  -0.0895288287
       -0.0255852775   0.0920894291  -0.0488358141   0.0364323843  -0.0058842162
       -0.0148278560   0.0008244725  -0.0043380811  -0.0106671781   0.0052519454
       -0.0018646185   0.0012578989   0.0002166652  -0.0005333845   0.0006744285
        0.0001533807  -0.0001368756
       -0.0285315725  -0.1110065799  -0.0559975413  -0.0000806485   0.5173402382
       -0.0246201789   0.0202042889  -0.0699799321   0.0034136349  -0.0056980412
        0.0012193868  -0.0007406591  -0.0032905788   0.0001405370   0.0007260649
       -0.0112200878  -0.0223606027  -0.0227733131  -0.0000857392   0.0011841688
        0.0007308369   0.0031003313   0.0043402361   0.0036198306  -0.0252034935
       -0.0592643753   0.0498544030   0.0365950816  -0.2566431799   0.0451072449
       -0.0138974296   0.0022189748  -0.0034848323   0.0293005086  -0.0077305594
        0.0043410841  -0.0011838712   0.0004223817   0.0000629007  -0.0000087479
        0.0001193062  -0.0002394753
       -0.0367832132  -0.0562938125  -0.1419616626  -0.0201442546  -0.0246201789
        0.5030145857  -0.0125443232   0.0032422513  -0.0660599194   0.0184670338
       -0.0015274007   0.0015206711   0.0050979461   0.0005523878  -0.0014527017
        0.0008156394  -0.0011580992   0.0022000531  -0.0029959253  -0.0019769694
       -0.0027256192  -0.0098480420  -0.0157458722  -0.0257803116   0.0922052702
        0.0498846816  -0.2113578521  -0.0059782281   0.0446521583  -0.0530648393
       -0.0242153741   0.0023939206  -0.0051868340  -0.0046327934   0.0013441099
        0.0002325653   0.0005240957  -0.0004288017   0.0004283363   0.0000321685
       -0.0003183748   0.0001935284
       -0.0167807823  -0.0020493909  -0.0074422636  -0.1792570178   0.0202042889
       -0.0125443232   0.4393050414  -0.0029557544   0.0192567090  -0.0829422769
       -0.0255009450   0.0539792467  -0.0267783235  -0.0044582500   0.0117587128
        0.0009280259   0.0007190181   0.0006734657  -0.0005161988  -0.0013344036
       -0.0022886867   0.0004186413   0.0001254930   0.0004511948  -0.0213106312
        0.0024907533   0.0005677779  -0.0103214463   0.0048291691  -0.0018859728
       -0.0583571129  -0.0314277806  -0.0538819515  -0.0480693880   0.0378581322
       -0.0052623259   0.0010582347  -0.0008903181  -0.0015833812   0.0026232346
        0.0023899878  -0.0017982021
       -0.0147629981   0.0011246484  -0.0025560436   0.0221734361  -0.0699799321
        0.0032422513  -0.0029557544   0.5318572930   0.0168446583  -0.0250289173
       -0.0852458653   0.0370081908   0.0019197834   0.0015256697  -0.0012941815
       -0.0014399924   0.0009380873  -0.0002791007  -0.0023398719  -0.0014070113
       -0.0029051789   0.0000905209   0.0003064140   0.0003059125  -0.0073710416
        0.0017159427   0.0001443638   0.0295907323  -0.0077758167   0.0041666105
       -0.0315040572  -0.1012753963  -0.0919093288   0.0392755129  -0.2637519578
        0.0239411122  -0.0140981078  -0.0135490226   0.0243744290   0.0064507552
        0.0055169470  -0.0110836950
       -0.0221890125   0.0010155604  -0.0043890602  -0.0206772011   0.0034136349
       -0.0660599194   0.0192567090   0.0168446583   0.4982412610   0.0526773187
        0.0369388615  -0.1521143206  -0.0003796454  -0.0008850322   0.0026932574
        0.0001203871   0.0007160723   0.0006554902  -0.0025807888  -0.0023060976
       -0.0029744433  -0.0000674929   0.0004397862   0.0004578544   0.0244780414
       -0.0035620664   0.0006172365  -0.0062062927   0.0021703528  -0.0003598192
       -0.0553606825  -0.0923342976  -0.1995532646  -0.0057400175   0.0250639594
       -0.0480716191   0.0036462811   0.0051615463  -0.0049676865   0.0130223960
        0.0073230618  -0.0241749666
        0.0004041152  -0.0002687534  -0.0004833506  -0.0265115219  -0.0056980412
        0.0184670338  -0.0829422769  -0.0250289173   0.0526773187   0.2677791755
        0.0111478531  -0.0103822141  -0.0749472323   0.0080040661  -0.0139513905
       -0.0002493766   0.0000957837  -0.0000726730   0.0001440050  -0.0000885437
        0.0004594569  -0.0011394859  -0.0003457202   0.0003707032  -0.0047741847
        0.0004058955   0.0000352187   0.0005842588  -0.0010115307   0.0006317102
        0.0018117921   0.0024600651  -0.0034869837   0.0006271228  -0.0001676266
       -0.0016007295  -0.0389450352   0.0362650066  -0.0038647473  -0.0418413559
       -0.0257695370  -0.0387993528
       -0.0000806964   0.0001364715  -0.0000052882  -0.0014213408   0.0012193868
       -0.0015274007  -0.0255009450  -0.0852458653   0.0369388615   0.0111478531
        0.5012240943   0.0260020647   0.0093963940  -0.0189102849   0.0010550696
       -0.0000034701   0.0000089596   0.0000480904   0.0000876949   0.0000345179
        0.0000936236  -0.0004677219   0.0000497710  -0.0000550219   0.0011352634
        0.0004190466  -0.0001534810   0.0012999170   0.0006144324  -0.0008170075
        0.0063958828   0.0053236114  -0.0112255915  -0.0162356737  -0.0146617483
        0.0260676754   0.0420590523  -0.2795146899   0.0327099523  -0.0278122097
       -0.1106977029  -0.1091315469
       -0.0003756677   0.0000566238   0.0000147080   0.0077423981  -0.0007406591
        0.0015206711   0.0539792467   0.0370081908  -0.1521143206  -0.0103822141
        0.0260020647   0.4649247857  -0.0173523164   0.0011966900  -0.0193599672
        0.0000017365  -0.0001111841   0.0000728023  -0.0002607110  -0.0002061736
       -0.0001508490  -0.0005424943   0.0001272016   0.0000471339  -0.0007256394
        0.0001891177   0.0008915390  -0.0007096617  -0.0002007013   0.0003899154
        0.0150833533   0.0077742090  -0.0279378283   0.0043073946   0.0055037131
       -0.0058841970  -0.0060887829   0.0313675958  -0.0472514614  -0.0446766415
       -0.1079666886  -0.2151629316
       -0.0002272262   0.0002534612   0.0003480498   0.0008476012  -0.0032905788
        0.0050979461  -0.0267783235   0.0019197834  -0.0003796454  -0.0749472323
        0.0093963940  -0.0173523164   0.1401802061  -0.0131520825   0.0198144076
       -0.0000134007  -0.0003197382   0.0001110964   0.0000146992  -0.0000349179
       -0.0001796822   0.0002905773   0.0001879877  -0.0002881271  -0.0021085857
        0.0001295726   0.0002911874   0.0002658797   0.0002984200  -0.0000818333
        0.0004683794   0.0002091384   0.0009165885   0.0003402953  -0.0009016439
        0.0003569171  -0.0185747726   0.0026415996  -0.0041586779  -0.0197580971
        0.0026626044  -0.0044959106
       -0.0000035960   0.0000390526  -0.0000053974  -0.0005317380   0.0001405370
        0.0005523878  -0.0044582500   0.0015256697  -0.0008850322   0.0080040661
       -0.0189102849   0.0011966900  -0.0131520825   0.0148570345  -0.0029270603
        0.0000145126   0.0000381574   0.0000006608  -0.0000175680  -0.0000064410
        0.0000201864   0.0000463130  -0.0000450778   0.0000086776  -0.0001800683
        0.0001157450  -0.0000218251  -0.0001362337   0.0000639766   0.0000248218
        0.0002744044  -0.0000113325  -0.0002053263  -0.0006462230   0.0002516678
       -0.0001788298   0.0179237695  -0.0001157172   0.0034087830  -0.0071373059
        0.0020570129  -0.0009887363
       -0.0000111553   0.0000192521   0.0000620488   0.0012979077   0.0007260649
       -0.0014527017   0.0117587128  -0.0012941815   0.0026932574  -0.0139513905
        0.0010550696  -0.0193599672   0.0198144076  -0.0029270603   0.0185922483
       -0.0000056943   0.0000178904  -0.0000183072   0.0000373573   0.0000319729
        0.0000985154   0.0000746598  -0.0000259212   0.0001096863   0.0006130896
       -0.0000930616  -0.0000105812   0.0000061703   0.0000113137  -0.0000780684
        0.0010040655   0.0000302170   0.0005736284   0.0001968290  -0.0003561607
        0.0001936779  -0.0045338599   0.0002939984   0.0000572958  -0.0163010997
        0.0025106063  -0.0014607325
       -0.0553562934   0.0505285135  -0.0071905708   0.0019506966  -0.0112200878
        0.0008156394   0.0009280259  -0.0014399924   0.0001203871  -0.0002493766
       -0.0000034701   0.0000017365  -0.0000134007   0.0000145126  -0.0000056943
        0.0616031652  -0.0578800535   0.0105616257  -0.0112745117   0.0333020972
       -0.0059362674   0.0028882123  -0.0120140808   0.0033008999   0.0000310791
        0.0003669735   0.0003499248  -0.0003001259  -0.0019291076  -0.0018591221
       -0.0000001966   0.0001267159   0.0000693837  -0.0002674118   0.0001234199
       -0.0003583434   0.0000610367   0.0001579094   0.0000056035  -0.0000008991
       -0.0001333497   0.0001247975
        0.0503521289  -0.2651301266   0.0372274040   0.0017218048  -0.0223606027
       -0.0011580992   0.0007190181   0.0009380873   0.0007160723   0.0000957837
        0.0000089596  -0.0001111841  -0.0003197382   0.0000381574   0.0000178904
       -0.0578800535   0.3087441973  -0.0405465479   0.0044628523  -0.0071200494
        0.0017727097   0.0023595242  -0.0134079226   0.0055797378   0.0002915853
        0.0004206682   0.0003188328  -0.0014974753  -0.0025872877  -0.0039806431
        0.0003364439   0.0002145438   0.0001602547  -0.0006797302   0.0003128145
       -0.0002543845   0.0002187599   0.0001517669   0.0000111499  -0.0001809041
       -0.0002232059   0.0002468071
       -0.0072267128   0.0373390639  -0.0499815394   0.0034733696  -0.0227733131
        0.0022000531   0.0006734657  -0.0002791007   0.0006554902  -0.0000726730
        0.0000480904   0.0000728023   0.0001110964   0.0000006608  -0.0000183072
        0.0105616257  -0.0405465479   0.0566784060   0.0000097369   0.0003891698
        0.0006365453  -0.0057402710   0.0296356360  -0.0076284147   0.0001878166
       -0.0004835845   0.0004983382  -0.0019350439  -0.0037501320  -0.0029909588
        0.0002086045   0.0000574207   0.0000461877  -0.0003191975   0.0001588111
        0.0000518136  -0.0000004528  -0.0000399682  -0.0001611173   0.0000686357
        0.0002437936  -0.0000592990
       -0.2822324751   0.0277459916  -0.0013249941  -0.0153718579  -0.0000857392
       -0.0029959253  -0.0005161988  -0.0023398719  -0.0025807888   0.0001440050
        0.0000876949  -0.0002607110   0.0000146992  -0.0000175680   0.0000373573
       -0.0112745117   0.0044628523   0.0000097369   0.3265320373  -0.0313382269
        0.0031968904  -0.0174273552   0.0013953545   0.0038012657   0.0005763608
        0.0004781712   0.0001297216   0.0000844649  -0.0001473071   0.0003397544
       -0.0009075689  -0.0000532141  -0.0002368509   0.0002981174  -0.0002528366
        0.0001444074  -0.0000634194   0.0000402551  -0.0000684797   0.0001437023
        0.0000244441  -0.0001913839
        0.0280400820  -0.0467820843   0.0016090270  -0.0172091965   0.0011841688
       -0.0019769694  -0.0013344036  -0.0014070113  -0.0023060976  -0.0000885437
        0.0000345179  -0.0002061736  -0.0000349179  -0.0000064410   0.0000319729
        0.0333020972  -0.0071200494   0.0003891698  -0.0313382269   0.0518402852
        0.0008714543  -0.0102467382   0.0016082341   0.0013109604   0.0001049804
        0.0004297913   0.0004731486  -0.0004128250   0.0001046860   0.0000989930
       -0.0008330632   0.0001771252  -0.0002389190  -0.0000204247  -0.0000459746
       -0.0001004415   0.0000032807   0.0000602544  -0.0000091119   0.0000678994
       -0.0000775023   0.0000529870
       -0.0008120990   0.0015453195  -0.0426024501  -0.0230540714   0.0007308369
       -0.0027256192  -0.0022886867  -0.0029051789  -0.0029744433   0.0004594569
        0.0000936236  -0.0001508490  -0.0001796822   0.0000201864   0.0000985154
       -0.0059362674   0.0017727097   0.0006365453   0.0031968904   0.0008714543
        0.0500362616   0.0306075971  -0.0026501072  -0.0025660376  -0.0008399766
        0.0002699213   0.0003543157   0.0000939230   0.0002858363   0.0002985561
       -0.0012438216   0.0000056971  -0.0003740329   0.0002110269  -0.0001277408
       -0.0000584531   0.0000211036   0.0000000481  -0.0000096370  -0.0002353930
        0.0000873938   0.0000373279
       -0.0756419031  -0.0244544962   0.0780926600   0.0046072158   0.0031003313
       -0.0098480420   0.0004186413   0.0000905209  -0.0000674929  -0.0011394859
       -0.0004677219  -0.0005424943   0.0002905773   0.0000463130   0.0000746598
        0.0028882123   0.0023595242  -0.0057402710  -0.0174273552  -0.0102467382
        0.0306075971   0.0875523718   0.0304454384  -0.0908624284   0.0001415218
       -0.0011011715  -0.0021269854   0.0002051857   0.0004482886   0.0002840336
       -0.0000635276  -0.0000434229   0.0001752843  -0.0000376188   0.0000663033
       -0.0000141040   0.0000914699  -0.0000841593   0.0000271549  -0.0018853054
       -0.0001590097  -0.0000595718
       -0.0245706851  -0.0643036557   0.0627239711   0.0059113871   0.0043402361
       -0.0157458722   0.0001254930   0.0003064140   0.0004397862  -0.0003457202
        0.0000497710   0.0001272016   0.0001879877  -0.0000450778  -0.0000259212
       -0.0120140808  -0.0134079226   0.0296356360   0.0013953545   0.0016082341
       -0.0026501072   0.0304454384   0.0719408967  -0.0699674968  -0.0012475134
       -0.0012182956  -0.0037657602   0.0004082994   0.0007305753  -0.0006471037
        0.0000278266  -0.0000702535   0.0000439266  -0.0000647111  -0.0001850656
        0.0001062895  -0.0001060935  -0.0002612956  -0.0001764476  -0.0001529827
        0.0005154392  -0.0000981021
        0.0781358105   0.0621209128  -0.2307066075   0.0071499332   0.0036198306
       -0.0257803116   0.0004511948   0.0003059125   0.0004578544   0.0003707032
       -0.0000550219   0.0000471339  -0.0002881271   0.0000086776   0.0001096863
        0.0033008999   0.0055797378  -0.0076284147   0.0038012657   0.0013109604
       -0.0025660376  -0.0908624284  -0.0699674968   0.2689696826  -0.0021118816
       -0.0035127930  -0.0045168883   0.0003290807   0.0004772538   0.0008277794
        0.0002026183   0.0001402820   0.0001629666   0.0001057907   0.0000385240
       -0.0002051778  -0.0000058242  -0.0002047421   0.0000328693  -0.0005790358
        0.0001379620   0.0007954649
        0.0042713926   0.0013275685  -0.0091862504  -0.0895288287  -0.0252034935
        0.0922052702  -0.0213106312  -0.0073710416   0.0244780414  -0.0047741847
        0.0011352634  -0.0007256394  -0.0021085857  -0.0001800683   0.0006130896
        0.0000310791   0.0002915853   0.0001878166   0.0005763608   0.0001049804
       -0.0008399766   0.0001415218  -0.0012475134  -0.0021118816   0.1094031145
        0.0310238567  -0.1027594125   0.0027795227   0.0004804548  -0.0025152347
        0.0001454443  -0.0004493012   0.0006863384   0.0003781898  -0.0000713008
        0.0003373251  -0.0000320997   0.0002327840  -0.0001985650   0.0000277045
       -0.0000737744  -0.0001709212
        0.0059756694   0.0035440890  -0.0160681148  -0.0255852775  -0.0592643753
        0.0498846816   0.0024907533   0.0017159427  -0.0035620664   0.0004058955
        0.0004190466   0.0001891177   0.0001295726   0.0001157450  -0.0000930616
        0.0003669735   0.0004206682  -0.0004835845   0.0004781712   0.0004297913
        0.0002699213  -0.0011011715  -0.0012182956  -0.0035127930   0.0310238567
        0.0658805633  -0.0548685475  -0.0139783848  -0.0123145757   0.0286941035
       -0.0005843697   0.0000500239   0.0000790092   0.0002943133   0.0001334690
       -0.0003633805   0.0001330219   0.0001622666  -0.0000883944  -0.0000490239
       -0.0000743591  -0.0000768907
        0.0078494035   0.0024649839  -0.0261435157   0.0920894291   0.0498544030
       -0.2113578521   0.0005677779   0.0001443638   0.0006172365   0.0000352187
       -0.0001534810   0.0008915390   0.0002911874  -0.0000218251  -0.0000105812
        0.0003499248   0.0003188328   0.0004983382   0.0001297216   0.0004731486
        0.0003543157  -0.0021269854  -0.0037657602  -0.0045168883  -0.1027594125
       -0.0548685475   0.2472955331   0.0044783971   0.0058020329  -0.0086501696
       -0.0005493627   0.0001007491   0.0008426552  -0.0000109183  -0.0002331162
       -0.0000225637  -0.0001234202  -0.0001493200   0.0000510248  -0.0002209612
        0.0000335357   0.0001509283
        0.0018171483  -0.0110995282   0.0005255871  -0.0488358141   0.0365950816
       -0.0059782281  -0.0103214463   0.0295907323  -0.0062062927   0.0005842588
        0.0012999170  -0.0007096617   0.0002658797  -0.0001362337   0.0000061703
       -0.0003001259  -0.0014974753  -0.0019350439   0.0000844649  -0.0004128250
        0.0000939230   0.0002051857   0.0004082994   0.0003290807   0.0027795227
       -0.0139783848   0.0044783971   0.0601999632  -0.0423376278   0.0100001210
        0.0004348681   0.0002189179   0.0000635664  -0.0064414158   0.0019121135
       -0.0009618732  -0.0005085770  -0.0004884756   0.0003121170   0.0000360877
       -0.0000745114  -0.0000178630
        0.0008995627  -0.0215486437  -0.0003164230   0.0364323843  -0.2566431799
        0.0446521583   0.0048291691  -0.0077758167   0.0021703528  -0.0010115307
        0.0006144324  -0.0002007013   0.0002984200   0.0000639766   0.0000113137
       -0.0019291076  -0.0025872877  -0.0037501320  -0.0001473071   0.0001046860
        0.0002858363   0.0004482886   0.0007305753   0.0004772538   0.0004804548
       -0.0123145757   0.0058020329  -0.0423376278   0.2988732857  -0.0496109919
       -0.0001574597   0.0002371264   0.0001512082   0.0018991636   0.0001081677
        0.0005913293   0.0002834328   0.0003613865  -0.0001964457   0.0000121569
       -0.0002241330  -0.0000667914
        0.0019097113  -0.0231905656   0.0021028024  -0.0058842162   0.0451072449
       -0.0530648393  -0.0018859728   0.0041666105  -0.0003598192   0.0006317102
       -0.0008170075   0.0003899154  -0.0000818333   0.0000248218  -0.0000780684
       -0.0018591221  -0.0039806431  -0.0029909588   0.0003397544   0.0000989930
        0.0002985561   0.0002840336  -0.0006471037   0.0008277794  -0.0025152347
        0.0286941035  -0.0086501696   0.0100001210  -0.0496109919   0.0612187880
       -0.0001698112   0.0003342147  -0.0001709640  -0.0009863546  -0.0001186889
        0.0004246668   0.0001933701   0.0000445473   0.0002000184   0.0000238442
       -0.0001055354  -0.0001477072
       -0.0058393137   0.0012206913  -0.0009641568  -0.0148278560  -0.0138974296
       -0.0242153741  -0.0583571129  -0.0315040572  -0.0553606825   0.0018117921
        0.0063958828   0.0150833533   0.0004683794   0.0002744044   0.0010040655
       -0.0000001966   0.0003364439   0.0002086045  -0.0009075689  -0.0008330632
       -0.0012438216  -0.0000635276   0.0000278266   0.0002026183   0.0001454443
       -0.0005843697  -0.0005493627   0.0004348681  -0.0001574597  -0.0001698112
        0.0752046301   0.0374576115   0.0598181418   0.0024066987   0.0022932077
        0.0032760466   0.0001568358   0.0002583073  -0.0003500252  -0.0006330727
       -0.0012879960   0.0032604040
        0.0000551833   0.0006448960  -0.0000159029   0.0008244725   0.0022189748
        0.0023939206  -0.0314277806  -0.1012753963  -0.0923342976   0.0024600651
        0.0053236114   0.0077742090   0.0002091384  -0.0000113325   0.0000302170
        0.0001267159   0.0002145438   0.0000574207  -0.0000532141   0.0001771252
        0.0000056971  -0.0000434229  -0.0000702535   0.0001402820  -0.0004493012
        0.0000500239   0.0001007491   0.0002189179   0.0002371264   0.0003342147
        0.0374576115   0.1125671251   0.1060653567  -0.0084176010  -0.0211656257
       -0.0269784092   0.0000531103   0.0007362388   0.0005788778  -0.0010138952
        0.0003529427   0.0018476650
       -0.0017089784   0.0005225711   0.0007666164  -0.0043380811  -0.0034848323
       -0.0051868340  -0.0538819515  -0.0919093288  -0.1995532646  -0.0034869837
       -0.0112255915  -0.0279378283   0.0009165885  -0.0002053263   0.0005736284
        0.0000693837   0.0001602547   0.0000461877  -0.0002368509  -0.0002389190
       -0.0003740329   0.0001752843   0.0000439266   0.0001629666   0.0006863384
        0.0000790092   0.0008426552   0.0000635664   0.0001512082  -0.0001709640
        0.0598181418   0.1060653567   0.2341187968  -0.0000622970  -0.0018156228
        0.0010100447  -0.0006208632  -0.0004244849   0.0004315408   0.0026067028
        0.0022817792  -0.0047295129
        0.0010367750   0.0009014921   0.0005242585  -0.0106671781   0.0293005086
       -0.0046327934  -0.0480693880   0.0392755129  -0.0057400175   0.0006271228
       -0.0162356737   0.0043073946   0.0003402953  -0.0006462230   0.0001968290
       -0.0002674118  -0.0006797302  -0.0003191975   0.0002981174  -0.0000204247
        0.0002110269  -0.0000376188  -0.0000647111   0.0001057907   0.0003781898
        0.0002943133  -0.0000109183  -0.0064414158   0.0018991636  -0.0009863546
        0.0024066987  -0.0084176010  -0.0000622970   0.0608511842  -0.0443063657
        0.0038063240  -0.0007181110  -0.0014845940   0.0030743887   0.0002627404
        0.0001843329  -0.0004744340
       -0.0011099704   0.0012956483  -0.0001620485   0.0052519454  -0.0077305594
        0.0013441099   0.0378581322  -0.2637519578   0.0250639594  -0.0001676266
       -0.0146617483   0.0055037131  -0.0009016439   0.0002516678  -0.0003561607
        0.0001234199   0.0003128145   0.0001588111  -0.0002528366  -0.0000459746
       -0.0001277408   0.0000663033  -0.0001850656   0.0000385240  -0.0000713008
        0.0001334690  -0.0002331162   0.0019121135   0.0001081677  -0.0001186889
        0.0022932077  -0.0211656257  -0.0018156228  -0.0443063657   0.3052313258
       -0.0315740761  -0.0011714796  -0.0004734498   0.0026926288   0.0004761018
        0.0006812883  -0.0004142924
        0.0000192808   0.0008657525   0.0002724765  -0.0018646185   0.0043410841
        0.0002325653  -0.0052623259   0.0239411122  -0.0480716191  -0.0016007295
        0.0260676754  -0.0058841970   0.0003569171  -0.0001788298   0.0001936779
       -0.0003583434  -0.0002543845   0.0000518136   0.0001444074  -0.0001004415
       -0.0000584531  -0.0000141040   0.0001062895  -0.0002051778   0.0003373251
       -0.0003633805  -0.0000225637  -0.0009618732   0.0005913293   0.0004246668
        0.0032760466  -0.0269784092   0.0010100447   0.0038063240  -0.0315740761
        0.0552970613   0.0025173188   0.0027404335  -0.0039031998  -0.0003956254
        0.0007958452   0.0006629044
       -0.0001880672   0.0000846162  -0.0000982093   0.0012578989  -0.0011838712
        0.0005240957   0.0010582347  -0.0140981078   0.0036462811  -0.0389450352
        0.0420590523  -0.0060887829  -0.0185747726   0.0179237695  -0.0045338599
        0.0000610367   0.0002187599  -0.0000004528  -0.0000634194   0.0000032807
        0.0000211036   0.0000914699  -0.0001060935  -0.0000058242  -0.0000320997
        0.0001330219  -0.0001234202  -0.0005085770   0.0002834328   0.0001933701
        0.0001568358   0.0000531103  -0.0006208632  -0.0007181110  -0.0011714796
        0.0025173188   0.0535576557  -0.0385630072   0.0035202629   0.0028469503
       -0.0056364841   0.0010489801
       -0.0001686149  -0.0000177185   0.0000726869   0.0002166652   0.0004223817
       -0.0004288017  -0.0008903181  -0.0135490226   0.0051615463   0.0362650066
       -0.2795146899   0.0313675958   0.0026415996  -0.0001157172   0.0002939984
        0.0001579094   0.0001517669  -0.0000399682   0.0000402551   0.0000602544
        0.0000000481  -0.0000841593  -0.0002612956  -0.0002047421   0.0002327840
        0.0001622666  -0.0001493200  -0.0004884756   0.0003613865   0.0000445473
        0.0002583073   0.0007362388  -0.0004244849  -0.0014845940  -0.0004734498
        0.0027404335  -0.0385630072   0.3121914950  -0.0376290947   0.0018666419
       -0.0201538962  -0.0008044449
       -0.0000862824  -0.0000874795   0.0000771098  -0.0005333845   0.0000629007
        0.0004283363  -0.0015833812   0.0243744290  -0.0049676865  -0.0038647473
        0.0327099523  -0.0472514614  -0.0041586779   0.0034087830   0.0000572958
        0.0000056035   0.0000111499  -0.0001611173  -0.0000684797  -0.0000091119
       -0.0000096370   0.0000271549  -0.0001764476   0.0000328693  -0.0001985650
       -0.0000883944   0.0000510248   0.0003121170  -0.0001964457   0.0002000184
       -0.0003500252   0.0005788778   0.0004315408   0.0030743887   0.0026926288
       -0.0039031998   0.0035202629  -0.0376290947   0.0529131847   0.0039040163
       -0.0256517477   0.0021017221
       -0.0007449408  -0.0003875659   0.0005083373   0.0006744285  -0.0000087479
        0.0000321685   0.0026232346   0.0064507552   0.0130223960  -0.0418413559
       -0.0278122097  -0.0446766415  -0.0197580971  -0.0071373059  -0.0163010997
       -0.0000008991  -0.0001809041   0.0000686357   0.0001437023   0.0000678994
       -0.0002353930  -0.0018853054  -0.0001529827  -0.0005790358   0.0000277045
       -0.0000490239  -0.0002209612   0.0000360877   0.0000121569   0.0000238442
       -0.0006330727  -0.0010138952   0.0026067028   0.0002627404   0.0004761018
       -0.0003956254   0.0028469503   0.0018666419   0.0039040163   0.0582488227
        0.0278690803   0.0422426557
       -0.0001491678   0.0000476210  -0.0001631926   0.0001533807   0.0001193062
       -0.0003183748   0.0023899878   0.0055169470   0.0073230618  -0.0257695370
       -0.1106977029  -0.1079666886   0.0026626044   0.0020570129   0.0025106063
       -0.0001333497  -0.0002232059   0.0002437936   0.0000244441  -0.0000775023
        0.0000873938  -0.0001590097   0.0005154392   0.0001379620  -0.0000737744
       -0.0000743591   0.0000335357  -0.0000745114  -0.0002241330  -0.0001055354
       -0.0012879960   0.0003529427   0.0022817792   0.0001843329   0.0006812883
        0.0007958452  -0.0056364841  -0.0201538962  -0.0256517477   0.0278690803
        0.1221602423   0.1207915614
       -0.0005323224  -0.0000350457   0.0001916915  -0.0001368756  -0.0002394753
        0.0001935284  -0.0017982021  -0.0110836950  -0.0241749666  -0.0387993528
       -0.1091315469  -0.2151629316  -0.0044959106  -0.0009887363  -0.0014607325
        0.0001247975   0.0002468071  -0.0000592990  -0.0001913839   0.0000529870
        0.0000373279  -0.0000595718  -0.0000981021   0.0007954649  -0.0001709212
       -0.0000768907   0.0001509283  -0.0000178630  -0.0000667914  -0.0001477072
        0.0032604040   0.0018476650  -0.0047295129  -0.0004744340  -0.0004142924
        0.0006629044   0.0010489801  -0.0008044449   0.0021017221   0.0422426557
        0.1207915614   0.2416015824
