$hessian                                                                        
        0.4719644775  -0.0269726761  -0.0046834319  -0.1721557996  -0.0561593405
       -0.0140755640  -0.0256637867  -0.0071095472   0.0053304831  -0.0013198208
        0.0022025384   0.0037637685  -0.0005067340  -0.0011824612  -0.0001269301
       -0.0006362559   0.0000235613  -0.0004722525   0.0002583416  -0.0000579638
       -0.0002208093   0.0000041166  -0.0000168575  -0.0000321260  -0.1265932673
        0.0476582661   0.1065290743  -0.0839969209   0.0240746238  -0.0882675361
       -0.0456923556   0.0279710688  -0.0021016457  -0.0166028680  -0.0070522244
       -0.0044542276  -0.0008027664  -0.0026169355   0.0003107714   0.0010868083
       -0.0001648022  -0.0008168987   0.0007692292  -0.0005938982  -0.0006971081
       -0.0000251210   0.0000314440   0.0000087373  -0.0000758380  -0.0000354466
       -0.0000037254   0.0000253342   0.0000078666  -0.0000145101  -0.0000428765
        0.0000019236   0.0000132203   0.0000061033  -0.0000091394   0.0000107105
       -0.0269726761   0.5127877505  -0.0013112203  -0.0553643179  -0.0953174550
       -0.0042634130   0.0058344892   0.0031295537   0.0001091362  -0.0005284767
       -0.0016838434  -0.0011509721   0.0004461121   0.0016509118  -0.0001648601
        0.0005678630  -0.0000935734   0.0005000882   0.0000158593  -0.0000446663
        0.0000736699   0.0000310425  -0.0000342034  -0.0000023917   0.0472889545
       -0.0689739349  -0.0576109085   0.0236952196  -0.0573120602   0.0484447784
        0.0286351234  -0.2806445592   0.0175148511   0.0036615539   0.0030578036
        0.0003407079  -0.0282497600  -0.0178364831  -0.0023914124   0.0000501502
        0.0001130167   0.0000201467   0.0008893550   0.0010965956  -0.0001516787
        0.0000350311   0.0000512450   0.0000134741   0.0000108124   0.0000164614
        0.0000230086  -0.0000175490   0.0000029722  -0.0000117038  -0.0000000198
        0.0000142874   0.0000105552  -0.0000287669   0.0000201812   0.0000081443
       -0.0046834319  -0.0013112203   0.5258166434  -0.0130110164  -0.0037724080
       -0.0657259120   0.0220022839   0.0071219073  -0.0024005117  -0.0000928379
       -0.0030144240  -0.0039562734   0.0007262961   0.0021851635   0.0001019414
        0.0013033455  -0.0001782455   0.0014342977  -0.0000066965  -0.0000380804
        0.0001997144   0.0000109144   0.0000042581   0.0000109972   0.1060448254
       -0.0578380926  -0.1770666524  -0.0877626150   0.0487740493  -0.2311555171
       -0.0022342492   0.0173643974  -0.0461137442  -0.0247597459  -0.0113771958
       -0.0039368584   0.0017090975   0.0011550868   0.0011325892   0.0009542063
        0.0003187202   0.0011150053  -0.0002548396   0.0005197707   0.0004501001
        0.0000035509   0.0000373987  -0.0000139644   0.0001150008   0.0000322928
        0.0000656588  -0.0000475670  -0.0000026712   0.0000221825   0.0000128442
        0.0000171920   0.0000228612  -0.0000293655   0.0000021011  -0.0000025575
       -0.1721557996  -0.0553643179  -0.0130110164   0.4557492531  -0.0090139626
        0.0348586490  -0.0958140457   0.0313732433   0.0559899077  -0.0272847031
        0.0003218811   0.0175922431   0.0001045848   0.0005001901  -0.0024474263
       -0.0004177470  -0.0012825363   0.0008224487   0.0003786411  -0.0006735080
       -0.0012252939   0.0003491847   0.0000798466  -0.0000276735  -0.0207230196
       -0.0084813278   0.0008627409  -0.0168309659  -0.0066618007  -0.0050597058
       -0.0002055787  -0.0032171405   0.0004227229  -0.0799667027   0.0228152322
       -0.0851000707  -0.0445360387   0.0269334399  -0.0046444605   0.0058508410
       -0.0023231548  -0.0049083445  -0.0041642149   0.0050279984   0.0060217185
       -0.0001267063   0.0000580121  -0.0000613243  -0.0002262115  -0.0000943436
       -0.0000522557   0.0000138227   0.0000259880  -0.0000210269   0.0000210379
        0.0000082556  -0.0000347797  -0.0000156317  -0.0000319953   0.0000229474
       -0.0561593405  -0.0953174550  -0.0037724080  -0.0090139626   0.5167582287
       -0.0221690115   0.0217764976  -0.0749543913  -0.0254498322  -0.0019883204
        0.0065151478   0.0092390472  -0.0017634704  -0.0043365002  -0.0003743447
       -0.0017974532   0.0008219970  -0.0013073723   0.0004464644  -0.0000254235
       -0.0003177835  -0.0000582415  -0.0000694070  -0.0000787633   0.0064527159
        0.0035479830   0.0004804298   0.0041019963   0.0030644911  -0.0005460632
       -0.0283366139  -0.0185328379  -0.0024454827   0.0228595610  -0.0587581080
        0.0469065407   0.0277101867  -0.2686484598   0.0182208888  -0.0032907317
        0.0026172331   0.0033185797   0.0191162434  -0.0126597377  -0.0217393066
        0.0000045891   0.0000071182   0.0000312267  -0.0000849345  -0.0000645975
       -0.0000489821   0.0000559703   0.0000017245   0.0000322823  -0.0000435703
       -0.0000039762  -0.0000003806   0.0000124142   0.0000369708   0.0000207355
       -0.0140755640  -0.0042634130  -0.0657259120   0.0348586490  -0.0221690115
        0.4923900477   0.0447745994  -0.0306818977  -0.1288172266   0.0138260667
        0.0077331448   0.0022669997  -0.0015535882  -0.0040606318   0.0019243825
       -0.0036266327   0.0009037479  -0.0035819014   0.0004620645   0.0002975019
        0.0000156504  -0.0002030480  -0.0001157665  -0.0002176812   0.0200308715
        0.0088128484   0.0005030932  -0.0251730194  -0.0117855252  -0.0044038715
        0.0021185688   0.0007412376   0.0005097748  -0.0850563557   0.0483709662
       -0.2218702345  -0.0038906012   0.0173880768  -0.0468395641   0.0160194245
       -0.0080179854  -0.0257911374   0.0015585972  -0.0030871653  -0.0005539159
        0.0000306359  -0.0000771139   0.0000832044  -0.0001188205  -0.0000036414
       -0.0000226182   0.0000565208  -0.0000126652   0.0000564327  -0.0000860556
       -0.0000234027   0.0000441526   0.0000476871   0.0000506959   0.0000303248
       -0.0256637867   0.0058344892   0.0220022839  -0.0958140457   0.0217764976
        0.0447745994   0.4436828825  -0.0109322321   0.0554737960  -0.1433501761
       -0.0486412439  -0.0055054252  -0.0096921209  -0.0218020111   0.0010761587
       -0.0431463483  -0.0039291471  -0.0220639023   0.0019970413   0.0017031094
       -0.0030040435  -0.0002958529   0.0000081031   0.0000400830  -0.0065374837
       -0.0027410792   0.0004649466   0.0009873090   0.0003685209   0.0007571337
        0.0011232656   0.0007217656  -0.0000457085   0.0048458317  -0.0026975070
       -0.0043242488  -0.0052217607   0.0052141562   0.0060243966  -0.0768085473
        0.0215410624  -0.0870588736  -0.0446965744   0.0343375622  -0.0083471982
       -0.0001862614  -0.0000549378   0.0000931617  -0.0012606974  -0.0006462134
       -0.0003674770   0.0001199665  -0.0000409963  -0.0000599906  -0.0001563952
       -0.0000160127   0.0000830449   0.0000737542  -0.0000038861  -0.0000127369
       -0.0071095472   0.0031295537   0.0071219073   0.0313732433  -0.0749543913
       -0.0306818977  -0.0109322321   0.5264376474  -0.0396587309  -0.0492837217
       -0.0922636840  -0.0091645336  -0.0411843470  -0.0281502627   0.0115905062
        0.0072502143   0.0079616825   0.0016427905   0.0008537738   0.0006683206
        0.0037814628  -0.0004218463  -0.0002307026  -0.0000608006  -0.0028848253
       -0.0002964317   0.0005240825   0.0001855140   0.0001545589   0.0001177620
       -0.0007994422   0.0010645115   0.0006206036  -0.0031989805   0.0023048486
        0.0040506643   0.0189850536  -0.0122368258  -0.0223107938   0.0210620221
       -0.0602642022   0.0504037249   0.0350807012  -0.2736290518   0.0214659758
        0.0002721706  -0.0001210459   0.0003985599   0.0008037392   0.0004484797
        0.0002496842   0.0000076585  -0.0001327431  -0.0000800379  -0.0000374704
        0.0000168093   0.0000437285  -0.0000216781   0.0000929288  -0.0000546581
        0.0053304831   0.0001091362  -0.0024005117   0.0559899077  -0.0254498322
       -0.1288172266   0.0554737960  -0.0396587309   0.4884428913  -0.0234132975
       -0.0171746024  -0.0675582411   0.0142340282   0.0233776100   0.0070629230
       -0.0265537522  -0.0068991874  -0.0022562562  -0.0037700094   0.0039585058
        0.0010607910  -0.0011071324  -0.0004719417  -0.0002435190   0.0001756774
        0.0004133861   0.0009581983  -0.0009843107  -0.0001279835   0.0012400043
       -0.0004716644  -0.0000441372   0.0002118217   0.0167745895  -0.0084532046
       -0.0259365026   0.0018982723  -0.0023954916  -0.0008125054  -0.0855221976
        0.0519473191  -0.2274040865  -0.0077112013   0.0206618923  -0.0439129051
        0.0004032417   0.0002187876   0.0001881427  -0.0003453791  -0.0000822914
       -0.0000022455  -0.0000797132  -0.0000104196  -0.0000585938  -0.0002805077
        0.0001281959   0.0003192984  -0.0000408303  -0.0000470106  -0.0000814774
       -0.0013198208  -0.0005284767  -0.0000928379  -0.0272847031  -0.0019883204
        0.0138260667  -0.1433501761  -0.0492837217  -0.0234132975   0.4718100675
        0.1574536015   0.0331467099  -0.1162981556  -0.1447599192   0.0704474425
       -0.1349725492   0.0341054911  -0.0647061708  -0.0361795348   0.0075704605
       -0.0266895090   0.0011509240   0.0002239747  -0.0015037564   0.0005168140
       -0.0000074996  -0.0002320347  -0.0000829478   0.0000243665   0.0005445618
       -0.0001315452   0.0006161704   0.0002328402   0.0008633164  -0.0001188829
       -0.0011088474  -0.0002765001  -0.0001355674   0.0000088884  -0.0141535254
       -0.0036186475  -0.0040988929   0.0038297698   0.0004175042   0.0038675722
        0.0008215802   0.0013441160  -0.0005235401  -0.0040235904  -0.0014929236
       -0.0009001400  -0.0006004122  -0.0002101661   0.0006334512   0.0002572056
        0.0003037742   0.0005876851  -0.0005762166   0.0000846659  -0.0000261915
        0.0022025384  -0.0016838434  -0.0030144240   0.0003218811   0.0065151478
        0.0077331448  -0.0486412439  -0.0922636840  -0.0171746024   0.1574536015
        0.6927213725  -0.2563814485  -0.1308428994  -0.4842938732   0.2129027087
        0.0421656807  -0.1181898067   0.0636048419   0.0042488612   0.0159445528
       -0.0047112604  -0.0019061959  -0.0020851417  -0.0000506405   0.0015748842
        0.0007098338  -0.0003206099  -0.0000566274  -0.0000035493   0.0003591128
       -0.0002109824   0.0000854052   0.0000685138  -0.0001000021   0.0004402178
        0.0004225895   0.0023916308  -0.0007128051  -0.0007806791   0.0038989848
        0.0039760189   0.0016789690  -0.0248484769  -0.0187480186  -0.0010147176
       -0.0024507670  -0.0003052562  -0.0027635765  -0.0040725020  -0.0027099092
       -0.0015084455  -0.0005552273   0.0009917262   0.0004782813  -0.0011887446
        0.0001783890   0.0003457605   0.0006156063  -0.0005667767   0.0001264820
        0.0037637685  -0.0011509721  -0.0039562734   0.0175922431   0.0092390472
        0.0022669997  -0.0055054252  -0.0091645336  -0.0675582411   0.0331467099
       -0.2563814485   0.3847989864   0.0609053209   0.2091523372  -0.1720227558
       -0.0670503186   0.0602108956  -0.1268471295  -0.0237437285  -0.0071886806
       -0.0116894691   0.0030807564   0.0015707957   0.0004835743   0.0016000036
        0.0004783077  -0.0000181149  -0.0003192449  -0.0001014974  -0.0001767449
       -0.0001725043  -0.0000376523   0.0000357077   0.0015173257   0.0007708703
       -0.0014292328   0.0000514087   0.0002128461   0.0007565182  -0.0248315296
       -0.0116426558  -0.0055030890   0.0008387048   0.0019780222   0.0010743109
        0.0002086580   0.0018845358   0.0019483546  -0.0027163278   0.0007498730
       -0.0009793738   0.0007062879  -0.0002173134  -0.0006261202   0.0011210297
       -0.0000895413  -0.0005026261  -0.0001931381  -0.0002732356  -0.0000552812
       -0.0005067340   0.0004461121   0.0007262961   0.0001045848  -0.0017634704
       -0.0015535882  -0.0096921209  -0.0411843470   0.0142340282  -0.1162981556
       -0.1308428994   0.0609053209   0.1178161144   0.1496263509  -0.0525130023
        0.0117155539   0.0222003579  -0.0214445639   0.0009862311   0.0035975317
       -0.0009769336  -0.0006371748   0.0003645528   0.0003200404  -0.0003368407
        0.0000122292   0.0001478624   0.0001997710   0.0000018218  -0.0000348094
        0.0001161244   0.0000074727  -0.0000725691  -0.0000230636  -0.0001006221
        0.0001653824   0.0004134020   0.0001451703  -0.0005028863   0.0019274144
        0.0005557745   0.0012235009  -0.0068674874  -0.0047982818  -0.0004851159
       -0.0001036854   0.0009211556   0.0004804303   0.0006312156   0.0012114035
        0.0002957288   0.0002293089  -0.0002756119  -0.0006311499   0.0001727940
       -0.0001643212  -0.0001601031   0.0001527482   0.0000396209  -0.0001238687
       -0.0011824612   0.0016509118   0.0021851635   0.0005001901  -0.0043365002
       -0.0040606318  -0.0218020111  -0.0281502627   0.0233776100  -0.1447599192
       -0.4842938732   0.2091523372   0.1496263509   0.5763187351  -0.2938402382
        0.0194505787  -0.0611201523   0.0694909053  -0.0009689535  -0.0013473328
       -0.0048632550   0.0012985867   0.0018259121  -0.0000877696  -0.0010253578
       -0.0003151523   0.0001861655   0.0001187320  -0.0000334636  -0.0002605508
        0.0002212189   0.0000117976  -0.0000861963   0.0001571002  -0.0002464361
        0.0002078544  -0.0007135579   0.0006689914  -0.0000114682   0.0028112597
        0.0004810588  -0.0003877623  -0.0050445997  -0.0029414893  -0.0008684156
        0.0006743832   0.0010659526   0.0006356299  -0.0000529601   0.0010831739
       -0.0004538683   0.0004856296  -0.0004897763  -0.0003000455   0.0006109315
       -0.0001133432  -0.0002019746  -0.0004051412   0.0002812487   0.0001865102
       -0.0001269301  -0.0001648601   0.0001019414  -0.0024474263  -0.0003743447
        0.0019243825   0.0010761587   0.0115905062   0.0070629230   0.0704474425
        0.2129027087  -0.1720227558  -0.0525130023  -0.2938402382   0.1966750995
       -0.0217455130   0.0696541414  -0.0339343893   0.0029431418   0.0008962403
       -0.0013977009   0.0001829995  -0.0002688194   0.0001960791  -0.0000303618
        0.0000259922  -0.0000431732   0.0000513355  -0.0000155515   0.0001363059
       -0.0000411261   0.0000675142  -0.0000212625  -0.0002145123  -0.0001209721
       -0.0000414457  -0.0001677637  -0.0004022265  -0.0002742562   0.0007913101
        0.0002690111   0.0007704406   0.0014103687   0.0006685003   0.0010683323
        0.0003529592  -0.0007065555  -0.0010590970   0.0004229303  -0.0001787558
        0.0005913734  -0.0004980551   0.0000743696   0.0003026931  -0.0000487780
       -0.0000511190   0.0000097498   0.0001548226  -0.0000255415  -0.0000452399
       -0.0006362559   0.0005678630   0.0013033455  -0.0004177470  -0.0017974532
       -0.0036266327  -0.0431463483   0.0072502143  -0.0265537522  -0.1349725492
        0.0421656807  -0.0670503186   0.0117155539   0.0194505787  -0.0217455130
        0.3821324244   0.0251872382   0.1384669624  -0.1313565042  -0.0572042745
       -0.0077415098  -0.0436304909  -0.0122023565   0.0003353758  -0.0004012417
       -0.0000597979   0.0001935013   0.0001230812   0.0000270790  -0.0001627408
        0.0001715862  -0.0001584875  -0.0000878122   0.0003112406  -0.0001886214
        0.0004028209   0.0001660284   0.0004744846  -0.0001351387  -0.0065250894
       -0.0032305464  -0.0020493031   0.0001106426   0.0002149186  -0.0010147098
       -0.0125624072  -0.0155965288  -0.0027511930  -0.0191867084  -0.0066439574
       -0.0110068916   0.0020246173  -0.0000998095  -0.0008847159  -0.0063229330
        0.0021866489   0.0053931431   0.0024031007  -0.0003428729  -0.0012849175
        0.0000235613  -0.0000935734  -0.0001782455  -0.0012825363   0.0008219970
        0.0009037479  -0.0039291471   0.0079616825  -0.0068991874   0.0341054911
       -0.1181898067   0.0602108956   0.0222003579  -0.0611201523   0.0696541414
        0.0251872382   0.2817341996  -0.1233606083  -0.0481329555  -0.1013064661
        0.0024935780   0.0015986154   0.0061888968   0.0031614439   0.0000896558
        0.0000298584   0.0000960694   0.0000842722  -0.0000218375   0.0000397260
       -0.0000066295   0.0000659084  -0.0000035853  -0.0000058534  -0.0001970885
       -0.0001087312  -0.0001530307  -0.0000609859   0.0000503664  -0.0028891728
       -0.0002344809  -0.0004918547   0.0002298692   0.0010250644   0.0003339169
       -0.0358409376  -0.0219699094  -0.0077522900   0.0069793710   0.0046062518
        0.0016369673  -0.0000253085  -0.0004854794   0.0002197203   0.0017218651
        0.0004871671  -0.0004750995   0.0000452739   0.0007587541   0.0004690288
       -0.0004722525   0.0005000882   0.0014342977   0.0008224487  -0.0013073723
       -0.0035819014  -0.0220639023   0.0016427905  -0.0022562562  -0.0647061708
        0.0636048419  -0.1268471295  -0.0214445639   0.0694909053  -0.0339343893
        0.1384669624  -0.1233606083   0.2266398775  -0.0145096715  -0.0007047032
       -0.0601161136   0.0156575859   0.0056182576   0.0076305298  -0.0004986050
       -0.0001367744   0.0000853603   0.0001815445   0.0000410629  -0.0000320667
        0.0000996980  -0.0001328617  -0.0000898255  -0.0002653211  -0.0002545473
        0.0010075749   0.0000120031   0.0003454980  -0.0000681401  -0.0016721580
       -0.0009539938  -0.0003866934   0.0012463993  -0.0000858916  -0.0007312437
       -0.0038105037  -0.0030594049   0.0000956077  -0.0293496570  -0.0121829701
       -0.0091239159  -0.0003192895   0.0006757402   0.0015318191   0.0033461886
       -0.0007766485  -0.0018855737  -0.0007207354   0.0010365913   0.0006281820
        0.0002583416   0.0000158593  -0.0000066965   0.0003786411   0.0004464644
        0.0004620645   0.0019970413   0.0008537738  -0.0037700094  -0.0361795348
        0.0042488612  -0.0237437285   0.0009862311  -0.0009689535   0.0029431418
       -0.1313565042  -0.0481329555  -0.0145096715   0.3855223541  -0.0395642053
        0.0074739874  -0.1117365419   0.0321990008   0.0599220399  -0.0000674756
       -0.0000373695  -0.0000232036  -0.0000095421  -0.0000256107   0.0001003279
       -0.0000683216   0.0000619500  -0.0000146824  -0.0003951594  -0.0001002345
        0.0000798632  -0.0002031876  -0.0001725827  -0.0000117958  -0.0012278515
       -0.0006515299   0.0003147242  -0.0001846993   0.0003479607  -0.0000449382
       -0.0404022795   0.0234521190  -0.0012797445  -0.0455065615   0.0201232089
       -0.0456249911   0.0030024671  -0.0025073638  -0.0007253643  -0.0210492013
        0.0062035224   0.0156876227  -0.0037582159   0.0042080849   0.0027710543
       -0.0000579638  -0.0000446663  -0.0000380804  -0.0006735080  -0.0000254235
        0.0002975019   0.0017031094   0.0006683206   0.0039585058   0.0075704605
        0.0159445528  -0.0071886806   0.0035975317  -0.0013473328   0.0008962403
       -0.0572042745  -0.1013064661  -0.0007047032  -0.0395642053   0.5086931411
       -0.0400190335   0.0318089321  -0.0819165165  -0.0300739914  -0.0000463570
       -0.0000381620  -0.0000527167  -0.0000580028   0.0000009858   0.0000481366
       -0.0000484976   0.0000402535   0.0000081933  -0.0000832060   0.0000714930
       -0.0002602110   0.0000457036  -0.0001653916   0.0000326386   0.0007574544
        0.0005130292   0.0004400851  -0.0001685091   0.0003499634  -0.0000040042
        0.0262013371  -0.2631468504   0.0093857433   0.0168145552  -0.0710938287
        0.0738197252  -0.0060813524   0.0036434886   0.0057083552  -0.0071776975
        0.0025729989   0.0059225024   0.0226644902  -0.0134135889  -0.0221762069
       -0.0002208093   0.0000736699   0.0001997144  -0.0012252939  -0.0003177835
        0.0000156504  -0.0030040435   0.0037814628   0.0010607910  -0.0266895090
       -0.0047112604  -0.0116894691  -0.0009769336  -0.0048632550  -0.0013977009
       -0.0077415098   0.0024935780  -0.0601161136   0.0074739874  -0.0400190335
        0.5081780079   0.0578182500  -0.0291627449  -0.1310282451  -0.0000775544
       -0.0000708372   0.0000030164   0.0000089823   0.0000075948   0.0000237960
       -0.0000238970   0.0000209987   0.0000220304   0.0000882590   0.0000121596
       -0.0001076770   0.0000282063  -0.0001346592  -0.0000450054  -0.0007124871
       -0.0000268777   0.0001085460   0.0001715251   0.0003281449   0.0000508758
       -0.0018537165   0.0062833371  -0.0435701562  -0.0429088112   0.0761447039
       -0.2384907917   0.0210930326  -0.0082317787  -0.0255300482  -0.0042544809
        0.0018347805   0.0039850464   0.0030068033  -0.0034422001  -0.0016722674
        0.0000041166   0.0000310425   0.0000109144   0.0003491847  -0.0000582415
       -0.0002030480  -0.0002958529  -0.0004218463  -0.0011071324   0.0011509240
       -0.0019061959   0.0030807564  -0.0006371748   0.0012985867   0.0001829995
       -0.0436304909   0.0015986154   0.0156575859  -0.1117365419   0.0318089321
        0.0578182500   0.4972448812   0.0185814008   0.0353248763  -0.0000625628
       -0.0000000618   0.0000221648  -0.0000202966  -0.0000051106  -0.0000206924
        0.0000115599   0.0000024354  -0.0000126955   0.0000605952   0.0000085988
       -0.0000640111  -0.0000251449   0.0000126199   0.0000167491  -0.0002579196
       -0.0001225450  -0.0000867606   0.0000108832   0.0001185705  -0.0000048281
       -0.0039872646   0.0047633180   0.0048919255   0.0025408464  -0.0012308421
       -0.0000674928  -0.0585443856   0.0202289799  -0.0546576986  -0.2390315054
       -0.0822908697  -0.0600144278  -0.0431438513   0.0075826128  -0.0007674345
       -0.0000168575  -0.0000342034   0.0000042581   0.0000798466  -0.0000694070
       -0.0001157665   0.0000081031  -0.0002307026  -0.0004719417   0.0002239747
       -0.0020851417   0.0015707957   0.0003645528   0.0018259121  -0.0002688194
       -0.0122023565   0.0061888968   0.0056182576   0.0321990008  -0.0819165165
       -0.0291627449   0.0185814008   0.5230200613  -0.0123818637  -0.0000082224
        0.0000073541   0.0000094525   0.0000187652   0.0000068416   0.0000040929
        0.0000226982   0.0000296177  -0.0000012213   0.0000193991  -0.0000095977
        0.0000447363  -0.0000223374   0.0000551637   0.0000125137  -0.0000267740
       -0.0000215466  -0.0000089077   0.0000123404   0.0000600990   0.0000165009
        0.0207564289  -0.0125575762  -0.0207595295  -0.0050182706   0.0035302530
        0.0061346383   0.0198541683  -0.0737812146   0.0747473491  -0.0815185975
       -0.0763142135  -0.0240643260   0.0066727369  -0.2877040793  -0.0009274744
       -0.0000321260  -0.0000023917   0.0000109972  -0.0000276735  -0.0000787633
       -0.0002176812   0.0000400830  -0.0000608006  -0.0002435190  -0.0015037564
       -0.0000506405   0.0004835743   0.0003200404  -0.0000877696   0.0001960791
        0.0003353758   0.0031614439   0.0076305298   0.0599220399  -0.0300739914
       -0.1310282451   0.0353248763  -0.0123818637   0.4924847337  -0.0000168275
        0.0000020917   0.0000140228   0.0000428837   0.0000097981   0.0000217649
        0.0000126183   0.0000026021   0.0000011560  -0.0000025352  -0.0000032976
        0.0000971663   0.0000011178   0.0000363294   0.0000200279  -0.0000168639
       -0.0000172602   0.0000300775   0.0000247185  -0.0000143374  -0.0000039882
        0.0027936993  -0.0023845649  -0.0011989272   0.0188484919  -0.0081262724
       -0.0232395164  -0.0558156852   0.0759331200  -0.2417337197  -0.0590220337
       -0.0238217738  -0.0592792788  -0.0012284435  -0.0020416583  -0.0440452537
       -0.1265932673   0.0472889545   0.1060448254  -0.0207230196   0.0064527159
        0.0200308715  -0.0065374837  -0.0028848253   0.0001756774   0.0005168140
        0.0015748842   0.0016000036  -0.0003368407  -0.0010253578  -0.0000303618
       -0.0004012417   0.0000896558  -0.0004986050  -0.0000674756  -0.0000463570
       -0.0000775544  -0.0000625628  -0.0000082224  -0.0000168275   0.1488200552
       -0.0527192462  -0.1237260791   0.0073458866  -0.0034385708  -0.0084306290
       -0.0030352435   0.0042838430   0.0048705917   0.0002092138   0.0004861942
        0.0002717239   0.0005763720   0.0002608421   0.0002736929   0.0000529627
       -0.0000367234  -0.0003090564   0.0002136465  -0.0002570652  -0.0001781605
        0.0000032383  -0.0000156102   0.0000219614  -0.0000282530   0.0000028094
       -0.0000118133   0.0000295491   0.0000095537  -0.0000094156  -0.0000080352
       -0.0000098671  -0.0000076946   0.0000256848  -0.0000076073   0.0000068496
        0.0476582661  -0.0689739349  -0.0578380926  -0.0084813278   0.0035479830
        0.0088128484  -0.0027410792  -0.0002964317   0.0004133861  -0.0000074996
        0.0007098338   0.0004783077   0.0000122292  -0.0003151523   0.0000259922
       -0.0000597979   0.0000298584  -0.0001367744  -0.0000373695  -0.0000381620
       -0.0000708372  -0.0000000618   0.0000073541   0.0000020917  -0.0527192462
        0.0771232536   0.0674161123  -0.0036557056   0.0027093664   0.0054895214
        0.0201491266  -0.0149734460  -0.0251505733   0.0003508809   0.0001472701
        0.0001733945  -0.0003203588   0.0003641708   0.0004186525   0.0000037292
       -0.0000943571  -0.0000112798  -0.0001565783   0.0000569039  -0.0000172686
       -0.0000008768   0.0000035762   0.0000002960  -0.0000021298  -0.0000031248
        0.0000014309   0.0000025198  -0.0000002637  -0.0000026720   0.0000054249
        0.0000011607  -0.0000012944  -0.0000001451  -0.0000058586  -0.0000032416
        0.1065290743  -0.0576109085  -0.1770666524   0.0008627409   0.0004804298
        0.0005030932   0.0004649466   0.0005240825   0.0009581983  -0.0002320347
       -0.0003206099  -0.0000181149   0.0001478624   0.0001861655  -0.0000431732
        0.0001935013   0.0000960694   0.0000853603  -0.0000232036  -0.0000527167
        0.0000030164   0.0000221648   0.0000094525   0.0000140228  -0.1237260791
        0.0674161123   0.2021059062   0.0164141430  -0.0098138001  -0.0276840035
        0.0000422986  -0.0011568638   0.0003743623  -0.0003476657  -0.0000685020
        0.0005275781  -0.0000314685   0.0002544762  -0.0000470804  -0.0001417786
       -0.0001040429   0.0002979665  -0.0001703870   0.0001506790  -0.0000031797
       -0.0000027677   0.0000153765  -0.0000098520   0.0000112194  -0.0000017684
        0.0000122192  -0.0000124558  -0.0000053009  -0.0000081950   0.0000111246
        0.0000060935   0.0000025590  -0.0000112352  -0.0000044240  -0.0000040314
       -0.0839969209   0.0236952196  -0.0877626150  -0.0168309659   0.0041019963
       -0.0251730194   0.0009873090   0.0001855140  -0.0009843107  -0.0000829478
       -0.0000566274  -0.0003192449   0.0001997710   0.0001187320   0.0000513355
        0.0001230812   0.0000842722   0.0001815445  -0.0000095421  -0.0000580028
        0.0000089823  -0.0000202966   0.0000187652   0.0000428837   0.0073458866
       -0.0036557056   0.0164141430   0.0994775720  -0.0250488485   0.1038087281
       -0.0016716573   0.0032753653  -0.0055496797  -0.0058214360  -0.0030560640
       -0.0013426909   0.0007891070   0.0005472323  -0.0000290980  -0.0004438619
       -0.0002138864   0.0006876871  -0.0001038101   0.0000653289  -0.0000213873
        0.0000122742   0.0000061819  -0.0000160565   0.0000392170  -0.0000057062
        0.0000128462  -0.0000105936  -0.0000026019  -0.0000004290   0.0000180318
        0.0000009691  -0.0000036497  -0.0000002176  -0.0000021339  -0.0000059691
        0.0240746238  -0.0573120602   0.0487740493  -0.0066618007   0.0030644911
       -0.0117855252   0.0003685209   0.0001545589  -0.0001279835   0.0000243665
       -0.0000035493  -0.0001014974   0.0000018218  -0.0000334636  -0.0000155515
        0.0000270790  -0.0000218375   0.0000410629  -0.0000256107   0.0000009858
        0.0000075948  -0.0000051106   0.0000068416   0.0000097981  -0.0034385708
        0.0027093664  -0.0098138001  -0.0250488485   0.0629365514  -0.0559715921
        0.0139386789  -0.0115180201   0.0302641936  -0.0031594892  -0.0004346034
       -0.0007116281  -0.0002473556   0.0004675667  -0.0007328992   0.0000805046
        0.0002344000  -0.0000017133   0.0000670505  -0.0002412861   0.0001806368
        0.0000020963  -0.0000009189  -0.0000069806   0.0000022474  -0.0000056604
       -0.0000028843  -0.0000003123   0.0000048056  -0.0000052103  -0.0000011287
       -0.0000013471  -0.0000018455   0.0000012373  -0.0000068210   0.0000017757
       -0.0882675361   0.0484447784  -0.2311555171  -0.0050597058  -0.0005460632
       -0.0044038715   0.0007571337   0.0001177620   0.0012400043   0.0005445618
        0.0003591128  -0.0001767449  -0.0000348094  -0.0002605508   0.0001363059
       -0.0001627408   0.0000397260  -0.0000320667   0.0001003279   0.0000481366
        0.0000237960  -0.0000206924   0.0000040929   0.0000217649  -0.0084306290
        0.0054895214  -0.0276840035   0.1038087281  -0.0559715921   0.2660647229
       -0.0021723863   0.0033620964  -0.0047391443  -0.0011688400  -0.0009562310
        0.0005883764   0.0002593227  -0.0001620835   0.0001039973  -0.0001069056
        0.0000123668   0.0002256824  -0.0000774606   0.0000414747  -0.0002006283
        0.0000092586  -0.0000153404  -0.0000068108   0.0000129383  -0.0000070632
       -0.0000077176   0.0000038048  -0.0000045941   0.0000111464  -0.0000023661
       -0.0000029706  -0.0000059365   0.0000079962   0.0000074209  -0.0000033553
       -0.0456923556   0.0286351234  -0.0022342492  -0.0002055787  -0.0283366139
        0.0021185688   0.0011232656  -0.0007994422  -0.0004716644  -0.0001315452
       -0.0002109824  -0.0001725043   0.0001161244   0.0002212189  -0.0000411261
        0.0001715862  -0.0000066295   0.0000996980  -0.0000683216  -0.0000484976
       -0.0000238970   0.0000115599   0.0000226982   0.0000126183  -0.0030352435
        0.0201491266   0.0000422986  -0.0016716573   0.0139386789  -0.0021723863
        0.0540332367  -0.0297771877   0.0026850926   0.0008116693  -0.0002637476
        0.0003452593  -0.0049858057  -0.0039382628  -0.0003458608  -0.0001005963
        0.0001242545  -0.0000160211  -0.0004117429   0.0002677494   0.0001789820
        0.0000234249   0.0000249977  -0.0000070511   0.0000115550  -0.0000010781
        0.0000072831  -0.0000045540  -0.0000047206  -0.0000044722   0.0000196794
        0.0000053199  -0.0000007319  -0.0000147006  -0.0000020053   0.0000001638
        0.0279710688  -0.2806445592   0.0173643974  -0.0032171405  -0.0185328379
        0.0007412376   0.0007217656   0.0010645115  -0.0000441372   0.0006161704
        0.0000854052  -0.0000376523   0.0000074727   0.0000117976   0.0000675142
       -0.0001584875   0.0000659084  -0.0001328617   0.0000619500   0.0000402535
        0.0000209987   0.0000024354   0.0000296177   0.0000026021   0.0042838430
       -0.0149734460  -0.0011568638   0.0032753653  -0.0115180201   0.0033620964
       -0.0297771877   0.3254136965  -0.0196638851   0.0004831677   0.0004194599
       -0.0001076635  -0.0038268808  -0.0015065723  -0.0006664105   0.0000231865
       -0.0002531774   0.0000781437  -0.0005093368   0.0003027518   0.0001827429
        0.0000288211  -0.0000080365  -0.0000061328   0.0000052064   0.0000033444
       -0.0000115573   0.0000034152  -0.0000124454   0.0000100617   0.0000073462
       -0.0000049088  -0.0000022629  -0.0000021811   0.0000172572  -0.0000003675
       -0.0021016457   0.0175148511  -0.0461137442   0.0004227229  -0.0024454827
        0.0005097748  -0.0000457085   0.0006206036   0.0002118217   0.0002328402
        0.0000685138   0.0000357077  -0.0000725691  -0.0000861963  -0.0000212625
       -0.0000878122  -0.0000035853  -0.0000898255  -0.0000146824   0.0000081933
        0.0000220304  -0.0000126955  -0.0000012213   0.0000011560   0.0048705917
       -0.0251505733   0.0003743623  -0.0055496797   0.0302641936  -0.0047391443
        0.0026850926  -0.0196638851   0.0490025258  -0.0000510733  -0.0007458135
        0.0000922573  -0.0005347078  -0.0004369765   0.0007874071  -0.0000851859
        0.0001559367  -0.0001849109   0.0003543557  -0.0000892691   0.0001284077
       -0.0000020539  -0.0000015404  -0.0000041164  -0.0000159165  -0.0000075225
       -0.0000041335   0.0000059579   0.0000060996  -0.0000117203  -0.0000042797
       -0.0000023572  -0.0000007068   0.0000064492  -0.0000039687   0.0000041138
       -0.0166028680   0.0036615539  -0.0247597459  -0.0799667027   0.0228595610
       -0.0850563557   0.0048458317  -0.0031989805   0.0167745895   0.0008633164
       -0.0001000021   0.0015173257  -0.0000230636   0.0001571002  -0.0002145123
        0.0003112406  -0.0000058534  -0.0002653211  -0.0003951594  -0.0000832060
        0.0000882590   0.0000605952   0.0000193991  -0.0000025352   0.0002092138
        0.0003508809  -0.0003476657  -0.0058214360  -0.0031594892  -0.0011688400
        0.0008116693   0.0004831677  -0.0000510733   0.0982119260  -0.0244796039
        0.0957478274  -0.0013027539   0.0028799127  -0.0052652948  -0.0018088845
        0.0009039643   0.0031915743   0.0005776082  -0.0003108393  -0.0000983248
        0.0000367704   0.0000032582   0.0000137831  -0.0000668138   0.0000299338
       -0.0000366689   0.0000203758   0.0000010334  -0.0000296227   0.0000406701
       -0.0000075199  -0.0000355787  -0.0000015356  -0.0000042711  -0.0000018197
       -0.0070522244   0.0030578036  -0.0113771958   0.0228152322  -0.0587581080
        0.0483709662  -0.0026975070   0.0023048486  -0.0084532046  -0.0001188829
        0.0004402178   0.0007708703  -0.0001006221  -0.0002464361  -0.0001209721
       -0.0001886214  -0.0001970885  -0.0002545473  -0.0001002345   0.0000714930
        0.0000121596   0.0000085988  -0.0000095977  -0.0000032976   0.0004861942
        0.0001472701  -0.0000685020  -0.0030560640  -0.0004346034  -0.0009562310
       -0.0002637476   0.0004194599  -0.0007458135  -0.0244796039   0.0643985129
       -0.0534856151   0.0141014807  -0.0118431656   0.0291700393   0.0009941922
        0.0003424514  -0.0019982321  -0.0003111702   0.0003840173  -0.0008590330
       -0.0000590852  -0.0000807884   0.0000386792  -0.0000129628   0.0000377809
       -0.0000049672   0.0000037233  -0.0000071443  -0.0000050965   0.0000029373
       -0.0000069786  -0.0000057942   0.0000283674  -0.0000199449  -0.0000242128
       -0.0044542276   0.0003407079  -0.0039368584  -0.0851000707   0.0469065407
       -0.2218702345  -0.0043242488   0.0040506643  -0.0259365026  -0.0011088474
        0.0004225895  -0.0014292328   0.0001653824   0.0002078544  -0.0000414457
        0.0004028209  -0.0001087312   0.0010075749   0.0000798632  -0.0002602110
       -0.0001076770  -0.0000640111   0.0000447363   0.0000971663   0.0002717239
        0.0001733945   0.0005275781  -0.0013426909  -0.0007116281   0.0005883764
        0.0003452593  -0.0001076635   0.0000922573   0.0957478274  -0.0534856151
        0.2594642493  -0.0031595005   0.0041731817  -0.0048380909   0.0033317060
       -0.0018120851  -0.0040841083  -0.0006217173   0.0002504756   0.0005888906
       -0.0000673718  -0.0000224752  -0.0000696795  -0.0000704971  -0.0000433428
        0.0000016919  -0.0000141699   0.0000005819  -0.0000453359  -0.0000156380
        0.0000045897   0.0000035832  -0.0000015920  -0.0000235646  -0.0000122020
       -0.0008027664  -0.0282497600   0.0017090975  -0.0445360387   0.0277101867
       -0.0038906012  -0.0052217607   0.0189850536   0.0018982723  -0.0002765001
        0.0023916308   0.0000514087   0.0004134020  -0.0007135579  -0.0001677637
        0.0001660284  -0.0001530307   0.0000120031  -0.0002031876   0.0000457036
        0.0000282063  -0.0000251449  -0.0000223374   0.0000011178   0.0005763720
       -0.0003203588  -0.0000314685   0.0007891070  -0.0002473556   0.0002593227
       -0.0049858057  -0.0038268808  -0.0005347078  -0.0013027539   0.0141014807
       -0.0031595005   0.0569648020  -0.0307665717   0.0011088450   0.0005767654
       -0.0003471061  -0.0005498787  -0.0021571149   0.0014744812   0.0032398514
       -0.0000660839  -0.0000456939   0.0000137929   0.0000432491   0.0000058605
        0.0000225193  -0.0000043847   0.0000213707   0.0000057476   0.0000142153
       -0.0000079629  -0.0000095916   0.0000376003  -0.0000351521  -0.0000066724
       -0.0026169355  -0.0178364831   0.0011550868   0.0269334399  -0.2686484598
        0.0173880768   0.0052141562  -0.0122368258  -0.0023954916  -0.0001355674
       -0.0007128051   0.0002128461   0.0001451703   0.0006689914  -0.0004022265
        0.0004744846  -0.0000609859   0.0003454980  -0.0001725827  -0.0001653916
       -0.0001346592   0.0000126199   0.0000551637   0.0000363294   0.0002608421
        0.0003641708   0.0002544762   0.0005472323   0.0004675667  -0.0001620835
       -0.0039382628  -0.0015065723  -0.0004369765   0.0028799127  -0.0118431656
        0.0041731817  -0.0307665717   0.3116247860  -0.0178806502  -0.0003568303
        0.0003427076   0.0002522835   0.0015769675  -0.0005175653  -0.0023379392
       -0.0000002114   0.0000426759  -0.0000408561  -0.0000251854  -0.0000221538
       -0.0000051563  -0.0000071170  -0.0000101527  -0.0000211223   0.0000030159
        0.0000072680   0.0000067055  -0.0000285774  -0.0000127691  -0.0000073227
        0.0003107714  -0.0023914124   0.0011325892  -0.0046444605   0.0182208888
       -0.0468395641   0.0060243966  -0.0223107938  -0.0008125054   0.0000088884
       -0.0007806791   0.0007565182  -0.0005028863  -0.0000114682  -0.0002742562
       -0.0001351387   0.0000503664  -0.0000681401  -0.0000117958   0.0000326386
       -0.0000450054   0.0000167491   0.0000125137   0.0000200279   0.0002736929
        0.0004186525  -0.0000470804  -0.0000290980  -0.0007328992   0.0001039973
       -0.0003458608  -0.0006664105   0.0007874071  -0.0052652948   0.0291700393
       -0.0048380909   0.0011088450  -0.0178806502   0.0525015194  -0.0001107676
       -0.0007752635   0.0005353923   0.0033400743  -0.0023154896  -0.0028860498
       -0.0000247429  -0.0000225840   0.0000163987  -0.0000102551   0.0000041156
       -0.0000180302   0.0000020925  -0.0000169230  -0.0000051784  -0.0000049710
        0.0000028168  -0.0000004502  -0.0000002386  -0.0000074582  -0.0000194990
        0.0010868083   0.0000501502   0.0009542063   0.0058508410  -0.0032907317
        0.0160194245  -0.0768085473   0.0210620221  -0.0855221976  -0.0141535254
        0.0038989848  -0.0248315296   0.0019274144   0.0028112597   0.0007913101
       -0.0065250894  -0.0028891728  -0.0016721580  -0.0012278515   0.0007574544
       -0.0007124871  -0.0002579196  -0.0000267740  -0.0000168639   0.0000529627
        0.0000037292  -0.0001417786  -0.0004438619   0.0000805046  -0.0001069056
       -0.0001005963   0.0000231865  -0.0000851859  -0.0018088845   0.0009941922
        0.0033317060   0.0005767654  -0.0003568303  -0.0001107676   0.0933759764
       -0.0254793914   0.0970174323  -0.0013920458   0.0023949259  -0.0049196039
        0.0001254965   0.0000997626   0.0000164041  -0.0002484025  -0.0001117909
       -0.0000232195  -0.0000310654  -0.0000103521  -0.0000415641  -0.0000285912
        0.0000189986   0.0000790941   0.0000301161  -0.0000301276  -0.0000253160
       -0.0001648022   0.0001130167   0.0003187202  -0.0023231548   0.0026172331
       -0.0080179854   0.0215410624  -0.0602642022   0.0519473191  -0.0036186475
        0.0039760189  -0.0116426558   0.0005557745   0.0004810588   0.0002690111
       -0.0032305464  -0.0002344809  -0.0009539938  -0.0006515299   0.0005130292
       -0.0000268777  -0.0001225450  -0.0000215466  -0.0000172602  -0.0000367234
       -0.0000943571  -0.0001040429  -0.0002138864   0.0002344000   0.0000123668
        0.0001242545  -0.0002531774   0.0001559367   0.0009039643   0.0003424514
       -0.0018120851  -0.0003471061   0.0003427076  -0.0007752635  -0.0254793914
        0.0621174238  -0.0564371363   0.0130296015  -0.0099054132   0.0271366083
        0.0001033412   0.0000761154  -0.0000044995  -0.0000667894  -0.0000399504
       -0.0000391664   0.0000243334   0.0000122051  -0.0000265579  -0.0000256551
        0.0000019856   0.0000117820  -0.0000015543  -0.0000145178   0.0000057802
       -0.0008168987   0.0000201467   0.0011150053  -0.0049083445   0.0033185797
       -0.0257911374  -0.0870588736   0.0504037249  -0.2274040865  -0.0040988929
        0.0016789690  -0.0055030890   0.0012235009  -0.0003877623   0.0007704406
       -0.0020493031  -0.0004918547  -0.0003866934   0.0003147242   0.0004400851
        0.0001085460  -0.0000867606  -0.0000089077   0.0000300775  -0.0003090564
       -0.0000112798   0.0002979665   0.0006876871  -0.0000017133   0.0002256824
       -0.0000160211   0.0000781437  -0.0001849109   0.0031915743  -0.0019982321
       -0.0040841083  -0.0005498787   0.0002522835   0.0005353923   0.0970174323
       -0.0564371363   0.2644330090  -0.0026193872   0.0031879306  -0.0041885961
        0.0000554636  -0.0000003404  -0.0000119628   0.0000173460  -0.0000427630
        0.0000196888  -0.0000179480  -0.0000072718   0.0000155921   0.0000005779
        0.0000037855   0.0000192127   0.0000230585   0.0000036128  -0.0000160288
        0.0007692292   0.0008893550  -0.0002548396  -0.0041642149   0.0191162434
        0.0015585972  -0.0446965744   0.0350807012  -0.0077112013   0.0038297698
       -0.0248484769   0.0008387048  -0.0068674874  -0.0050445997   0.0014103687
        0.0001106426   0.0002298692   0.0012463993  -0.0001846993  -0.0001685091
        0.0001715251   0.0000108832   0.0000123404   0.0000247185   0.0002136465
       -0.0001565783  -0.0001703870  -0.0001038101   0.0000670505  -0.0000774606
       -0.0004117429  -0.0005093368   0.0003543557   0.0005776082  -0.0003111702
       -0.0006217173  -0.0021571149   0.0015769675   0.0033400743  -0.0013920458
        0.0130296015  -0.0026193872   0.0542604351  -0.0391183577   0.0024295534
        0.0001050573   0.0000849172   0.0000485058   0.0001319980   0.0000456116
        0.0000399216   0.0000109715  -0.0000605426   0.0000017359   0.0000546735
        0.0000348090   0.0000115431  -0.0000972251   0.0000501048  -0.0000210102
       -0.0005938982   0.0010965956   0.0005197707   0.0050279984  -0.0126597377
       -0.0030871653   0.0343375622  -0.2736290518   0.0206618923   0.0004175042
       -0.0187480186   0.0019780222  -0.0047982818  -0.0029414893   0.0006685003
        0.0002149186   0.0010250644  -0.0000858916   0.0003479607   0.0003499634
        0.0003281449   0.0001185705   0.0000600990  -0.0000143374  -0.0002570652
        0.0000569039   0.0001506790   0.0000653289  -0.0002412861   0.0000414747
        0.0002677494   0.0003027518  -0.0000892691  -0.0003108393   0.0003840173
        0.0002504756   0.0014744812  -0.0005175653  -0.0023154896   0.0023949259
       -0.0099054132   0.0031879306  -0.0391183577   0.3152103899  -0.0223058914
        0.0002232044   0.0000946681   0.0000643965   0.0001517653   0.0000697519
        0.0000337245  -0.0000012810  -0.0000883556   0.0000282829   0.0000721291
       -0.0000025426   0.0000018109  -0.0000343754   0.0000832550  -0.0000170609
       -0.0006971081  -0.0001516787   0.0004501001   0.0060217185  -0.0217393066
       -0.0005539159  -0.0083471982   0.0214659758  -0.0439129051   0.0038675722
       -0.0010147176   0.0010743109  -0.0004851159  -0.0008684156   0.0010683323
       -0.0010147098   0.0003339169  -0.0007312437  -0.0000449382  -0.0000040042
        0.0000508758  -0.0000048281   0.0000165009  -0.0000039882  -0.0001781605
       -0.0000172686  -0.0000031797  -0.0000213873   0.0001806368  -0.0002006283
        0.0001789820   0.0001827429   0.0001284077  -0.0000983248  -0.0008590330
        0.0005888906   0.0032398514  -0.0023379392  -0.0028860498  -0.0049196039
        0.0271366083  -0.0041885961   0.0024295534  -0.0223058914   0.0491872421
        0.0000284062   0.0000139105  -0.0000252574  -0.0000101644  -0.0000316872
       -0.0000200142   0.0000271230   0.0000338453  -0.0000370003   0.0000042153
       -0.0000180464  -0.0000191078   0.0000241172  -0.0000161488   0.0000337272
       -0.0000251210   0.0000350311   0.0000035509  -0.0001267063   0.0000045891
        0.0000306359  -0.0001862614   0.0002721706   0.0004032417   0.0008215802
       -0.0024507670   0.0002086580  -0.0001036854   0.0006743832   0.0003529592
       -0.0125624072  -0.0358409376  -0.0038105037  -0.0404022795   0.0262013371
       -0.0018537165  -0.0039872646   0.0207564289   0.0027936993   0.0000032383
       -0.0000008768  -0.0000027677   0.0000122742   0.0000020963   0.0000092586
        0.0000234249   0.0000288211  -0.0000020539   0.0000367704  -0.0000590852
       -0.0000673718  -0.0000660839  -0.0000002114  -0.0000247429   0.0001254965
        0.0001033412   0.0000554636   0.0001050573   0.0002232044   0.0000284062
        0.0575706149  -0.0189414591  -0.0002578677   0.0008342048   0.0070161641
       -0.0007277265   0.0005924437  -0.0001078376  -0.0006858359   0.0000614162
        0.0003794110   0.0000164509  -0.0027267122   0.0017041969   0.0035302621
        0.0000314440   0.0000512450   0.0000373987   0.0000580121   0.0000071182
       -0.0000771139  -0.0000549378  -0.0001210459   0.0002187876   0.0013441160
       -0.0003052562   0.0018845358   0.0009211556   0.0010659526  -0.0007065555
       -0.0155965288  -0.0219699094  -0.0030594049   0.0234521190  -0.2631468504
        0.0062833371   0.0047633180  -0.0125575762  -0.0023845649  -0.0000156102
        0.0000035762   0.0000153765   0.0000061819  -0.0000009189  -0.0000153404
        0.0000249977  -0.0000080365  -0.0000015404   0.0000032582  -0.0000807884
       -0.0000224752  -0.0000456939   0.0000426759  -0.0000225840   0.0000997626
        0.0000761154  -0.0000003404   0.0000849172   0.0000946681   0.0000139105
       -0.0189414591   0.3089506864  -0.0042471323   0.0025822113  -0.0129477270
        0.0032126434  -0.0006272182   0.0006012630   0.0004061934  -0.0000497771
        0.0002541369   0.0003016770   0.0019597315  -0.0000093289  -0.0018368080
        0.0000087373   0.0000134741  -0.0000139644  -0.0000613243   0.0000312267
        0.0000832044   0.0000931617   0.0003985599   0.0001881427  -0.0005235401
       -0.0027635765   0.0019483546   0.0004804303   0.0006356299  -0.0010590970
       -0.0027511930  -0.0077522900   0.0000956077  -0.0012797445   0.0093857433
       -0.0435701562   0.0048919255  -0.0207595295  -0.0011989272   0.0000219614
        0.0000002960  -0.0000098520  -0.0000160565  -0.0000069806  -0.0000068108
       -0.0000070511  -0.0000061328  -0.0000041164   0.0000137831   0.0000386792
       -0.0000696795   0.0000137929  -0.0000408561   0.0000163987   0.0000164041
       -0.0000044995  -0.0000119628   0.0000485058   0.0000643965  -0.0000252574
       -0.0002578677  -0.0042471323   0.0483100112  -0.0035366812   0.0280685722
       -0.0028702763  -0.0001855444  -0.0008282694   0.0004030490  -0.0003954189
        0.0000224068   0.0002887414   0.0034257197  -0.0022497181  -0.0024934095
       -0.0000758380   0.0000108124   0.0001150008  -0.0002262115  -0.0000849345
       -0.0001188205  -0.0012606974   0.0008037392  -0.0003453791  -0.0040235904
       -0.0040725020  -0.0027163278   0.0006312156  -0.0000529601   0.0004229303
       -0.0191867084   0.0069793710  -0.0293496570  -0.0455065615   0.0168145552
       -0.0429088112   0.0025408464  -0.0050182706   0.0188484919  -0.0000282530
       -0.0000021298   0.0000112194   0.0000392170   0.0000022474   0.0000129383
        0.0000115550   0.0000052064  -0.0000159165  -0.0000668138  -0.0000129628
       -0.0000704971   0.0000432491  -0.0000251854  -0.0000102551  -0.0002484025
       -0.0000667894   0.0000173460   0.0001319980   0.0001517653  -0.0000101644
        0.0008342048   0.0025822113  -0.0035366812   0.0680109753  -0.0190082351
        0.0556896272  -0.0024269598   0.0015368085   0.0036354454   0.0002748950
       -0.0000859294   0.0004360336   0.0005318801  -0.0004568178  -0.0001065230
       -0.0000354466   0.0000164614   0.0000322928  -0.0000943436  -0.0000645975
       -0.0000036414  -0.0006462134   0.0004484797  -0.0000822914  -0.0014929236
       -0.0027099092   0.0007498730   0.0012114035   0.0010831739  -0.0001787558
       -0.0066439574   0.0046062518  -0.0121829701   0.0201232089  -0.0710938287
        0.0761447039  -0.0012308421   0.0035302530  -0.0081262724   0.0000028094
       -0.0000031248  -0.0000017684  -0.0000057062  -0.0000056604  -0.0000070632
       -0.0000010781   0.0000033444  -0.0000075225   0.0000299338   0.0000377809
       -0.0000433428   0.0000058605  -0.0000221538   0.0000041156  -0.0001117909
       -0.0000399504  -0.0000427630   0.0000456116   0.0000697519  -0.0000316872
        0.0070161641  -0.0129477270   0.0280685722  -0.0190082351   0.0762472481
       -0.0818299081   0.0012303260   0.0003803174  -0.0017912005  -0.0003458170
        0.0000934074   0.0001982642  -0.0000489639   0.0003704818  -0.0008686348
       -0.0000037254   0.0000230086   0.0000656588  -0.0000522557  -0.0000489821
       -0.0000226182  -0.0003674770   0.0002496842  -0.0000022455  -0.0009001400
       -0.0015084455  -0.0009793738   0.0002957288  -0.0004538683   0.0005913734
       -0.0110068916   0.0016369673  -0.0091239159  -0.0456249911   0.0738197252
       -0.2384907917  -0.0000674928   0.0061346383  -0.0232395164  -0.0000118133
        0.0000014309   0.0000122192   0.0000128462  -0.0000028843  -0.0000077176
        0.0000072831  -0.0000115573  -0.0000041335  -0.0000366689  -0.0000049672
        0.0000016919   0.0000225193  -0.0000051563  -0.0000180302  -0.0000232195
       -0.0000391664   0.0000196888   0.0000399216   0.0000337245  -0.0000200142
       -0.0007277265   0.0032126434  -0.0028702763   0.0556896272  -0.0818299081
        0.2761864196   0.0037138602  -0.0017172115  -0.0030499394  -0.0003152207
        0.0002172697   0.0004343900  -0.0006441640   0.0002930548   0.0005171310
        0.0000253342  -0.0000175490  -0.0000475670   0.0000138227   0.0000559703
        0.0000565208   0.0001199665   0.0000076585  -0.0000797132  -0.0006004122
       -0.0005552273   0.0007062879   0.0002293089   0.0004856296  -0.0004980551
        0.0020246173  -0.0000253085  -0.0003192895   0.0030024671  -0.0060813524
        0.0210930326  -0.0585443856   0.0198541683  -0.0558156852   0.0000295491
        0.0000025198  -0.0000124558  -0.0000105936  -0.0000003123   0.0000038048
       -0.0000045540   0.0000034152   0.0000059579   0.0000203758   0.0000037233
       -0.0000141699  -0.0000043847  -0.0000071170   0.0000020925  -0.0000310654
        0.0000243334  -0.0000179480   0.0000109715  -0.0000012810   0.0000271230
        0.0005924437  -0.0006272182  -0.0001855444  -0.0024269598   0.0012303260
        0.0037138602   0.0651462728  -0.0242370093   0.0607698131  -0.0099028975
        0.0091560223  -0.0279979315   0.0003101233   0.0007286083  -0.0013901333
        0.0000078666   0.0000029722  -0.0000026712   0.0000259880   0.0000017245
       -0.0000126652  -0.0000409963  -0.0001327431  -0.0000104196  -0.0002101661
        0.0009917262  -0.0002173134  -0.0002756119  -0.0004897763   0.0000743696
       -0.0000998095  -0.0004854794   0.0006757402  -0.0025073638   0.0036434886
       -0.0082317787   0.0202289799  -0.0737812146   0.0759331200   0.0000095537
       -0.0000002637  -0.0000053009  -0.0000026019   0.0000048056  -0.0000045941
       -0.0000047206  -0.0000124454   0.0000060996   0.0000010334  -0.0000071443
        0.0000005819   0.0000213707  -0.0000101527  -0.0000169230  -0.0000103521
        0.0000122051  -0.0000072718  -0.0000605426  -0.0000883556   0.0000338453
       -0.0001078376   0.0006012630  -0.0008282694   0.0015368085   0.0003803174
       -0.0017172115  -0.0242370093   0.0805903133  -0.0859428554  -0.0034769679
        0.0041000658  -0.0100743239   0.0092023788  -0.0153213067   0.0303478415
       -0.0000145101  -0.0000117038   0.0000221825  -0.0000210269   0.0000322823
        0.0000564327  -0.0000599906  -0.0000800379  -0.0000585938   0.0006334512
        0.0004782813  -0.0006261202  -0.0006311499  -0.0003000455   0.0003026931
       -0.0008847159   0.0002197203   0.0015318191  -0.0007253643   0.0057083552
       -0.0255300482  -0.0546576986   0.0747473491  -0.2417337197  -0.0000094156
       -0.0000026720  -0.0000081950  -0.0000004290  -0.0000052103   0.0000111464
       -0.0000044722   0.0000100617  -0.0000117203  -0.0000296227  -0.0000050965
       -0.0000453359   0.0000057476  -0.0000211223  -0.0000051784  -0.0000415641
       -0.0000265579   0.0000155921   0.0000017359   0.0000282829  -0.0000370003
       -0.0006858359   0.0004061934   0.0004030490   0.0036354454  -0.0017912005
       -0.0030499394   0.0607698131  -0.0859428554   0.2814742186  -0.0059009683
        0.0033582797  -0.0106072021  -0.0013794289   0.0031976961  -0.0021040801
       -0.0000428765  -0.0000000198   0.0000128442   0.0000210379  -0.0000435703
       -0.0000860556  -0.0001563952  -0.0000374704  -0.0002805077   0.0002572056
       -0.0011887446   0.0011210297   0.0001727940   0.0006109315  -0.0000487780
       -0.0063229330   0.0017218651   0.0033461886  -0.0210492013  -0.0071776975
       -0.0042544809  -0.2390315054  -0.0815185975  -0.0590220337  -0.0000080352
        0.0000054249   0.0000111246   0.0000180318  -0.0000011287  -0.0000023661
        0.0000196794   0.0000073462  -0.0000042797   0.0000406701   0.0000029373
       -0.0000156380   0.0000142153   0.0000030159  -0.0000049710  -0.0000285912
       -0.0000256551   0.0000005779   0.0000546735   0.0000721291   0.0000042153
        0.0000614162  -0.0000497771  -0.0003954189   0.0002748950  -0.0003458170
       -0.0003152207  -0.0099028975  -0.0034769679  -0.0059009683   0.2764652323
        0.0940002742   0.0667957711  -0.0008574158  -0.0025584780  -0.0009610329
        0.0000019236   0.0000142874   0.0000171920   0.0000082556  -0.0000039762
       -0.0000234027  -0.0000160127   0.0000168093   0.0001281959   0.0003037742
        0.0001783890  -0.0000895413  -0.0001643212  -0.0001133432  -0.0000511190
        0.0021866489   0.0004871671  -0.0007766485   0.0062035224   0.0025729989
        0.0018347805  -0.0822908697  -0.0763142135  -0.0238217738  -0.0000098671
        0.0000011607   0.0000060935   0.0000009691  -0.0000013471  -0.0000029706
        0.0000053199  -0.0000049088  -0.0000023572  -0.0000075199  -0.0000069786
        0.0000045897  -0.0000079629   0.0000072680   0.0000028168   0.0000189986
        0.0000019856   0.0000037855   0.0000348090  -0.0000025426  -0.0000180464
        0.0003794110   0.0002541369   0.0000224068  -0.0000859294   0.0000934074
        0.0002172697   0.0091560223   0.0041000658   0.0033582797   0.0940002742
        0.0844671208   0.0284270663  -0.0297174457  -0.0157474869  -0.0092366168
        0.0000132203   0.0000105552   0.0000228612  -0.0000347797  -0.0000003806
        0.0000441526   0.0000830449   0.0000437285   0.0003192984   0.0005876851
        0.0003457605  -0.0005026261  -0.0001601031  -0.0002019746   0.0000097498
        0.0053931431  -0.0004750995  -0.0018855737   0.0156876227   0.0059225024
        0.0039850464  -0.0600144278  -0.0240643260  -0.0592792788  -0.0000076946
       -0.0000012944   0.0000025590  -0.0000036497  -0.0000018455  -0.0000059365
       -0.0000007319  -0.0000022629  -0.0000007068  -0.0000355787  -0.0000057942
        0.0000035832  -0.0000095916   0.0000067055  -0.0000004502   0.0000790941
        0.0000117820   0.0000192127   0.0000115431   0.0000018109  -0.0000191078
        0.0000164509   0.0003016770   0.0002887414   0.0004360336   0.0001982642
        0.0004343900  -0.0279979315  -0.0100743239  -0.0106072021   0.0667957711
        0.0284270663   0.0667863269  -0.0008391202  -0.0004425510   0.0003849602
        0.0000061033  -0.0000287669  -0.0000293655  -0.0000156317   0.0000124142
        0.0000476871   0.0000737542  -0.0000216781  -0.0000408303  -0.0005762166
        0.0006156063  -0.0001931381   0.0001527482  -0.0004051412   0.0001548226
        0.0024031007   0.0000452739  -0.0007207354  -0.0037582159   0.0226644902
        0.0030068033  -0.0431438513   0.0066727369  -0.0012284435   0.0000256848
       -0.0000001451  -0.0000112352  -0.0000002176   0.0000012373   0.0000079962
       -0.0000147006  -0.0000021811   0.0000064492  -0.0000015356   0.0000283674
       -0.0000015920   0.0000376003  -0.0000285774  -0.0000002386   0.0000301161
       -0.0000015543   0.0000230585  -0.0000972251  -0.0000343754   0.0000241172
       -0.0027267122   0.0019597315   0.0034257197   0.0005318801  -0.0000489639
       -0.0006441640   0.0003101233   0.0092023788  -0.0013794289  -0.0008574158
       -0.0297174457  -0.0008391202   0.0476206115  -0.0109134074  -0.0016083621
       -0.0000091394   0.0000201812   0.0000021011  -0.0000319953   0.0000369708
        0.0000506959  -0.0000038861   0.0000929288  -0.0000470106   0.0000846659
       -0.0005667767  -0.0002732356   0.0000396209   0.0002812487  -0.0000255415
       -0.0003428729   0.0007587541   0.0010365913   0.0042080849  -0.0134135889
       -0.0034422001   0.0075826128  -0.2877040793  -0.0020416583  -0.0000076073
       -0.0000058586  -0.0000044240  -0.0000021339  -0.0000068210   0.0000074209
       -0.0000020053   0.0000172572  -0.0000039687  -0.0000042711  -0.0000199449
       -0.0000235646  -0.0000351521  -0.0000127691  -0.0000074582  -0.0000301276
       -0.0000145178   0.0000036128   0.0000501048   0.0000832550  -0.0000161488
        0.0017041969  -0.0000093289  -0.0022497181  -0.0004568178   0.0003704818
        0.0002930548   0.0007286083  -0.0153213067   0.0031976961  -0.0025584780
       -0.0157474869  -0.0004425510  -0.0109134074   0.3311614011   0.0039863067
        0.0000107105   0.0000081443  -0.0000025575   0.0000229474   0.0000207355
        0.0000303248  -0.0000127369  -0.0000546581  -0.0000814774  -0.0000261915
        0.0001264820  -0.0000552812  -0.0001238687   0.0001865102  -0.0000452399
       -0.0012849175   0.0004690288   0.0006281820   0.0027710543  -0.0221762069
       -0.0016722674  -0.0007674345  -0.0009274744  -0.0440452537   0.0000068496
       -0.0000032416  -0.0000040314  -0.0000059691   0.0000017757  -0.0000033553
        0.0000001638  -0.0000003675   0.0000041138  -0.0000018197  -0.0000242128
       -0.0000122020  -0.0000066724  -0.0000073227  -0.0000194990  -0.0000253160
        0.0000057802  -0.0000160288  -0.0000210102  -0.0000170609   0.0000337272
        0.0035302621  -0.0018368080  -0.0024934095  -0.0001065230  -0.0008686348
        0.0005171310  -0.0013901333   0.0303478415  -0.0021040801  -0.0009610329
       -0.0092366168   0.0003849602  -0.0016083621   0.0039863067   0.0489562442
