           1           2   1.02061259683756     
           2           3   1.00793041381520     
           3           4   1.00529212193239     
           4           5   1.02385393395736     
           1           6  0.987199390749940     
           1           7  0.985593860943073     
           1           8  0.987486271712621     
           2           9  0.976108313830311     
           2          10  0.978690655601042     
           3          11  0.976719986688148     
           3          12  0.976237440247830     
           4          13  0.973116191230188     
           4          14  0.969483779762589     
           5          15  0.961468248265578     
           5          16  0.962153098650107     
