           1           2   1.00308606391459     
           2           3  0.995343428583000     
           2           4   1.00517418285541     
           4           5   1.00024139453447     
           5           6   1.00794918394190     
           5           7   1.00254655299069     
           1           8  0.985856569933963     
           1           9  0.985779825803592     
           1          10  0.986133196154328     
           2          11  0.964087296461818     
           3          12  0.986287205299672     
           3          13  0.984054128349088     
           3          14  0.985915287593968     
           4          15  0.950036850190991     
           5          16  0.957362035418222     
           6          17  0.985571346669702     
           6          18  0.985175789634145     
           6          19  0.985684284961958     
           7          20  0.985900012064894     
           7          21  0.986075824624763     
           7          22  0.983368799370844     
