           1           2   1.01945420066813     
           2           3  0.996740794565754     
           3           4  0.980425140058945     
           4           5   1.69062577030774     
           4           6   1.16794664993286     
           5           6  0.170360506986492     
           6           7  0.917028766850099     
           7           8   1.01892352408747     
           1           9  0.985740059998057     
           1          10  0.986864097157375     
           1          11  0.986670736467450     
           2          12  0.978681381156837     
           2          13  0.976568147477441     
           3          14  0.938479590807632     
           3          15  0.967135684962906     
           7          16  0.967711938677713     
           7          17  0.969351344193260     
           8          18  0.984202451610527     
           8          19  0.983231779217315     
           8          20  0.979899446305744     
