           1           2   1.02155593312203     
           2           3  0.984302884135815     
           3           4  0.977588966832098     
           4           5   1.68783583360184     
           4           6   1.17322785297419     
           5           6  0.171255694265589     
           6           7  0.919422929721316     
           7           8   1.01791150165640     
           1           9  0.985642990723753     
           1          10  0.987424441399503     
           1          11  0.986652970262580     
           2          12  0.975165045394885     
           2          13  0.976639783099375     
           3          14  0.972869831513651     
           3          15  0.952393054522235     
           7          16  0.969253503819853     
           7          17  0.966946232888026     
           8          18  0.979991480913915     
           8          19  0.983180724969812     
           8          20  0.984620695296596     
