$hessian                                                                        
        0.4724125514  -0.0277041979  -0.0020352100  -0.1709695146  -0.0582055072
       -0.0082228587  -0.0264087324  -0.0066443219   0.0058019677  -0.0014198032
        0.0028377147   0.0034502628  -0.0004663496  -0.0012137069   0.0000109176
       -0.0007119168  -0.0000583000  -0.0005349642   0.0002543990  -0.0000813092
       -0.0002253422   0.0000050276  -0.0000205027  -0.0000304469  -0.0457241659
        0.0275857048  -0.0064071089  -0.1328268552   0.0648475933   0.0992728130
       -0.0793870749   0.0096166790  -0.0866674508  -0.0157433522  -0.0074220351
       -0.0036958280  -0.0007795382  -0.0025400656   0.0006561731   0.0010996615
       -0.0003031100  -0.0008056357   0.0007804500  -0.0006888794  -0.0005761852
       -0.0000246531   0.0000303627   0.0000066154  -0.0000809845  -0.0000404231
       -0.0000030299   0.0000071098  -0.0000072208   0.0000107503   0.0000264356
        0.0000082956  -0.0000170224  -0.0000426943   0.0000032298   0.0000115830
       -0.0277041979   0.5122665075  -0.0000621139  -0.0572072979  -0.0966486742
       -0.0012017899   0.0089390541   0.0041265279  -0.0006479290  -0.0005032797
       -0.0023611061  -0.0013857506   0.0005082780   0.0019132395  -0.0004026937
        0.0007497972  -0.0000102392   0.0007314979   0.0000200237  -0.0000305706
        0.0001173108   0.0000322965  -0.0000298549   0.0000052822   0.0282171597
       -0.2696930290   0.0525379015   0.0644002072  -0.0877873302  -0.0687198155
        0.0093241062  -0.0465753181   0.0197860633  -0.0002694445   0.0011746942
       -0.0004821241  -0.0275415087  -0.0177834358  -0.0002461492   0.0001912048
        0.0001907198   0.0001669743   0.0008383323   0.0011200518  -0.0002377883
        0.0000332639   0.0000583650   0.0000031193   0.0000274512   0.0000272725
        0.0000287743  -0.0000322318   0.0000224226   0.0000054119  -0.0000235729
       -0.0000009099  -0.0000074554   0.0000003587   0.0000206673   0.0000112741
       -0.0020352100  -0.0000621139   0.5258786618  -0.0073387631  -0.0007515729
       -0.0655489884   0.0201475678   0.0061324566  -0.0026881724   0.0000746162
       -0.0031682772  -0.0031796551   0.0005829664   0.0018421571  -0.0001163800
        0.0012090785   0.0000321132   0.0013542013   0.0000029054  -0.0000084644
        0.0001897900   0.0000073372   0.0000104363   0.0000085168  -0.0066358017
        0.0523810561  -0.0570717365   0.0988513129  -0.0689443056  -0.1520174827
       -0.0861113867   0.0201378472  -0.2464609182  -0.0253284195  -0.0125629873
       -0.0029068278   0.0059392072   0.0040232883   0.0010515715   0.0009459691
        0.0004695943   0.0010631369  -0.0003657052   0.0003840995   0.0003662905
       -0.0000003101   0.0000277757  -0.0000187987   0.0001130423   0.0000404526
        0.0000564968  -0.0000255576  -0.0000006625  -0.0000026588  -0.0000443686
       -0.0000001172   0.0000236385   0.0000115195   0.0000172242   0.0000193145
       -0.1709695146  -0.0572072979  -0.0073387631   0.4535632582  -0.0030967909
        0.0345645574  -0.0986969406   0.0404511294   0.0515005235  -0.0280790902
        0.0022819097   0.0166391880   0.0002910770   0.0005592008  -0.0025971877
       -0.0003214622  -0.0012338625   0.0010068805   0.0003192642  -0.0008406516
       -0.0011834544   0.0003610672   0.0000866320  -0.0000282441  -0.0001798535
       -0.0030859871   0.0008970881  -0.0212729065  -0.0086549487   0.0015869391
       -0.0159672723  -0.0071382033  -0.0043435423  -0.0753510427   0.0086086744
       -0.0833090869  -0.0444060473   0.0260187328  -0.0087208592   0.0055806495
       -0.0026789853  -0.0036850005  -0.0045345537   0.0059917087   0.0051610094
       -0.0001266925   0.0000509421  -0.0000701679  -0.0002311973  -0.0001070341
       -0.0000423511  -0.0000158947  -0.0000319896   0.0000263142   0.0000119858
        0.0000241905  -0.0000263524   0.0000251663   0.0000026307  -0.0000374907
       -0.0582055072  -0.0966486742  -0.0007515729  -0.0030967909   0.5095199603
       -0.0246986996   0.0290978739  -0.0844877852  -0.0310219690  -0.0002378023
        0.0090768756   0.0084701301  -0.0019105672  -0.0048176452   0.0005433757
       -0.0024148257   0.0006550314  -0.0020581282   0.0005057288  -0.0000262580
       -0.0003331651  -0.0000844575  -0.0000983739  -0.0000960879  -0.0275672597
       -0.0185756264  -0.0002833877   0.0092290785   0.0048890421   0.0000749763
        0.0001484378   0.0009839161  -0.0014137630   0.0087168635  -0.0480179854
        0.0194509989   0.0268407949  -0.2577069742   0.0518220004  -0.0006317524
        0.0011645019  -0.0010653960   0.0196789279  -0.0158812995  -0.0186985981
        0.0000113182   0.0000007099   0.0000443865  -0.0001085686  -0.0000790504
       -0.0000476752   0.0000188307   0.0000475570   0.0000178896   0.0000656464
        0.0000063155   0.0000393429  -0.0000559691  -0.0000042376   0.0000053422
       -0.0082228587  -0.0012017899  -0.0655489884   0.0345645574  -0.0246986996
        0.5016889578   0.0418667081  -0.0360891386  -0.1163706838   0.0131026735
        0.0067521583   0.0004482130  -0.0012462547  -0.0030193349   0.0023038862
       -0.0032512260   0.0002651208  -0.0033524957   0.0003906352   0.0002652399
       -0.0000212708  -0.0001766750  -0.0001278899  -0.0001864761   0.0063545821
        0.0036084897   0.0005261026   0.0182022506   0.0080493975  -0.0002740057
       -0.0257619002  -0.0129972528  -0.0031971710  -0.0832175091   0.0209264289
       -0.2371405001  -0.0080967803   0.0509662530  -0.0579943229   0.0172272179
       -0.0122259970  -0.0241523590  -0.0016678077  -0.0004357391   0.0030898716
        0.0000257628  -0.0000670535   0.0000888692  -0.0001083904   0.0000003886
       -0.0000198299   0.0000437455   0.0000478833   0.0000192246   0.0000466280
       -0.0000036068   0.0000499702  -0.0000753589  -0.0000148579   0.0000430082
       -0.0264087324   0.0089390541   0.0201475678  -0.0986969406   0.0290978739
        0.0418667081   0.4414417809  -0.0026645651   0.0554131906  -0.1415123069
       -0.0493387300   0.0003156109  -0.0090621058  -0.0215294796   0.0037016454
       -0.0428998252  -0.0072743367  -0.0216502315   0.0020477915   0.0012844896
       -0.0032366213  -0.0002873520   0.0000171289   0.0000404843   0.0011435572
        0.0007143983  -0.0001326622  -0.0065284034  -0.0026843052   0.0006644651
        0.0009874956   0.0004871002   0.0006871974   0.0045162214  -0.0029275049
       -0.0030328376  -0.0055332915   0.0061625381   0.0050552315  -0.0726617057
        0.0066569869  -0.0857618363  -0.0451325265   0.0338783443  -0.0138994628
       -0.0001973744  -0.0000549365   0.0000931680  -0.0012603836  -0.0007085971
       -0.0002882536   0.0000774409  -0.0000053435  -0.0000107899   0.0001223231
       -0.0000445288  -0.0000535919  -0.0001556627  -0.0000055868   0.0000810180
       -0.0066443219   0.0041265279   0.0061324566   0.0404511294  -0.0844877852
       -0.0360891386  -0.0026645651   0.5150608343  -0.0432828177  -0.0532227942
       -0.0967644220  -0.0060277416  -0.0388395219  -0.0241377719   0.0150368031
        0.0033369655   0.0070226321   0.0004613314   0.0003056856   0.0016697022
        0.0036525886  -0.0005570586  -0.0003039466  -0.0000527378  -0.0008763578
        0.0011262404   0.0004539654  -0.0029140777  -0.0001690494   0.0006205251
        0.0000292645   0.0001825430   0.0002921572  -0.0005484137   0.0009507463
       -0.0001752783   0.0196635396  -0.0156049493  -0.0194334677   0.0065388357
       -0.0483244716   0.0211459951   0.0349933323  -0.2607588053   0.0567083636
        0.0003220104  -0.0000295068   0.0004283939   0.0007299742   0.0004636449
        0.0001916726  -0.0000299471   0.0000762482  -0.0000735164  -0.0000018966
       -0.0001444361  -0.0000702007  -0.0000717825   0.0000460250   0.0000806461
        0.0058019677  -0.0006479290  -0.0026881724   0.0515005235  -0.0310219690
       -0.1163706838   0.0554131906  -0.0432828177   0.5021484509  -0.0166177755
       -0.0138580921  -0.0647851106   0.0188990759   0.0271225127   0.0022353880
       -0.0275653204  -0.0082972072  -0.0017140522  -0.0038647641   0.0038948479
        0.0001491554  -0.0010601092  -0.0004840412  -0.0001842555  -0.0003147374
       -0.0001741914   0.0001271546   0.0004433587   0.0005190329   0.0008191229
       -0.0010057880   0.0000422431   0.0012089240   0.0179831722  -0.0125837452
       -0.0241477031  -0.0012652846   0.0000919581   0.0027835678  -0.0844433556
        0.0226103144  -0.2429513623  -0.0134369167   0.0558768940  -0.0569068523
        0.0003654954   0.0002518211   0.0001091860  -0.0004356500  -0.0001479337
       -0.0000153220  -0.0000365423  -0.0000660491  -0.0000660247  -0.0000769788
       -0.0000023177  -0.0000493621  -0.0002835614   0.0001566690   0.0002979513
       -0.0014198032  -0.0005032797   0.0000746162  -0.0280790902  -0.0002378023
        0.0131026735  -0.1415123069  -0.0532227942  -0.0166177755   0.4675693730
        0.1593786458   0.0173065884  -0.1135542561  -0.1316435160   0.0850702617
       -0.1352614964   0.0251337770  -0.0692030939  -0.0360595654   0.0035752208
       -0.0274193829   0.0011665344   0.0000639595  -0.0015283058  -0.0001381317
        0.0006420643   0.0001277184   0.0004746781  -0.0000536145  -0.0002018837
       -0.0000865015   0.0001087171   0.0005330003   0.0008379540  -0.0003005834
       -0.0010271201  -0.0003354494  -0.0001184989   0.0000331440  -0.0135106201
       -0.0040179313  -0.0037339711   0.0039580269   0.0012230377   0.0036951298
        0.0008328778   0.0012737802  -0.0006643453  -0.0039560803  -0.0016155639
       -0.0007032378  -0.0005837857   0.0000913399  -0.0000385278  -0.0006029752
       -0.0001476400   0.0006514637   0.0002606178   0.0003706822   0.0005430478
        0.0028377147  -0.0023611061  -0.0031682772   0.0022819097   0.0090768756
        0.0067521583  -0.0493387300  -0.0967644220  -0.0138580921   0.1593786458
        0.6288899875  -0.2853969730  -0.1190197344  -0.4307369615   0.2454554142
        0.0327680093  -0.1021545386   0.0597808677   0.0006295975   0.0140739890
       -0.0082683586  -0.0014734858  -0.0018771160   0.0002145309  -0.0002351787
        0.0000893784   0.0000589259   0.0018161919   0.0007111691  -0.0003826200
       -0.0001132568   0.0000354128   0.0003291053   0.0001697451   0.0005731893
        0.0000607102   0.0024343846  -0.0007457729  -0.0004820427  -0.0004106330
        0.0022002684   0.0004431019  -0.0240241528  -0.0183750654   0.0015030703
       -0.0023742928  -0.0003929123  -0.0024806899  -0.0043873798  -0.0028460282
       -0.0012976068   0.0005900702  -0.0005763605   0.0001892365  -0.0004908593
        0.0009928327   0.0002811475  -0.0010385654   0.0001871807   0.0002663914
        0.0034502628  -0.0013857506  -0.0031796551   0.0166391880   0.0084701301
        0.0004482130   0.0003156109  -0.0060277416  -0.0647851106   0.0173065884
       -0.2853969730   0.4527362349   0.0738913356   0.2415246915  -0.2281514464
       -0.0725533585   0.0564013334  -0.1426289110  -0.0240238349  -0.0107158900
       -0.0099680738   0.0032876359   0.0019018248   0.0002654141  -0.0001370378
       -0.0000320371   0.0000243537   0.0013506749   0.0003903411   0.0000110620
       -0.0003017425  -0.0001358906  -0.0001966686   0.0015380569   0.0004289872
       -0.0015164788  -0.0003873646   0.0004701588   0.0008266522  -0.0252025552
       -0.0133084151  -0.0043615575   0.0047798359   0.0050694897   0.0005690856
        0.0004801706   0.0021852643   0.0020164421  -0.0022110319   0.0009460933
       -0.0009152983  -0.0002660111  -0.0002086646  -0.0000413925   0.0007763772
       -0.0004112822  -0.0006290076   0.0012671993  -0.0001656694  -0.0005238573
       -0.0004663496   0.0005082780   0.0005829664   0.0002910770  -0.0019105672
       -0.0012462547  -0.0090621058  -0.0388395219   0.0188990759  -0.1135542561
       -0.1190197344   0.0738913356   0.1146257869   0.1381262252  -0.0669189930
        0.0114362307   0.0198109597  -0.0246867196   0.0009378724   0.0034801892
       -0.0013560487  -0.0006624760   0.0003759984   0.0002742537   0.0001117337
       -0.0000072704  -0.0000682661  -0.0003136193   0.0000380994   0.0001320183
        0.0001967576  -0.0000008160  -0.0000287846  -0.0000169840  -0.0000718491
        0.0001866213   0.0004692456   0.0000630742  -0.0005123922   0.0017786666
        0.0006817285   0.0011404788  -0.0068253052  -0.0049304326   0.0000624170
       -0.0001262180   0.0009756072   0.0003468310   0.0006161406   0.0012300602
        0.0001501672   0.0001579767   0.0000220119  -0.0001316978   0.0002377292
       -0.0003539607  -0.0005797190   0.0001680968  -0.0001780798  -0.0001372894
       -0.0012137069   0.0019132395   0.0018421571   0.0005592008  -0.0048176452
       -0.0030193349  -0.0215294796  -0.0241377719   0.0271225127  -0.1316435160
       -0.4307369615   0.2415246915   0.1381262252   0.5016846136  -0.3318450446
        0.0170484519  -0.0430198649   0.0704645734  -0.0005461768  -0.0017953522
       -0.0048337930   0.0012842651   0.0017727215  -0.0002755270   0.0002226430
        0.0000105622  -0.0000876093  -0.0010158002  -0.0002678040   0.0001930244
        0.0001348290  -0.0000763659  -0.0002292631   0.0000952246  -0.0002289999
        0.0002858768  -0.0007317498   0.0006286744  -0.0001776870   0.0029518252
        0.0005032660  -0.0002695386  -0.0050786842  -0.0031504248  -0.0003316050
        0.0007057270   0.0010298809   0.0003973555  -0.0000110545   0.0010138414
       -0.0005021817  -0.0003840848   0.0002929028   0.0001488113   0.0004207296
       -0.0004807228  -0.0002244364   0.0006051314  -0.0001377892  -0.0001829821
        0.0000109176  -0.0004026937  -0.0001163800  -0.0025971877   0.0005433757
        0.0023038862   0.0037016454   0.0150368031   0.0022353880   0.0850702617
        0.2454554142  -0.2281514464  -0.0669189930  -0.3318450446   0.2744484588
       -0.0246655955   0.0706373816  -0.0517683176   0.0030180690   0.0009981533
       -0.0008937937   0.0000199385  -0.0004618638   0.0002618214  -0.0000670023
        0.0000610883  -0.0000243156   0.0001036865   0.0000510162  -0.0000696256
        0.0000319699   0.0000195407   0.0001666033  -0.0002234695  -0.0001071612
       -0.0000713840  -0.0000495606  -0.0005167152  -0.0002117247   0.0004188817
        0.0004323043   0.0008183643   0.0019127763   0.0012092060   0.0011083972
        0.0002687565  -0.0009374012  -0.0010211922   0.0004314034  -0.0002285032
        0.0006817976   0.0002035727  -0.0000659178  -0.0000685847  -0.0005478600
        0.0001524497   0.0003325367  -0.0001222105  -0.0000314323   0.0000395111
       -0.0007119168   0.0007497972   0.0012090785  -0.0003214622  -0.0024148257
       -0.0032512260  -0.0428998252   0.0033369655  -0.0275653204  -0.1352614964
        0.0327680093  -0.0725533585   0.0114362307   0.0170484519  -0.0246655955
        0.3799803830   0.0442507147   0.1361480429  -0.1300313455  -0.0580053035
       -0.0007360847  -0.0436034962  -0.0126894184   0.0017092732   0.0001742193
       -0.0001666595  -0.0000595309  -0.0004166262  -0.0000448904   0.0001865930
        0.0001293867   0.0000105665  -0.0001622082   0.0003270461  -0.0001163486
        0.0004226632   0.0001813370   0.0004275198  -0.0002035550  -0.0063063357
       -0.0035024775  -0.0016279405   0.0001420205   0.0000746164  -0.0009588926
       -0.0119071019  -0.0156770743  -0.0007477523  -0.0189510332  -0.0081416970
       -0.0101223037   0.0024125162  -0.0004900932  -0.0012400263   0.0020277483
       -0.0001759073  -0.0008710347  -0.0064002485   0.0027580540   0.0050891785
       -0.0000583000  -0.0000102392   0.0000321132  -0.0012338625   0.0006550314
        0.0002651208  -0.0072743367   0.0070226321  -0.0082972072   0.0251337770
       -0.1021545386   0.0564013334   0.0198109597  -0.0430198649   0.0706373816
        0.0442507147   0.2512838336  -0.1245292166  -0.0499065713  -0.1017269769
        0.0074197419   0.0029187400   0.0071825348   0.0032245399   0.0000037533
        0.0000473522  -0.0000337235   0.0000103088   0.0000277006   0.0001018546
        0.0001080795  -0.0000081128   0.0000373152  -0.0000398925  -0.0002222402
        0.0000506701  -0.0001508590  -0.0000183090   0.0000463165  -0.0030740474
       -0.0005037900  -0.0005700585   0.0003391445   0.0010162698   0.0000027059
       -0.0359078257  -0.0235838166  -0.0049417777   0.0030729252   0.0030666298
       -0.0000244921  -0.0000221162   0.0009323272   0.0004179614  -0.0000300698
       -0.0003424987   0.0004406377   0.0020494783   0.0003560756  -0.0006812166
       -0.0005349642   0.0007314979   0.0013542013   0.0010068805  -0.0020581282
       -0.0033524957  -0.0216502315   0.0004613314  -0.0017140522  -0.0692030939
        0.0597808677  -0.1426289110  -0.0246867196   0.0704645734  -0.0517683176
        0.1361480429  -0.1245292166   0.2590936217  -0.0086071249   0.0041029267
       -0.0609877633   0.0151754441   0.0058162721   0.0065502088   0.0001016400
       -0.0001530518  -0.0000519821  -0.0005133350  -0.0001416690   0.0000781124
        0.0001643548   0.0000346449  -0.0000369529  -0.0003037690  -0.0000432756
        0.0009944508   0.0000704805   0.0003123585  -0.0001476398  -0.0012470615
       -0.0010160218  -0.0002195521   0.0012472184  -0.0003419816  -0.0007018921
        0.0006398898  -0.0001974099   0.0010826500  -0.0298667091  -0.0141091522
       -0.0076756603  -0.0007242170   0.0009882499   0.0004403708  -0.0003246242
        0.0009033273   0.0013779756   0.0031078990  -0.0010061432  -0.0016863725
        0.0002543990   0.0000200237   0.0000029054   0.0003192642   0.0005057288
        0.0003906352   0.0020477915   0.0003056856  -0.0038647641  -0.0360595654
        0.0006295975  -0.0240238349   0.0009378724  -0.0005461768   0.0030180690
       -0.1300313455  -0.0499065713  -0.0086071249   0.3862880823  -0.0395655572
        0.0126598469  -0.1128294724   0.0391597233   0.0558866058  -0.0000689611
        0.0000587118  -0.0000241358  -0.0000664489  -0.0000412471  -0.0000180698
       -0.0000103438  -0.0000096752   0.0001007633  -0.0003815180  -0.0000830657
        0.0000749954  -0.0001949415  -0.0001731652   0.0000110077  -0.0012668105
       -0.0006005876   0.0003769540  -0.0001683710   0.0003517265  -0.0001021003
       -0.0409968114   0.0256491038  -0.0046049345  -0.0456560476   0.0143135926
       -0.0480343342  -0.0040817073   0.0046617013   0.0024502872   0.0030294595
       -0.0025515778  -0.0003765549  -0.0210645247   0.0078220292   0.0146837834
       -0.0000813092  -0.0000305706  -0.0000084644  -0.0008406516  -0.0000262580
        0.0002652399   0.0012844896   0.0016697022   0.0038948479   0.0035752208
        0.0140739890  -0.0107158900   0.0034801892  -0.0017953522   0.0009981533
       -0.0580053035  -0.1017269769   0.0041029267  -0.0395655572   0.4978818319
       -0.0387552635   0.0385165046  -0.0890433881  -0.0344701522  -0.0000499471
        0.0000423323   0.0000052384  -0.0000562669  -0.0000555295  -0.0000443764
       -0.0000594981   0.0000089287   0.0000471805  -0.0000649776   0.0000251751
       -0.0002773864   0.0000437318  -0.0001678166   0.0000607332   0.0006476567
        0.0005688534   0.0003797412  -0.0001689423   0.0003813798  -0.0000496376
        0.0282973346  -0.2572400764   0.0362456356   0.0113743026  -0.0548735753
        0.0503119035   0.0230406331  -0.0160624681  -0.0202751677  -0.0034304675
        0.0028185447   0.0021571282  -0.0079371419   0.0035512746   0.0061276099
       -0.0002253422   0.0001173108   0.0001897900  -0.0011834544  -0.0003331651
       -0.0000212708  -0.0032366213   0.0036525886   0.0001491554  -0.0274193829
       -0.0082683586  -0.0099680738  -0.0013560487  -0.0048337930  -0.0008937937
       -0.0007360847   0.0074197419  -0.0609877633   0.0126598469  -0.0387552635
        0.5182187193   0.0538157487  -0.0335801136  -0.1227722432  -0.0000182176
        0.0000203294   0.0000159796  -0.0000769120  -0.0000642539   0.0000158040
        0.0000140594   0.0000106975   0.0000165001   0.0000947251  -0.0000191775
       -0.0000811774   0.0000215188  -0.0001156789  -0.0000291919  -0.0007542079
       -0.0000778133   0.0000519197   0.0001716453   0.0002856347   0.0000181522
       -0.0054744898   0.0331244697  -0.0488987421  -0.0449536238   0.0526765416
       -0.2546212288   0.0001927493  -0.0016005363   0.0012938897   0.0218685746
       -0.0115344878  -0.0247321457  -0.0034044830   0.0018753272   0.0030357206
        0.0000050276   0.0000322965   0.0000073372   0.0003610672  -0.0000844575
       -0.0001766750  -0.0002873520  -0.0005570586  -0.0010601092   0.0011665344
       -0.0014734858   0.0032876359  -0.0006624760   0.0012842651   0.0000199385
       -0.0436034962   0.0029187400   0.0151754441  -0.1128294724   0.0385165046
        0.0538157487   0.4967154829   0.0226388959   0.0329863864   0.0000118059
       -0.0000001762  -0.0000117868  -0.0000627307   0.0000031804   0.0000209511
       -0.0000188021  -0.0000086320  -0.0000192150   0.0000582360   0.0000007959
       -0.0000574785  -0.0000256320   0.0000133759   0.0000127629  -0.0002599096
       -0.0001372828  -0.0000715350   0.0000176778   0.0001201043  -0.0000238883
       -0.0043091914   0.0054650639   0.0044831682   0.0025520231  -0.0012153975
        0.0000936591  -0.0433238308   0.0100790617  -0.0020208692  -0.0586169384
        0.0132080217  -0.0569386484  -0.2368880233  -0.0908038156  -0.0495228267
       -0.0000205027  -0.0000298549   0.0000104363   0.0000866320  -0.0000983739
       -0.0001278899   0.0000171289  -0.0003039466  -0.0004840412   0.0000639595
       -0.0018771160   0.0019018248   0.0003759984   0.0017727215  -0.0004618638
       -0.0126894184   0.0071825348   0.0058162721   0.0391597233  -0.0890433881
       -0.0335801136   0.0226388959   0.5200608601  -0.0153780309   0.0000230492
        0.0000298770  -0.0000026399  -0.0000116452   0.0000120372   0.0000091095
        0.0000238577   0.0000096147   0.0000064312   0.0000167730   0.0000015332
        0.0000589172  -0.0000225072   0.0000595148   0.0000030039  -0.0000335003
       -0.0000270884  -0.0000022290   0.0000163925   0.0000611579   0.0000094907
        0.0211103642  -0.0149177014  -0.0189130027  -0.0026511780   0.0028279398
        0.0028650281   0.0091137909  -0.2842386969   0.0289903541   0.0126904951
       -0.0575637200   0.0512535311  -0.0899083088  -0.0839179047  -0.0219745879
       -0.0000304469   0.0000052822   0.0000085168  -0.0000282441  -0.0000960879
       -0.0001864761   0.0000404843  -0.0000527378  -0.0001842555  -0.0015283058
        0.0002145309   0.0002654141   0.0002742537  -0.0002755270   0.0002618214
        0.0017092732   0.0032245399   0.0065502088   0.0558866058  -0.0344701522
       -0.1227722432   0.0329863864  -0.0153780309   0.4961096607   0.0000084817
       -0.0000009100   0.0000025215  -0.0000153740   0.0000034501   0.0000123962
        0.0000390491   0.0000116678   0.0000214496  -0.0000050010   0.0000135963
        0.0000909527   0.0000039599   0.0000296804   0.0000141595  -0.0000159011
       -0.0000113412   0.0000321227   0.0000235324  -0.0000243666  -0.0000040440
        0.0001950112  -0.0006193760   0.0014836382   0.0194978332  -0.0111616529
       -0.0225360468  -0.0023497320   0.0278755656  -0.0474061926  -0.0580535696
        0.0524322388  -0.2579083901  -0.0486382965  -0.0217203696  -0.0538552139
       -0.0457241659   0.0282171597  -0.0066358017  -0.0001798535  -0.0275672597
        0.0063545821   0.0011435572  -0.0008763578  -0.0003147374  -0.0001381317
       -0.0002351787  -0.0001370378   0.0001117337   0.0002226430  -0.0000670023
        0.0001742193   0.0000037533   0.0001016400  -0.0000689611  -0.0000499471
       -0.0000182176   0.0000118059   0.0000230492   0.0000084817   0.0540487855
       -0.0292954337   0.0074080841  -0.0032451694   0.0206184129  -0.0032143216
       -0.0015081277   0.0126548322  -0.0040573581   0.0007990129  -0.0001789815
        0.0003969925  -0.0049326763  -0.0039588326   0.0000969636  -0.0000995849
        0.0001145996  -0.0000280916  -0.0004286597   0.0002808396   0.0001130439
        0.0000233553   0.0000242189  -0.0000090314   0.0000125929   0.0000031551
        0.0000069542  -0.0000148218  -0.0000020730   0.0000011216  -0.0000050008
       -0.0000044971  -0.0000048184   0.0000200902   0.0000058977  -0.0000014458
        0.0275857048  -0.2696930290   0.0523810561  -0.0030859871  -0.0185756264
        0.0036084897   0.0007143983   0.0011262404  -0.0001741914   0.0006420643
        0.0000893784  -0.0000320371  -0.0000072704   0.0000105622   0.0000610883
       -0.0001666595   0.0000473522  -0.0001530518   0.0000587118   0.0000423323
        0.0000203294  -0.0000001762   0.0000298770  -0.0000009100  -0.0292954337
        0.3128223703  -0.0608994367   0.0050341331  -0.0183800708   0.0018593857
        0.0023329859  -0.0062163331   0.0036357411   0.0004766075   0.0002805483
       -0.0001221527  -0.0038734021  -0.0016688814  -0.0004019850   0.0000053299
       -0.0002164603   0.0000873501  -0.0004625964   0.0003099394   0.0001406364
        0.0000285556  -0.0000086365  -0.0000055009   0.0000029365   0.0000021210
       -0.0000121246  -0.0000009531   0.0000166115  -0.0000019074   0.0000055140
       -0.0000126142   0.0000110563   0.0000055368  -0.0000056813  -0.0000018353
       -0.0064071089   0.0525379015  -0.0570717365   0.0008970881  -0.0002833877
        0.0005261026  -0.0001326622   0.0004539654   0.0001271546   0.0001277184
        0.0000589259   0.0000243537  -0.0000682661  -0.0000876093  -0.0000243156
       -0.0000595309  -0.0000337235  -0.0000519821  -0.0000241358   0.0000052384
        0.0000159796  -0.0000117868  -0.0000026399   0.0000025215   0.0074080841
       -0.0608994367   0.0616275018   0.0041290776  -0.0216743506   0.0039941392
       -0.0059725213   0.0308175048  -0.0102056311  -0.0001021562  -0.0007762458
        0.0002346867  -0.0000996331  -0.0001683081   0.0009055517  -0.0000859769
        0.0001660126  -0.0002269466   0.0004094043  -0.0001048847   0.0001374826
       -0.0000036690  -0.0000025645  -0.0000022078  -0.0000100765  -0.0000035590
       -0.0000034356   0.0000071382  -0.0000055167   0.0000051652   0.0000051658
        0.0000048210  -0.0000137071  -0.0000061529  -0.0000021430  -0.0000006767
       -0.1328268552   0.0644002072   0.0988513129  -0.0212729065   0.0092290785
        0.0182022506  -0.0065284034  -0.0029140777   0.0004433587   0.0004746781
        0.0018161919   0.0013506749  -0.0003136193  -0.0010158002   0.0001036865
       -0.0004166262   0.0000103088  -0.0005133350  -0.0000664489  -0.0000562669
       -0.0000769120  -0.0000627307  -0.0000116452  -0.0000153740  -0.0032451694
        0.0050341331   0.0041290776   0.1560488382  -0.0726802656  -0.1155460828
        0.0071161325  -0.0042450283  -0.0069179754   0.0002116276   0.0005235849
        0.0001843620   0.0005675709   0.0002933690   0.0002417827   0.0000692913
       -0.0000857473  -0.0003138064   0.0002223843  -0.0002783225  -0.0001247979
        0.0000030630  -0.0000135008   0.0000241853  -0.0000282095   0.0000012402
       -0.0000129774   0.0000262676  -0.0000064345   0.0000076517   0.0000293842
        0.0000093678  -0.0000102826  -0.0000082687  -0.0000103926  -0.0000067996
        0.0648475933  -0.0877873302  -0.0689443056  -0.0086549487   0.0048890421
        0.0080493975  -0.0026843052  -0.0001690494   0.0005190329  -0.0000536145
        0.0007111691   0.0003903411   0.0000380994  -0.0002678040   0.0000510162
       -0.0000448904   0.0000277006  -0.0001416690  -0.0000412471  -0.0000555295
       -0.0000642539   0.0000031804   0.0000120372   0.0000034501   0.0206184129
       -0.0183800708  -0.0216743506  -0.0726802656   0.0991140120   0.0802679619
       -0.0011099403   0.0013163482   0.0009654075   0.0002860036   0.0001759055
        0.0002391470  -0.0003271037   0.0004528027   0.0003308981  -0.0000178227
       -0.0001057570   0.0000507827  -0.0001863980   0.0000754086  -0.0000341787
        0.0000004359   0.0000053222  -0.0000029818   0.0000005366  -0.0000029807
        0.0000015605  -0.0000012175  -0.0000059032  -0.0000037115   0.0000023376
       -0.0000047390  -0.0000015559   0.0000051539  -0.0000005846  -0.0000019883
        0.0992728130  -0.0687198155  -0.1520174827   0.0015869391   0.0000749763
       -0.0002740057   0.0006644651   0.0006205251   0.0008191229  -0.0002018837
       -0.0003826200   0.0000110620   0.0001320183   0.0001930244  -0.0000696256
        0.0001865930   0.0001018546   0.0000781124  -0.0000180698  -0.0000443764
        0.0000158040   0.0000209511   0.0000091095   0.0000123962  -0.0032143216
        0.0018593857   0.0039941392  -0.1155460828   0.0802679619   0.1728781385
        0.0177768562  -0.0142605359  -0.0260731089  -0.0004125859  -0.0000017213
        0.0004992920   0.0000333478   0.0001874798  -0.0001293960  -0.0001418291
       -0.0000439179   0.0002959863  -0.0001377498   0.0001295004  -0.0000299231
       -0.0000014773   0.0000123787  -0.0000111231   0.0000130420   0.0000021390
        0.0000100937  -0.0000110334  -0.0000046324  -0.0000031004  -0.0000123400
       -0.0000049206  -0.0000083228   0.0000103479   0.0000042046   0.0000019410
       -0.0793870749   0.0093241062  -0.0861113867  -0.0159672723   0.0001484378
       -0.0257619002   0.0009874956   0.0000292645  -0.0010057880  -0.0000865015
       -0.0001132568  -0.0003017425   0.0001967576   0.0001348290   0.0000319699
        0.0001293867   0.0001080795   0.0001643548  -0.0000103438  -0.0000594981
        0.0000140594  -0.0000188021   0.0000238577   0.0000390491  -0.0015081277
        0.0023329859  -0.0059725213   0.0071161325  -0.0011099403   0.0177768562
        0.0940020695  -0.0080788442   0.1015964591  -0.0057341099  -0.0032353065
       -0.0010387891   0.0007832092   0.0005469385  -0.0000926153  -0.0004638706
       -0.0001043907   0.0007008692  -0.0000955265   0.0000562099  -0.0000265545
        0.0000121264   0.0000047721  -0.0000171222   0.0000374636  -0.0000033086
        0.0000138024  -0.0000006893  -0.0000027536  -0.0000051007  -0.0000106815
       -0.0000033865  -0.0000004174   0.0000183591   0.0000012042  -0.0000034822
        0.0096166790  -0.0465753181   0.0201378472  -0.0071382033   0.0009839161
       -0.0129972528   0.0004871002   0.0001825430   0.0000422431   0.0001087171
        0.0000354128  -0.0001358906  -0.0000008160  -0.0000763659   0.0000195407
        0.0000105665  -0.0000081128   0.0000346449  -0.0000096752   0.0000089287
        0.0000106975  -0.0000086320   0.0000096147   0.0000116678   0.0126548322
       -0.0062163331   0.0308175048  -0.0042450283   0.0013163482  -0.0142605359
       -0.0080788442   0.0507023838  -0.0224521142  -0.0033300962  -0.0007095922
       -0.0006195954  -0.0001816995   0.0003277025  -0.0007772258   0.0000618493
        0.0002388803   0.0000033014   0.0000476350  -0.0002045093   0.0001820064
        0.0000028313  -0.0000017318  -0.0000106757   0.0000013896  -0.0000086364
       -0.0000014743   0.0000022995  -0.0000052497   0.0000011122   0.0000004961
        0.0000034763  -0.0000030485  -0.0000014013  -0.0000033572  -0.0000027529
       -0.0866674508   0.0197860633  -0.2464609182  -0.0043435423  -0.0014137630
       -0.0031971710   0.0006871974   0.0002921572   0.0012089240   0.0005330003
        0.0003291053  -0.0001966686  -0.0000287846  -0.0002292631   0.0001666033
       -0.0001622082   0.0000373152  -0.0000369529   0.0001007633   0.0000471805
        0.0000165001  -0.0000192150   0.0000064312   0.0000214496  -0.0040573581
        0.0036357411  -0.0102056311  -0.0069179754   0.0009654075  -0.0260731089
        0.1015964591  -0.0224521142   0.2837447744  -0.0008531920  -0.0008581770
        0.0007668251   0.0003117622  -0.0001791128   0.0002591542  -0.0001344981
        0.0000085962   0.0002338378  -0.0000805534   0.0000413736  -0.0002403658
        0.0000100435  -0.0000159662  -0.0000038880   0.0000163045  -0.0000046765
       -0.0000067333   0.0000078022   0.0000085260  -0.0000041023   0.0000031682
       -0.0000023216   0.0000121702  -0.0000017228  -0.0000025028  -0.0000046985
       -0.0157433522  -0.0002694445  -0.0253284195  -0.0753510427   0.0087168635
       -0.0832175091   0.0045162214  -0.0005484137   0.0179831722   0.0008379540
        0.0001697451   0.0015380569  -0.0000169840   0.0000952246  -0.0002234695
        0.0003270461  -0.0000398925  -0.0003037690  -0.0003815180  -0.0000649776
        0.0000947251   0.0000582360   0.0000167730  -0.0000050010   0.0007990129
        0.0004766075  -0.0001021562   0.0002116276   0.0002860036  -0.0004125859
       -0.0057341099  -0.0033300962  -0.0008531920   0.0929381406  -0.0085818257
        0.0935001940  -0.0011184067   0.0019562749  -0.0056228595  -0.0019941136
        0.0014382493   0.0030720581   0.0006071515  -0.0003317049  -0.0000366970
        0.0000342631   0.0000027062   0.0000152702  -0.0000508843   0.0000279675
       -0.0000398353   0.0000000020  -0.0000058510   0.0000005361   0.0000207978
       -0.0000018105  -0.0000269540   0.0000399585  -0.0000123987  -0.0000315644
       -0.0074220351   0.0011746942  -0.0125629873   0.0086086744  -0.0480179854
        0.0209264289  -0.0029275049   0.0009507463  -0.0125837452  -0.0003005834
        0.0005731893   0.0004289872  -0.0000718491  -0.0002289999  -0.0001071612
       -0.0001163486  -0.0002222402  -0.0000432756  -0.0000830657   0.0000251751
       -0.0000191775   0.0000007959   0.0000015332   0.0000135963  -0.0001789815
        0.0002805483  -0.0007762458   0.0005235849   0.0001759055  -0.0000017213
       -0.0032353065  -0.0007095922  -0.0008581770  -0.0085818257   0.0526030264
       -0.0208186213   0.0126678373  -0.0064878569   0.0297682699   0.0015527526
       -0.0003174029  -0.0025255577  -0.0003824898   0.0002929850  -0.0008339795
       -0.0000648857  -0.0000770314   0.0000370591  -0.0000170134   0.0000266333
       -0.0000078890   0.0000266456  -0.0000257400  -0.0000227042   0.0000018311
       -0.0000101057  -0.0000084341  -0.0000002323  -0.0000074819  -0.0000046650
       -0.0036958280  -0.0004821241  -0.0029068278  -0.0833090869   0.0194509989
       -0.2371405001  -0.0030328376  -0.0001752783  -0.0241477031  -0.0010271201
        0.0000607102  -0.0015164788   0.0001866213   0.0002858768  -0.0000713840
        0.0004226632   0.0000506701   0.0009944508   0.0000749954  -0.0002773864
       -0.0000811774  -0.0000574785   0.0000589172   0.0000909527   0.0003969925
       -0.0001221527   0.0002346867   0.0001843620   0.0002391470   0.0004992920
       -0.0010387891  -0.0006195954   0.0007668251   0.0935001940  -0.0208186213
        0.2763397436  -0.0050814824   0.0044643295  -0.0103818856   0.0031995555
       -0.0023198355  -0.0032355255  -0.0005742704   0.0002859675   0.0006682308
       -0.0000519993  -0.0000160348  -0.0000733353  -0.0000617494  -0.0000457713
        0.0000066786  -0.0000068579  -0.0000205810  -0.0000060192  -0.0000148945
       -0.0000036696  -0.0000436415  -0.0000129900   0.0000044332   0.0000036179
       -0.0007795382  -0.0275415087   0.0059392072  -0.0444060473   0.0268407949
       -0.0080967803  -0.0055332915   0.0196635396  -0.0012652846  -0.0003354494
        0.0024343846  -0.0003873646   0.0004692456  -0.0007317498  -0.0000495606
        0.0001813370  -0.0001508590   0.0000704805  -0.0001949415   0.0000437318
        0.0000215188  -0.0000256320  -0.0000225072   0.0000039599  -0.0049326763
       -0.0038734021  -0.0000996331   0.0005675709  -0.0003271037   0.0000333478
        0.0007832092  -0.0001816995   0.0003117622  -0.0011184067   0.0126678373
       -0.0050814824   0.0570596233  -0.0303732962   0.0060607553   0.0005929382
       -0.0004053279  -0.0004868082  -0.0023536354   0.0020186838   0.0029949757
       -0.0000640884  -0.0000425258   0.0000135901   0.0000439609   0.0000077367
        0.0000230529   0.0000371351  -0.0000355053  -0.0000010898  -0.0000055988
        0.0000199250   0.0000042382   0.0000142853  -0.0000111486  -0.0000088851
       -0.0025400656  -0.0177834358   0.0040232883   0.0260187328  -0.2577069742
        0.0509662530   0.0061625381  -0.0156049493   0.0000919581  -0.0001184989
       -0.0007457729   0.0004701588   0.0000630742   0.0006286744  -0.0005167152
        0.0004275198  -0.0000183090   0.0003123585  -0.0001731652  -0.0001678166
       -0.0001156789   0.0000133759   0.0000595148   0.0000296804  -0.0039588326
       -0.0016688814  -0.0001683081   0.0002933690   0.0004528027   0.0001874798
        0.0005469385   0.0003277025  -0.0001791128   0.0019562749  -0.0064878569
        0.0044643295  -0.0303732962   0.2997287588  -0.0572585760  -0.0003707135
        0.0002544791   0.0002777927   0.0021145935  -0.0012547270  -0.0025146100
       -0.0000032931   0.0000344226  -0.0000431396  -0.0000271095  -0.0000200948
       -0.0000058241  -0.0000279500  -0.0000159523  -0.0000075148  -0.0000049545
       -0.0000168834  -0.0000193157   0.0000014622   0.0000052985   0.0000054960
        0.0006561731  -0.0002461492   0.0010515715  -0.0087208592   0.0518220004
       -0.0579943229   0.0050552315  -0.0194334677   0.0027835678   0.0000331440
       -0.0004820427   0.0008266522  -0.0005123922  -0.0001776870  -0.0002117247
       -0.0002035550   0.0000463165  -0.0001476398   0.0000110077   0.0000607332
       -0.0000291919   0.0000127629   0.0000030039   0.0000141595   0.0000969636
       -0.0004019850   0.0009055517   0.0002417827   0.0003308981  -0.0001293960
       -0.0000926153  -0.0007772258   0.0002591542  -0.0056228595   0.0297682699
       -0.0103818856   0.0060607553  -0.0572585760   0.0644320497  -0.0000492659
       -0.0007351288   0.0005866018   0.0030636391  -0.0024774727  -0.0019542612
       -0.0000261943  -0.0000252433   0.0000242031  -0.0000069888   0.0000028922
       -0.0000169616   0.0000039814  -0.0000089516  -0.0000171179   0.0000027369
       -0.0000111005  -0.0000000231  -0.0000034480   0.0000009161  -0.0000009868
        0.0010996615   0.0001912048   0.0009459691   0.0055806495  -0.0006317524
        0.0172272179  -0.0726617057   0.0065388357  -0.0844433556  -0.0135106201
       -0.0004106330  -0.0252025552   0.0017786666   0.0029518252   0.0004188817
       -0.0063063357  -0.0030740474  -0.0012470615  -0.0012668105   0.0006476567
       -0.0007542079  -0.0002599096  -0.0000335003  -0.0000159011  -0.0000995849
        0.0000053299  -0.0000859769   0.0000692913  -0.0000178227  -0.0001418291
       -0.0004638706   0.0000618493  -0.0001344981  -0.0019941136   0.0015527526
        0.0031995555   0.0005929382  -0.0003707135  -0.0000492659   0.0889091102
       -0.0089415289   0.0956345821  -0.0013242796   0.0015552508  -0.0053733790
        0.0001274619   0.0001047997   0.0000076913  -0.0002346504  -0.0001102528
       -0.0000046852   0.0000270401  -0.0000298097  -0.0000229761  -0.0000333057
       -0.0000200032  -0.0000379816  -0.0000296327   0.0000305593   0.0000797754
       -0.0003031100   0.0001907198   0.0004695943  -0.0026789853   0.0011645019
       -0.0122259970   0.0066569869  -0.0483244716   0.0226103144  -0.0040179313
        0.0022002684  -0.0133084151   0.0006817285   0.0005032660   0.0004323043
       -0.0035024775  -0.0005037900  -0.0010160218  -0.0006005876   0.0005688534
       -0.0000778133  -0.0001372828  -0.0000270884  -0.0000113412   0.0001145996
       -0.0002164603   0.0001660126  -0.0000857473  -0.0001057570  -0.0000439179
       -0.0001043907   0.0002388803   0.0000085962   0.0014382493  -0.0003174029
       -0.0023198355  -0.0004053279   0.0002544791  -0.0007351288  -0.0089415289
        0.0492535025  -0.0213894025   0.0118450263  -0.0048975303   0.0274889240
        0.0001093966   0.0000769004  -0.0000158050  -0.0000682441  -0.0000552382
       -0.0000252391   0.0000033655  -0.0000157695   0.0000047758   0.0000198804
        0.0000110221  -0.0000277763  -0.0000236197   0.0000011144   0.0000161720
       -0.0008056357   0.0001669743   0.0010631369  -0.0036850005  -0.0010653960
       -0.0241523590  -0.0857618363   0.0211459951  -0.2429513623  -0.0037339711
        0.0004431019  -0.0043615575   0.0011404788  -0.0002695386   0.0008183643
       -0.0016279405  -0.0005700585  -0.0002195521   0.0003769540   0.0003797412
        0.0000519197  -0.0000715350  -0.0000022290   0.0000321227  -0.0000280916
        0.0000873501  -0.0002269466  -0.0003138064   0.0000507827   0.0002959863
        0.0007008692   0.0000033014   0.0002338378   0.0030720581  -0.0025255577
       -0.0032355255  -0.0004868082   0.0002777927   0.0005866018   0.0956345821
       -0.0213894025   0.2812870750  -0.0044820155   0.0033012869  -0.0092556721
        0.0000431903  -0.0000088794  -0.0000128828   0.0000258522  -0.0000291999
        0.0000285711   0.0000222645   0.0000038888  -0.0000175324  -0.0000234146
       -0.0000093561   0.0000190754   0.0000038063   0.0000094025   0.0000166994
        0.0007804500   0.0008383323  -0.0003657052  -0.0045345537   0.0196789279
       -0.0016678077  -0.0451325265   0.0349933323  -0.0134369167   0.0039580269
       -0.0240241528   0.0047798359  -0.0068253052  -0.0050786842   0.0019127763
        0.0001420205   0.0003391445   0.0012472184  -0.0001683710  -0.0001689423
        0.0001716453   0.0000176778   0.0000163925   0.0000235324  -0.0004286597
       -0.0004625964   0.0004094043   0.0002223843  -0.0001863980  -0.0001377498
       -0.0000955265   0.0000476350  -0.0000805534   0.0006071515  -0.0003824898
       -0.0005742704  -0.0023536354   0.0021145935   0.0030636391  -0.0013242796
        0.0118450263  -0.0044820155   0.0549314142  -0.0397388736   0.0090769620
        0.0001034466   0.0000932537   0.0000381415   0.0001271648   0.0000521171
        0.0000312510  -0.0000969934   0.0000458210  -0.0000222774   0.0000140948
       -0.0000576573   0.0000079465   0.0000560195   0.0000352183   0.0000049435
       -0.0006888794   0.0011200518   0.0003840995   0.0059917087  -0.0158812995
       -0.0004357391   0.0338783443  -0.2607588053   0.0558768940   0.0012230377
       -0.0183750654   0.0050694897  -0.0049304326  -0.0031504248   0.0012092060
        0.0000746164   0.0010162698  -0.0003419816   0.0003517265   0.0003813798
        0.0002856347   0.0001201043   0.0000611579  -0.0000243666   0.0002808396
        0.0003099394  -0.0001048847  -0.0002783225   0.0000754086   0.0001295004
        0.0000562099  -0.0002045093   0.0000413736  -0.0003317049   0.0002929850
        0.0002859675   0.0020186838  -0.0012547270  -0.0024774727   0.0015552508
       -0.0048975303   0.0033012869  -0.0397388736   0.3010910801  -0.0632779497
        0.0002232605   0.0001050179   0.0000519114   0.0001466832   0.0000712201
        0.0000218568  -0.0000320828   0.0000774336  -0.0000246398   0.0000058149
       -0.0000775320   0.0000322442   0.0000740153  -0.0000020504  -0.0000024305
       -0.0005761852  -0.0002377883   0.0003662905   0.0051610094  -0.0186985981
        0.0030898716  -0.0138994628   0.0567083636  -0.0569068523   0.0036951298
        0.0015030703   0.0005690856   0.0000624170  -0.0003316050   0.0011083972
       -0.0009588926   0.0000027059  -0.0007018921  -0.0001021003  -0.0000496376
        0.0000181522  -0.0000238883   0.0000094907  -0.0000040440   0.0001130439
        0.0001406364   0.0001374826  -0.0001247979  -0.0000341787  -0.0000299231
       -0.0000265545   0.0001820064  -0.0002403658  -0.0000366970  -0.0008339795
        0.0006682308   0.0029949757  -0.0025146100  -0.0019542612  -0.0053733790
        0.0274889240  -0.0092556721   0.0090769620  -0.0632779497   0.0632066835
       -0.0000012490  -0.0000090498  -0.0000290386  -0.0000295917  -0.0000428415
       -0.0000204317   0.0000310738  -0.0000223524   0.0000384793   0.0000263191
        0.0000391119  -0.0000448662  -0.0000081325  -0.0000217187  -0.0000153261
       -0.0000246531   0.0000332639  -0.0000003101  -0.0001266925   0.0000113182
        0.0000257628  -0.0001973744   0.0003220104   0.0003654954   0.0008328778
       -0.0023742928   0.0004801706  -0.0001262180   0.0007057270   0.0002687565
       -0.0119071019  -0.0359078257   0.0006398898  -0.0409968114   0.0282973346
       -0.0054744898  -0.0043091914   0.0211103642   0.0001950112   0.0000233553
        0.0000285556  -0.0000036690   0.0000030630   0.0000004359  -0.0000014773
        0.0000121264   0.0000028313   0.0000100435   0.0000342631  -0.0000648857
       -0.0000519993  -0.0000640884  -0.0000032931  -0.0000261943   0.0001274619
        0.0001093966   0.0000431903   0.0001034466   0.0002232605  -0.0000012490
        0.0580147906  -0.0217226151   0.0025563297   0.0007333543   0.0069386397
       -0.0016305636  -0.0027926031   0.0021076078   0.0033144557   0.0006050830
       -0.0001913961  -0.0006714071   0.0000549122   0.0003735628  -0.0000377461
        0.0000303627   0.0000583650   0.0000277757   0.0000509421   0.0000007099
       -0.0000670535  -0.0000549365  -0.0000295068   0.0002518211   0.0012737802
       -0.0003929123   0.0021852643   0.0009756072   0.0010298809  -0.0009374012
       -0.0156770743  -0.0235838166  -0.0001974099   0.0256491038  -0.2572400764
        0.0331244697   0.0054650639  -0.0149177014  -0.0006193760   0.0000242189
       -0.0000086365  -0.0000025645  -0.0000135008   0.0000053222   0.0000123787
        0.0000047721  -0.0000017318  -0.0000159662   0.0000027062  -0.0000770314
       -0.0000160348  -0.0000425258   0.0000344226  -0.0000252433   0.0001047997
        0.0000769004  -0.0000088794   0.0000932537   0.0001050179  -0.0000090498
       -0.0217226151   0.3034351851  -0.0363015989   0.0022340186  -0.0088263303
        0.0039556486   0.0023462831  -0.0005016556  -0.0020368480  -0.0006463951
        0.0005389137   0.0003782178  -0.0000978646   0.0002946814   0.0003018496
        0.0000066154   0.0000031193  -0.0000187987  -0.0000701679   0.0000443865
        0.0000888692   0.0000931680   0.0004283939   0.0001091860  -0.0006643453
       -0.0024806899   0.0020164421   0.0003468310   0.0003973555  -0.0010211922
       -0.0007477523  -0.0049417777   0.0010826500  -0.0046049345   0.0362456356
       -0.0488987421   0.0044831682  -0.0189130027   0.0014836382  -0.0000090314
       -0.0000055009  -0.0000022078   0.0000241853  -0.0000029818  -0.0000111231
       -0.0000171222  -0.0000106757  -0.0000038880   0.0000152702   0.0000370591
       -0.0000733353   0.0000135901  -0.0000431396   0.0000242031   0.0000076913
       -0.0000158050  -0.0000128828   0.0000381415   0.0000519114  -0.0000290386
        0.0025563297  -0.0363015989   0.0533924066  -0.0041707624   0.0287908823
       -0.0068868892   0.0031840239  -0.0024504954  -0.0019388987  -0.0000964528
       -0.0008463657   0.0004556826  -0.0003884458   0.0000132896   0.0002439186
       -0.0000809845   0.0000274512   0.0001130423  -0.0002311973  -0.0001085686
       -0.0001083904  -0.0012603836   0.0007299742  -0.0004356500  -0.0039560803
       -0.0043873798  -0.0022110319   0.0006161406  -0.0000110545   0.0004314034
       -0.0189510332   0.0030729252  -0.0298667091  -0.0456560476   0.0113743026
       -0.0449536238   0.0025520231  -0.0026511780   0.0194978332   0.0000125929
        0.0000029365  -0.0000100765  -0.0000282095   0.0000005366   0.0000130420
        0.0000374636   0.0000013896   0.0000163045  -0.0000508843  -0.0000170134
       -0.0000617494   0.0000439609  -0.0000271095  -0.0000069888  -0.0002346504
       -0.0000682441   0.0000258522   0.0001271648   0.0001466832  -0.0000295917
        0.0007333543   0.0022340186  -0.0041707624   0.0679843027  -0.0117847917
        0.0579149871   0.0005389354  -0.0004632759  -0.0000370141  -0.0024829938
        0.0019509095   0.0034397257   0.0002865262  -0.0000225117   0.0004393977
       -0.0000404231   0.0000272725   0.0000404526  -0.0001070341  -0.0000790504
        0.0000003886  -0.0007085971   0.0004636449  -0.0001479337  -0.0016155639
       -0.0028460282   0.0009460933   0.0012300602   0.0010138414  -0.0002285032
       -0.0081416970   0.0030666298  -0.0141091522   0.0143135926  -0.0548735753
        0.0526765416  -0.0012153975   0.0028279398  -0.0111616529   0.0000031551
        0.0000021210  -0.0000035590   0.0000012402  -0.0000029807   0.0000021390
       -0.0000033086  -0.0000086364  -0.0000046765   0.0000279675   0.0000266333
       -0.0000457713   0.0000077367  -0.0000200948   0.0000028922  -0.0001102528
       -0.0000552382  -0.0000291999   0.0000521171   0.0000712201  -0.0000428415
        0.0069386397  -0.0088263303   0.0287908823  -0.0117847917   0.0588381499
       -0.0539672884  -0.0001237189   0.0002926692  -0.0008347968   0.0016550188
       -0.0000643564  -0.0021164707  -0.0003787431   0.0001461687   0.0002324565
       -0.0000030299   0.0000287743   0.0000564968  -0.0000423511  -0.0000476752
       -0.0000198299  -0.0002882536   0.0001916726  -0.0000153220  -0.0007032378
       -0.0012976068  -0.0009152983   0.0001501672  -0.0005021817   0.0006817976
       -0.0101223037  -0.0000244921  -0.0076756603  -0.0480343342   0.0503119035
       -0.2546212288   0.0000936591   0.0028650281  -0.0225360468   0.0000069542
       -0.0000121246  -0.0000034356  -0.0000129774   0.0000015605   0.0000100937
        0.0000138024  -0.0000014743  -0.0000067333  -0.0000398353  -0.0000078890
        0.0000066786   0.0000230529  -0.0000058241  -0.0000169616  -0.0000046852
       -0.0000252391   0.0000285711   0.0000312510   0.0000218568  -0.0000204317
       -0.0016305636   0.0039556486  -0.0068868892   0.0579149871  -0.0539672884
        0.2935120702  -0.0006337721   0.0003114001   0.0005870843   0.0035552640
       -0.0020400351  -0.0025501759  -0.0002737939   0.0002439860   0.0003852213
        0.0000071098  -0.0000322318  -0.0000255576  -0.0000158947   0.0000188307
        0.0000437455   0.0000774409  -0.0000299471  -0.0000365423  -0.0005837857
        0.0005900702  -0.0002660111   0.0001579767  -0.0003840848   0.0002035727
        0.0024125162  -0.0000221162  -0.0007242170  -0.0040817073   0.0230406331
        0.0001927493  -0.0433238308   0.0091137909  -0.0023497320  -0.0000148218
       -0.0000009531   0.0000071382   0.0000262676  -0.0000012175  -0.0000110334
       -0.0000006893   0.0000022995   0.0000078022   0.0000000020   0.0000266456
       -0.0000068579   0.0000371351  -0.0000279500   0.0000039814   0.0000270401
        0.0000033655   0.0000222645  -0.0000969934  -0.0000320828   0.0000310738
       -0.0027926031   0.0023462831   0.0031840239   0.0005389354  -0.0001237189
       -0.0006337721   0.0479209470  -0.0141202807   0.0000846740   0.0002114559
        0.0090272459  -0.0025426803  -0.0005065007  -0.0293945815   0.0028153783
       -0.0000072208   0.0000224226  -0.0000006625  -0.0000319896   0.0000475570
        0.0000478833  -0.0000053435   0.0000762482  -0.0000660491   0.0000913399
       -0.0005763605  -0.0002086646   0.0000220119   0.0002929028  -0.0000659178
       -0.0004900932   0.0009323272   0.0009882499   0.0046617013  -0.0160624681
       -0.0016005363   0.0100790617  -0.2842386969   0.0278755656  -0.0000020730
        0.0000166115  -0.0000055167  -0.0000064345  -0.0000059032  -0.0000046324
       -0.0000027536  -0.0000052497   0.0000085260  -0.0000058510  -0.0000257400
       -0.0000205810  -0.0000355053  -0.0000159523  -0.0000089516  -0.0000298097
       -0.0000157695   0.0000038888   0.0000458210   0.0000774336  -0.0000223524
        0.0021076078  -0.0005016556  -0.0024504954  -0.0004632759   0.0002926692
        0.0003114001  -0.0141202807   0.3276357088  -0.0307713831   0.0006693539
       -0.0109017622   0.0042779538  -0.0024762667  -0.0170443230   0.0017122753
        0.0000107503   0.0000054119  -0.0000026588   0.0000263142   0.0000178896
        0.0000192246  -0.0000107899  -0.0000735164  -0.0000660247  -0.0000385278
        0.0001892365  -0.0000413925  -0.0001316978   0.0001488113  -0.0000685847
       -0.0012400263   0.0004179614   0.0004403708   0.0024502872  -0.0202751677
        0.0012938897  -0.0020208692   0.0289903541  -0.0474061926   0.0000011216
       -0.0000019074   0.0000051652   0.0000076517  -0.0000037115  -0.0000031004
       -0.0000051007   0.0000011122  -0.0000041023   0.0000005361  -0.0000227042
       -0.0000060192  -0.0000010898  -0.0000075148  -0.0000171179  -0.0000229761
        0.0000047758  -0.0000175324  -0.0000222774  -0.0000246398   0.0000384793
        0.0033144557  -0.0020368480  -0.0019388987  -0.0000370141  -0.0008347968
        0.0005870843   0.0000846740  -0.0307713831   0.0522769570  -0.0018086310
        0.0314554316  -0.0064202838  -0.0005567908  -0.0071787948   0.0013307372
        0.0000264356  -0.0000235729  -0.0000443686   0.0000119858   0.0000656464
        0.0000466280   0.0001223231  -0.0000018966  -0.0000769788  -0.0006029752
       -0.0004908593   0.0007763772   0.0002377292   0.0004207296  -0.0005478600
        0.0020277483  -0.0000300698  -0.0003246242   0.0030294595  -0.0034304675
        0.0218685746  -0.0586169384   0.0126904951  -0.0580535696  -0.0000050008
        0.0000055140   0.0000051658   0.0000293842   0.0000023376  -0.0000123400
       -0.0000106815   0.0000004961   0.0000031682   0.0000207978   0.0000018311
       -0.0000148945  -0.0000055988  -0.0000049545   0.0000027369  -0.0000333057
        0.0000198804  -0.0000234146   0.0000140948   0.0000058149   0.0000263191
        0.0006050830  -0.0006463951  -0.0000964528  -0.0024829938   0.0016550188
        0.0035552640   0.0002114559   0.0006693539  -0.0018086310   0.0652690503
       -0.0163929450   0.0634994646  -0.0098480533   0.0054840428  -0.0287805643
        0.0000082956  -0.0000009099  -0.0000001172   0.0000241905   0.0000063155
       -0.0000036068  -0.0000445288  -0.0001444361  -0.0000023177  -0.0001476400
        0.0009928327  -0.0004112822  -0.0003539607  -0.0004807228   0.0001524497
       -0.0001759073  -0.0003424987   0.0009033273  -0.0025515778   0.0028185447
       -0.0115344878   0.0132080217  -0.0575637200   0.0524322388  -0.0000044971
       -0.0000126142   0.0000048210   0.0000093678  -0.0000047390  -0.0000049206
       -0.0000033865   0.0000034763  -0.0000023216  -0.0000018105  -0.0000101057
       -0.0000036696   0.0000199250  -0.0000168834  -0.0000111005  -0.0000200032
        0.0000110221  -0.0000093561  -0.0000576573  -0.0000775320   0.0000391119
       -0.0001913961   0.0005389137  -0.0008463657   0.0019509095  -0.0000643564
       -0.0020400351   0.0090272459  -0.0109017622   0.0314554316  -0.0163929450
        0.0621839252  -0.0580055742  -0.0043026456   0.0030652503  -0.0121122251
       -0.0000170224  -0.0000074554   0.0000236385  -0.0000263524   0.0000393429
        0.0000499702  -0.0000535919  -0.0000702007  -0.0000493621   0.0006514637
        0.0002811475  -0.0006290076  -0.0005797190  -0.0002244364   0.0003325367
       -0.0008710347   0.0004406377   0.0013779756  -0.0003765549   0.0021571282
       -0.0247321457  -0.0569386484   0.0512535311  -0.2579083901  -0.0000048184
        0.0000110563  -0.0000137071  -0.0000102826  -0.0000015559  -0.0000083228
       -0.0000004174  -0.0000030485   0.0000121702  -0.0000269540  -0.0000084341
       -0.0000436415   0.0000042382  -0.0000193157  -0.0000000231  -0.0000379816
       -0.0000277763   0.0000190754   0.0000079465   0.0000322442  -0.0000448662
       -0.0006714071   0.0003782178   0.0004556826   0.0034397257  -0.0021164707
       -0.0025501759  -0.0025426803   0.0042779538  -0.0064202838   0.0634994646
       -0.0580055742   0.2997554340  -0.0054453737   0.0016130085  -0.0096265572
       -0.0000426943   0.0000003587   0.0000115195   0.0000251663  -0.0000559691
       -0.0000753589  -0.0001556627  -0.0000717825  -0.0002835614   0.0002606178
       -0.0010385654   0.0012671993   0.0001680968   0.0006051314  -0.0001222105
       -0.0064002485   0.0020494783   0.0031078990  -0.0210645247  -0.0079371419
       -0.0034044830  -0.2368880233  -0.0899083088  -0.0486382965   0.0000200902
        0.0000055368  -0.0000061529  -0.0000082687   0.0000051539   0.0000103479
        0.0000183591  -0.0000014013  -0.0000017228   0.0000399585  -0.0000002323
       -0.0000129900   0.0000142853   0.0000014622  -0.0000034480  -0.0000296327
       -0.0000236197   0.0000038063   0.0000560195   0.0000740153  -0.0000081325
        0.0000549122  -0.0000978646  -0.0003884458   0.0002865262  -0.0003787431
       -0.0002737939  -0.0005065007  -0.0024762667  -0.0005567908  -0.0098480533
       -0.0043026456  -0.0054453737   0.2739995769   0.1035514046   0.0548199887
        0.0000032298   0.0000206673   0.0000172242   0.0000026307  -0.0000042376
       -0.0000148579  -0.0000055868   0.0000460250   0.0001566690   0.0003706822
        0.0001871807  -0.0001656694  -0.0001780798  -0.0001377892  -0.0000314323
        0.0027580540   0.0003560756  -0.0010061432   0.0078220292   0.0035512746
        0.0018753272  -0.0908038156  -0.0839179047  -0.0217203696   0.0000058977
       -0.0000056813  -0.0000021430  -0.0000103926  -0.0000005846   0.0000042046
        0.0000012042  -0.0000033572  -0.0000025028  -0.0000123987  -0.0000074819
        0.0000044332  -0.0000111486   0.0000052985   0.0000009161   0.0000305593
        0.0000011144   0.0000094025   0.0000352183  -0.0000020504  -0.0000217187
        0.0003735628   0.0002946814   0.0000132896  -0.0000225117   0.0001461687
        0.0002439860  -0.0293945815  -0.0170443230  -0.0071787948   0.0054840428
        0.0030652503   0.0016130085   0.1035514046   0.0934496734   0.0262051708
        0.0000115830   0.0000112741   0.0000193145  -0.0000374907   0.0000053422
        0.0000430082   0.0000810180   0.0000806461   0.0002979513   0.0005430478
        0.0002663914  -0.0005238573  -0.0001372894  -0.0001829821   0.0000395111
        0.0050891785  -0.0006812166  -0.0016863725   0.0146837834   0.0061276099
        0.0030357206  -0.0495228267  -0.0219745879  -0.0538552139  -0.0000014458
       -0.0000018353  -0.0000006767  -0.0000067996  -0.0000019883   0.0000019410
       -0.0000034822  -0.0000027529  -0.0000046985  -0.0000315644  -0.0000046650
        0.0000036179  -0.0000088851   0.0000054960  -0.0000009868   0.0000797754
        0.0000161720   0.0000166994   0.0000049435  -0.0000024305  -0.0000153261
       -0.0000377461   0.0003018496   0.0002439186   0.0004393977   0.0002324565
        0.0003852213   0.0028153783   0.0017122753   0.0013307372  -0.0287805643
       -0.0121122251  -0.0096265572   0.0548199887   0.0262051708   0.0602960479
