           1           2   1.01906243400858     
           2           3   1.00878151447350     
           3           4  0.998410046384518     
           4           5   1.01694406345282     
           5           6  0.918366012369821     
           1           7  0.987662502485732     
           1           8  0.987433655988349     
           1           9  0.987042037807493     
           2          10  0.977863501674480     
           2          11  0.977265926270734     
           3          12  0.974523006953067     
           3          13  0.976464635253063     
           4          14  0.974940653232111     
           4          15  0.974565005139381     
           5          16  0.976154402779151     
           5          17  0.976722943390417     
