           1           2   1.02147468390961     
           2           3  0.986053739523996     
           3           4  0.977919528069000     
           4           5   1.68772627184647     
           4           6   1.17311629312884     
           5           6  0.170831882396096     
           6           7  0.919575891985987     
           7           8   1.01842919600839     
           1           9  0.986738085700539     
           1          10  0.987322459488488     
           1          11  0.985684663902957     
           2          12  0.976359388295908     
           2          13  0.975379669243732     
           3          14  0.950285455454990     
           3          15  0.972866237359431     
           7          16  0.969418877000373     
           7          17  0.967173901025910     
           8          18  0.984522159980661     
           8          19  0.980055725420314     
           8          20  0.983135963540588     
