           1           2   1.01854434417412     
           2           3   1.00528701466320     
           3           4  0.977482948502393     
           4           5  0.979203898329356     
           5           6   1.69396208425774     
           5           7   1.16599491127246     
           6           7  0.171656271235823     
           7           8  0.937129994886390     
           1           9  0.986089651258592     
           1          10  0.987435706771105     
           1          11  0.987569977795553     
           2          12  0.977657135906187     
           2          13  0.977730460762967     
           3          14  0.977708178924772     
           3          15  0.976853844913246     
           4          16  0.956806106956220     
           4          17  0.972526247225855     
           8          18  0.977132805617150     
           8          19  0.974114703418086     
           8          20  0.975800591445478     
