           1           2   1.02174953728253     
           2           3  0.980893534972274     
           3           4  0.978274667616639     
           4           5   1.69080389734397     
           4           6   1.17086003044881     
           5           6  0.170520684152059     
           6           7  0.919800512529930     
           7           8   1.01945049689346     
           1           9  0.986568379430500     
           1          10  0.987535035565894     
           1          11  0.985534075721111     
           2          12  0.977172697406960     
           2          13  0.974658348973954     
           3          14  0.956242944228264     
           3          15  0.972298622000253     
           7          16  0.968319415292966     
           7          17  0.969271681005538     
           8          18  0.983967837382654     
           8          19  0.983295831972616     
           8          20  0.980102863483982     
