$hessian                                                                        
        0.5225291738   0.0084219559   0.0055250555  -0.0683678620   0.0191961652
        0.0061979171  -0.0003727487  -0.0223162280  -0.0072399385   0.0003614367
       -0.0007634762  -0.0012553031  -0.0001058601  -0.0004894563   0.0004224849
        0.0001582311  -0.0002924060   0.0001111977   0.0005965578  -0.0000737300
       -0.0001163486   0.0001087249   0.0000289231   0.0000652082  -0.1922340845
        0.0184764469   0.1124554831  -0.0495365140   0.0182135818  -0.0281123554
       -0.2061125414  -0.0647007031  -0.0936111613  -0.0045746209   0.0238151417
        0.0070875923   0.0004180163   0.0040225731   0.0004997782   0.0006727690
       -0.0005601610   0.0006324520  -0.0033010439  -0.0029168023  -0.0026152260
       -0.0000965762  -0.0000184034  -0.0000499450  -0.0000872951  -0.0000127408
        0.0000374948  -0.0000465988   0.0000034641  -0.0000192103  -0.0000192674
        0.0000104423  -0.0000052583   0.0000101034  -0.0000445870  -0.0000099176
        0.0084219559   0.4639392895  -0.0149035123   0.0191683613  -0.1943375915
       -0.0289989290  -0.0048724589  -0.0163270753  -0.0069715165   0.0006716958
       -0.0002851709   0.0006468920  -0.0001461611   0.0001500094  -0.0003804378
       -0.0003669684   0.0002251329  -0.0002573656   0.0002240604  -0.0001518033
       -0.0000873707  -0.0000421104  -0.0000807239   0.0000375455   0.0188297313
       -0.0448438451  -0.0137180659   0.0181572357  -0.1111643894   0.1076226999
       -0.0652255203  -0.0674658741  -0.0368565560   0.0031934074  -0.0079659195
       -0.0037543018   0.0030738956  -0.0225467026  -0.0018845018   0.0007608495
        0.0012029095   0.0006350820  -0.0018402555  -0.0004563413  -0.0011003907
        0.0000233163   0.0000160787   0.0000229368  -0.0000149438   0.0000319843
       -0.0000198908  -0.0000183597   0.0000171708  -0.0000113346   0.0000104835
        0.0000141635   0.0000076524  -0.0000082145   0.0000286984  -0.0000286349
        0.0055250555  -0.0149035123   0.5202145188   0.0066085798  -0.0291330509
       -0.0747600784  -0.0023820236  -0.0156324390  -0.0050799583   0.0008250313
        0.0010420207  -0.0007812981   0.0001532602  -0.0004036676   0.0008519431
       -0.0002213030  -0.0002121904   0.0001264597   0.0002361342  -0.0000158851
       -0.0002560698  -0.0000054753   0.0000376226  -0.0000764058   0.1122256921
       -0.0133877241  -0.1313538646  -0.0282233331   0.1072570915  -0.2099851233
       -0.0936860781  -0.0365375629  -0.0985504170   0.0046260851  -0.0186043740
       -0.0049990589  -0.0035321665   0.0234550527   0.0048182016   0.0004344054
       -0.0010634887   0.0006654664  -0.0026331123  -0.0018466040  -0.0009536936
        0.0000738523   0.0000259265   0.0000206079  -0.0000370137  -0.0000254658
        0.0000271733  -0.0000116915  -0.0000005305   0.0000058234   0.0000114553
       -0.0000266858   0.0000192691   0.0000126458  -0.0000245327   0.0000465045
       -0.0683678620   0.0191683613   0.0066085798   0.4907948568  -0.0137625458
       -0.0346611504  -0.1366043266  -0.0369145713  -0.0554140889  -0.0331655230
       -0.0107285635  -0.0014033490   0.0009566973   0.0032835937  -0.0038895061
       -0.0018055578  -0.0006305390   0.0026102252  -0.0009643691   0.0012702545
        0.0005787349  -0.0000905537   0.0000220022   0.0000546612  -0.0047334830
        0.0248949870   0.0075049657  -0.0003817872   0.0047234019   0.0001417413
        0.0013698442  -0.0235202129  -0.0064813060  -0.1952278497   0.0197937092
        0.1109248851  -0.0464893135   0.0142575278  -0.0191083695  -0.0066994001
       -0.0011408030  -0.0066508279   0.0014093726  -0.0009155183  -0.0006544828
       -0.0001922608   0.0000274552  -0.0000296259   0.0002768437   0.0001037250
       -0.0001383617  -0.0000393740   0.0000532837  -0.0000547291   0.0000055576
       -0.0000041646   0.0000469163  -0.0000515116   0.0000186167   0.0000150876
        0.0191961652  -0.1943375915  -0.0291330509  -0.0137625458   0.4722577799
       -0.0294291912  -0.0317560720  -0.0740252889  -0.0182377064  -0.0029980353
        0.0000394393   0.0016481936  -0.0004186673   0.0005681488   0.0001465199
       -0.0001307299  -0.0004253241  -0.0007671301   0.0003703217  -0.0003593968
       -0.0002829569  -0.0000076300  -0.0000751656  -0.0000048860   0.0037266896
       -0.0077540917  -0.0042458039   0.0031783063  -0.0227304648  -0.0007480410
       -0.0006681808  -0.0134100997  -0.0042564858   0.0202389674  -0.0439772507
       -0.0114894147   0.0137517370  -0.1080182887   0.1047498124   0.0114524710
        0.0050308028   0.0074331889  -0.0221937094  -0.0128734821  -0.0153792805
        0.0000529691   0.0000419699  -0.0000197384  -0.0000510104   0.0000193970
        0.0000001902   0.0000003191   0.0000148831  -0.0000029612   0.0000095294
        0.0000031452   0.0000179153   0.0000091050   0.0000108787   0.0000008265
        0.0061979171  -0.0289989290  -0.0747600784  -0.0346611504  -0.0294291912
        0.5160275905  -0.0448149086  -0.0158027780  -0.0976857091   0.0040793529
        0.0073453424   0.0127521919   0.0011007082   0.0000450173  -0.0023837388
        0.0041623487  -0.0025015387  -0.0005771348   0.0000704117  -0.0009990932
       -0.0000816294   0.0002180004  -0.0000582671  -0.0001772151   0.0042736135
       -0.0198621804  -0.0056837211  -0.0036010135   0.0244839167   0.0048214178
        0.0002213544  -0.0149818291  -0.0039624145   0.1103884857  -0.0116192403
       -0.1220589556  -0.0181390726   0.1044535408  -0.2066511231  -0.0209635088
       -0.0063849902  -0.0146701145  -0.0085433770  -0.0057518203  -0.0049585921
        0.0000729568  -0.0000418265  -0.0000285158  -0.0000862315   0.0000922221
        0.0000414712   0.0000689992  -0.0000153984   0.0000130868  -0.0000120856
        0.0000235393   0.0000249527  -0.0000328006   0.0000035039  -0.0000017685
       -0.0003727487  -0.0048724589  -0.0023820236  -0.1366043266  -0.0317560720
       -0.0448149086   0.4370235108  -0.0343232084   0.0085070777  -0.1257070160
       -0.0060229223   0.0521378057  -0.0014019663  -0.0026654470   0.0148912163
       -0.0480263887   0.0157972107   0.0129835006   0.0013714024   0.0032102007
       -0.0021410293  -0.0013909107   0.0001663520   0.0007258543   0.0009503469
        0.0003867854   0.0002011341   0.0004692277   0.0005611333   0.0005360470
        0.0011116425  -0.0000706465  -0.0000670098  -0.0265495328  -0.0091541704
       -0.0128309926  -0.0069164010  -0.0012346083  -0.0071790802  -0.0504851333
        0.0263700793  -0.0353195990  -0.0425620289   0.0434663237   0.0143203503
       -0.0006917317   0.0000632297   0.0003853540  -0.0000133877  -0.0000450304
        0.0001071083  -0.0004059275   0.0002566428  -0.0001928786   0.0001498124
       -0.0000286635   0.0001085779   0.0000515572  -0.0001047300   0.0000234955
       -0.0223162280  -0.0163270753  -0.0156324390  -0.0369145713  -0.0740252889
       -0.0158027780  -0.0343232084   0.5167296507  -0.0378627012  -0.0026665062
       -0.0674355033  -0.0037030459  -0.0136248151   0.0062491765   0.0234736330
        0.0221535259   0.0020912304  -0.0047866812   0.0034712143   0.0035171183
        0.0036071584   0.0006739365  -0.0000460895  -0.0003081012  -0.0004966204
        0.0011234618   0.0003408321  -0.0008283890   0.0009441090  -0.0009266304
       -0.0002214208  -0.0061515743  -0.0022980911  -0.0019802754   0.0001242167
       -0.0004270064   0.0110292937   0.0049473460   0.0073361822   0.0283099436
       -0.1215934910   0.1080955918   0.0472419147  -0.2500350006  -0.0610790854
       -0.0007603718   0.0001218935   0.0003674206   0.0010699818  -0.0001629290
       -0.0004031164   0.0001979228  -0.0001852776   0.0000981928   0.0000489285
        0.0000037377  -0.0000375763  -0.0000642554   0.0001102889  -0.0000517584
       -0.0072399385  -0.0069715165  -0.0050799583  -0.0554140889  -0.0182377064
       -0.0976857091   0.0085070777  -0.0378627012   0.4995366600   0.0562792009
       -0.0016785722  -0.1071449763   0.0334752138   0.0146256884  -0.0368991550
       -0.0007440911   0.0003786324   0.0082655330  -0.0006773906   0.0036735455
        0.0012123230  -0.0003363391   0.0000387936   0.0002032442  -0.0004302543
        0.0003696706   0.0002880140   0.0007124196   0.0008384343   0.0008951249
        0.0001250712  -0.0015358341   0.0001039647   0.0115349434   0.0042100961
        0.0069070054  -0.0231097173  -0.0076695021  -0.0170420689  -0.0377771402
        0.1090299793  -0.1930115417   0.0151733325  -0.0593825622  -0.0604063894
       -0.0004738324   0.0002136502   0.0001914906   0.0005144550  -0.0000876588
       -0.0003491495  -0.0001578424   0.0000889001  -0.0000818087   0.0000543100
       -0.0000583045   0.0000520566  -0.0000153894   0.0000169675   0.0000453404
        0.0003614367   0.0006716958   0.0008250313  -0.0331655230  -0.0029980353
        0.0040793529  -0.1257070160  -0.0026665062   0.0562792009   0.4594181340
       -0.0548715446  -0.0841452837  -0.0787932933  -0.0301283899   0.0619070582
       -0.1694563738   0.0682487759  -0.0397994163  -0.0447628740   0.0178495963
        0.0002202785  -0.0033613813   0.0001639409   0.0021571281   0.0006089485
       -0.0007468666   0.0000646419   0.0001331590  -0.0000836059  -0.0004586565
        0.0001095079   0.0005489157   0.0003213743  -0.0025437824  -0.0016713502
       -0.0015902206  -0.0006723964  -0.0001291122   0.0002453713   0.0049993505
       -0.0004898609  -0.0019667829  -0.0072318634   0.0041387016   0.0046025976
        0.0008253183  -0.0002986996  -0.0017078436   0.0006073610   0.0016697019
       -0.0005555227  -0.0005526162   0.0009246147  -0.0010747835  -0.0004063842
        0.0001374941   0.0003213810  -0.0004097119  -0.0002694654   0.0002750940
       -0.0007634762  -0.0002851709   0.0010420207  -0.0107285635   0.0000394393
        0.0073453424  -0.0060229223  -0.0674355033  -0.0016785722  -0.0548715446
        0.3657803920  -0.2656946984  -0.0199369253  -0.1842957506   0.2271399907
        0.0708652677  -0.1085224884   0.0440825162   0.0165235678  -0.0021173264
       -0.0073005419  -0.0011972417   0.0000501064   0.0012037351   0.0000564299
       -0.0000510581  -0.0013775262  -0.0002381179  -0.0005088996   0.0004950142
        0.0003562884  -0.0001603889  -0.0000834174  -0.0025120202  -0.0003270334
       -0.0011105846   0.0018407676   0.0003912844   0.0009129323  -0.0128120612
       -0.0015829196   0.0122959922   0.0225835172  -0.0026953227  -0.0187303990
       -0.0001986959   0.0021656486   0.0013527639  -0.0035012341  -0.0000166263
        0.0001022360  -0.0006424664   0.0001519993   0.0003768958   0.0004468880
       -0.0001444172  -0.0003399723   0.0007525428  -0.0004359642  -0.0000337275
       -0.0012553031   0.0006468920  -0.0007812981  -0.0014033490   0.0016481936
        0.0127521919   0.0521378057  -0.0037030459  -0.1071449763  -0.0841452837
       -0.2656946984   0.7224281092   0.0448143085   0.2312395349  -0.5066043520
       -0.0465425366   0.0478882259  -0.1051506968   0.0026456123  -0.0078916037
        0.0127865177   0.0047446089   0.0001766393  -0.0034094266   0.0004695753
       -0.0010434388   0.0003808278   0.0003906748   0.0003989729  -0.0004597347
       -0.0002630896  -0.0008539261  -0.0003374661  -0.0043289344  -0.0013920524
       -0.0017795103  -0.0020351901   0.0006573187  -0.0000757772   0.0168168434
        0.0031102443  -0.0178098670   0.0117075042  -0.0029374455  -0.0056744073
        0.0029857768  -0.0030963601  -0.0008101910   0.0033037498   0.0010137604
        0.0014978218   0.0016338197  -0.0007259572   0.0002403815  -0.0009600419
        0.0002861141  -0.0001634394  -0.0007165510   0.0002726323   0.0001152928
       -0.0001058601  -0.0001461611   0.0001532602   0.0009566973  -0.0004186673
        0.0011007082  -0.0014019663  -0.0136248151   0.0334752138  -0.0787932933
       -0.0199369253   0.0448143085   0.0850437392   0.0002212181  -0.0399649816
       -0.0049150089   0.0347338663  -0.0398424832   0.0016502084   0.0008840282
       -0.0053005383   0.0006257299   0.0003097403  -0.0008688828  -0.0002022339
        0.0001155340  -0.0000519851  -0.0000047547   0.0000364231   0.0001613747
       -0.0000294303   0.0000323076  -0.0000314043   0.0001475728   0.0000830694
        0.0000152876   0.0009109613   0.0001151573   0.0002770720  -0.0053405468
       -0.0002563366   0.0050779452  -0.0002425584  -0.0007676774   0.0003305034
        0.0005051988  -0.0010684712  -0.0002371196   0.0011143959  -0.0001508771
        0.0006813117   0.0002055050  -0.0002076380   0.0001691739  -0.0000439679
        0.0000724188   0.0000704512  -0.0000803879  -0.0000261939  -0.0000292153
       -0.0004894563   0.0001500094  -0.0004036676   0.0032835937   0.0005681488
        0.0000450173  -0.0026654470   0.0062491765   0.0146256884  -0.0301283899
       -0.1842957506   0.2312395349   0.0002212181   0.2019334055  -0.3096065483
        0.0350917053  -0.0233929139   0.0625337292  -0.0039340811  -0.0020424879
       -0.0003815315   0.0004400886   0.0002692219  -0.0003536187  -0.0001073844
       -0.0001975188   0.0001730692   0.0001050340   0.0000842204   0.0000933935
       -0.0000105912  -0.0001132372  -0.0001285714   0.0001385993   0.0000246424
        0.0000763417  -0.0002750406  -0.0002970489  -0.0006649387  -0.0010412189
        0.0013319396   0.0016242376  -0.0007233290   0.0001350852   0.0020939082
       -0.0001132699  -0.0005915285  -0.0009089341   0.0005058845  -0.0000602719
        0.0001681560   0.0002030567  -0.0000022786  -0.0002348462  -0.0003046871
       -0.0000458614  -0.0000209259  -0.0001962848   0.0002930479   0.0000305063
        0.0004224849  -0.0003804378   0.0008519431  -0.0038895061   0.0001465199
       -0.0023837388   0.0148912163   0.0234736330  -0.0368991550   0.0619070582
        0.2271399907  -0.5066043520  -0.0399649816  -0.3096065483   0.6019027152
       -0.0392214448   0.0617020263  -0.0557523053   0.0030163348  -0.0037707854
        0.0005277416  -0.0010257548  -0.0002745651   0.0014418008  -0.0002984244
        0.0008791500  -0.0001395773  -0.0001970558  -0.0002665180   0.0000563965
        0.0000722638   0.0003374720   0.0002070436   0.0007058371   0.0000381997
        0.0007071871   0.0005725616  -0.0007127022   0.0007200749   0.0071043827
        0.0005714288  -0.0053582310  -0.0022160025   0.0006964272   0.0002458383
       -0.0007642529   0.0014818299   0.0006481520  -0.0015659319  -0.0011031412
       -0.0004212290  -0.0005391341   0.0000358618   0.0002329348   0.0005808242
       -0.0000090431   0.0001647234   0.0004095253  -0.0003787982  -0.0001479631
        0.0001582311  -0.0003669684  -0.0002213030  -0.0018055578  -0.0001307299
        0.0041623487  -0.0480263887   0.0221535259  -0.0007440911  -0.1694563738
        0.0708652677  -0.0465425366  -0.0049150089   0.0350917053  -0.0392214448
        0.4153003567  -0.1230703867  -0.0211076676  -0.1176886763  -0.0108924693
        0.0604470650  -0.0337107528   0.0081894779   0.0112665532  -0.0002201118
       -0.0000385953  -0.0004321014  -0.0000140938  -0.0000988002   0.0003995739
        0.0000960685   0.0000042351  -0.0001412806  -0.0018539082  -0.0005187547
       -0.0004551538   0.0006705571   0.0005308728  -0.0000288063   0.0004259758
       -0.0003076929  -0.0005354539  -0.0037006143   0.0008593195   0.0027124393
       -0.0070583408   0.0040241616   0.0147577801  -0.0281224596  -0.0078965340
        0.0177339476  -0.0042805322   0.0036589736  -0.0028374796   0.0020538851
       -0.0014184777   0.0004385137   0.0021477447  -0.0006381302   0.0003490971
       -0.0002924060   0.0002251329  -0.0002121904  -0.0006305390  -0.0004253241
       -0.0025015387   0.0157972107   0.0020912304   0.0003786324   0.0682487759
       -0.1085224884   0.0478882259   0.0347338663  -0.0233929139   0.0617020263
       -0.1230703867   0.1889419593  -0.1157861467  -0.0063370356  -0.0602684771
        0.0089599446   0.0213274639  -0.0007844356  -0.0088917417  -0.0000403034
       -0.0001294808   0.0007205231   0.0002753392   0.0002668269  -0.0003821572
       -0.0002647040   0.0000812917   0.0000837264   0.0007784394   0.0001504151
        0.0003471228  -0.0005377950  -0.0001982947  -0.0000168110  -0.0006115048
       -0.0001939325  -0.0005857508  -0.0002550276   0.0000496345  -0.0004114996
        0.0137326262   0.0001756482  -0.0090747798  -0.0249696493   0.0024789744
        0.0167010014   0.0038939024  -0.0020548652   0.0017618483  -0.0007418582
        0.0003810343   0.0000914871  -0.0010364146   0.0011280647  -0.0007719224
        0.0001111977  -0.0002573656   0.0001264597   0.0026102252  -0.0007671301
       -0.0005771348   0.0129835006  -0.0047866812   0.0082655330  -0.0397994163
        0.0440825162  -0.1051506968  -0.0398424832   0.0625337292  -0.0557523053
       -0.0211076676  -0.1157861467   0.2911264140   0.0518447420   0.0120003487
       -0.1149208148  -0.0110315675   0.0002060000   0.0099144853  -0.0002920914
        0.0000282553  -0.0001450000  -0.0000888115  -0.0000354589   0.0000528840
        0.0001167733   0.0000630625  -0.0000986033   0.0005047264   0.0003274494
        0.0003136074   0.0002081988   0.0000991254  -0.0000882544   0.0002807962
       -0.0010438376   0.0003974223   0.0013425554  -0.0006464305  -0.0009655177
        0.0328233139  -0.0022057065  -0.0259568822   0.0122367927   0.0047650014
       -0.0070550696  -0.0032539074   0.0019122690  -0.0004129069   0.0003539977
       -0.0002433697   0.0008377926  -0.0000008751  -0.0002456302   0.0000885875
        0.0005965578   0.0002240604   0.0002361342  -0.0009643691   0.0003703217
        0.0000704117   0.0013714024   0.0034712143  -0.0006773906  -0.0447628740
        0.0165235678   0.0026456123   0.0016502084  -0.0039340811   0.0030163348
       -0.1176886763  -0.0063370356   0.0518447420   0.4049658560   0.0163952258
        0.0493046403  -0.1126487332   0.0485955981  -0.0515869262  -0.0002338820
       -0.0001467490  -0.0002779740  -0.0001890563  -0.0000739874  -0.0000124405
        0.0001038118  -0.0000148764   0.0000833865  -0.0000753406  -0.0001203582
       -0.0002890331  -0.0001192099  -0.0001148006   0.0002035005  -0.0001344715
        0.0002893969  -0.0004689007  -0.0015733750  -0.0002126865   0.0004903228
       -0.0492778914  -0.0199375154  -0.0447573954  -0.0615848359  -0.0697913339
        0.0032208372  -0.0195283282   0.0144575263  -0.0108904760  -0.0060537411
        0.0035319295  -0.0069006997   0.0061469481  -0.0031754166   0.0047453141
       -0.0000737300  -0.0001518033  -0.0000158851   0.0012702545  -0.0003593968
       -0.0009990932   0.0032102007   0.0035171183   0.0036735455   0.0178495963
       -0.0021173264  -0.0078916037   0.0008840282  -0.0020424879  -0.0037707854
       -0.0108924693  -0.0602684771   0.0120003487   0.0163952258   0.5095162867
       -0.0011627562   0.0467915071  -0.1141025271   0.0443311884  -0.0000868567
       -0.0000197558  -0.0001390892  -0.0000393979  -0.0000132735   0.0000579871
        0.0000102439  -0.0000138156  -0.0000098755   0.0004620473   0.0001633872
        0.0002083134  -0.0000591368   0.0000267149  -0.0000557772  -0.0000505965
        0.0001922604   0.0000331276  -0.0004889131   0.0000353942   0.0002039615
       -0.0227637547  -0.0796052344  -0.0780571885  -0.0680583781  -0.2381999904
        0.0180410078   0.0025120746  -0.0014730849   0.0008315467  -0.0058334072
        0.0068136475  -0.0042421169   0.0189614617  -0.0218976359   0.0169631442
       -0.0001163486  -0.0000873707  -0.0002560698   0.0005787349  -0.0002829569
       -0.0000816294  -0.0021410293   0.0036071584   0.0012123230   0.0002202785
       -0.0073005419   0.0127865177  -0.0053005383  -0.0003815315   0.0005277416
        0.0604470650   0.0089599446  -0.1149208148   0.0493046403  -0.0011627562
        0.4836989843  -0.0486066527   0.0431343228  -0.1079014075  -0.0001408845
       -0.0000775125   0.0000806380   0.0001058659  -0.0000426279   0.0000867906
       -0.0000377609  -0.0000261166  -0.0000396857  -0.0000121356   0.0000318425
        0.0001382158   0.0000505965   0.0001599127  -0.0000891704   0.0002922613
       -0.0001181352   0.0003330173  -0.0005022441   0.0002491754   0.0006116458
       -0.0455535416  -0.0793932653  -0.2154513509   0.0058829214   0.0185882447
       -0.0447161440   0.0092518344  -0.0073960115   0.0061500962  -0.0205742870
        0.0159425794  -0.0193470017  -0.0031487755   0.0055956458  -0.0028226959
        0.0001087249  -0.0000421104  -0.0000054753  -0.0000905537  -0.0000076300
        0.0002180004  -0.0013909107   0.0006739365  -0.0003363391  -0.0033613813
       -0.0011972417   0.0047446089   0.0006257299   0.0004400886  -0.0010257548
       -0.0337107528   0.0213274639  -0.0110315675  -0.1126487332   0.0467915071
       -0.0486066527   0.5062946776   0.0246174944  -0.0264542386  -0.0000314432
        0.0000736130   0.0000511479   0.0000033570   0.0000538345  -0.0000037084
       -0.0000674760  -0.0000098963  -0.0000196271  -0.0001617740  -0.0000359297
       -0.0000426058  -0.0000031838   0.0000164715  -0.0000087284   0.0000749046
        0.0000745313  -0.0001846794  -0.0002376088   0.0000223293   0.0001428344
       -0.0057213253   0.0044519358  -0.0070913473   0.0051041936  -0.0026145857
        0.0032287649  -0.2263000068   0.0098853446   0.1100694935  -0.0485883522
       -0.0168625336  -0.0339949387  -0.0798980860  -0.0876586232   0.0103508129
        0.0000289231  -0.0000807239   0.0000376226   0.0000220022  -0.0000751656
       -0.0000582671   0.0001663520  -0.0000460895   0.0000387936   0.0001639409
        0.0000501064   0.0001766393   0.0003097403   0.0002692219  -0.0002745651
        0.0081894779  -0.0007844356   0.0002060000   0.0485955981  -0.1141025271
        0.0431343228   0.0246174944   0.5065616035   0.0194695785   0.0000066431
        0.0000185293  -0.0000404435  -0.0000223816   0.0000271088  -0.0000041972
        0.0000164981   0.0000248457   0.0000028894   0.0000493634   0.0000330866
        0.0000164058  -0.0000112932   0.0000253888  -0.0000213338   0.0000291939
       -0.0000018562   0.0000275197   0.0000239374   0.0000286963   0.0000141431
       -0.0053028364   0.0060266250  -0.0045084737   0.0177954483  -0.0195943025
        0.0158848299   0.0107757801  -0.0426354931  -0.0071678780  -0.0165317306
       -0.0862966881  -0.0907635906  -0.0889221513  -0.2494479306   0.0238300041
        0.0000652082   0.0000375455  -0.0000764058   0.0000546612  -0.0000048860
       -0.0001772151   0.0007258543  -0.0003081012   0.0002032442   0.0021571281
        0.0012037351  -0.0034094266  -0.0008688828  -0.0003536187   0.0014418008
        0.0112665532  -0.0088917417   0.0099144853  -0.0515869262   0.0443311884
       -0.1079014075  -0.0264542386   0.0194695785   0.5135548663  -0.0000100274
        0.0000219769   0.0000054559  -0.0000310725  -0.0000368294   0.0000331271
       -0.0000078812   0.0000007751   0.0000298997   0.0000388438   0.0000270023
        0.0000379603   0.0000306787  -0.0000400802   0.0000468406  -0.0000793695
       -0.0000029846   0.0001074485   0.0000604006  -0.0000361453  -0.0000248054
       -0.0187136775   0.0146627685  -0.0164805317  -0.0031569212   0.0040575397
       -0.0017223476   0.1085646258  -0.0065329659  -0.1062549424  -0.0331829635
       -0.0922070836  -0.2419065189   0.0111280065   0.0246023266  -0.0474215279
       -0.1922340845   0.0188297313   0.1122256921  -0.0047334830   0.0037266896
        0.0042736135   0.0009503469  -0.0004966204  -0.0004302543   0.0006089485
        0.0000564299   0.0004695753  -0.0002022339  -0.0001073844  -0.0002984244
       -0.0002201118  -0.0000403034  -0.0002920914  -0.0002338820  -0.0000868567
       -0.0001408845  -0.0000314432   0.0000066431  -0.0000100274   0.2219095448
       -0.0233213032  -0.1323382557   0.0018940327  -0.0009785634  -0.0002548796
       -0.0279540913   0.0007285657   0.0164244508   0.0005551054   0.0018050231
        0.0003190914  -0.0000942518  -0.0000739436  -0.0001698257  -0.0000885510
        0.0000523642   0.0000355566  -0.0001203779  -0.0001566985  -0.0000492688
       -0.0000623541  -0.0000055292   0.0001513794   0.0000353805   0.0000384958
        0.0000560344   0.0000105282  -0.0000025404   0.0000183240   0.0000335378
       -0.0000092417   0.0000342161  -0.0000225601   0.0000350422  -0.0000240217
        0.0184764469  -0.0448438451  -0.0133877241   0.0248949870  -0.0077540917
       -0.0198621804   0.0003867854   0.0011234618   0.0003696706  -0.0007468666
       -0.0000510581  -0.0010434388   0.0001155340  -0.0001975188   0.0008791500
       -0.0000385953  -0.0001294808   0.0000282553  -0.0001467490  -0.0000197558
       -0.0000775125   0.0000736130   0.0000185293   0.0000219769  -0.0233213032
        0.0543996997   0.0182590055  -0.0133453750   0.0014376457   0.0114751252
       -0.0085075246   0.0014838527   0.0057970927   0.0018038375  -0.0065088792
       -0.0023770767   0.0003111904   0.0009227952  -0.0003603483  -0.0000012492
       -0.0000642983   0.0000382780   0.0000504318   0.0001940618   0.0002170696
       -0.0000553379   0.0000766429  -0.0000041763   0.0000021973  -0.0000379101
       -0.0000108170   0.0000199855  -0.0000198691   0.0000113148  -0.0000048543
       -0.0000256266  -0.0000034657   0.0000328464  -0.0000043553   0.0000298012
        0.1124554831  -0.0137180659  -0.1313538646   0.0075049657  -0.0042458039
       -0.0056837211   0.0002011341   0.0003408321   0.0002880140   0.0000646419
       -0.0013775262   0.0003808278  -0.0000519851   0.0001730692  -0.0001395773
       -0.0004321014   0.0007205231  -0.0001450000  -0.0002779740  -0.0001390892
        0.0000806380   0.0000511479  -0.0000404435   0.0000054559  -0.1323382557
        0.0182590055   0.1490938667   0.0238663076   0.0002313654  -0.0215986567
       -0.0111629862   0.0011780309   0.0084233139   0.0004504525  -0.0022777149
        0.0003322896  -0.0005426949   0.0005148914   0.0006398588   0.0001793871
        0.0000498535  -0.0003138704  -0.0000070742   0.0002417945   0.0000512439
        0.0000229098  -0.0000289785   0.0000370277   0.0000614918   0.0000392506
       -0.0000332299   0.0000448788   0.0000060349  -0.0000055593  -0.0000172748
        0.0000136717  -0.0000281893  -0.0000724541   0.0000592994  -0.0000308677
       -0.0495365140   0.0181572357  -0.0282233331  -0.0003817872   0.0031783063
       -0.0036010135   0.0004692277  -0.0008283890   0.0007124196   0.0001331590
       -0.0002381179   0.0003906748  -0.0000047547   0.0001050340  -0.0001970558
       -0.0000140938   0.0002753392  -0.0000888115  -0.0001890563  -0.0000393979
        0.0001058659   0.0000033570  -0.0000223816  -0.0000310725   0.0018940327
       -0.0133453750   0.0238663076   0.0532614956  -0.0220384353   0.0330523787
       -0.0061646521   0.0134561861  -0.0253043616  -0.0000577883   0.0003931623
       -0.0004409678   0.0005010758   0.0010902142   0.0001514938   0.0001311480
       -0.0002312274  -0.0002644396  -0.0001115545   0.0000117158  -0.0000844248
        0.0000549078  -0.0000100053  -0.0000073172   0.0000416008   0.0000394500
       -0.0000253182   0.0000356576   0.0000138276  -0.0000147416  -0.0000139255
        0.0000036329  -0.0000053022  -0.0000515358   0.0000292254   0.0000090190
        0.0182135818  -0.1111643894   0.1072570915   0.0047234019  -0.0227304648
        0.0244839167   0.0005611333   0.0009441090   0.0008384343  -0.0000836059
       -0.0005088996   0.0003989729   0.0000364231   0.0000842204  -0.0002665180
       -0.0000988002   0.0002668269  -0.0000354589  -0.0000739874  -0.0000132735
       -0.0000426279   0.0000538345   0.0000271088  -0.0000368294  -0.0009785634
        0.0014376457   0.0002313654  -0.0220384353   0.1325122628  -0.1247203330
       -0.0010947507   0.0053317890  -0.0067975391  -0.0001269584   0.0007388933
        0.0004925421   0.0012207894  -0.0070984736  -0.0011880095  -0.0005340595
       -0.0001805353  -0.0006421188   0.0001439144   0.0003697729   0.0000259674
        0.0000301550  -0.0000253243  -0.0000067111   0.0000503553   0.0000008642
        0.0000078830   0.0000269251  -0.0000103148   0.0000018436  -0.0000161335
       -0.0000143840  -0.0000109149  -0.0000152195   0.0000325665   0.0000090435
       -0.0281123554   0.1076226999  -0.2099851233   0.0001417413  -0.0007480410
        0.0048214178   0.0005360470  -0.0009266304   0.0008951249  -0.0004586565
        0.0004950142  -0.0004597347   0.0001613747   0.0000933935   0.0000563965
        0.0003995739  -0.0003821572   0.0000528840  -0.0000124405   0.0000579871
        0.0000867906  -0.0000037084  -0.0000041972   0.0000331271  -0.0002548796
        0.0114751252  -0.0215986567   0.0330523787  -0.1247203330   0.2414881527
       -0.0051094000   0.0085750161  -0.0168322334  -0.0001382185  -0.0002846875
        0.0005418872  -0.0002038550  -0.0011637955   0.0008774917   0.0000870044
        0.0000649531   0.0001438971  -0.0000244722  -0.0001339416  -0.0000744351
       -0.0000441078   0.0000250288  -0.0000432350  -0.0000267151  -0.0000159764
       -0.0000148358  -0.0000152002  -0.0000039480  -0.0000060682  -0.0000070753
       -0.0000025641   0.0000060489   0.0000329643  -0.0000229460   0.0000111036
       -0.2061125414  -0.0652255203  -0.0936860781   0.0013698442  -0.0006681808
        0.0002213544   0.0011116425  -0.0002214208   0.0001250712   0.0001095079
        0.0003562884  -0.0002630896  -0.0000294303  -0.0000105912   0.0000722638
        0.0000960685  -0.0002647040   0.0001167733   0.0001038118   0.0000102439
       -0.0000377609  -0.0000674760   0.0000164981  -0.0000078812  -0.0279540913
       -0.0085075246  -0.0111629862  -0.0061646521  -0.0010947507  -0.0051094000
        0.2368047457   0.0754770292   0.1091489664   0.0005869913   0.0003374236
        0.0000617899   0.0000579047  -0.0001073950   0.0002783385   0.0000794283
        0.0000270714   0.0002802428  -0.0000703660  -0.0000880621  -0.0000336944
        0.0000466306   0.0000141977  -0.0000230404  -0.0000188090  -0.0000164630
       -0.0000035519  -0.0000095943  -0.0000004720   0.0000070607   0.0000244396
        0.0000047628   0.0000132120   0.0000359452  -0.0000384307   0.0000024097
       -0.0647007031  -0.0674658741  -0.0365375629  -0.0235202129  -0.0134100997
       -0.0149818291  -0.0000706465  -0.0061515743  -0.0015358341   0.0005489157
       -0.0001603889  -0.0008539261   0.0000323076  -0.0001132372   0.0003374720
        0.0000042351   0.0000812917   0.0000630625  -0.0000148764  -0.0000138156
       -0.0000261166  -0.0000098963   0.0000248457   0.0000007751   0.0007285657
        0.0014838527   0.0011780309   0.0134561861   0.0053317890   0.0085750161
        0.0754770292   0.0803544536   0.0445549636  -0.0003517545   0.0006510553
       -0.0000452254  -0.0004923048   0.0003401754  -0.0000281653   0.0002208819
       -0.0000960390   0.0001592213  -0.0013325786  -0.0008376420  -0.0008743758
        0.0000007520  -0.0000041923   0.0000083412   0.0000140286  -0.0000114299
        0.0000066426   0.0000043985  -0.0000008434   0.0000063451   0.0000085003
       -0.0000065661  -0.0000058102  -0.0000028278   0.0000042391  -0.0000010246
       -0.0936111613  -0.0368565560  -0.0985504170  -0.0064813060  -0.0042564858
       -0.0039624145  -0.0000670098  -0.0022980911   0.0001039647   0.0003213743
       -0.0000834174  -0.0003374661  -0.0000314043  -0.0001285714   0.0002070436
       -0.0001412806   0.0000837264  -0.0000986033   0.0000833865  -0.0000098755
       -0.0000396857  -0.0000196271   0.0000028894   0.0000298997   0.0164244508
        0.0057970927   0.0084233139  -0.0253043616  -0.0067975391  -0.0168322334
        0.1091489664   0.0445549636   0.1107932074  -0.0002272805  -0.0000757620
       -0.0002349558   0.0001515185   0.0003850675   0.0003488736   0.0002050006
        0.0000397796   0.0002272698  -0.0004355621  -0.0003430844  -0.0001063995
       -0.0000334636   0.0000036616   0.0000230800  -0.0000063321  -0.0000150462
        0.0000144704  -0.0000066878  -0.0000026911   0.0000108666   0.0000169820
        0.0000029052  -0.0000027022   0.0000137977  -0.0000029661  -0.0000171120
       -0.0045746209   0.0031934074   0.0046260851  -0.1952278497   0.0202389674
        0.1103884857  -0.0265495328  -0.0019802754   0.0115349434  -0.0025437824
       -0.0025120202  -0.0043289344   0.0001475728   0.0001385993   0.0007058371
       -0.0018539082   0.0007784394   0.0005047264  -0.0000753406   0.0004620473
       -0.0000121356  -0.0001617740   0.0000493634   0.0000388438   0.0005551054
        0.0018038375   0.0004504525  -0.0000577883  -0.0001269584  -0.0001382185
        0.0005869913  -0.0003517545  -0.0002272805   0.2277374802  -0.0214125205
       -0.1258320768   0.0011524657  -0.0006472608   0.0014454888   0.0001937159
        0.0003051455   0.0003594659   0.0005773190   0.0001069087   0.0004716246
       -0.0000111807  -0.0000002650   0.0000185228   0.0000795743  -0.0000292092
       -0.0000200523  -0.0000228726   0.0000103105  -0.0000012808   0.0000280150
       -0.0000151466   0.0000060781   0.0000204108  -0.0000116157   0.0000094249
        0.0238151417  -0.0079659195  -0.0186043740   0.0197937092  -0.0439772507
       -0.0116192403  -0.0091541704   0.0001242167   0.0042100961  -0.0016713502
       -0.0003270334  -0.0013920524   0.0000830694   0.0000246424   0.0000381997
       -0.0005187547   0.0001504151   0.0003274494  -0.0001203582   0.0001633872
        0.0000318425  -0.0000359297   0.0000330866   0.0000270023   0.0018050231
       -0.0065088792  -0.0022777149   0.0003931623   0.0007388933  -0.0002846875
        0.0003374236   0.0006510553  -0.0000757620  -0.0214125205   0.0551048616
        0.0177855296  -0.0129321917   0.0015623246   0.0114515202   0.0004188612
        0.0000690607   0.0000525567  -0.0007509910   0.0001753795   0.0003293005
       -0.0000377165  -0.0000298548   0.0000065393   0.0000174008   0.0000049862
        0.0000106852  -0.0000234579   0.0000076686  -0.0000056905   0.0000029888
        0.0000025706  -0.0000010512  -0.0000093395  -0.0000036110  -0.0000101484
        0.0070875923  -0.0037543018  -0.0049990589   0.1109248851  -0.0114894147
       -0.1220589556  -0.0128309926  -0.0004270064   0.0069070054  -0.0015902206
       -0.0011105846  -0.0017795103   0.0000152876   0.0000763417   0.0007071871
       -0.0004551538   0.0003471228   0.0003136074  -0.0002890331   0.0002083134
        0.0001382158  -0.0000426058   0.0000164058   0.0000379603   0.0003190914
       -0.0023770767   0.0003322896  -0.0004409678   0.0004925421   0.0005418872
        0.0000617899  -0.0000452254  -0.0002349558  -0.1258320768   0.0177855296
        0.1396425757   0.0233832332   0.0000120787  -0.0203558397  -0.0002577467
       -0.0000566069   0.0003711936  -0.0000231241   0.0003095667   0.0004407696
       -0.0000546189   0.0000105363   0.0000086663   0.0000279242   0.0000085196
       -0.0000175597  -0.0000070484   0.0000024505  -0.0000085141   0.0000109249
        0.0000003244   0.0000202430  -0.0000071400  -0.0000095149  -0.0000072071
        0.0004180163   0.0030738956  -0.0035321665  -0.0464893135   0.0137517370
       -0.0181390726  -0.0069164010   0.0110292937  -0.0231097173  -0.0006723964
        0.0018407676  -0.0020351901   0.0009109613  -0.0002750406   0.0005725616
        0.0006705571  -0.0005377950   0.0002081988  -0.0001192099  -0.0000591368
        0.0000505965  -0.0000031838  -0.0000112932   0.0000306787  -0.0000942518
        0.0003111904  -0.0005426949   0.0005010758   0.0012207894  -0.0002038550
        0.0000579047  -0.0004923048   0.0001515185   0.0011524657  -0.0129321917
        0.0233832332   0.0542346429  -0.0157482729   0.0263013792  -0.0041609786
       -0.0014302542  -0.0033431778   0.0004829629   0.0002347959   0.0002189933
       -0.0000089609   0.0000412392  -0.0000011063  -0.0000104564   0.0000080364
       -0.0000265011   0.0000180427  -0.0000106385   0.0000076581   0.0000235393
        0.0000061033   0.0000162743   0.0000049835  -0.0000209207  -0.0000076105
        0.0040225731  -0.0225467026   0.0234550527   0.0142575278  -0.1080182887
        0.1044535408  -0.0012346083   0.0049473460  -0.0076695021  -0.0001291122
        0.0003912844   0.0006573187   0.0001151573  -0.0002970489  -0.0007127022
        0.0005308728  -0.0001982947   0.0000991254  -0.0001148006   0.0000267149
        0.0001599127   0.0000164715   0.0000253888  -0.0000400802  -0.0000739436
        0.0009227952   0.0005148914   0.0010902142  -0.0070984736  -0.0011637955
       -0.0001073950   0.0003401754   0.0003850675  -0.0006472608   0.0015623246
        0.0000120787  -0.0157482729   0.1295478040  -0.1188019661  -0.0018406508
        0.0000467211  -0.0009065734  -0.0001047333   0.0003770199  -0.0004421412
        0.0000050444  -0.0000294052  -0.0000085576  -0.0000127948   0.0000134031
        0.0000032958   0.0000044044   0.0000002754  -0.0000039815  -0.0000108965
        0.0000014372  -0.0000021471  -0.0000177968  -0.0000144762   0.0000111631
        0.0004997782  -0.0018845018   0.0048182016  -0.0191083695   0.1047498124
       -0.2066511231  -0.0071790802   0.0073361822  -0.0170420689   0.0002453713
        0.0009129323  -0.0000757772   0.0002770720  -0.0006649387   0.0007200749
       -0.0000288063  -0.0000168110  -0.0000882544   0.0002035005  -0.0000557772
       -0.0000891704  -0.0000087284  -0.0000213338   0.0000468406  -0.0001698257
       -0.0003603483   0.0006398588   0.0001514938  -0.0011880095   0.0008774917
        0.0002783385  -0.0000281653   0.0003488736   0.0014454888   0.0114515202
       -0.0203558397   0.0263013792  -0.1188019661   0.2386658666  -0.0030614549
       -0.0014815588  -0.0016574402   0.0001236194   0.0000675253  -0.0001575560
        0.0000063644   0.0000233956   0.0000230720  -0.0000167777  -0.0000285876
       -0.0000049011  -0.0000036307  -0.0000062948   0.0000155323   0.0000239904
        0.0000044439  -0.0000149053   0.0000202769  -0.0000075191  -0.0000187758
        0.0006727690   0.0007608495   0.0004344054  -0.0066994001   0.0114524710
       -0.0209635088  -0.0504851333   0.0283099436  -0.0377771402   0.0049993505
       -0.0128120612   0.0168168434  -0.0053405468  -0.0010412189   0.0071043827
        0.0004259758  -0.0006115048   0.0002807962  -0.0001344715  -0.0000505965
        0.0002922613   0.0000749046   0.0000291939  -0.0000793695  -0.0000885510
       -0.0000012492   0.0001793871   0.0001311480  -0.0005340595   0.0000870044
        0.0000794283   0.0002208819   0.0002050006   0.0001937159   0.0004188612
       -0.0002577467  -0.0041609786  -0.0018406508  -0.0030614549   0.0602571432
       -0.0292288740   0.0419733697  -0.0001433397   0.0049542850  -0.0050432156
        0.0001031015  -0.0000745400  -0.0001188229   0.0001441033   0.0000253622
       -0.0000228465   0.0000771567  -0.0000216405  -0.0000289082  -0.0000878201
       -0.0000269137  -0.0000429759  -0.0000185556   0.0000714608   0.0000225380
       -0.0005601610   0.0012029095  -0.0010634887  -0.0011408030   0.0050308028
       -0.0063849902   0.0263700793  -0.1215934910   0.1090299793  -0.0004898609
       -0.0015829196   0.0031102443  -0.0002563366   0.0013319396   0.0005714288
       -0.0003076929  -0.0001939325  -0.0010438376   0.0002893969   0.0001922604
       -0.0001181352   0.0000745313  -0.0000018562  -0.0000029846   0.0000523642
       -0.0000642983   0.0000498535  -0.0002312274  -0.0001805353   0.0000649531
        0.0000270714  -0.0000960390   0.0000397796   0.0003051455   0.0000690607
       -0.0000566069  -0.0014302542   0.0000467211  -0.0014815588  -0.0292288740
        0.1367880571  -0.1257076705   0.0063841612  -0.0208619136   0.0231041140
        0.0000520788  -0.0000377928  -0.0000680154   0.0000889862  -0.0000329419
       -0.0000044182   0.0000147687  -0.0000295594   0.0000058744  -0.0000405407
        0.0000136171  -0.0000292857   0.0000271673  -0.0000000887  -0.0000152352
        0.0006324520   0.0006350820   0.0006654664  -0.0066508279   0.0074331889
       -0.0146701145  -0.0353195990   0.1080955918  -0.1930115417  -0.0019667829
        0.0122959922  -0.0178098670   0.0050779452   0.0016242376  -0.0053582310
       -0.0005354539  -0.0005857508   0.0003974223  -0.0004689007   0.0000331276
        0.0003330173  -0.0001846794   0.0000275197   0.0001074485   0.0000355566
        0.0000382780  -0.0003138704  -0.0002644396  -0.0006421188   0.0001438971
        0.0002802428   0.0001592213   0.0002272698   0.0003594659   0.0000525567
        0.0003711936  -0.0033431778  -0.0009065734  -0.0016574402   0.0419733697
       -0.1257076705   0.2248808967   0.0007872885  -0.0025842097   0.0055724623
       -0.0001606205   0.0000952106   0.0000667901  -0.0002151065  -0.0000376761
        0.0000255931  -0.0000923068   0.0000368953  -0.0000149037   0.0000249627
        0.0000201353   0.0000449142   0.0000306114  -0.0000830378  -0.0000004031
       -0.0033010439  -0.0018402555  -0.0026331123   0.0014093726  -0.0221937094
       -0.0085433770  -0.0425620289   0.0472419147   0.0151733325  -0.0072318634
        0.0225835172   0.0117075042  -0.0002425584  -0.0007233290  -0.0022160025
       -0.0037006143  -0.0002550276   0.0013425554  -0.0015733750  -0.0004889131
       -0.0005022441  -0.0002376088   0.0000239374   0.0000604006  -0.0001203779
        0.0000504318  -0.0000070742  -0.0001115545   0.0001439144  -0.0000244722
       -0.0000703660  -0.0013325786  -0.0004355621   0.0005773190  -0.0007509910
       -0.0000231241   0.0004829629  -0.0001047333   0.0001236194  -0.0001433397
        0.0063841612   0.0007872885   0.0568349473  -0.0486833720  -0.0147175050
        0.0002121630  -0.0000801200  -0.0001816332  -0.0002160404   0.0000520241
        0.0000849074  -0.0000347453   0.0000306923  -0.0000212859  -0.0000076894
        0.0000203269   0.0000085228   0.0000364412  -0.0000778907   0.0000172618
       -0.0029168023  -0.0004563413  -0.0018466040  -0.0009155183  -0.0128734821
       -0.0057518203   0.0434663237  -0.2500350006  -0.0593825622   0.0041387016
       -0.0026953227  -0.0029374455  -0.0007676774   0.0001350852   0.0006964272
        0.0008593195   0.0000496345  -0.0006464305  -0.0002126865   0.0000353942
        0.0002491754   0.0000223293   0.0000286963  -0.0000361453  -0.0001566985
        0.0001940618   0.0002417945   0.0000117158   0.0003697729  -0.0001339416
       -0.0000880621  -0.0008376420  -0.0003430844   0.0001069087   0.0001753795
        0.0003095667   0.0002347959   0.0003770199   0.0000675253   0.0049542850
       -0.0208619136  -0.0025842097  -0.0486833720   0.2863529030   0.0720320638
       -0.0000668217  -0.0000085172   0.0000587250   0.0000602960   0.0000228594
       -0.0000037671  -0.0000021363   0.0000083973   0.0000032157  -0.0000031487
       -0.0000070881   0.0000057996  -0.0000417519   0.0000261036   0.0000017176
       -0.0026152260  -0.0011003907  -0.0009536936  -0.0006544828  -0.0153792805
       -0.0049585921   0.0143203503  -0.0610790854  -0.0604063894   0.0046025976
       -0.0187303990  -0.0056744073   0.0003305034   0.0020939082   0.0002458383
        0.0027124393  -0.0004114996  -0.0009655177   0.0004903228   0.0002039615
        0.0006116458   0.0001428344   0.0000141431  -0.0000248054  -0.0000492688
        0.0002170696   0.0000512439  -0.0000844248   0.0000259674  -0.0000744351
       -0.0000336944  -0.0008743758  -0.0001063995   0.0004716246   0.0003293005
        0.0004407696   0.0002189933  -0.0004421412  -0.0001575560  -0.0050432156
        0.0231041140   0.0055724623  -0.0147175050   0.0720320638   0.0663706592
       -0.0001330152   0.0000284150   0.0000489923   0.0000576445  -0.0000407985
        0.0000041641   0.0000149228  -0.0000231979   0.0000058573  -0.0000138550
        0.0000185234  -0.0000052222  -0.0000175456   0.0000137023  -0.0000246143
       -0.0000965762   0.0000233163   0.0000738523  -0.0001922608   0.0000529691
        0.0000729568  -0.0006917317  -0.0007603718  -0.0004738324   0.0008253183
       -0.0001986959   0.0029857768   0.0005051988  -0.0001132699  -0.0007642529
       -0.0070583408   0.0137326262   0.0328233139  -0.0492778914  -0.0227637547
       -0.0455535416  -0.0057213253  -0.0053028364  -0.0187136775  -0.0000623541
       -0.0000553379   0.0000229098   0.0000549078   0.0000301550  -0.0000441078
        0.0000466306   0.0000007520  -0.0000334636  -0.0000111807  -0.0000377165
       -0.0000546189  -0.0000089609   0.0000050444   0.0000063644   0.0001031015
        0.0000520788  -0.0001606205   0.0002121630  -0.0000668217  -0.0001330152
        0.0644145995   0.0197684559   0.0425550971  -0.0012345856  -0.0066195446
       -0.0100961423   0.0000266278  -0.0001350488  -0.0003395870  -0.0024111788
        0.0029547847  -0.0026878755   0.0005778389  -0.0005667843   0.0005144638
       -0.0000184034   0.0000160787   0.0000259265   0.0000274552   0.0000419699
       -0.0000418265   0.0000632297   0.0001218935   0.0002136502  -0.0002986996
        0.0021656486  -0.0030963601  -0.0010684712  -0.0005915285   0.0014818299
        0.0040241616   0.0001756482  -0.0022057065  -0.0199375154  -0.0796052344
       -0.0793932653   0.0044519358   0.0060266250   0.0146627685  -0.0000055292
        0.0000766429  -0.0000289785  -0.0000100053  -0.0000253243   0.0000250288
        0.0000141977  -0.0000041923   0.0000036616  -0.0000002650  -0.0000298548
        0.0000105363   0.0000412392  -0.0000294052   0.0000233956  -0.0000745400
       -0.0000377928   0.0000952106  -0.0000801200  -0.0000085172   0.0000284150
        0.0197684559   0.0890384839   0.0918437461  -0.0092661795  -0.0171469205
       -0.0269456514  -0.0003204858   0.0002511611   0.0000834364   0.0025053972
       -0.0011008194   0.0025546672   0.0001841421   0.0006654376   0.0006595156
       -0.0000499450   0.0000229368   0.0000206079  -0.0000296259  -0.0000197384
       -0.0000285158   0.0003853540   0.0003674206   0.0001914906  -0.0017078436
        0.0013527639  -0.0008101910  -0.0002371196  -0.0009089341   0.0006481520
        0.0147577801  -0.0090747798  -0.0259568822  -0.0447573954  -0.0780571885
       -0.2154513509  -0.0070913473  -0.0045084737  -0.0164805317   0.0001513794
       -0.0000041763   0.0000370277  -0.0000073172  -0.0000067111  -0.0000432350
       -0.0000230404   0.0000083412   0.0000230800   0.0000185228   0.0000065393
        0.0000086663  -0.0000011063  -0.0000085576   0.0000230720  -0.0001188229
       -0.0000680154   0.0000667901  -0.0001816332   0.0000587250   0.0000489923
        0.0425550971   0.0918437461   0.2586634793  -0.0017078002  -0.0025975920
       -0.0001664901   0.0002153149  -0.0002780098   0.0004238730  -0.0026712747
        0.0023039015  -0.0015283607   0.0005008235  -0.0004321977   0.0003103261
       -0.0000872951  -0.0000149438  -0.0000370137   0.0002768437  -0.0000510104
       -0.0000862315  -0.0000133877   0.0010699818   0.0005144550   0.0006073610
       -0.0035012341   0.0033037498   0.0011143959   0.0005058845  -0.0015659319
       -0.0281224596  -0.0249696493   0.0122367927  -0.0615848359  -0.0680583781
        0.0058829214   0.0051041936   0.0177954483  -0.0031569212   0.0000353805
        0.0000021973   0.0000614918   0.0000416008   0.0000503553  -0.0000267151
       -0.0000188090   0.0000140286  -0.0000063321   0.0000795743   0.0000174008
        0.0000279242  -0.0000104564  -0.0000127948  -0.0000167777   0.0001441033
        0.0000889862  -0.0002151065  -0.0002160404   0.0000602960   0.0000576445
       -0.0012345856  -0.0092661795  -0.0017078002   0.0850988045   0.0828813614
       -0.0130111608   0.0003237785   0.0003229449  -0.0001621089   0.0005255484
        0.0001469429   0.0004323510  -0.0020637150   0.0029183621  -0.0025252308
       -0.0000127408   0.0000319843  -0.0000254658   0.0001037250   0.0000193970
        0.0000922221  -0.0000450304  -0.0001629290  -0.0000876588   0.0016697019
       -0.0000166263   0.0010137604  -0.0001508771  -0.0000602719  -0.0011031412
       -0.0078965340   0.0024789744   0.0047650014  -0.0697913339  -0.2381999904
        0.0185882447  -0.0026145857  -0.0195943025   0.0040575397   0.0000384958
       -0.0000379101   0.0000392506   0.0000394500   0.0000008642  -0.0000159764
       -0.0000164630  -0.0000114299  -0.0000150462  -0.0000292092   0.0000049862
        0.0000085196   0.0000080364   0.0000134031  -0.0000285876   0.0000253622
       -0.0000329419  -0.0000376761   0.0000520241   0.0000228594  -0.0000407985
       -0.0066195446  -0.0171469205  -0.0025975920   0.0828813614   0.2736044624
       -0.0264226855  -0.0001209858   0.0001078303  -0.0002279246  -0.0005938268
        0.0008412305  -0.0004880353   0.0030729747  -0.0018626695   0.0025260495
        0.0000374948  -0.0000198908   0.0000271733  -0.0001383617   0.0000001902
        0.0000414712   0.0001071083  -0.0004031164  -0.0003491495  -0.0005555227
        0.0001022360   0.0014978218   0.0006813117   0.0001681560  -0.0004212290
        0.0177339476   0.0167010014  -0.0070550696   0.0032208372   0.0180410078
       -0.0447161440   0.0032287649   0.0158848299  -0.0017223476   0.0000560344
       -0.0000108170  -0.0000332299  -0.0000253182   0.0000078830  -0.0000148358
       -0.0000035519   0.0000066426   0.0000144704  -0.0000200523   0.0000106852
       -0.0000175597  -0.0000265011   0.0000032958  -0.0000049011  -0.0000228465
       -0.0000044182   0.0000255931   0.0000849074  -0.0000037671   0.0000041641
       -0.0100961423  -0.0269456514  -0.0001664901  -0.0130111608  -0.0264226855
        0.0535513202   0.0003612204  -0.0003128888   0.0002643028   0.0004274860
        0.0006211090   0.0001888649  -0.0020396552   0.0025761982  -0.0011142254
       -0.0000465988  -0.0000183597  -0.0000116915  -0.0000393740   0.0000003191
        0.0000689992  -0.0004059275   0.0001979228  -0.0001578424  -0.0005526162
       -0.0006424664   0.0016338197   0.0002055050   0.0002030567  -0.0005391341
       -0.0042805322   0.0038939024  -0.0032539074  -0.0195283282   0.0025120746
        0.0092518344  -0.2263000068   0.0107757801   0.1085646258   0.0000105282
        0.0000199855   0.0000448788   0.0000356576   0.0000269251  -0.0000152002
       -0.0000095943   0.0000043985  -0.0000066878  -0.0000228726  -0.0000234579
       -0.0000070484   0.0000180427   0.0000044044  -0.0000036307   0.0000771567
        0.0000147687  -0.0000923068  -0.0000347453  -0.0000021363   0.0000149228
        0.0000266278  -0.0003204858   0.0002153149   0.0003237785  -0.0001209858
        0.0003612204   0.2612151550  -0.0142431378  -0.1248662148   0.0029108210
        0.0000644413   0.0002166375  -0.0136026767  -0.0023469496   0.0085814105
        0.0000034641   0.0000171708  -0.0000005305   0.0000532837   0.0000148831
       -0.0000153984   0.0002566428  -0.0001852776   0.0000889001   0.0009246147
        0.0001519993  -0.0007259572  -0.0002076380  -0.0000022786   0.0000358618
        0.0036589736  -0.0020548652   0.0019122690   0.0144575263  -0.0014730849
       -0.0073960115   0.0098853446  -0.0426354931  -0.0065329659  -0.0000025404
       -0.0000198691   0.0000060349   0.0000138276  -0.0000103148  -0.0000039480
       -0.0000004720  -0.0000008434  -0.0000026911   0.0000103105   0.0000076686
        0.0000024505  -0.0000106385   0.0000002754  -0.0000062948  -0.0000216405
       -0.0000295594   0.0000368953   0.0000306923   0.0000083973  -0.0000231979
       -0.0001350488   0.0002511611  -0.0002780098   0.0003229449   0.0001078303
       -0.0003128888  -0.0142431378   0.0470799954   0.0067416776   0.0114450445
       -0.0006925371  -0.0087828675  -0.0264415536  -0.0005352582   0.0152566724
       -0.0000192103  -0.0000113346   0.0000058234  -0.0000547291  -0.0000029612
        0.0000130868  -0.0001928786   0.0000981928  -0.0000818087  -0.0010747835
        0.0003768958   0.0002403815   0.0001691739  -0.0002348462   0.0002329348
       -0.0028374796   0.0017618483  -0.0004129069  -0.0108904760   0.0008315467
        0.0061500962   0.1100694935  -0.0071678780  -0.1062549424   0.0000183240
        0.0000113148  -0.0000055593  -0.0000147416   0.0000018436  -0.0000060682
        0.0000070607   0.0000063451   0.0000108666  -0.0000012808  -0.0000056905
       -0.0000085141   0.0000076581  -0.0000039815   0.0000155323  -0.0000289082
        0.0000058744  -0.0000149037  -0.0000212859   0.0000032157   0.0000058573
       -0.0003395870   0.0000834364   0.0004238730  -0.0001621089  -0.0002279246
        0.0002643028  -0.1248662148   0.0067416776   0.1199408631   0.0256217281
       -0.0029381533  -0.0184278465   0.0046102461   0.0006705786  -0.0020910679
       -0.0000192674   0.0000104835   0.0000114553   0.0000055576   0.0000095294
       -0.0000120856   0.0001498124   0.0000489285   0.0000543100  -0.0004063842
        0.0004468880  -0.0009600419  -0.0000439679  -0.0003046871   0.0005808242
        0.0020538851  -0.0007418582   0.0003539977  -0.0060537411  -0.0058334072
       -0.0205742870  -0.0485883522  -0.0165317306  -0.0331829635   0.0000335378
       -0.0000048543  -0.0000172748  -0.0000139255  -0.0000161335  -0.0000070753
        0.0000244396   0.0000085003   0.0000169820   0.0000280150   0.0000029888
        0.0000109249   0.0000235393  -0.0000108965   0.0000239904  -0.0000878201
       -0.0000405407   0.0000249627  -0.0000076894  -0.0000031487  -0.0000138550
       -0.0024111788   0.0025053972  -0.0026712747   0.0005255484  -0.0005938268
        0.0004274860   0.0029108210   0.0114450445   0.0256217281   0.0538133252
        0.0174032695   0.0421946907  -0.0019361550  -0.0077999461  -0.0118824944
        0.0000104423   0.0000141635  -0.0000266858  -0.0000041646   0.0000031452
        0.0000235393  -0.0000286635   0.0000037377  -0.0000583045   0.0001374941
       -0.0001444172   0.0002861141   0.0000724188  -0.0000458614  -0.0000090431
       -0.0014184777   0.0003810343  -0.0002433697   0.0035319295   0.0068136475
        0.0159425794  -0.0168625336  -0.0862966881  -0.0922070836  -0.0000092417
       -0.0000256266   0.0000136717   0.0000036329  -0.0000143840  -0.0000025641
        0.0000047628  -0.0000065661   0.0000029052  -0.0000151466   0.0000025706
        0.0000003244   0.0000061033   0.0000014372   0.0000044439  -0.0000269137
        0.0000136171   0.0000201353   0.0000203269  -0.0000070881   0.0000185234
        0.0029547847  -0.0011008194   0.0023039015   0.0001469429   0.0008412305
        0.0006211090   0.0000644413  -0.0006925371  -0.0029381533   0.0174032695
        0.0964340748   0.1036461047  -0.0059914074  -0.0161746703  -0.0273981478
       -0.0000052583   0.0000076524   0.0000192691   0.0000469163   0.0000179153
        0.0000249527   0.0001085779  -0.0000375763   0.0000520566   0.0003213810
       -0.0003399723  -0.0001634394   0.0000704512  -0.0000209259   0.0001647234
        0.0004385137   0.0000914871   0.0008377926  -0.0069006997  -0.0042421169
       -0.0193470017  -0.0339949387  -0.0907635906  -0.2419065189   0.0000342161
       -0.0000034657  -0.0000281893  -0.0000053022  -0.0000109149   0.0000060489
        0.0000132120  -0.0000058102  -0.0000027022   0.0000060781  -0.0000010512
        0.0000202430   0.0000162743  -0.0000021471  -0.0000149053  -0.0000429759
       -0.0000292857   0.0000449142   0.0000085228   0.0000057996  -0.0000052222
       -0.0026878755   0.0025546672  -0.0015283607   0.0004323510  -0.0004880353
        0.0001888649   0.0002166375  -0.0087828675  -0.0184278465   0.0421946907
        0.1036461047   0.2790228792  -0.0002707723  -0.0015958666   0.0010424416
        0.0000101034  -0.0000082145   0.0000126458  -0.0000515116   0.0000091050
       -0.0000328006   0.0000515572  -0.0000642554  -0.0000153894  -0.0004097119
        0.0007525428  -0.0007165510  -0.0000803879  -0.0001962848   0.0004095253
        0.0021477447  -0.0010364146  -0.0000008751   0.0061469481   0.0189614617
       -0.0031487755  -0.0798980860  -0.0889221513   0.0111280065  -0.0000225601
        0.0000328464  -0.0000724541  -0.0000515358  -0.0000152195   0.0000329643
        0.0000359452  -0.0000028278   0.0000137977   0.0000204108  -0.0000093395
       -0.0000071400   0.0000049835  -0.0000177968   0.0000202769  -0.0000185556
        0.0000271673   0.0000306114   0.0000364412  -0.0000417519  -0.0000175456
        0.0005778389   0.0001841421   0.0005008235  -0.0020637150   0.0030729747
       -0.0020396552  -0.0136026767  -0.0264415536   0.0046102461  -0.0019361550
       -0.0059914074  -0.0002707723   0.0891029225   0.0997069771  -0.0104369386
       -0.0000445870   0.0000286984  -0.0000245327   0.0000186167   0.0000108787
        0.0000035039  -0.0001047300   0.0001102889   0.0000169675  -0.0002694654
       -0.0004359642   0.0002726323  -0.0000261939   0.0002930479  -0.0003787982
       -0.0006381302   0.0011280647  -0.0002456302  -0.0031754166  -0.0218976359
        0.0055956458  -0.0876586232  -0.2494479306   0.0246023266   0.0000350422
       -0.0000043553   0.0000592994   0.0000292254   0.0000325665  -0.0000229460
       -0.0000384307   0.0000042391  -0.0000029661  -0.0000116157  -0.0000036110
       -0.0000095149  -0.0000209207  -0.0000144762  -0.0000075191   0.0000714608
       -0.0000000887  -0.0000830378  -0.0000778907   0.0000261036   0.0000137023
       -0.0005667843   0.0006654376  -0.0004321977   0.0029183621  -0.0018626695
        0.0025761982  -0.0023469496  -0.0005352582   0.0006705786  -0.0077999461
       -0.0161746703  -0.0015958666   0.0997069771   0.2880773344  -0.0310078450
       -0.0000099176  -0.0000286349   0.0000465045   0.0000150876   0.0000008265
       -0.0000017685   0.0000234955  -0.0000517584   0.0000453404   0.0002750940
       -0.0000337275   0.0001152928  -0.0000292153   0.0000305063  -0.0001479631
        0.0003490971  -0.0007719224   0.0000885875   0.0047453141   0.0169631442
       -0.0028226959   0.0103508129   0.0238300041  -0.0474215279  -0.0000240217
        0.0000298012  -0.0000308677   0.0000090190   0.0000090435   0.0000111036
        0.0000024097  -0.0000010246  -0.0000171120   0.0000094249  -0.0000101484
       -0.0000072071  -0.0000076105   0.0000111631  -0.0000187758   0.0000225380
       -0.0000152352  -0.0000004031   0.0000172618   0.0000017176  -0.0000246143
        0.0005144638   0.0006595156   0.0003103261  -0.0025252308   0.0025260495
       -0.0011142254   0.0085814105   0.0152566724  -0.0020910679  -0.0118824944
       -0.0273981478   0.0010424416  -0.0104369386  -0.0310078450   0.0520386322
