           1           2   1.00396529695647     
           2           3  0.993821297116566     
           2           4   1.00546033956225     
           4           5   1.00107086841412     
           5           6   1.00588636453227     
           5           7   1.00448653699725     
           1           8  0.985701166419350     
           1           9  0.985818901061903     
           1          10  0.986000711548157     
           2          11  0.963103971026942     
           3          12  0.986716617390960     
           3          13  0.984604349296955     
           3          14  0.985709797356075     
           4          15  0.950117355326884     
           5          16  0.956445160812220     
           6          17  0.985606974934655     
           6          18  0.985405392694428     
           6          19  0.985832267682662     
           7          20  0.985245057115201     
           7          21  0.985943597043672     
           7          22  0.984001666705129     
