$hessian                                                                        
        0.4202280050   0.0406292653   0.0269574977  -0.1735866113   0.0392745485
        0.0511599697  -0.0106538407   0.0219243233  -0.0048479897  -0.0000844556
       -0.0011275817   0.0012741291  -0.0001104993   0.0011753775  -0.0007690788
        0.0019100682   0.0017699927   0.0005801651  -0.0004760187  -0.0009446658
       -0.0005521058  -0.1605384440  -0.0965829266  -0.0690179965  -0.0398927605
       -0.0015928079  -0.0031429021  -0.0381284353  -0.0026472150  -0.0014023646
        0.0015787494  -0.0020675725  -0.0002961076   0.0000260179  -0.0001688592
        0.0000966606   0.0001587206   0.0001991996   0.0000306807   0.0000127709
       -0.0000913290  -0.0000827215  -0.0003404532   0.0000566619   0.0000363892
        0.0001206775  -0.0000461666  -0.0001268987  -0.0002234909   0.0002397553
        0.0001026733
        0.0406292653   0.5129737523  -0.0324687166   0.0251252804  -0.0720375218
       -0.0011889401   0.0292594452  -0.0220802596  -0.0078110093   0.0021345399
       -0.0012764199  -0.0002404454  -0.0000307249   0.0000567631   0.0000077929
        0.0055453366  -0.0078429108  -0.0000111585   0.0001562730   0.0002845255
        0.0002747873  -0.0930493915  -0.1124217891  -0.0484509831  -0.0014560665
       -0.0440231297   0.0057078414  -0.0088880455  -0.2546068329   0.0849475844
        0.0005452003   0.0007479251  -0.0007152109   0.0000375022  -0.0000777121
        0.0000483109   0.0000045955  -0.0000333687  -0.0000487828   0.0000097173
        0.0001143980   0.0000102114   0.0000979892   0.0000248532  -0.0000874936
       -0.0000494163   0.0000621735   0.0000537117  -0.0000715003   0.0001355539
       -0.0000274997
        0.0269574977  -0.0324687166   0.4798559518   0.0560538019  -0.0083653005
       -0.0709646527  -0.0076356172  -0.0048094604  -0.0007157248   0.0003299276
        0.0002777679   0.0013090971  -0.0000190473  -0.0004421758   0.0000514635
       -0.0040980680   0.0040181347   0.0009831429   0.0003706500   0.0006243525
        0.0001683770  -0.0679388261  -0.0486982231  -0.0794410235  -0.0027635997
        0.0052433076  -0.2601950628   0.0015581006   0.0821070864  -0.0738961740
       -0.0028271333   0.0028650747   0.0028699624  -0.0000581558   0.0000959502
        0.0000044707  -0.0000467849  -0.0000183565  -0.0000515610  -0.0000203631
       -0.0000006770   0.0000012570   0.0000563053   0.0000948649  -0.0001373316
        0.0000574749  -0.0001362652   0.0000338112   0.0000238373  -0.0003873636
        0.0001239967
       -0.1735866113   0.0251252804   0.0560538019   0.3331664260  -0.0822580695
       -0.0893501514  -0.0617255488   0.0054876570   0.0019608866   0.0041932683
       -0.0220637412   0.0073761819  -0.0019384147  -0.0042008028  -0.0019293380
       -0.0347234863   0.0459422151  -0.0036367896  -0.0013342020   0.0019349438
        0.0001581907  -0.0439046413   0.0117984924   0.0105518579  -0.0150223194
        0.0070289979   0.0184099899  -0.0071586638   0.0076014166   0.0014570852
        0.0025426230   0.0045545386  -0.0006636002  -0.0003033229   0.0000164272
       -0.0001390351  -0.0002836360  -0.0001674936  -0.0002357477   0.0000593076
       -0.0010824726   0.0003222393   0.0003148018   0.0002008062  -0.0001055586
        0.0002903240   0.0001919662   0.0000921966  -0.0005859042  -0.0001101617
       -0.0003222094
        0.0392745485  -0.0720375218  -0.0083653005  -0.0822580695   0.3598468158
       -0.0698127760  -0.0069606089  -0.1610717832   0.0650251828  -0.0067839309
       -0.0640167044   0.0096023696  -0.0069292566  -0.0036188155  -0.0067180149
        0.0285146440  -0.0233491964  -0.0022971139  -0.0012202635   0.0002899177
       -0.0006930977  -0.0049486175   0.0079293405   0.0051221777   0.0076884409
       -0.0017829503  -0.0065317617   0.0311601005  -0.0175763196  -0.0091977013
        0.0027926483  -0.0247769891   0.0234351450  -0.0000194868   0.0005944260
        0.0000916854   0.0002998727   0.0009134382  -0.0004063938  -0.0000195790
       -0.0022894077   0.0005191499  -0.0003694811  -0.0003987868   0.0005475073
       -0.0004875297   0.0000007857  -0.0000707849   0.0002665685   0.0013437508
       -0.0002502729
        0.0511599697  -0.0011889401  -0.0709646527  -0.0893501514  -0.0698127760
        0.1710537530   0.0102013362   0.0555487270  -0.0867672142   0.0032254747
       -0.0055615795   0.0095853496  -0.0007620558  -0.0001516672   0.0006252929
        0.0052251669  -0.0121597422   0.0077764027  -0.0011834520  -0.0009864151
        0.0010578158  -0.0026298154   0.0039642518   0.0057910305   0.0349685685
       -0.0131068422  -0.0162257306  -0.0084773177   0.0036624587   0.0030936020
       -0.0030212061   0.0398221965  -0.0253943567   0.0000398478  -0.0002871467
       -0.0000842828  -0.0002706870  -0.0005313980   0.0003909902   0.0001476052
       -0.0003125453   0.0003294577   0.0007151330   0.0001315540   0.0001578476
        0.0000909136   0.0004949349   0.0000281922  -0.0000793302   0.0004749295
       -0.0004534974
       -0.0106538407   0.0292594452  -0.0076356172  -0.0617255488  -0.0069606089
        0.0102013362   0.4157081542   0.0000831580  -0.0018868207  -0.1189582349
       -0.0432000160  -0.0584187284  -0.0000035458  -0.0140395091   0.0080746948
       -0.1435811122   0.0336226726   0.0439136833  -0.0407450467  -0.0045915924
       -0.0042759498  -0.0001776711   0.0008158748  -0.0009980182   0.0004218527
        0.0007691135  -0.0003981614  -0.0038465580   0.0024194327   0.0009633610
       -0.0369199062  -0.0018334156   0.0103399857  -0.0001524852   0.0023796490
        0.0009397204   0.0009129952   0.0009646060  -0.0008878937   0.0000181479
        0.0000626018  -0.0003857009   0.0019071078   0.0004278939   0.0013408768
       -0.0033778455  -0.0016536374  -0.0010590167   0.0011735374   0.0014743319
        0.0001722485
        0.0219243233  -0.0220802596  -0.0048094604   0.0054876570  -0.1610717832
        0.0555487270   0.0000831580   0.4156112864  -0.0011129260  -0.0328602954
       -0.0855203409  -0.0242132351  -0.0207100135  -0.0356238899  -0.0075909592
        0.0443122821  -0.0778641869  -0.0320890143  -0.0114541718   0.0061761653
        0.0091321779  -0.0023464143   0.0007555808  -0.0006708909  -0.0012740492
        0.0017007023   0.0011712300   0.0017565474  -0.0011886667  -0.0001203245
        0.0008780477  -0.0363852751   0.0061982336  -0.0006331505   0.0007062379
       -0.0006453812  -0.0001801457   0.0009481436  -0.0009631036  -0.0003923814
       -0.0050301106   0.0008448863  -0.0006946213   0.0005997050  -0.0004207939
       -0.0021747999  -0.0010489805  -0.0011184726  -0.0017219726  -0.0006843279
        0.0008593068
       -0.0048479897  -0.0078110093  -0.0007157248   0.0019608866   0.0650251828
       -0.0867672142  -0.0018868207  -0.0011129260   0.4399674639  -0.0625627637
       -0.0378443191  -0.1051229801   0.0092629682  -0.0025609121   0.0019904158
        0.0577790136  -0.0306137003  -0.0880834368  -0.0091302767   0.0087165112
        0.0009979323  -0.0000262913   0.0004269730   0.0007524477   0.0027270811
       -0.0044822525   0.0014287696   0.0020552953  -0.0010183215   0.0001480760
        0.0104655326   0.0059838728  -0.1687296938  -0.0004243885   0.0001294269
        0.0008403078   0.0024575088   0.0047964729   0.0017014676  -0.0001740258
        0.0023243594   0.0000724488  -0.0053428520  -0.0001944222   0.0010485929
       -0.0024984265  -0.0015680796  -0.0004122007   0.0001855486  -0.0001968565
        0.0008833279
       -0.0000844556   0.0021345399   0.0003299276   0.0041932683  -0.0067839309
        0.0032254747  -0.1189582349  -0.0328602954  -0.0625627637   0.2473218431
        0.0590251600   0.1171249613  -0.0624007600   0.0132031870  -0.0192221417
       -0.0565692298  -0.0302348512  -0.0224709072  -0.0089496860   0.0034717859
        0.0052806640   0.0008931173   0.0006398574   0.0005951409  -0.0001494042
       -0.0000589499  -0.0004541579   0.0000206302   0.0003277260   0.0000139372
       -0.0069322553  -0.0090907368  -0.0170738333   0.0000416033   0.0293264929
       -0.0105676794   0.0023246304  -0.0040997437  -0.0005724686   0.0004834440
       -0.0243164212   0.0068110590   0.0005027124   0.0002367082   0.0004965082
       -0.0020658758  -0.0013016377  -0.0010002304   0.0003286526   0.0003811096
        0.0000465093
       -0.0011275817  -0.0012764199   0.0002777679  -0.0220637412  -0.0640167044
       -0.0055615795  -0.0432000160  -0.0855203409  -0.0378443191   0.0590251600
        0.4106005553  -0.0337761572   0.0260744388  -0.1762522454   0.0574089381
       -0.0145930164  -0.0001997631  -0.0006408802   0.0004429586   0.0024536414
        0.0017751439   0.0009912171  -0.0001553238   0.0000125402  -0.0004803333
        0.0002204896  -0.0004421737  -0.0003969997   0.0003609665   0.0000644709
       -0.0124228356  -0.0073534316  -0.0143288142   0.0109995175  -0.0340570024
        0.0083833308  -0.0007295427  -0.0181484256   0.0193415939  -0.0033931634
       -0.0264584319   0.0053572920   0.0007047805  -0.0000531185   0.0000980146
       -0.0002186607  -0.0000489778  -0.0000177627   0.0003878182  -0.0000954676
       -0.0001074058
        0.0012741291  -0.0002404454   0.0013090971   0.0073761819   0.0096023696
        0.0095853496  -0.0584187284  -0.0242132351  -0.1051229801   0.1171249613
       -0.0337761572   0.2060784722  -0.0230257978   0.0474989916  -0.0777529421
       -0.0072364506   0.0008864775   0.0065328380  -0.0010107506  -0.0000499728
        0.0015405731  -0.0001597949  -0.0002109786  -0.0004235705  -0.0005179826
        0.0005544787   0.0000095758  -0.0004774524  -0.0001230488  -0.0000473665
       -0.0301419839  -0.0241173215  -0.0333433023  -0.0030442155   0.0002736261
        0.0037995868  -0.0030792519   0.0366648929  -0.0172061328   0.0006165065
       -0.0131312178   0.0043223846   0.0006148131   0.0000666046   0.0005638818
       -0.0001846703   0.0000735052   0.0001991252   0.0002904870   0.0002414311
       -0.0000445898
       -0.0001104993  -0.0000307249  -0.0000190473  -0.0019384147  -0.0069292566
       -0.0007620558  -0.0000035458  -0.0207100135   0.0092629682  -0.0624007600
        0.0260744388  -0.0230257978   0.5195247301   0.0129591035   0.0211008648
       -0.0003504137  -0.0023709786  -0.0007024558   0.0003649105   0.0003350196
        0.0004270942   0.0000660883   0.0002236623  -0.0000396920   0.0000068275
        0.0000951338   0.0000940968   0.0000179110  -0.0000066559   0.0000145859
        0.0004073727  -0.0006588103   0.0003855990  -0.2265262561   0.0714843046
        0.0532213954  -0.0485609206  -0.0003178511   0.0299745974  -0.1805518687
       -0.0800253995  -0.0899169697   0.0000853858  -0.0000383856   0.0000570880
        0.0000542577   0.0000074220   0.0000343453  -0.0000848046  -0.0000910087
       -0.0001066166
        0.0011753775   0.0000567631  -0.0004421758  -0.0042008028  -0.0036188155
       -0.0001516672  -0.0140395091  -0.0356238899  -0.0025609121   0.0132031870
       -0.1762522454   0.0474989916   0.0129591035   0.4079553598   0.0420132184
        0.0006975170  -0.0008130502   0.0013267646  -0.0006780616  -0.0005661298
       -0.0007921359  -0.0000655289  -0.0002262706   0.0000874921   0.0001246996
       -0.0003227695   0.0000991717   0.0000118025   0.0001409215  -0.0001424415
        0.0013137621   0.0020352541   0.0003066466   0.0751419851  -0.0667948753
       -0.0243718461  -0.0000653655  -0.0395922257  -0.0054309274  -0.0855571480
       -0.0865502951  -0.0574814982  -0.0002319571   0.0000309635   0.0000226414
        0.0001345797   0.0000613729  -0.0000536051   0.0000763589   0.0000799323
        0.0000722830
       -0.0007690788   0.0000077929   0.0000514635  -0.0019293380  -0.0067180149
        0.0006252929   0.0080746948  -0.0075909592   0.0019904158  -0.0192221417
        0.0574089381  -0.0777529421   0.0211008648   0.0420132184   0.4856023904
       -0.0006967263  -0.0002372703   0.0011470017   0.0004321861   0.0002586873
        0.0001812471   0.0003173135   0.0002616651   0.0001734362  -0.0000860924
        0.0000198778  -0.0001374888   0.0000909528   0.0001245707   0.0000554243
       -0.0014717080  -0.0040261747   0.0027551122   0.0528763670  -0.0238829993
       -0.0591021517   0.0301983470  -0.0048916091  -0.2559803374  -0.0889229739
       -0.0525720492  -0.0995497418   0.0000595546  -0.0000407660  -0.0000396729
        0.0000147246  -0.0000137622   0.0000025901  -0.0000669462  -0.0001211454
       -0.0000220396
        0.0019100682   0.0055453366  -0.0040980680  -0.0347234863   0.0285146440
        0.0052251669  -0.1435811122   0.0443122821   0.0577790136  -0.0565692298
       -0.0145930164  -0.0072364506  -0.0003504137   0.0006975170  -0.0006967263
        0.4247535216   0.0217814050   0.0057967882  -0.1191482920  -0.0578949241
       -0.0467758488   0.0003772759  -0.0004021938   0.0001327846   0.0006108462
       -0.0007872332  -0.0003300179  -0.0012422763   0.0007286087   0.0002706180
       -0.0257063446   0.0090373379   0.0221398682   0.0008129467  -0.0010433075
       -0.0001133464  -0.0001659352   0.0006015671   0.0005900576   0.0001815836
        0.0005593297  -0.0000224573  -0.0079808823  -0.0059351476  -0.0150663244
       -0.0313771800  -0.0159951333  -0.0137004682  -0.0078010899  -0.0151270722
       -0.0038945891
        0.0017699927  -0.0078429108   0.0040181347   0.0459422151  -0.0233491964
       -0.0121597422   0.0336226726  -0.0778641869  -0.0306137003  -0.0302348512
       -0.0001997631   0.0008864775  -0.0023709786  -0.0008130502  -0.0002372703
        0.0217814050   0.2368703407   0.1233690666  -0.0450525863  -0.1075865450
       -0.0529970784  -0.0003737609  -0.0001038201   0.0000340665  -0.0002959511
       -0.0000396393   0.0003372996   0.0019078180  -0.0009173826  -0.0005715649
        0.0047267279   0.0022533436  -0.0070159531  -0.0007866802  -0.0000703206
        0.0004057657   0.0001052210   0.0001743457  -0.0001635402  -0.0001950338
        0.0001385322  -0.0000460585  -0.0042736057  -0.0006589626  -0.0108915697
        0.0052872498   0.0057672010   0.0041444663  -0.0315598542  -0.0257579856
       -0.0184987992
        0.0005801651  -0.0000111585   0.0009831429  -0.0036367896  -0.0022971139
        0.0077764027   0.0439136833  -0.0320890143  -0.0880834368  -0.0224709072
       -0.0006408802   0.0065328380  -0.0007024558   0.0013267646   0.0011470017
        0.0057967882   0.1233690666   0.2025239936  -0.0363916199  -0.0533249703
       -0.0899410609  -0.0002890341   0.0000716531  -0.0000720238  -0.0003526839
        0.0003804830   0.0004555545  -0.0001990187  -0.0000915580   0.0002554849
        0.0371192343  -0.0129048501  -0.0241715037   0.0004375285  -0.0001937965
       -0.0003961111  -0.0002547504  -0.0006393696   0.0000617723   0.0003814491
       -0.0002710195   0.0000042729  -0.0288273507  -0.0220958223  -0.0243858052
        0.0054631884   0.0046364658   0.0039310504  -0.0005674268  -0.0052248801
        0.0033784277
       -0.0004760187   0.0001562730   0.0003706500  -0.0013342020  -0.0012202635
       -0.0011834520  -0.0407450467  -0.0114541718  -0.0091302767  -0.0089496860
        0.0004429586  -0.0010107506   0.0003649105  -0.0006780616   0.0004321861
       -0.1191482920  -0.0450525863  -0.0363916199   0.4622017419  -0.0535687237
       -0.0506423481   0.0000116152  -0.0000036839  -0.0000056592  -0.0000717353
        0.0001339650  -0.0000464392   0.0001111047  -0.0000807829   0.0000482232
        0.0013533426  -0.0005465066  -0.0006701752   0.0000210624  -0.0000369132
       -0.0000828038  -0.0001207687  -0.0001905302  -0.0001220264   0.0001254048
        0.0000440715   0.0001231551  -0.0439718039  -0.0006742011   0.0233905387
       -0.2076413360   0.0921960855   0.0774484100  -0.0417302929   0.0205330710
       -0.0025276119
       -0.0009446658   0.0002845255   0.0006243525   0.0019349438   0.0002899177
       -0.0009864151  -0.0045915924   0.0061761653   0.0087165112   0.0034717859
        0.0024536414  -0.0000499728   0.0003350196  -0.0005661298   0.0002586873
       -0.0578949241  -0.1075865450  -0.0533249703  -0.0535687237   0.4808500821
       -0.0111217698   0.0001784913  -0.0000339212  -0.0001009069  -0.0000620861
        0.0001905939   0.0000336160   0.0000192458   0.0000038445   0.0000670585
        0.0014721427   0.0005355098   0.0004235268  -0.0002743398  -0.0000689551
       -0.0001227385  -0.0001777569  -0.0001656415   0.0000039634   0.0000549274
        0.0000531309   0.0000890752  -0.0004572902  -0.0461599807   0.0289910233
        0.0864579197  -0.0859506197  -0.0363875364   0.0240469026  -0.2503056179
        0.0628864956
       -0.0005521058   0.0002747873   0.0001683770   0.0001581907  -0.0006930977
        0.0010578158  -0.0042759498   0.0091321779   0.0009979323   0.0052806640
        0.0017751439   0.0015405731   0.0004270942  -0.0007921359   0.0001812471
       -0.0467758488  -0.0529970784  -0.0899410609  -0.0506423481  -0.0111217698
        0.4701409656   0.0001477853   0.0000055533  -0.0000004441  -0.0000049546
        0.0000963265  -0.0000481370   0.0000202194   0.0000125713   0.0000134214
        0.0040111534   0.0006503514   0.0033064027  -0.0003999520   0.0001527994
        0.0001045126   0.0000360440  -0.0001108226  -0.0001607252  -0.0001292540
        0.0000345301   0.0000523752   0.0228084126   0.0288837478  -0.2540013283
        0.0726980829  -0.0370910023  -0.0730377324  -0.0028072335   0.0617879180
       -0.0603741949
       -0.1605384440  -0.0930493915  -0.0679388261  -0.0439046413  -0.0049486175
       -0.0026298154  -0.0001776711  -0.0023464143  -0.0000262913   0.0008931173
        0.0009912171  -0.0001597949   0.0000660883  -0.0000655289   0.0003173135
        0.0003772759  -0.0003737609  -0.0002890341   0.0000116152   0.0001784913
        0.0001477853   0.2042297055   0.1060480946   0.0751765799  -0.0007194695
       -0.0027762556  -0.0037510725  -0.0005271466  -0.0035115938  -0.0009655455
       -0.0000319896  -0.0000112558   0.0000247104   0.0000589182  -0.0001529406
       -0.0000021860  -0.0000280387  -0.0001101957   0.0000374499   0.0000468378
       -0.0000194646   0.0000256389   0.0000430366  -0.0000048033   0.0000184200
        0.0000120948   0.0000713777   0.0000263829   0.0001887112   0.0000810420
       -0.0000117149
       -0.0965829266  -0.1124217891  -0.0486982231   0.0117984924   0.0079293405
        0.0039642518   0.0008158748   0.0007555808   0.0004269730   0.0006398574
       -0.0001553238  -0.0002109786   0.0002236623  -0.0002262706   0.0002616651
       -0.0004021938  -0.0001038201   0.0000716531  -0.0000036839  -0.0000339212
        0.0000055533   0.1060480946   0.1233305613   0.0560027053  -0.0004689621
        0.0002335451  -0.0003745598  -0.0219105485  -0.0193159758  -0.0112007469
       -0.0000255800  -0.0000774846  -0.0000853249  -0.0000608732   0.0001098112
       -0.0000293099   0.0000175316   0.0000210634  -0.0000155050  -0.0000219093
       -0.0000127028  -0.0000628209  -0.0000126971  -0.0000156591  -0.0000087291
       -0.0000423004   0.0000045923  -0.0000132530  -0.0000118383  -0.0000215476
       -0.0000333503
       -0.0690179965  -0.0484509831  -0.0794410235   0.0105518579   0.0051221777
        0.0057910305  -0.0009980182  -0.0006708909   0.0007524477   0.0005951409
        0.0000125402  -0.0004235705  -0.0000396920   0.0000874921   0.0001734362
        0.0001327846   0.0000340665  -0.0000720238  -0.0000056592  -0.0001009069
       -0.0000004441   0.0751765799   0.0560027053   0.0870841549  -0.0237935226
       -0.0183651099  -0.0176492949   0.0073893941   0.0065601853   0.0043513875
        0.0000227534  -0.0002809197  -0.0004227637   0.0000526100  -0.0000162062
       -0.0000387910  -0.0000585137   0.0000582425  -0.0001121885  -0.0000088873
       -0.0000041063   0.0000381692   0.0000043499  -0.0000311552  -0.0000004044
        0.0000042158   0.0000160094   0.0000116880  -0.0000073969   0.0000268592
       -0.0000418095
       -0.0398927605  -0.0014560665  -0.0027635997  -0.0150223194   0.0076884409
        0.0349685685   0.0004218527  -0.0012740492   0.0027270811  -0.0001494042
       -0.0004803333  -0.0005179826   0.0000068275   0.0001246996  -0.0000860924
        0.0006108462  -0.0002959511  -0.0003526839  -0.0000717353  -0.0000620861
       -0.0000049546  -0.0007194695  -0.0004689621  -0.0237935226   0.0534991994
       -0.0026535118  -0.0099123669   0.0009959098  -0.0010440874   0.0006772643
        0.0002643159  -0.0001304183  -0.0010254324  -0.0000128423  -0.0000279492
        0.0000230321   0.0000337842  -0.0000184042   0.0000440681   0.0000030392
       -0.0000082207  -0.0000065655  -0.0000285946   0.0000663504  -0.0000475422
        0.0000158730  -0.0000089171  -0.0000306473   0.0000454777   0.0000494659
        0.0001013760
       -0.0015928079  -0.0440231297   0.0052433076   0.0070289979  -0.0017829503
       -0.0131068422   0.0007691135   0.0017007023  -0.0044822525  -0.0000589499
        0.0002204896   0.0005544787   0.0000951338  -0.0003227695   0.0000198778
       -0.0007872332  -0.0000396393   0.0003804830   0.0001339650   0.0001905939
        0.0000963265  -0.0027762556   0.0002335451  -0.0183651099  -0.0026535118
        0.0456627369  -0.0010181286   0.0002872645  -0.0021828562   0.0297534555
       -0.0003706074   0.0004161601   0.0008607158  -0.0000244096   0.0000369777
        0.0000161584   0.0000012447  -0.0000625302   0.0000333160   0.0000002751
        0.0000372178   0.0000073754   0.0000355648   0.0000127491  -0.0000151578
       -0.0000285978  -0.0000391490  -0.0000016635  -0.0000591862  -0.0000581484
        0.0000236598
       -0.0031429021   0.0057078414  -0.2601950628   0.0184099899  -0.0065317617
       -0.0162257306  -0.0003981614   0.0011712300   0.0014287696  -0.0004541579
       -0.0004421737   0.0000095758   0.0000940968   0.0000991717  -0.0001374888
       -0.0003300179   0.0003372996   0.0004555545  -0.0000464392   0.0000336160
       -0.0000481370  -0.0037510725  -0.0003745598  -0.0176492949  -0.0099123669
       -0.0010181286   0.3062719486  -0.0010021238   0.0026147331  -0.0142359377
        0.0005549719  -0.0015395681   0.0003021079  -0.0000170895   0.0000184256
        0.0000012348   0.0000267726  -0.0000329871   0.0000806685  -0.0000015441
        0.0000183911  -0.0000269147   0.0000044219  -0.0000606540   0.0000684658
       -0.0000091212   0.0000261361   0.0000038387  -0.0000252565  -0.0000270117
       -0.0001035979
       -0.0381284353  -0.0088880455   0.0015581006  -0.0071586638   0.0311601005
       -0.0084773177  -0.0038465580   0.0017565474   0.0020552953   0.0000206302
       -0.0003969997  -0.0004774524   0.0000179110   0.0000118025   0.0000909528
       -0.0012422763   0.0019078180  -0.0001990187   0.0001111047   0.0000192458
        0.0000202194  -0.0005271466  -0.0219105485   0.0073893941   0.0009959098
        0.0002872645  -0.0010021238   0.0497492292  -0.0037701774  -0.0011713915
       -0.0000658449  -0.0001025871   0.0001929330   0.0000162696  -0.0000711440
       -0.0000150833  -0.0000411828  -0.0000184584  -0.0000273417   0.0000170841
        0.0000215983   0.0000301424   0.0000294558  -0.0000112819   0.0000197984
        0.0000266616  -0.0000255233   0.0000073907   0.0000258516   0.0000303888
        0.0000055023
       -0.0026472150  -0.2546068329   0.0821070864   0.0076014166  -0.0175763196
        0.0036624587   0.0024194327  -0.0011886667  -0.0010183215   0.0003277260
        0.0003609665  -0.0001230488  -0.0000066559   0.0001409215   0.0001245707
        0.0007286087  -0.0009173826  -0.0000915580  -0.0000807829   0.0000038445
        0.0000125713  -0.0035115938  -0.0193159758   0.0065601853  -0.0010440874
       -0.0021828562   0.0026147331  -0.0037701774   0.2948334017  -0.0932965328
       -0.0000730008   0.0003460035  -0.0005383493   0.0000332215   0.0000006761
       -0.0000011353  -0.0000060597   0.0000217034  -0.0000252818  -0.0000042548
        0.0000417686   0.0000012492  -0.0000174992   0.0000057440  -0.0000039328
        0.0000017573   0.0000292398   0.0000034887   0.0000491641   0.0000037644
        0.0000118169
       -0.0014023646   0.0849475844  -0.0738961740   0.0014570852  -0.0091977013
        0.0030936020   0.0009633610  -0.0001203245   0.0001480760   0.0000139372
        0.0000644709  -0.0000473665   0.0000145859  -0.0001424415   0.0000554243
        0.0002706180  -0.0005715649   0.0002554849   0.0000482232   0.0000670585
        0.0000134214  -0.0009655455  -0.0112007469   0.0043513875   0.0006772643
        0.0297534555  -0.0142359377  -0.0011713915  -0.0932965328   0.0801430535
        0.0001514052  -0.0002976157   0.0000971131   0.0000004686   0.0000194166
        0.0000079218   0.0000097876  -0.0000297404   0.0000014749  -0.0000031586
        0.0000066041   0.0000026502   0.0000107716   0.0000075486  -0.0000244036
       -0.0000109853  -0.0000230849  -0.0000032690  -0.0000640622   0.0000136143
        0.0000375411
        0.0015787494   0.0005452003  -0.0028271333   0.0025426230   0.0027926483
       -0.0030212061  -0.0369199062   0.0008780477   0.0104655326  -0.0069322553
       -0.0124228356  -0.0301419839   0.0004073727   0.0013137621  -0.0014717080
       -0.0257063446   0.0047267279   0.0371192343   0.0013533426   0.0014721427
        0.0040111534  -0.0000319896  -0.0000255800   0.0000227534   0.0002643159
       -0.0003706074   0.0005549719  -0.0000658449  -0.0000730008   0.0001514052
        0.0625404261   0.0006475586  -0.0142043987  -0.0001386528  -0.0000287985
        0.0002778848   0.0000416779   0.0002757639   0.0010191283   0.0000825055
        0.0001646864   0.0001797398   0.0006243055   0.0001283306  -0.0015873704
        0.0003855624  -0.0000808217  -0.0003261325  -0.0000258878   0.0000567756
       -0.0002218708
       -0.0020675725   0.0007479251   0.0028650747   0.0045545386  -0.0247769891
        0.0398221965  -0.0018334156  -0.0363852751   0.0059838728  -0.0090907368
       -0.0073534316  -0.0241173215  -0.0006588103   0.0020352541  -0.0040261747
        0.0090373379   0.0022533436  -0.0129048501  -0.0005465066   0.0005355098
        0.0006503514  -0.0000112558  -0.0000774846  -0.0002809197  -0.0001304183
        0.0004161601  -0.0015395681  -0.0001025871   0.0003460035  -0.0002976157
        0.0006475586   0.0618045412  -0.0083101147  -0.0000288008  -0.0000288334
        0.0001581044   0.0001123303   0.0005231302   0.0012775019   0.0001632672
        0.0001108994   0.0003087738  -0.0000106752  -0.0000112894   0.0002506560
       -0.0000694545  -0.0000543671  -0.0000089474   0.0000352008  -0.0000850967
        0.0001689805
       -0.0002961076  -0.0007152109   0.0028699624  -0.0006636002   0.0234351450
       -0.0253943567   0.0103399857   0.0061982336  -0.1687296938  -0.0170738333
       -0.0143288142  -0.0333433023   0.0003855990   0.0003066466   0.0027551122
        0.0221398682  -0.0070159531  -0.0241715037  -0.0006701752   0.0004235268
        0.0033064027   0.0000247104  -0.0000853249  -0.0004227637  -0.0010254324
        0.0008607158   0.0003021079   0.0001929330  -0.0005383493   0.0000971131
       -0.0142043987  -0.0083101147   0.2424949823   0.0000765464   0.0000632941
       -0.0003699832  -0.0002812646  -0.0012948435   0.0004283587   0.0003732251
        0.0004621621   0.0001804599   0.0012902181   0.0004261667   0.0003792074
       -0.0005563037   0.0000723935   0.0000383037  -0.0000519701   0.0000403265
       -0.0004204069
        0.0000260179   0.0000375022  -0.0000581558  -0.0003033229  -0.0000194868
        0.0000398478  -0.0001524852  -0.0006331505  -0.0004243885   0.0000416033
        0.0109995175  -0.0030442155  -0.2265262561   0.0751419851   0.0528763670
        0.0008129467  -0.0007866802   0.0004375285   0.0000210624  -0.0002743398
       -0.0003999520   0.0000589182  -0.0000608732   0.0000526100  -0.0000128423
       -0.0000244096  -0.0000170895   0.0000162696   0.0000332215   0.0000004686
       -0.0001386528  -0.0000288008   0.0000765464   0.2576121908  -0.0931971122
       -0.0591435890  -0.0063961517   0.0018708947   0.0039538766  -0.0250027027
        0.0069247485   0.0055830727  -0.0000283715   0.0000022618  -0.0000026498
       -0.0000242549  -0.0000032175   0.0000373113  -0.0000039688   0.0000179394
        0.0000324112
       -0.0001688592  -0.0000777121   0.0000959502   0.0000164272   0.0005944260
       -0.0002871467   0.0023796490   0.0007062379   0.0001294269   0.0293264929
       -0.0340570024   0.0002736261   0.0714843046  -0.0667948753  -0.0238829993
       -0.0010433075  -0.0000703206  -0.0001937965  -0.0000369132  -0.0000689551
        0.0001527994  -0.0001529406   0.0001098112  -0.0000162062  -0.0000279492
        0.0000369777   0.0000184256  -0.0000711440   0.0000006761   0.0000194166
       -0.0000287985  -0.0000288334   0.0000632941  -0.0931971122   0.0927034384
        0.0231554208   0.0028018392   0.0009297558  -0.0026425271  -0.0114755563
        0.0057834222   0.0029827716   0.0001012776   0.0000215896   0.0000548295
       -0.0000277936   0.0000501412   0.0000472920   0.0001203837   0.0001612226
        0.0000294232
        0.0000966606   0.0000483109   0.0000044707  -0.0001390351   0.0000916854
       -0.0000842828   0.0009397204  -0.0006453812   0.0008403078  -0.0105676794
        0.0083833308   0.0037995868   0.0532213954  -0.0243718461  -0.0591021517
       -0.0001133464   0.0004057657  -0.0003961111  -0.0000828038  -0.0001227385
        0.0001045126  -0.0000021860  -0.0000293099  -0.0000387910   0.0000230321
        0.0000161584   0.0000012348  -0.0000150833  -0.0000011353   0.0000079218
        0.0002778848   0.0001581044  -0.0003699832  -0.0591435890   0.0231554208
        0.0642292699   0.0295352369  -0.0113494272  -0.0126548504  -0.0140156191
        0.0042926402   0.0037631765  -0.0000078541  -0.0000814659  -0.0001131494
       -0.0000027844  -0.0000072430   0.0000451388  -0.0000039495   0.0000571306
       -0.0000363001
        0.0001587206   0.0000045955  -0.0000467849  -0.0002836360   0.0002998727
       -0.0002706870   0.0009129952  -0.0001801457   0.0024575088   0.0023246304
       -0.0007295427  -0.0030792519  -0.0485609206  -0.0000653655   0.0301983470
       -0.0001659352   0.0001052210  -0.0002547504  -0.0001207687  -0.0001777569
        0.0000360440  -0.0000280387   0.0000175316  -0.0000585137   0.0000337842
        0.0000012447   0.0000267726  -0.0000411828  -0.0000060597   0.0000097876
        0.0000416779   0.0001123303  -0.0002812646  -0.0063961517   0.0028018392
        0.0295352369   0.0498592035  -0.0007164152  -0.0346300882   0.0022675587
       -0.0014618562  -0.0235509088  -0.0000370178  -0.0000539708  -0.0000714644
        0.0000262949   0.0000140154   0.0000052505   0.0000087860   0.0000344623
       -0.0000252334
        0.0001991996  -0.0000333687  -0.0000183565  -0.0001674936   0.0009134382
       -0.0005313980   0.0009646060   0.0009481436   0.0047964729  -0.0040997437
       -0.0181484256   0.0366648929  -0.0003178511  -0.0395922257  -0.0048916091
        0.0006015671   0.0001743457  -0.0006393696  -0.0001905302  -0.0001656415
       -0.0001108226  -0.0001101957   0.0000210634   0.0000582425  -0.0000184042
       -0.0000625302  -0.0000329871  -0.0000184584   0.0000217034  -0.0000297404
        0.0002757639   0.0005231302  -0.0012948435   0.0018708947   0.0009297558
       -0.0113494272  -0.0007164152   0.0538614854  -0.0085542971   0.0017013300
        0.0005537184  -0.0140958192  -0.0000308726   0.0000165202   0.0000175222
        0.0000219364   0.0000159284  -0.0000057586   0.0000346670   0.0000229590
        0.0000172985
        0.0000306807  -0.0000487828  -0.0000515610  -0.0002357477  -0.0004063938
        0.0003909902  -0.0008878937  -0.0009631036   0.0017014676  -0.0005724686
        0.0193415939  -0.0172061328   0.0299745974  -0.0054309274  -0.2559803374
        0.0005900576  -0.0001635402   0.0000617723  -0.0001220264   0.0000039634
       -0.0001607252   0.0000374499  -0.0000155050  -0.0001121885   0.0000440681
        0.0000333160   0.0000806685  -0.0000273417  -0.0000252818   0.0000014749
        0.0010191283   0.0012775019   0.0004283587   0.0039538766  -0.0026425271
       -0.0126548504  -0.0346300882  -0.0085542971   0.3017069447   0.0008444234
       -0.0024175073  -0.0182521528  -0.0000038955   0.0000372339   0.0000731399
       -0.0000041276  -0.0000098334  -0.0000248844  -0.0000106925  -0.0000159096
       -0.0000019844
        0.0000127709   0.0000097173  -0.0000203631   0.0000593076  -0.0000195790
        0.0001476052   0.0000181479  -0.0003923814  -0.0001740258   0.0004834440
       -0.0033931634   0.0006165065  -0.1805518687  -0.0855571480  -0.0889229739
        0.0001815836  -0.0001950338   0.0003814491   0.0001254048   0.0000549274
       -0.0001292540   0.0000468378  -0.0000219093  -0.0000088873   0.0000030392
        0.0000002751  -0.0000015441   0.0000170841  -0.0000042548  -0.0000031586
        0.0000825055   0.0001632672   0.0003732251  -0.0250027027  -0.0114755563
       -0.0140156191   0.0022675587   0.0017013300   0.0008444234   0.2022349278
        0.0991449966   0.1008915562  -0.0000133244   0.0000184517   0.0000312176
        0.0000416263   0.0000179047  -0.0000128714  -0.0000063425  -0.0000518441
        0.0000027141
       -0.0000913290   0.0001143980  -0.0000006770  -0.0010824726  -0.0022894077
       -0.0003125453   0.0000626018  -0.0050301106   0.0023243594  -0.0243164212
       -0.0264584319  -0.0131312178  -0.0800253995  -0.0865502951  -0.0525720492
        0.0005593297   0.0001385322  -0.0002710195   0.0000440715   0.0000531309
        0.0000345301  -0.0000194646  -0.0000127028  -0.0000041063  -0.0000082207
        0.0000372178   0.0000183911   0.0000215983   0.0000417686   0.0000066041
        0.0001646864   0.0001108994   0.0004621621   0.0069247485   0.0057834222
        0.0042926402  -0.0014618562   0.0005537184  -0.0024175073   0.0991449966
        0.1134790868   0.0615666739   0.0000407797  -0.0000166060  -0.0000078707
       -0.0000136127   0.0000160848   0.0000191903   0.0000559640   0.0000292950
       -0.0000075581
       -0.0000827215   0.0000102114   0.0000012570   0.0003222393   0.0005191499
        0.0003294577  -0.0003857009   0.0008448863   0.0000724488   0.0068110590
        0.0053572920   0.0043223846  -0.0899169697  -0.0574814982  -0.0995497418
       -0.0000224573  -0.0000460585   0.0000042729   0.0001231551   0.0000890752
        0.0000523752   0.0000256389  -0.0000628209   0.0000381692  -0.0000065655
        0.0000073754  -0.0000269147   0.0000301424   0.0000012492   0.0000026502
        0.0001797398   0.0003087738   0.0001804599   0.0055830727   0.0029827716
        0.0037631765  -0.0235509088  -0.0140958192  -0.0182521528   0.1008915562
        0.0615666739   0.1090436764   0.0000181530   0.0000245585   0.0000106132
       -0.0000015564  -0.0000051927  -0.0000002069  -0.0000178762  -0.0000206275
        0.0000080745
       -0.0003404532   0.0000979892   0.0000563053   0.0003148018  -0.0003694811
        0.0007151330   0.0019071078  -0.0006946213  -0.0053428520   0.0005027124
        0.0007047805   0.0006148131   0.0000853858  -0.0002319571   0.0000595546
       -0.0079808823  -0.0042736057  -0.0288273507  -0.0439718039  -0.0004572902
        0.0228084126   0.0000430366  -0.0000126971   0.0000043499  -0.0000285946
        0.0000355648   0.0000044219   0.0000294558  -0.0000174992   0.0000107716
        0.0006243055  -0.0000106752   0.0012902181  -0.0000283715   0.0001012776
       -0.0000078541  -0.0000370178  -0.0000308726  -0.0000038955  -0.0000133244
        0.0000407797   0.0000181530   0.0507495408   0.0060952092  -0.0151088737
       -0.0033488674  -0.0026485515   0.0262967368   0.0014929685   0.0016716499
       -0.0025880438
        0.0000566619   0.0000248532   0.0000948649   0.0002008062  -0.0003987868
        0.0001315540   0.0004278939   0.0005997050  -0.0001944222   0.0002367082
       -0.0000531185   0.0000666046  -0.0000383856   0.0000309635  -0.0000407660
       -0.0059351476  -0.0006589626  -0.0220958223  -0.0006742011  -0.0461599807
        0.0288837478  -0.0000048033  -0.0000156591  -0.0000311552   0.0000663504
        0.0000127491  -0.0000606540  -0.0000112819   0.0000057440   0.0000075486
        0.0001283306  -0.0000112894   0.0004261667   0.0000022618   0.0000215896
       -0.0000814659  -0.0000539708   0.0000165202   0.0000372339   0.0000184517
       -0.0000166060   0.0000245585   0.0060952092   0.0514656545  -0.0251361878
        0.0028816105   0.0017371822  -0.0131530841  -0.0033964940  -0.0066005582
        0.0311212785
        0.0000363892  -0.0000874936  -0.0001373316  -0.0001055586   0.0005475073
        0.0001578476   0.0013408768  -0.0004207939   0.0010485929   0.0004965082
        0.0000980146   0.0005638818   0.0000570880   0.0000226414  -0.0000396729
       -0.0150663244  -0.0108915697  -0.0243858052   0.0233905387   0.0289910233
       -0.2540013283   0.0000184200  -0.0000087291  -0.0000004044  -0.0000475422
       -0.0000151578   0.0000684658   0.0000197984  -0.0000039328  -0.0000244036
       -0.0015873704   0.0002506560   0.0003792074  -0.0000026498   0.0000548295
       -0.0001131494  -0.0000714644   0.0000175222   0.0000731399   0.0000312176
       -0.0000078707   0.0000106132  -0.0151088737  -0.0251361878   0.3032404610
        0.0040368420   0.0015270809  -0.0138187123   0.0025621047   0.0050624601
       -0.0130214020
        0.0001206775  -0.0000494163   0.0000574749   0.0002903240  -0.0004875297
        0.0000909136  -0.0033778455  -0.0021747999  -0.0024984265  -0.0020658758
       -0.0002186607  -0.0001846703   0.0000542577   0.0001345797   0.0000147246
       -0.0313771800   0.0052872498   0.0054631884  -0.2076413360   0.0864579197
        0.0726980829   0.0000120948  -0.0000423004   0.0000042158   0.0000158730
       -0.0000285978  -0.0000091212   0.0000266616   0.0000017573  -0.0000109853
        0.0003855624  -0.0000694545  -0.0005563037  -0.0000242549  -0.0000277936
       -0.0000027844   0.0000262949   0.0000219364  -0.0000041276   0.0000416263
       -0.0000136127  -0.0000015564  -0.0033488674   0.0028816105   0.0040368420
        0.2501264909  -0.0963195434  -0.0812220475  -0.0032645034   0.0046466556
        0.0021245807
       -0.0000461666   0.0000621735  -0.0001362652   0.0001919662   0.0000007857
        0.0004949349  -0.0016536374  -0.0010489805  -0.0015680796  -0.0013016377
       -0.0000489778   0.0000735052   0.0000074220   0.0000613729  -0.0000137622
       -0.0159951333   0.0057672010   0.0046364658   0.0921960855  -0.0859506197
       -0.0370910023   0.0000713777   0.0000045923   0.0000160094  -0.0000089171
       -0.0000391490   0.0000261361  -0.0000255233   0.0000292398  -0.0000230849
       -0.0000808217  -0.0000543671   0.0000723935  -0.0000032175   0.0000501412
       -0.0000072430   0.0000140154   0.0000159284  -0.0000098334   0.0000179047
        0.0000160848  -0.0000051927  -0.0026485515   0.0017371822   0.0015270809
       -0.0963195434   0.0948621887   0.0424205406   0.0255843780  -0.0154647965
       -0.0104126032
       -0.0001268987   0.0000537117   0.0000338112   0.0000921966  -0.0000707849
        0.0000281922  -0.0010590167  -0.0011184726  -0.0004122007  -0.0010002304
       -0.0000177627   0.0001991252   0.0000343453  -0.0000536051   0.0000025901
       -0.0137004682   0.0041444663   0.0039310504   0.0774484100  -0.0363875364
       -0.0730377324   0.0000263829  -0.0000132530   0.0000116880  -0.0000306473
       -0.0000016635   0.0000038387   0.0000073907   0.0000034887  -0.0000032690
       -0.0003261325  -0.0000089474   0.0000383037   0.0000373113   0.0000472920
        0.0000451388   0.0000052505  -0.0000057586  -0.0000248844  -0.0000128714
        0.0000191903  -0.0000002069   0.0262967368  -0.0131530841  -0.0138187123
       -0.0812220475   0.0424205406   0.0797497929  -0.0064697114   0.0041421788
        0.0032534744
       -0.0002234909  -0.0000715003   0.0000238373  -0.0005859042   0.0002665685
       -0.0000793302   0.0011735374  -0.0017219726   0.0001855486   0.0003286526
        0.0003878182   0.0002904870  -0.0000848046   0.0000763589  -0.0000669462
       -0.0078010899  -0.0315598542  -0.0005674268  -0.0417302929   0.0240469026
       -0.0028072335   0.0001887112  -0.0000118383  -0.0000073969   0.0000454777
       -0.0000591862  -0.0000252565   0.0000258516   0.0000491641  -0.0000640622
       -0.0000258878   0.0000352008  -0.0000519701  -0.0000039688   0.0001203837
       -0.0000039495   0.0000087860   0.0000346670  -0.0000106925  -0.0000063425
        0.0000559640  -0.0000178762   0.0014929685  -0.0033964940   0.0025621047
       -0.0032645034   0.0255843780  -0.0064697114   0.0504623000  -0.0138365604
        0.0071098744
        0.0002397553   0.0001355539  -0.0003873636  -0.0001101617   0.0013437508
        0.0004749295   0.0014743319  -0.0006843279  -0.0001968565   0.0003811096
       -0.0000954676   0.0002414311  -0.0000910087   0.0000799323  -0.0001211454
       -0.0151270722  -0.0257579856  -0.0052248801   0.0205330710  -0.2503056179
        0.0617879180   0.0000810420  -0.0000215476   0.0000268592   0.0000494659
       -0.0000581484  -0.0000270117   0.0000303888   0.0000037644   0.0000136143
        0.0000567756  -0.0000850967   0.0000403265   0.0000179394   0.0001612226
        0.0000571306   0.0000344623   0.0000229590  -0.0000159096  -0.0000518441
        0.0000292950  -0.0000206275   0.0016716499  -0.0066005582   0.0050624601
        0.0046466556  -0.0154647965   0.0041421788  -0.0138365604   0.2972970685
       -0.0658530536
        0.0001026733  -0.0000274997   0.0001239967  -0.0003222094  -0.0002502729
       -0.0004534974   0.0001722485   0.0008593068   0.0008833279   0.0000465093
       -0.0001074058  -0.0000445898  -0.0001066166   0.0000722830  -0.0000220396
       -0.0038945891  -0.0184987992   0.0033784277  -0.0025276119   0.0628864956
       -0.0603741949  -0.0000117149  -0.0000333503  -0.0000418095   0.0001013760
        0.0000236598  -0.0001035979   0.0000055023   0.0000118169   0.0000375411
       -0.0002218708   0.0001689805  -0.0004204069   0.0000324112   0.0000294232
       -0.0000363001  -0.0000252334   0.0000172985  -0.0000019844   0.0000027141
       -0.0000075581   0.0000080745  -0.0025880438   0.0311212785  -0.0130214020
        0.0021245807  -0.0104126032   0.0032534744   0.0071098744  -0.0658530536
        0.0668349802
