$hessian                                                                        
        0.5161363629   0.0162777681   0.0109208304  -0.0795505735   0.0332683275
        0.0264747981  -0.0160831538   0.0139246265   0.0188857630   0.0011833106
       -0.0000679795   0.0018531071  -0.0000539391   0.0003840933   0.0004139843
       -0.0005054539   0.0007638380  -0.0002872992  -0.1541306393  -0.0308890344
       -0.1140499176  -0.0558785987   0.0443803125  -0.0268781186  -0.2118523487
       -0.0728260562   0.0875082492   0.0063574913  -0.0126282802  -0.0119146176
       -0.0026865539   0.0077771025   0.0050678015  -0.0038371119  -0.0009040512
        0.0026939399   0.0009012079   0.0005393329  -0.0006885206
        0.0162777681   0.4974949615  -0.0280016163   0.0332985735  -0.1340281936
       -0.0608948111   0.0000366508   0.0049565620   0.0028100976   0.0006266299
       -0.0014246918   0.0009950332  -0.0001649277   0.0008150490   0.0002921334
       -0.0004306809   0.0012004137  -0.0006215833  -0.0313475771  -0.0531641971
       -0.0308596228   0.0441364127  -0.2158567856   0.1002366514  -0.0720645057
       -0.0735699431   0.0385806466   0.0018039162  -0.0060921774  -0.0077656226
        0.0107104717  -0.0218674574  -0.0163762323  -0.0020564394   0.0002674760
        0.0010473453  -0.0008262923   0.0012689837   0.0005575809
        0.0109208304  -0.0280016163   0.4987104503   0.0261430128  -0.0610697130
       -0.1225686716   0.0128650454  -0.0081671901  -0.0124599365  -0.0015054997
        0.0005164361  -0.0010187281   0.0002743164   0.0002651205   0.0000413126
       -0.0000866900  -0.0006934004   0.0006453530  -0.1146545381  -0.0307042424
       -0.1631078485  -0.0264849605   0.0995906179  -0.1007458999   0.0875849048
        0.0391567704  -0.0895348264   0.0055961294  -0.0175040834  -0.0173153316
       -0.0030043647   0.0068961921   0.0078005688   0.0027898173   0.0004621910
       -0.0008095149  -0.0004380034  -0.0007470823   0.0003630727
       -0.0795505735   0.0332985735   0.0261430128   0.4767030694  -0.0101322497
        0.0543030254  -0.1278530666  -0.0283331261   0.0529373819  -0.0392147455
       -0.0087731587  -0.0040258341  -0.0012318026   0.0013649047  -0.0023188546
        0.0011519231  -0.0057429805   0.0013062107   0.0071215744  -0.0137480922
       -0.0127268089  -0.0035055666   0.0074062387   0.0048986187  -0.0112472455
        0.0161087249   0.0171619809  -0.1583561817  -0.0317525216  -0.1183181498
       -0.0544763908   0.0449218024  -0.0285052626  -0.0108371336  -0.0026292856
        0.0085254460   0.0012961395  -0.0019888299   0.0006192336
        0.0332683275  -0.1340281936  -0.0610697130  -0.0101322497   0.5022994491
       -0.0145868193  -0.0288787175  -0.0760707798   0.0290796602  -0.0136819755
       -0.0020810383  -0.0066348598   0.0007734586   0.0019031018  -0.0014248478
        0.0023038047  -0.0020166298   0.0027140784   0.0015751332  -0.0063691688
       -0.0080605054   0.0112571454  -0.0237943207  -0.0164629543  -0.0025831410
        0.0055041166   0.0048835106  -0.0327163890  -0.0517900797  -0.0309440852
        0.0460829860  -0.2080518234   0.0981532991   0.0131904771   0.0052742485
       -0.0083949857  -0.0204588598  -0.0107788819   0.0127482224
        0.0264747981  -0.0608948111  -0.1225686716   0.0543030254  -0.0145868193
        0.4961176438   0.0405045857   0.0248301493  -0.0894010291  -0.0100152028
       -0.0035491046   0.0181031874  -0.0019141936  -0.0052439504  -0.0058203165
       -0.0014648799   0.0013840133  -0.0023741810   0.0067380335  -0.0180213166
       -0.0187149708  -0.0035677670   0.0076737086   0.0085560741   0.0073768167
       -0.0093723606  -0.0102450851  -0.1174402372  -0.0312668625  -0.1552439553
       -0.0300119435   0.0974059283  -0.1010490534   0.0181746190   0.0049173431
       -0.0113650625   0.0108423457   0.0067240825  -0.0059945802
       -0.0160831538   0.0000366508   0.0128650454  -0.1278530666  -0.0288787175
        0.0405045857   0.3910724800  -0.0344132628  -0.0163708373  -0.1049364743
       -0.0017805478  -0.0195654535  -0.0142508034  -0.0230490233  -0.0294662899
       -0.0120526998   0.0142806779  -0.0284928195   0.0006824037  -0.0002594189
       -0.0005807656   0.0005135528  -0.0006125803  -0.0002307295  -0.0008156311
        0.0025717035   0.0029035572  -0.0226248150  -0.0106301876   0.0090536369
        0.0007896184  -0.0021810079  -0.0000255365  -0.0500037247   0.0492916022
        0.0430721352  -0.0444376863   0.0356241118  -0.0136665287
        0.0139246265   0.0049565620  -0.0081671901  -0.0283331261  -0.0760707798
        0.0248301493  -0.0344132628   0.5801522506  -0.0109464719   0.0087537072
       -0.0749304655   0.0035848371  -0.0443718364  -0.0219700185  -0.0285496684
        0.0302563210  -0.0069208832   0.0336015343   0.0001517991   0.0006297225
        0.0002704045   0.0009536270   0.0011823666  -0.0009787514   0.0022783059
       -0.0017008688  -0.0029542035  -0.0049269352  -0.0020110337   0.0019327816
       -0.0216639375  -0.0121019850   0.0146601407   0.0492220031  -0.1500509458
       -0.1075236253   0.0281687082  -0.2411639214   0.0802400632
        0.0188857630   0.0028100976  -0.0124599365   0.0529373819   0.0290796602
       -0.0894010291  -0.0163708373  -0.0109464719   0.4658977095  -0.0310412910
       -0.0062984960  -0.1150464375  -0.0248304481  -0.0099747982   0.0042887734
       -0.0329696005   0.0177329036  -0.0172385533   0.0003000045   0.0006505992
        0.0006163915  -0.0006391984   0.0005045216   0.0006541486   0.0019779271
       -0.0026459825  -0.0025461007  -0.0135194745  -0.0057175156   0.0063538683
        0.0145435283   0.0085346734  -0.0096742029   0.0435999600  -0.1101583543
       -0.1519861750  -0.0128737151   0.0864291630  -0.0794584562
        0.0011833106   0.0006266299  -0.0015054997  -0.0392147455  -0.0136819755
       -0.0100152028  -0.1049364743   0.0087537072  -0.0310412910   0.4420733413
        0.0605414571   0.1755070782  -0.1629111243  -0.1643366900  -0.0467446441
       -0.1311841504   0.1099683235  -0.0826703101   0.0000246310   0.0003439904
        0.0005785417  -0.0003680302  -0.0000033395   0.0004122052   0.0005512629
       -0.0002783917  -0.0009265890  -0.0042341945  -0.0013022974   0.0022700039
        0.0009199881   0.0007938640  -0.0006328410   0.0042999468  -0.0053494113
        0.0013653054  -0.0062037615   0.0039241334  -0.0065967567
       -0.0000679795  -0.0014246918   0.0005164361  -0.0087731587  -0.0020810383
       -0.0035491046  -0.0017805478  -0.0749304655  -0.0062984960   0.0605414571
        0.8895054129  -0.1059799448  -0.1651472274  -0.4311907207  -0.0639261991
        0.1101809484  -0.3730767703   0.1753516134   0.0004304488   0.0015360379
       -0.0012352185   0.0008767069  -0.0005866040   0.0005935349  -0.0003872743
       -0.0002599477   0.0000034646  -0.0017224670  -0.0000864863   0.0010422879
       -0.0024049615  -0.0019148273   0.0004805872  -0.0147063887  -0.0032002834
       -0.0182675288   0.0229604435  -0.0022896153   0.0212685677
        0.0018531071   0.0009950332  -0.0010187281  -0.0040258341  -0.0066348598
        0.0181031874  -0.0195654535   0.0035848371  -0.1150464375   0.1755070782
       -0.1059799448   0.4082675136  -0.0462364130  -0.0579384186  -0.0926928711
       -0.0808417012   0.1686631415  -0.1828708790   0.0006220846  -0.0006820187
       -0.0004082890  -0.0004421670   0.0000673162  -0.0002248921   0.0006526412
       -0.0007984855  -0.0008823413   0.0045775933   0.0027612534  -0.0022409244
        0.0002942882   0.0009816746   0.0010667579  -0.0204396524  -0.0089487014
       -0.0202363363  -0.0119555715   0.0039291728  -0.0118157602
       -0.0000539391  -0.0001649277   0.0002743164  -0.0012318026   0.0007734586
       -0.0019141936  -0.0142508034  -0.0443718364  -0.0248304481  -0.1629111243
       -0.1651472274  -0.0462364130   0.1577421680   0.2070756834   0.0727440611
        0.0267176669   0.0049735611   0.0016704447  -0.0004951577   0.0001517526
        0.0004193105   0.0001523837   0.0000389361  -0.0001932010   0.0000464559
        0.0000290269   0.0002473954  -0.0010328354  -0.0002525347   0.0004272980
        0.0001148653  -0.0002192606  -0.0001146441  -0.0052400760  -0.0015263602
       -0.0039830686   0.0004421986  -0.0013602717   0.0014891422
        0.0003840933   0.0008150490   0.0002651205   0.0013649047   0.0019031018
       -0.0052439504  -0.0230490233  -0.0219700185  -0.0099747982  -0.1643366900
       -0.4311907207  -0.0579384186   0.2070756834   0.5608923139   0.0584056401
       -0.0191960382  -0.1115006919   0.0136737306  -0.0001930875  -0.0004562660
        0.0010843312  -0.0004454801   0.0002828180  -0.0004228663   0.0003652540
        0.0003113627   0.0003461153  -0.0016946896  -0.0009727532   0.0009962839
        0.0006621558   0.0000055488  -0.0002179204  -0.0016293249   0.0010231791
       -0.0012086548   0.0006922423   0.0008570773   0.0002353870
        0.0004139843   0.0002921334   0.0000413126  -0.0023188546  -0.0014248478
       -0.0058203165  -0.0294662899  -0.0285496684   0.0042887734  -0.0467446441
       -0.0639261991  -0.0926928711   0.0727440611   0.0584056401   0.0732880992
        0.0075267173   0.0379248108   0.0210224657   0.0000684431  -0.0001743898
        0.0001033065   0.0000133832   0.0000261184  -0.0000799710  -0.0000259380
        0.0001246560   0.0000224933  -0.0018780399  -0.0009538063   0.0013158021
        0.0001750560   0.0001936489  -0.0001551603  -0.0015999288  -0.0004592187
       -0.0019108881   0.0010920504  -0.0014788776   0.0005769542
       -0.0005054539  -0.0004306809  -0.0000866900   0.0011519231   0.0023038047
       -0.0014648799  -0.0120526998   0.0302563210  -0.0329696005  -0.1311841504
        0.1101809484  -0.0808417012   0.0267176669  -0.0191960382   0.0075267173
        0.1220038524  -0.1253895438   0.1150385496  -0.0000243882   0.0000528570
        0.0001866925   0.0000780647   0.0001604298  -0.0001672292  -0.0000178619
        0.0000748084   0.0002306426  -0.0000252146   0.0002537886  -0.0000588896
        0.0000112341   0.0001954310   0.0000226952  -0.0009182344   0.0016243647
       -0.0008342803  -0.0052347381  -0.0000864907  -0.0065820265
        0.0007638380   0.0012004137  -0.0006934004  -0.0057429805  -0.0020166298
        0.0013840133   0.0142806779  -0.0069208832   0.0177329036   0.1099683235
       -0.3730767703   0.1686631415   0.0049735611  -0.1115006919   0.0379248108
       -0.1253895438   0.4918024407  -0.2260690319  -0.0000167122  -0.0007560395
       -0.0002446575  -0.0003554932  -0.0000166145   0.0000410460   0.0000649186
       -0.0002654924  -0.0005036327   0.0002482437   0.0003920565  -0.0005645463
        0.0006613671   0.0012229645  -0.0010278085  -0.0010108096  -0.0013385478
        0.0008135563   0.0015546095   0.0012737940   0.0025436057
       -0.0002872992  -0.0006215833   0.0006453530   0.0013062107   0.0027140784
       -0.0023741810  -0.0284928195   0.0336015343  -0.0172385533  -0.0826703101
        0.1753516134  -0.1828708790   0.0016704447   0.0136737306   0.0210224657
        0.1150385496  -0.2260690319   0.1826993294  -0.0000372423   0.0005994495
        0.0000263431   0.0002436169  -0.0001307281   0.0000424140  -0.0001924680
        0.0001798907   0.0002532992  -0.0006761542  -0.0006016133   0.0007680517
        0.0001998570  -0.0008063904  -0.0001625167   0.0012244736   0.0017868212
        0.0016434443  -0.0073268592   0.0003222290  -0.0044545704
       -0.1541306393  -0.0313475771  -0.1146545381   0.0071215744   0.0015751332
        0.0067380335   0.0006824037   0.0001517991   0.0003000045   0.0000246310
        0.0004304488   0.0006220846  -0.0004951577  -0.0001930875   0.0000684431
       -0.0000243882  -0.0000167122  -0.0000372423   0.1773810850   0.0350942147
        0.1321647908  -0.0067429556  -0.0000025607  -0.0076279033  -0.0243708816
       -0.0068398007  -0.0193542082   0.0004762078   0.0014069426   0.0016937934
        0.0002581192  -0.0003075559   0.0001793526  -0.0001021162   0.0000713383
       -0.0000254878  -0.0000778826  -0.0000225827  -0.0000671227
       -0.0308890344  -0.0531641971  -0.0307042424  -0.0137480922  -0.0063691688
       -0.0180213166  -0.0002594189   0.0006297225   0.0006505992   0.0003439904
        0.0015360379  -0.0006820187   0.0001517526  -0.0004562660  -0.0001743898
        0.0000528570  -0.0007560395   0.0005994495   0.0350942147   0.0601274699
        0.0399736752   0.0194766444   0.0033218747   0.0203358632  -0.0109639718
       -0.0021768839  -0.0080999152   0.0014609470  -0.0029294685  -0.0038566023
       -0.0006812064   0.0003623286  -0.0003179614  -0.0001187480  -0.0000221442
        0.0001885641   0.0000800657  -0.0001032656   0.0001082952
       -0.1140499176  -0.0308596228  -0.1631078485  -0.0127268089  -0.0080605054
       -0.0187149708  -0.0005807656   0.0002704045   0.0006163915   0.0005785417
       -0.0012352185  -0.0004082890   0.0004193105   0.0010843312   0.0001033065
        0.0001866925  -0.0002446575   0.0000263431   0.1321647908   0.0399736752
        0.1892925943  -0.0148559262  -0.0001232406  -0.0145107352   0.0077950237
        0.0022764649   0.0088108442   0.0015211979  -0.0038838164  -0.0028474790
       -0.0000849990   0.0006099635   0.0007489679  -0.0002288011   0.0001744035
        0.0002536831  -0.0001383387   0.0000178185  -0.0002628082
       -0.0558785987   0.0441364127  -0.0264849605  -0.0035055666   0.0112571454
       -0.0035677670   0.0005135528   0.0009536270  -0.0006391984  -0.0003680302
        0.0008767069  -0.0004421670   0.0001523837  -0.0004454801   0.0000133832
        0.0000780647  -0.0003554932   0.0002436169  -0.0067429556   0.0194766444
       -0.0148559262   0.0615556919  -0.0536464374   0.0291758739   0.0042642078
       -0.0233202744   0.0144568414   0.0003386350  -0.0007022164  -0.0001525209
       -0.0001730452   0.0020285092   0.0016560600   0.0000966832  -0.0001854911
       -0.0000028000  -0.0003310229  -0.0000736530   0.0005995645
        0.0443803125  -0.2158567856   0.0995906179   0.0074062387  -0.0237943207
        0.0076737086  -0.0006125803   0.0011823666   0.0005045216  -0.0000033395
       -0.0005866040   0.0000673162   0.0000389361   0.0002828180   0.0000261184
        0.0001604298  -0.0000166145  -0.0001307281  -0.0000025607   0.0033218747
       -0.0001232406  -0.0536464374   0.2513737080  -0.1139826358   0.0005065231
       -0.0131189473   0.0095431192  -0.0001580805   0.0002289531   0.0005113600
        0.0018040272  -0.0035452086  -0.0035711417  -0.0003385433   0.0001471218
        0.0001690872   0.0004650745   0.0003816386  -0.0002781028
       -0.0268781186   0.1002366514  -0.1007458999   0.0048986187  -0.0164629543
        0.0085560741  -0.0002307295  -0.0009787514   0.0006541486   0.0004122052
        0.0005935349  -0.0002248921  -0.0001932010  -0.0004228663  -0.0000799710
       -0.0001672292   0.0000410460   0.0000424140  -0.0076279033   0.0203358632
       -0.0145107352   0.0291758739  -0.1139826358   0.1157074202  -0.0015803364
        0.0141293351  -0.0083394834   0.0002279091  -0.0002862532   0.0006902811
        0.0018401549  -0.0033639154  -0.0016719285  -0.0000546213   0.0000180838
       -0.0000564886   0.0001773775   0.0001428620  -0.0000209391
       -0.2118523487  -0.0720645057   0.0875849048  -0.0112472455  -0.0025831410
        0.0073768167  -0.0008156311   0.0022783059   0.0019779271   0.0005512629
       -0.0003872743   0.0006526412   0.0000464559   0.0003652540  -0.0000259380
       -0.0000178619   0.0000649186  -0.0001924680  -0.0243708816  -0.0109639718
        0.0077950237   0.0042642078   0.0005065231  -0.0015803364   0.2435910735
        0.0830823519  -0.1032759162   0.0005807597  -0.0002903224  -0.0002250812
       -0.0001235969  -0.0000477076  -0.0002045730  -0.0007133798  -0.0002159272
        0.0003474053   0.0001071858   0.0002554964  -0.0002304059
       -0.0728260562  -0.0735699431   0.0391567704   0.0161087249   0.0055041166
       -0.0093723606   0.0025717035  -0.0017008688  -0.0026459825  -0.0002783917
       -0.0002599477  -0.0007984855   0.0000290269   0.0003113627   0.0001246560
        0.0000748084  -0.0002654924   0.0001798907  -0.0068398007  -0.0021768839
        0.0022764649  -0.0233202744  -0.0131189473   0.0141293351   0.0830823519
        0.0841441707  -0.0424418718   0.0002151612   0.0004515963   0.0001916141
        0.0003513875   0.0004460645  -0.0001604718   0.0007981228   0.0002873478
       -0.0004976474   0.0000332359  -0.0000525755  -0.0001419116
        0.0875082492   0.0385806466  -0.0895348264   0.0171619809   0.0048835106
       -0.0102450851   0.0029035572  -0.0029542035  -0.0025461007  -0.0009265890
        0.0000034646  -0.0008823413   0.0002473954   0.0003461153   0.0000224933
        0.0002306426  -0.0005036327   0.0002532992  -0.0193542082  -0.0080999152
        0.0088108442   0.0144568414   0.0095431192  -0.0083394834  -0.1032759162
       -0.0424418718   0.1023497912   0.0003276145   0.0004171329  -0.0000939173
       -0.0000860527   0.0002886500   0.0004712787   0.0009845752   0.0002048703
       -0.0004307828  -0.0001780903  -0.0002678863   0.0001648304
        0.0063574913   0.0018039162   0.0055961294  -0.1583561817  -0.0327163890
       -0.1174402372  -0.0226248150  -0.0049269352  -0.0135194745  -0.0042341945
       -0.0017224670   0.0045775933  -0.0010328354  -0.0016946896  -0.0018780399
       -0.0000252146   0.0002482437  -0.0006761542   0.0004762078   0.0014609470
        0.0015211979   0.0003386350  -0.0001580805   0.0002279091   0.0005807597
        0.0002151612   0.0003276145   0.1848603683   0.0370704693   0.1307689745
       -0.0062733296   0.0003494028  -0.0084312477  -0.0002342625   0.0001236507
       -0.0007228909   0.0001673712  -0.0000532297  -0.0003513744
       -0.0126282802  -0.0060921774  -0.0175040834  -0.0317525216  -0.0517900797
       -0.0312668625  -0.0106301876  -0.0020110337  -0.0057175156  -0.0013022974
       -0.0000864863   0.0027612534  -0.0002525347  -0.0009727532  -0.0009538063
        0.0002537886   0.0003920565  -0.0006016133   0.0014069426  -0.0029294685
       -0.0038838164  -0.0007022164   0.0002289531  -0.0002862532  -0.0002903224
        0.0004515963   0.0004171329   0.0370704693   0.0589667333   0.0387240670
        0.0185201161   0.0034262055   0.0187016716   0.0005852242   0.0005082813
       -0.0001306837  -0.0002781805  -0.0000918270  -0.0002594904
       -0.0119146176  -0.0077656226  -0.0173153316  -0.1183181498  -0.0309440852
       -0.1552439553   0.0090536369   0.0019327816   0.0063538683   0.0022700039
        0.0010422879  -0.0022409244   0.0004272980   0.0009962839   0.0013158021
       -0.0000588896  -0.0005645463   0.0007680517   0.0016937934  -0.0038566023
       -0.0028474790  -0.0001525209   0.0005113600   0.0006902811  -0.0002250812
        0.0001916141  -0.0000939173   0.1307689745   0.0387240670   0.1809815382
       -0.0141748216  -0.0004311732  -0.0133527167   0.0004586646   0.0002495117
        0.0007781472   0.0001717094  -0.0000858765   0.0002066356
       -0.0026865539   0.0107104717  -0.0030043647  -0.0544763908   0.0460829860
       -0.0300119435   0.0007896184  -0.0216639375   0.0145435283   0.0009199881
       -0.0024049615   0.0002942882   0.0001148653   0.0006621558   0.0001750560
        0.0000112341   0.0006613671   0.0001998570   0.0002581192  -0.0006812064
       -0.0000849990  -0.0001730452   0.0018040272   0.0018401549  -0.0001235969
        0.0003513875  -0.0000860527  -0.0062733296   0.0185201161  -0.0141748216
        0.0650731727  -0.0515970494   0.0282801472   0.0005888835  -0.0001288266
       -0.0000491179  -0.0040229650  -0.0023165300   0.0020782679
        0.0077771025  -0.0218674574   0.0068961921   0.0449218024  -0.2080518234
        0.0974059283  -0.0021810079  -0.0121019850   0.0085346734   0.0007938640
       -0.0019148273   0.0009816746  -0.0002192606   0.0000055488   0.0001936489
        0.0001954310   0.0012229645  -0.0008063904  -0.0003075559   0.0003623286
        0.0006099635   0.0020285092  -0.0035452086  -0.0033639154  -0.0000477076
        0.0004460645   0.0002886500   0.0003494028   0.0034262055  -0.0004311732
       -0.0515970494   0.2419698546  -0.1116903060   0.0002681970   0.0004707194
       -0.0001467234  -0.0019817275  -0.0004223841   0.0015277778
        0.0050678015  -0.0163762323   0.0078005688  -0.0285052626   0.0981532991
       -0.1010490534  -0.0000255365   0.0146601407  -0.0096742029  -0.0006328410
        0.0004805872   0.0010667579  -0.0001146441  -0.0002179204  -0.0001551603
        0.0000226952  -0.0010278085  -0.0001625167   0.0001793526  -0.0003179614
        0.0007489679   0.0016560600  -0.0035711417  -0.0016719285  -0.0002045730
       -0.0001604718   0.0004712787  -0.0084312477   0.0187016716  -0.0133527167
        0.0282801472  -0.1116903060   0.1170765297  -0.0000767049   0.0004605178
       -0.0002098534   0.0027847534   0.0009056258  -0.0008886712
       -0.0038371119  -0.0020564394   0.0027898173  -0.0108371336   0.0131904771
        0.0181746190  -0.0500037247   0.0492220031   0.0435999600   0.0042999468
       -0.0147063887  -0.0204396524  -0.0052400760  -0.0016293249  -0.0015999288
       -0.0009182344  -0.0010108096   0.0012244736  -0.0001021162  -0.0001187480
       -0.0002288011   0.0000966832  -0.0003385433  -0.0000546213  -0.0007133798
        0.0007981228   0.0009845752  -0.0002342625   0.0005852242   0.0004586646
        0.0005888835   0.0002681970  -0.0000767049   0.0670034947  -0.0484442640
       -0.0481596579  -0.0001029691   0.0042404936   0.0033272567
       -0.0009040512   0.0002674760   0.0004621910  -0.0026292856   0.0052742485
        0.0049173431   0.0492916022  -0.1500509458  -0.1101583543  -0.0053494113
       -0.0032002834  -0.0089487014  -0.0015263602   0.0010231791  -0.0004592187
        0.0016243647  -0.0013385478   0.0017868212   0.0000713383  -0.0000221442
        0.0001744035  -0.0001854911   0.0001471218   0.0000180838  -0.0002159272
        0.0002873478   0.0002048703   0.0001236507   0.0005082813   0.0002495117
       -0.0001288266   0.0004707194   0.0004605178  -0.0484442640   0.1672273302
        0.1281450158   0.0082726612  -0.0205937828  -0.0168524840
        0.0026939399   0.0010473453  -0.0008095149   0.0085254460  -0.0083949857
       -0.0113650625   0.0430721352  -0.1075236253  -0.1519861750   0.0013653054
       -0.0182675288  -0.0202363363  -0.0039830686  -0.0012086548  -0.0019108881
       -0.0008342803   0.0008135563   0.0016434443  -0.0000254878   0.0001885641
        0.0002536831  -0.0000028000   0.0001690872  -0.0000564886   0.0003474053
       -0.0004976474  -0.0004307828  -0.0007228909  -0.0001306837   0.0007781472
       -0.0000491179  -0.0001467234  -0.0002098534  -0.0481596579   0.1281450158
        0.1766304426  -0.0022269285   0.0058062804   0.0076993845
        0.0009012079  -0.0008262923  -0.0004380034   0.0012961395  -0.0204588598
        0.0108423457  -0.0444376863   0.0281687082  -0.0128737151  -0.0062037615
        0.0229604435  -0.0119555715   0.0004421986   0.0006922423   0.0010920504
       -0.0052347381   0.0015546095  -0.0073268592  -0.0000778826   0.0000800657
       -0.0001383387  -0.0003310229   0.0004650745   0.0001773775   0.0001071858
        0.0000332359  -0.0001780903   0.0001673712  -0.0002781805   0.0001717094
       -0.0040229650  -0.0019817275   0.0027847534  -0.0001029691   0.0082726612
       -0.0022269285   0.0574969225  -0.0386819806   0.0200692704
        0.0005393329   0.0012689837  -0.0007470823  -0.0019888299  -0.0107788819
        0.0067240825   0.0356241118  -0.2411639214   0.0864291630   0.0039241334
       -0.0022896153   0.0039291728  -0.0013602717   0.0008570773  -0.0014788776
       -0.0000864907   0.0012737940   0.0003222290  -0.0000225827  -0.0001032656
        0.0000178185  -0.0000736530   0.0003816386   0.0001428620   0.0002554964
       -0.0000525755  -0.0002678863  -0.0000532297  -0.0000918270  -0.0000858765
       -0.0023165300  -0.0004223841   0.0009056258   0.0042404936  -0.0205937828
        0.0058062804  -0.0386819806   0.2717147601  -0.1016975112
       -0.0006885206   0.0005575809   0.0003630727   0.0006192336   0.0127482224
       -0.0059945802  -0.0136665287   0.0802400632  -0.0794584562  -0.0065967567
        0.0212685677  -0.0118157602   0.0014891422   0.0002353870   0.0005769542
       -0.0065820265   0.0025436057  -0.0044545704  -0.0000671227   0.0001082952
       -0.0002628082   0.0005995645  -0.0002781028  -0.0000209391  -0.0002304059
       -0.0001419116   0.0001648304  -0.0003513744  -0.0002594904   0.0002066356
        0.0020782679   0.0015277778  -0.0008886712   0.0033272567  -0.0168524840
        0.0076993845   0.0200692704  -0.1016975112   0.0938849080
