           1           2   1.42085476001729     
           2           3   1.44520304304765     
           3           4   1.39185549467521     
           4           5   1.32706401508238     
           1           6   1.44842137257989     
           5           6   1.38432692583263     
           5           7   1.04961011878089     
           7           8   1.69901578138648     
           7           9   1.05112682594975     
           9          10   1.43666538620057     
          10          11   1.35023063530882     
          11          12   1.53411671668127     
          12          13   1.24841200521098     
           9          14   1.27478621815322     
          13          14   1.23476484118621     
           4          15   1.04003098094647     
          14          15   1.15265682568644     
          15          16   1.59804479625452     
          13          17   1.32053654189762     
          17          18   1.00535886978245     
          18          19  0.985413953703517     
          19          20  0.997036036720026     
           1          21  0.967238779255956     
           2          22  0.967160723031613     
           3          23  0.963658446954361     
           6          24  0.964854784836444     
          10          25  0.964956620800657     
          11          26  0.966560638218259     
          12          27  0.957400561896430     
          17          28  0.876577327674077     
          18          29  0.967183954027883     
          18          30  0.960618368040511     
          19          31  0.970883502406961     
          19          32  0.967458921148382     
          20          33  0.854820347031469     
