$hessian                                                                        
        0.4726465198  -0.0249812669  -0.0118994175  -0.1724431013  -0.0491069912
       -0.0287965752  -0.0199638971  -0.0098651894   0.0034402459  -0.0007677315
       -0.0005708764   0.0035047696  -0.0003821346  -0.0005996270  -0.0004725514
       -0.0004216932   0.0000872502  -0.0001386889   0.0002247192   0.0000140949
       -0.0001841306   0.0000184299   0.0000030841  -0.0000263913  -0.0470743305
        0.0277214890   0.0178062292  -0.0905817536  -0.0250017045   0.0945013630
       -0.1213672068   0.0906966781  -0.0688987668  -0.0213858939  -0.0067190496
       -0.0064281201  -0.0000979345  -0.0021125055  -0.0008520214   0.0011107732
        0.0004097466  -0.0007186710   0.0005824132   0.0000246724  -0.0008708116
       -0.0000306834  -0.0000093947  -0.0000031442  -0.0000409457   0.0000253791
        0.0000214109   0.0000149120  -0.0000307012   0.0000111822  -0.0000023766
       -0.0000062876   0.0000008275  -0.0000380846   0.0000211997   0.0000032618
       -0.0249812669   0.5134469815  -0.0052499343  -0.0491600380  -0.0911557766
       -0.0136966250  -0.0104951403  -0.0044844658   0.0017848994  -0.0002089230
       -0.0005883815   0.0018946364  -0.0001552440   0.0000459150  -0.0001861681
       -0.0004656004   0.0002680353  -0.0003209896   0.0000399299  -0.0000061843
       -0.0000848531  -0.0000243514  -0.0000449047  -0.0000165905   0.0283597705
       -0.2086656364  -0.1087043337  -0.0249714281  -0.0578455001   0.0506403440
        0.0900387529  -0.1457662845   0.0781152262   0.0154643710   0.0072499683
        0.0043313008  -0.0237540284  -0.0136176455  -0.0077257195  -0.0005180430
        0.0002905185  -0.0005900408   0.0008491574   0.0007874323  -0.0001995441
        0.0000221330   0.0000257763  -0.0000077490  -0.0000087191   0.0000046960
        0.0000161085  -0.0000178104   0.0000155102  -0.0000024911  -0.0000022836
        0.0000164976   0.0000054025  -0.0000112379   0.0000234484  -0.0000028789
       -0.0118994175  -0.0052499343   0.5246022329  -0.0275526449  -0.0130603796
       -0.0696076839   0.0235518249   0.0112026340  -0.0005083079  -0.0009344544
       -0.0004485819  -0.0055919601   0.0008732657   0.0024025358   0.0015453494
        0.0017768696  -0.0008631892   0.0008254386  -0.0000331847  -0.0002336917
        0.0002382916   0.0000898678  -0.0000038026   0.0000115080   0.0181184980
       -0.1087388449  -0.1167974179   0.0939090933   0.0503470695  -0.2242323347
       -0.0687554699   0.0783829087  -0.1052982750  -0.0151762332  -0.0054085337
       -0.0033391251  -0.0150528636  -0.0089232967  -0.0037894103   0.0008100580
       -0.0002406513   0.0009174070   0.0002740813   0.0007342916   0.0009275331
       -0.0000780798   0.0000147811  -0.0000100559   0.0000963175   0.0000726387
        0.0000767985   0.0000023944  -0.0000170346   0.0000166155  -0.0000379841
        0.0000299498   0.0000011144   0.0000180615   0.0000011313   0.0000122818
       -0.1724431013  -0.0491600380  -0.0275526449   0.4696090909  -0.0342445274
        0.0239295663  -0.0789567441  -0.0074780024   0.0525483270  -0.0206648240
       -0.0117081539   0.0184104024  -0.0005959163   0.0010331061  -0.0016511208
       -0.0010167252  -0.0010560000  -0.0004715578   0.0003368520   0.0001653854
       -0.0013915315   0.0000984814   0.0000010462  -0.0000242414   0.0005552289
       -0.0025602810  -0.0013378433  -0.0162178190  -0.0079249160  -0.0008816683
       -0.0218191504  -0.0061406332  -0.0067442339  -0.1159894882   0.0873471370
       -0.0665940976  -0.0467159900   0.0284628065   0.0148486492   0.0068455453
        0.0035452162  -0.0110874058  -0.0028608797  -0.0003462619   0.0080246761
        0.0001704622   0.0000527667   0.0000008488  -0.0002573891  -0.0000176555
       -0.0000295199  -0.0000492826   0.0000038048  -0.0000132718  -0.0000021312
       -0.0000148609   0.0000070470  -0.0000262196   0.0000400613   0.0000096202
       -0.0491069912  -0.0911557766  -0.0130603796  -0.0342445274   0.5222535480
        0.0122257995  -0.0076927691  -0.0689469844   0.0279588330  -0.0110883860
       -0.0055865643   0.0088212956  -0.0008432488   0.0000855558  -0.0018769957
        0.0007923268  -0.0006319272   0.0007310461   0.0001268775   0.0000378686
       -0.0005381642  -0.0000427324  -0.0000850938  -0.0000053818  -0.0239082315
       -0.0141573685  -0.0076632657  -0.0086659746  -0.0037707263  -0.0005195723
        0.0159292369   0.0078548654   0.0040146311   0.0871280576  -0.1432297827
        0.0729478097   0.0287497296  -0.2016936682  -0.1023893818  -0.0079861164
       -0.0060036390   0.0189961211   0.0107971628   0.0048900659  -0.0196871976
        0.0000882527   0.0000216192   0.0000514464  -0.0000674100   0.0000900582
       -0.0000031024   0.0000496669   0.0000028937   0.0000035461   0.0000038391
        0.0000140706  -0.0000064307  -0.0000187625   0.0000109857  -0.0000006569
       -0.0287965752  -0.0136966250  -0.0696076839   0.0239295663   0.0122257995
        0.4729500591   0.0385953791   0.0209751117  -0.1513529608   0.0141807514
        0.0068517948   0.0076735382  -0.0018686991  -0.0059604133  -0.0017933549
       -0.0045850381   0.0028356528  -0.0014465912   0.0006271430   0.0003964077
       -0.0000230350  -0.0001215423  -0.0000294081  -0.0001382383  -0.0149794179
       -0.0091320299  -0.0046466128   0.0222591573   0.0105893697   0.0033291497
       -0.0153478976  -0.0052283878  -0.0041973627  -0.0667037725   0.0744317273
       -0.1014974756   0.0160079728  -0.1030943371  -0.1116856230   0.0065054556
        0.0078953744  -0.0181703041   0.0104101123   0.0011715837  -0.0194497673
       -0.0000764758  -0.0001457603   0.0000550627  -0.0000333689  -0.0000710154
       -0.0000640634   0.0000198446  -0.0000166492   0.0000158986   0.0000299205
        0.0000140639   0.0000480903  -0.0000525158  -0.0000122594   0.0000012743
       -0.0199638971  -0.0104951403   0.0235518249  -0.0789567441  -0.0076927691
        0.0385953791   0.4657194852  -0.0505580100   0.0371992405  -0.1455518940
       -0.0468560545  -0.0233383977  -0.0057387963  -0.0155808211  -0.0070038196
       -0.0502694803   0.0026927041  -0.0137127805   0.0009563072   0.0035157977
       -0.0005197863  -0.0014322474  -0.0003424715  -0.0004175034   0.0010004666
        0.0006800093   0.0002568302  -0.0061096320  -0.0032007869  -0.0001507148
        0.0009500213  -0.0002104127   0.0008562245   0.0061231813   0.0027759398
       -0.0107866238  -0.0038215265  -0.0001905030   0.0082880928  -0.1137124674
        0.0888830374  -0.0698534624  -0.0483643937   0.0367656542   0.0173231094
        0.0000027537  -0.0001196397  -0.0000749300  -0.0006183020  -0.0002177770
       -0.0001778268   0.0000439230  -0.0000725224   0.0000478979   0.0001091191
       -0.0000917853  -0.0000448397  -0.0003658766   0.0003155509  -0.0000379142
       -0.0098651894  -0.0044844658   0.0112026340  -0.0074780024  -0.0689469844
        0.0209751117  -0.0505580100   0.5397839449   0.0174157767  -0.0360022922
       -0.0798803798  -0.0106502535  -0.0402489540  -0.0388790900  -0.0124793700
        0.0155899154   0.0100435586   0.0038808552   0.0034804822  -0.0019557250
       -0.0001829884   0.0009128935   0.0002412979   0.0002446838  -0.0001742922
        0.0005313681   0.0009037459  -0.0031382248  -0.0009561811  -0.0000850086
        0.0007199507   0.0006011162  -0.0004048830  -0.0083580711  -0.0065319272
        0.0196118153   0.0103342112   0.0050184823  -0.0198956172   0.0874146257
       -0.1490550277   0.0755441797   0.0370964658  -0.2051174896  -0.1060550555
        0.0001426698  -0.0001080559   0.0000061447  -0.0001421088  -0.0001860088
       -0.0000860730  -0.0000091405   0.0000955378  -0.0000145664   0.0000105925
        0.0000666865   0.0000333345   0.0002724786  -0.0002806570   0.0000355340
        0.0034402459   0.0017848994  -0.0005083079   0.0525483270   0.0279588330
       -0.1513529608   0.0371992405   0.0174157767   0.4526727777  -0.0372166314
       -0.0189484882  -0.0784622634  -0.0088154882  -0.0045028502   0.0141404272
       -0.0092539616  -0.0028171011   0.0036243585  -0.0027904881   0.0000223486
        0.0052738076  -0.0003972237  -0.0000944907  -0.0000836154  -0.0008960129
       -0.0000398384   0.0008749060  -0.0004488727  -0.0002175434   0.0012072331
       -0.0006257073  -0.0006911527   0.0008312328   0.0073547876   0.0074543898
       -0.0183401687   0.0106786376   0.0021638036  -0.0194756113  -0.0690721859
        0.0769611671  -0.1016925330   0.0183770380  -0.1067120164  -0.1087685072
       -0.0008926824  -0.0000273513  -0.0003387619   0.0009487975   0.0001762508
        0.0004032549   0.0000085316  -0.0000432628   0.0000533540  -0.0000829320
        0.0000421193  -0.0000212686  -0.0000634193   0.0001145068  -0.0000373537
       -0.0007677315  -0.0002089230  -0.0009344544  -0.0206648240  -0.0110883860
        0.0141807514  -0.1455518940  -0.0360022922  -0.0372166314   0.4866180833
        0.0721432901   0.0756179850  -0.0934150034  -0.1125769881  -0.0154742030
       -0.1630442875   0.0743538470  -0.0225141995  -0.0454954433   0.0152052249
       -0.0103303862  -0.0041772793  -0.0016469767  -0.0014121179  -0.0001162092
        0.0003201325   0.0005612726   0.0007191656   0.0002772651  -0.0002399111
       -0.0000379116  -0.0003022909   0.0004278137   0.0008717423   0.0009297932
       -0.0011895538  -0.0002392562  -0.0002022404   0.0001183928  -0.0191489111
       -0.0038208998  -0.0047735017   0.0047307677  -0.0011691791   0.0030940970
        0.0003549303   0.0015084906  -0.0008395745   0.0007617448   0.0012775982
        0.0010590395  -0.0003517352  -0.0003828308   0.0000995938  -0.0003696453
       -0.0001618324  -0.0002667231  -0.0006763024   0.0015471981   0.0000323107
       -0.0005708764  -0.0005883815  -0.0004485819  -0.0117081539  -0.0055865643
        0.0068517948  -0.0468560545  -0.0798803798  -0.0189484882   0.0721432901
        0.8466833634   0.0670728295  -0.0945357328  -0.6029374080  -0.0677460812
        0.0826521606  -0.1626454554   0.0133932344   0.0125729046   0.0134623979
        0.0041682328  -0.0046989356  -0.0024777242  -0.0013050899  -0.0000831288
        0.0001101738   0.0001439799   0.0003416642   0.0004138072  -0.0001055761
        0.0001936134  -0.0001826744   0.0003768886  -0.0006660991  -0.0007781650
        0.0008590557   0.0016345409   0.0002672432  -0.0015300270   0.0162780494
        0.0071590801   0.0065259948  -0.0198920315  -0.0148934175  -0.0076212953
       -0.0044774790   0.0007608591   0.0018557982  -0.0028424767   0.0011762182
       -0.0036525601   0.0010780041  -0.0002824446   0.0003152823   0.0011046906
       -0.0001740476   0.0001935809  -0.0016679496   0.0003935193  -0.0003989721
        0.0035047696   0.0018946364  -0.0055919601   0.0184104024   0.0088212956
        0.0076735382  -0.0233383977  -0.0106502535  -0.0784622634   0.0756179850
        0.0670728295   0.2192380992  -0.0143662842  -0.0699603354  -0.0737809231
       -0.0200238496   0.0104717486  -0.0600089695  -0.0113206209   0.0046516968
       -0.0020723161  -0.0012658212  -0.0006412138  -0.0001486499  -0.0002289787
       -0.0001048099   0.0000201617   0.0020440217   0.0009852861   0.0000433165
       -0.0002674937  -0.0000978221  -0.0000163996   0.0008474261   0.0012240095
       -0.0001860785   0.0014883011  -0.0000896910  -0.0002338051  -0.0155858288
       -0.0053279297  -0.0037964915  -0.0143295530  -0.0092725616  -0.0038696561
        0.0007887174   0.0002718671   0.0011454268  -0.0017827338   0.0005452106
        0.0002429880  -0.0001327720   0.0001604035  -0.0000903686   0.0002301683
       -0.0003364737  -0.0002113304  -0.0002894581   0.0003821070   0.0001056814
       -0.0003821346  -0.0001552440   0.0008732657  -0.0005959163  -0.0008432488
       -0.0018686991  -0.0057387963  -0.0402489540  -0.0088154882  -0.0934150034
       -0.0945357328  -0.0143662842   0.0981617877   0.0900308962   0.0249559090
        0.0012871863   0.0451398754  -0.0026277504   0.0018320853   0.0049934843
        0.0021837181   0.0008102696   0.0009623922   0.0001472370   0.0000882946
        0.0000677670  -0.0000637439  -0.0002972335  -0.0001023646   0.0001620094
        0.0001975666   0.0000282182  -0.0000372047  -0.0000302958  -0.0001930371
        0.0000537486   0.0002827846   0.0004206864  -0.0004451731   0.0022525980
       -0.0000280240   0.0011523591  -0.0062647038  -0.0042080153  -0.0019568816
        0.0010405362  -0.0004535960  -0.0004215524   0.0007511687  -0.0006696058
        0.0011097044  -0.0001340336   0.0000624871   0.0000048856  -0.0000874452
       -0.0000122275  -0.0000850857   0.0002412848  -0.0002557569   0.0000450262
       -0.0005996270   0.0000459150   0.0024025358   0.0010331061   0.0000855558
       -0.0059604133  -0.0155808211  -0.0388790900  -0.0045028502  -0.1125769881
       -0.6029374080  -0.0699603354   0.0900308962   0.7499663269   0.0801253622
        0.0443130519  -0.1103386375   0.0003028596  -0.0048538440   0.0017440871
       -0.0008016478   0.0011604564   0.0012105254   0.0003542920   0.0002057425
        0.0000284594  -0.0000987422  -0.0007950872  -0.0004126219   0.0001152218
        0.0000402121   0.0001619092  -0.0002609465   0.0002947816  -0.0002122437
        0.0000639875  -0.0003939055   0.0005599082   0.0006079410   0.0018566427
        0.0008519763  -0.0005747201  -0.0057520690  -0.0024603184  -0.0022117999
        0.0015167131   0.0000883633  -0.0011443218   0.0006500467  -0.0000968346
        0.0015956114  -0.0004804795   0.0002422133  -0.0004139845  -0.0006324702
        0.0001254252   0.0001769989   0.0005636424   0.0002264889   0.0001849516
       -0.0004725514  -0.0001861681   0.0015453494  -0.0016511208  -0.0018769957
       -0.0017933549  -0.0070038196  -0.0124793700   0.0141404272  -0.0154742030
       -0.0677460812  -0.0737809231   0.0249559090   0.0801253622   0.0381962118
       -0.0029697049   0.0010106769   0.0253378843   0.0013414940   0.0018763360
       -0.0033888039   0.0002560801   0.0003225025   0.0003101172   0.0000679788
        0.0000887962  -0.0000171538  -0.0005485058  -0.0002234203   0.0000273475
        0.0000734155   0.0000049483  -0.0000632837  -0.0000579468  -0.0002293442
       -0.0000634635  -0.0006275168   0.0000695152   0.0000027436   0.0020334754
        0.0004875451   0.0001237928  -0.0007902093  -0.0007992129   0.0001484542
        0.0004300209   0.0002638387  -0.0007558208   0.0004675293  -0.0007055141
        0.0000414210  -0.0000848545  -0.0000385136  -0.0000096909  -0.0000694859
        0.0000821115   0.0000329466   0.0001240159  -0.0000470124  -0.0000342010
       -0.0004216932  -0.0004656004   0.0017768696  -0.0010167252   0.0007923268
       -0.0045850381  -0.0502694803   0.0155899154  -0.0092539616  -0.1630442875
        0.0826521606  -0.0200238496   0.0012871863   0.0443130519  -0.0029697049
        0.4250545797  -0.0586958630   0.0870279075  -0.1286348537  -0.0558050741
       -0.0243503801  -0.0346304233  -0.0013608401  -0.0093524876   0.0001584823
       -0.0000517874  -0.0002336184  -0.0004600185  -0.0002564943   0.0001714444
        0.0001166068   0.0001575111  -0.0001402948   0.0003470395  -0.0005173663
        0.0002694649   0.0001324495   0.0005341166   0.0001556450  -0.0068326976
       -0.0023638582  -0.0026921386   0.0001662354   0.0008763654  -0.0008463801
       -0.0290349530  -0.0175011457  -0.0017760725  -0.0131559084  -0.0104585285
       -0.0133417871   0.0021171462  -0.0008363751   0.0000353706   0.0020675594
       -0.0012722410   0.0006157039  -0.0039462445   0.0046697263  -0.0004866926
        0.0000872502   0.0002680353  -0.0008631892  -0.0010560000  -0.0006319272
        0.0028356528   0.0026927041   0.0100435586  -0.0028171011   0.0743538470
       -0.1626454554   0.0104717486   0.0451398754  -0.1103386375   0.0010106769
       -0.0586958630   0.3741146052   0.0096953969  -0.0457640927  -0.0985447072
       -0.0151171551   0.0249833326   0.0088266816   0.0070660180  -0.0000377495
        0.0000525763   0.0001035877   0.0002958590   0.0000921935   0.0000593901
       -0.0000307927  -0.0000539998   0.0000015923   0.0000888882   0.0003546876
       -0.0005392616  -0.0001070296  -0.0002118980  -0.0000341371  -0.0022545442
       -0.0000131105  -0.0000255958  -0.0003924709   0.0003408249   0.0011140673
       -0.0254686587  -0.0121863560  -0.0057660797  -0.0173362460  -0.0080668954
       -0.0077800887  -0.0007676202   0.0010649510  -0.0002559337  -0.0008415402
        0.0008569128   0.0001116481   0.0051108510  -0.0033220399   0.0007287633
       -0.0001386889  -0.0003209896   0.0008254386  -0.0004715578   0.0007310461
       -0.0014465912  -0.0137127805   0.0038808552   0.0036243585  -0.0225141995
        0.0133932344  -0.0600089695  -0.0026277504   0.0003028596   0.0253378843
        0.0870279075   0.0096953969   0.0972005485  -0.0234714606  -0.0184629746
       -0.0649884503  -0.0060234533   0.0005721243   0.0012428985   0.0000345236
        0.0000162628  -0.0000784557  -0.0002273943  -0.0001505317   0.0000529197
        0.0001918872   0.0000188573   0.0000092364  -0.0001261431  -0.0006328290
        0.0003838864  -0.0000859750   0.0001140049   0.0000890325  -0.0021256830
       -0.0003709266  -0.0001446300   0.0011747856   0.0006895681  -0.0000050001
        0.0153039218   0.0046274378   0.0080276106  -0.0325605073  -0.0144592292
       -0.0111793253   0.0005987887  -0.0008118033   0.0000647226   0.0001895794
        0.0005175054   0.0004456558  -0.0004358000   0.0006501312   0.0005472295
        0.0002247192   0.0000399299  -0.0000331847   0.0003368520   0.0001268775
        0.0006271430   0.0009563072   0.0034804822  -0.0027904881  -0.0454954433
        0.0125729046  -0.0113206209   0.0018320853  -0.0048538440   0.0013414940
       -0.1286348537  -0.0457640927  -0.0234714606   0.3934351791  -0.0238986632
       -0.0328285763  -0.1066761473   0.0693410471   0.0004554321  -0.0000726060
        0.0000449674   0.0000518656  -0.0000654064  -0.0000281324  -0.0000318309
        0.0000216345  -0.0000924524   0.0000777037  -0.0003654671  -0.0001337100
        0.0000667443  -0.0001915306  -0.0001806403  -0.0000824765  -0.0012532330
       -0.0008398376   0.0000680308  -0.0001844607   0.0002777738   0.0002333220
       -0.0555893834  -0.0405971728   0.0468540846  -0.0403038537   0.0114271121
        0.0220200066   0.0051397603  -0.0050917526  -0.0012060532  -0.0031980293
        0.0047218471   0.0021623674  -0.0199161232   0.0194473562  -0.0021935030
        0.0000140949  -0.0000061843  -0.0002336917   0.0001653854   0.0000378686
        0.0003964077   0.0035157977  -0.0019557250   0.0000223486   0.0152052249
        0.0134623979   0.0046516968   0.0049934843   0.0017440871   0.0018763360
       -0.0558050741  -0.0985447072  -0.0184629746  -0.0238986632   0.4981370980
       -0.0094658920   0.0658072923  -0.1597713792   0.0032893312  -0.0000306653
        0.0000474722   0.0000408286   0.0000269353   0.0000445164  -0.0000407462
       -0.0000101152  -0.0000512075   0.0000542478  -0.0001625760   0.0001179295
       -0.0000198418   0.0000036483  -0.0001007426   0.0000060329   0.0009468425
        0.0002239537   0.0003861077  -0.0002668150   0.0001441028   0.0001238265
       -0.0414028890  -0.1380556679   0.1012889014   0.0101051813  -0.0837504963
       -0.0848699053   0.0138421477  -0.0221665884   0.0042854748   0.0113363698
       -0.0151794210  -0.0030446932  -0.0043856066   0.0056226933  -0.0002837953
       -0.0001841306  -0.0000848531   0.0002382916  -0.0013915315  -0.0005381642
       -0.0000230350  -0.0005197863  -0.0001829884   0.0052738076  -0.0103303862
        0.0041682328  -0.0020723161   0.0021837181  -0.0008016478  -0.0033888039
       -0.0243503801  -0.0151171551  -0.0649884503  -0.0328285763  -0.0094658920
        0.5065065490  -0.0000483962   0.0042400152  -0.0680754128  -0.0000287763
       -0.0000063181   0.0000351026  -0.0001100363  -0.0000611602  -0.0000499018
       -0.0000376443  -0.0000117846   0.0000235885  -0.0000193973   0.0002511320
       -0.0001505292   0.0001041327  -0.0001465189  -0.0001180455   0.0002100824
        0.0001008404   0.0004179081  -0.0000264005   0.0003093215   0.0001925100
        0.0436442492   0.1006191302  -0.1510942855   0.0247357820  -0.0838179587
       -0.2204374739  -0.0125571180   0.0182508999  -0.0015672821   0.0171727805
       -0.0233345091  -0.0001719178  -0.0056181849   0.0056293780  -0.0005503033
        0.0000184299  -0.0000243514   0.0000898678   0.0000984814  -0.0000427324
       -0.0001215423  -0.0014322474   0.0009128935  -0.0003972237  -0.0041772793
       -0.0046989356  -0.0012658212   0.0008102696   0.0011604564   0.0002560801
       -0.0346304233   0.0249833326  -0.0060234533  -0.1066761473   0.0658072923
       -0.0000483962   0.5093836081   0.0358381058   0.0004485678   0.0000102858
        0.0000120791  -0.0000084523  -0.0000608624  -0.0000221100   0.0000294468
       -0.0000302248   0.0000088311  -0.0000234852  -0.0000085777   0.0000529230
       -0.0001024479  -0.0000125989   0.0000244995  -0.0000040697  -0.0004995087
       -0.0001358955  -0.0001279255   0.0000874611   0.0001412281   0.0000923972
        0.0042842397  -0.0034751767  -0.0005878808  -0.0030786010   0.0057960441
        0.0016375452  -0.0729564906  -0.0565976530   0.0579651009  -0.0431842291
        0.0036151668   0.0097986480  -0.2479455852  -0.0733559977  -0.0616069558
        0.0000030841  -0.0000449047  -0.0000038026   0.0000010462  -0.0000850938
       -0.0000294081  -0.0003424715   0.0002412979  -0.0000944907  -0.0016469767
       -0.0024777242  -0.0006412138   0.0009623922   0.0012105254   0.0003225025
       -0.0013608401   0.0088266816   0.0005721243   0.0693410471  -0.1597713792
        0.0042400152   0.0358381058   0.4882709518   0.0031658304   0.0000289992
        0.0000277866   0.0000137222   0.0000232382   0.0000138842   0.0000050733
       -0.0000061976   0.0000114967  -0.0000089892  -0.0000207533   0.0000168510
       -0.0000291705  -0.0000078555   0.0000570928   0.0000390307  -0.0000915345
        0.0000188725  -0.0000508384   0.0000750314   0.0000270650   0.0000338395
        0.0131382934  -0.0192066855   0.0032041245   0.0104611752  -0.0131049425
       -0.0017928323  -0.0578777716  -0.1486283136   0.1078906076   0.0030503885
       -0.0888807926  -0.0955776491  -0.0715684007  -0.0665226694  -0.0212584753
       -0.0000263913  -0.0000165905   0.0000115080  -0.0000242414  -0.0000053818
       -0.0001382383  -0.0004175034   0.0002446838  -0.0000836154  -0.0014121179
       -0.0013050899  -0.0001486499   0.0001472370   0.0003542920   0.0003101172
       -0.0093524876   0.0070660180   0.0012428985   0.0004554321   0.0032893312
       -0.0680754128   0.0004485678   0.0031658304   0.5288606364   0.0000151779
        0.0000148174   0.0000158181  -0.0000163303  -0.0000130641   0.0000115513
        0.0000105173   0.0000085505   0.0000038701   0.0000569189  -0.0000287785
        0.0000086826  -0.0000225643   0.0000191777   0.0000237871  -0.0001080577
       -0.0000245062  -0.0000152823   0.0000269289   0.0000457398   0.0000601420
       -0.0115460865   0.0173542709  -0.0011648106   0.0156526965  -0.0212656446
       -0.0000896429   0.0583893711   0.1069662177  -0.1552363698   0.0090840931
       -0.0941601392  -0.2447250529  -0.0613611602  -0.0217097345  -0.0608719363
       -0.0470743305   0.0283597705   0.0181184980   0.0005552289  -0.0239082315
       -0.0149794179   0.0010004666  -0.0001742922  -0.0008960129  -0.0001162092
       -0.0000831288  -0.0002289787   0.0000882946   0.0002057425   0.0000679788
        0.0001584823  -0.0000377495   0.0000345236  -0.0000726060  -0.0000306653
       -0.0000287763   0.0000102858   0.0000289992   0.0000151779   0.0554642207
       -0.0295068326  -0.0196497348  -0.0022061443   0.0120002056   0.0094916566
       -0.0033851078   0.0170309278   0.0094785019   0.0008374587  -0.0004438783
       -0.0000681660  -0.0048793972  -0.0036303940  -0.0017812635  -0.0001222995
        0.0001370142   0.0000676590  -0.0002975631   0.0000414141   0.0003514412
        0.0000219882   0.0000125216  -0.0000072612   0.0000260518   0.0000050229
        0.0000185582  -0.0000135711  -0.0000076412  -0.0000126739  -0.0000166995
       -0.0000048261   0.0000033049   0.0000214505   0.0000060210   0.0000049849
        0.0277214890  -0.2086656364  -0.1087388449  -0.0025602810  -0.0141573685
       -0.0091320299   0.0006800093   0.0005313681  -0.0000398384   0.0003201325
        0.0001101738  -0.0001048099   0.0000677670   0.0000284594   0.0000887962
       -0.0000517874   0.0000525763   0.0000162628   0.0000449674   0.0000474722
       -0.0000063181   0.0000120791   0.0000277866   0.0000148174  -0.0295068326
        0.2404585767   0.1281405805  -0.0000070044   0.0046817232   0.0020054168
        0.0067710341  -0.0226948022  -0.0116891503   0.0004783990   0.0007116491
        0.0002892057  -0.0034642041  -0.0009246700  -0.0011831228   0.0000859102
       -0.0003170588  -0.0000355736  -0.0006409155   0.0001353033   0.0003683081
        0.0000202125  -0.0000130140   0.0000056602   0.0000274227  -0.0000129290
        0.0000020599  -0.0000017313   0.0000023663  -0.0000134406  -0.0000075370
        0.0000050131   0.0000133519   0.0000108705  -0.0000069893  -0.0000013310
        0.0178062292  -0.1087043337  -0.1167974179  -0.0013378433  -0.0076632657
       -0.0046466128   0.0002568302   0.0009037459   0.0008749060   0.0005612726
        0.0001439799   0.0000201617  -0.0000637439  -0.0000987422  -0.0000171538
       -0.0002336184   0.0001035877  -0.0000784557   0.0000518656   0.0000408286
        0.0000351026  -0.0000084523   0.0000137222   0.0000158181  -0.0196497348
        0.1281405805   0.1325938546   0.0069347000  -0.0244480226  -0.0200909075
       -0.0025794082   0.0127630491   0.0081605800   0.0001259907  -0.0002122037
       -0.0002314749  -0.0018895401  -0.0009289372   0.0001005664  -0.0000611936
        0.0000195014  -0.0000989521   0.0000718243  -0.0000531792   0.0001838548
        0.0000074665  -0.0000034065  -0.0000005870   0.0000091694  -0.0000166189
       -0.0000136385  -0.0000067718   0.0000014382  -0.0000150488   0.0000026381
       -0.0000027707   0.0000100437   0.0000023199   0.0000010470  -0.0000046391
       -0.0905817536  -0.0249714281   0.0939090933  -0.0162178190  -0.0086659746
        0.0222591573  -0.0061096320  -0.0031382248  -0.0004488727   0.0007191656
        0.0003416642   0.0020440217  -0.0002972335  -0.0007950872  -0.0005485058
       -0.0004600185   0.0002958590  -0.0002273943  -0.0000654064   0.0000269353
       -0.0001100363  -0.0000608624   0.0000232382  -0.0000163303  -0.0022061443
       -0.0000070044   0.0069347000   0.1066578823   0.0317356015  -0.1089072019
        0.0076736910   0.0048327286  -0.0151834638   0.0001974852   0.0001702113
        0.0005408288   0.0005940347   0.0001600744   0.0003000676  -0.0000211038
        0.0001054688  -0.0002358088   0.0001463406  -0.0000608487  -0.0002988343
        0.0000263612  -0.0000071717  -0.0000002437  -0.0000181222  -0.0000229567
       -0.0000139484   0.0000011675  -0.0000042357   0.0000118476   0.0000207084
       -0.0000116387  -0.0000084114   0.0000012591  -0.0000072109  -0.0000006644
       -0.0250017045  -0.0578455001   0.0503470695  -0.0079249160  -0.0037707263
        0.0105893697  -0.0032007869  -0.0009561811  -0.0002175434   0.0002772651
        0.0004138072   0.0009852861  -0.0001023646  -0.0004126219  -0.0002234203
       -0.0002564943   0.0000921935  -0.0001505317  -0.0000281324   0.0000445164
       -0.0000611602  -0.0000221100   0.0000138842  -0.0000130641   0.0120002056
        0.0046817232  -0.0244480226   0.0317356015   0.0642247230  -0.0585219606
       -0.0079135843  -0.0067326045   0.0216000110   0.0004786023   0.0003046398
       -0.0000550247  -0.0000975766  -0.0001069398   0.0004370681   0.0000491665
        0.0001191571  -0.0001985325  -0.0000071783  -0.0000404829  -0.0000707504
        0.0000163312  -0.0000102805   0.0000047132  -0.0000087666  -0.0000109949
       -0.0000080125   0.0000053973   0.0000016578   0.0000012615   0.0000075432
       -0.0000044916   0.0000024855  -0.0000064983  -0.0000054783   0.0000007584
        0.0945013630   0.0506403440  -0.2242323347  -0.0008816683  -0.0005195723
        0.0033291497  -0.0001507148  -0.0000850086   0.0012072331  -0.0002399111
       -0.0001055761   0.0000433165   0.0001620094   0.0001152218   0.0000273475
        0.0001714444   0.0000593901   0.0000529197  -0.0000318309  -0.0000407462
       -0.0000499018   0.0000294468   0.0000050733   0.0000115513   0.0094916566
        0.0020054168  -0.0200909075  -0.1089072019  -0.0585219606   0.2571709279
        0.0064516250   0.0067409683  -0.0185771080  -0.0000088723  -0.0003172589
        0.0003805336  -0.0002624175   0.0001720993   0.0004075584  -0.0000637776
       -0.0002750920   0.0001531768  -0.0002546471   0.0001139626   0.0001592642
        0.0000012504   0.0000088140  -0.0000056995   0.0000002099   0.0000100702
        0.0000149040  -0.0000035711  -0.0000067071   0.0000004679  -0.0000121014
       -0.0000017136  -0.0000065685   0.0000077084   0.0000022750   0.0000041692
       -0.1213672068   0.0900387529  -0.0687554699  -0.0218191504   0.0159292369
       -0.0153478976   0.0009500213   0.0007199507  -0.0006257073  -0.0000379116
        0.0001936134  -0.0002674937   0.0001975666   0.0000402121   0.0000734155
        0.0001166068  -0.0000307927   0.0001918872   0.0000216345  -0.0000101152
       -0.0000376443  -0.0000302248  -0.0000061976   0.0000105173  -0.0033851078
        0.0067710341  -0.0025794082   0.0076736910  -0.0079135843   0.0064516250
        0.1432444296  -0.1031243571   0.0821561202  -0.0059968872  -0.0025472328
       -0.0019984231   0.0008092197   0.0005027655   0.0001811527  -0.0003166777
       -0.0006405458   0.0005145095  -0.0001249133   0.0000796729   0.0000150971
        0.0000024375   0.0000003017   0.0000228015   0.0000211877   0.0000188529
       -0.0000068389   0.0000234604  -0.0000108530   0.0000092441   0.0000082541
        0.0000014413  -0.0000076452   0.0000095704  -0.0000121560   0.0000001581
        0.0906966781  -0.1457662845   0.0783829087  -0.0061406332   0.0078548654
       -0.0052283878  -0.0002104127   0.0006011162  -0.0006911527  -0.0003022909
       -0.0001826744  -0.0000978221   0.0000282182   0.0001619092   0.0000049483
        0.0001575111  -0.0000539998   0.0000188573  -0.0000924524  -0.0000512075
       -0.0000117846   0.0000088311   0.0000114967   0.0000085505   0.0170309278
       -0.0226948022   0.0127630491   0.0048327286  -0.0067326045   0.0067409683
       -0.1031243571   0.1659930043  -0.0912365494  -0.0026924273   0.0002057040
       -0.0005789972  -0.0003816426   0.0007867783  -0.0001729292   0.0000669102
        0.0001651426   0.0000362493   0.0001332866  -0.0003071258   0.0000687952
       -0.0000008748   0.0000129074  -0.0000105418   0.0000013461   0.0000032922
        0.0000076728  -0.0000095955  -0.0000050958  -0.0000037578  -0.0000071496
       -0.0000068413  -0.0000030484   0.0000053984   0.0000044196   0.0000029715
       -0.0688987668   0.0781152262  -0.1052982750  -0.0067442339   0.0040146311
       -0.0041973627   0.0008562245  -0.0004048830   0.0008312328   0.0004278137
        0.0003768886  -0.0000163996  -0.0000372047  -0.0002609465  -0.0000632837
       -0.0001402948   0.0000015923   0.0000092364   0.0000777037   0.0000542478
        0.0000235885  -0.0000234852  -0.0000089892   0.0000038701   0.0094785019
       -0.0116891503   0.0081605800  -0.0151834638   0.0216000110  -0.0185771080
        0.0821561202  -0.0912365494   0.1191807130  -0.0018934344  -0.0008387155
        0.0001173746  -0.0001166556   0.0002563230  -0.0002273861   0.0000370497
        0.0001011543   0.0001699758  -0.0000158522  -0.0000683229  -0.0001077902
       -0.0000008209  -0.0000067271   0.0000160453   0.0000041576  -0.0000000827
       -0.0000186118   0.0000152530   0.0000000783  -0.0000030933   0.0000088005
       -0.0000009624   0.0000008947  -0.0000074125  -0.0000048234  -0.0000042009
       -0.0213858939   0.0154643710  -0.0151762332  -0.1159894882   0.0871280576
       -0.0667037725   0.0061231813  -0.0083580711   0.0073547876   0.0008717423
       -0.0006660991   0.0008474261  -0.0000302958   0.0002947816  -0.0000579468
        0.0003470395   0.0000888882  -0.0001261431  -0.0003654671  -0.0001625760
       -0.0000193973  -0.0000085777  -0.0000207533   0.0000569189   0.0008374587
        0.0004783990   0.0001259907   0.0001974852   0.0004786023  -0.0000088723
       -0.0059968872  -0.0026924273  -0.0018934344   0.1388150334  -0.0972877319
        0.0760201953  -0.0031468759   0.0064243320  -0.0025331926  -0.0007200670
       -0.0010879808   0.0024023498   0.0004583571  -0.0001721001  -0.0002045570
        0.0000918673   0.0000588695  -0.0000212678  -0.0000145549  -0.0000515200
       -0.0000152492  -0.0001273776   0.0000633066  -0.0000247860   0.0000042169
        0.0000100565  -0.0000057972   0.0000391038   0.0000095953  -0.0000170190
       -0.0067190496   0.0072499683  -0.0054085337   0.0873471370  -0.1432297827
        0.0744317273   0.0027759398  -0.0065319272   0.0074543898   0.0009297932
       -0.0007781650   0.0012240095  -0.0001930371  -0.0002122437  -0.0002293442
       -0.0005173663   0.0003546876  -0.0006328290  -0.0001337100   0.0001179295
        0.0002511320   0.0000529230   0.0000168510  -0.0000287785  -0.0004438783
        0.0007116491  -0.0002122037   0.0001702113   0.0003046398  -0.0003172589
       -0.0025472328   0.0002057040  -0.0008387155  -0.0972877319   0.1635379997
       -0.0883670795   0.0176221996  -0.0227593367   0.0115948478  -0.0011259699
        0.0003368532   0.0019312447  -0.0000193062   0.0007397935  -0.0007839347
        0.0000697070  -0.0000046441  -0.0000448966  -0.0000311362  -0.0000737140
       -0.0000180203   0.0000134324   0.0000613246  -0.0000072826   0.0000166755
       -0.0000182816  -0.0000068356   0.0000203994  -0.0000293052   0.0000083616
       -0.0064281201   0.0043313008  -0.0033391251  -0.0665940976   0.0729478097
       -0.1014974756  -0.0107866238   0.0196118153  -0.0183401687  -0.0011895538
        0.0008590557  -0.0001860785   0.0000537486   0.0000639875  -0.0000634635
        0.0002694649  -0.0005392616   0.0003838864   0.0000667443  -0.0000198418
       -0.0001505292  -0.0001024479  -0.0000291705   0.0000086826  -0.0000681660
        0.0002892057  -0.0002314749   0.0005408288  -0.0000550247   0.0003805336
       -0.0019984231  -0.0005789972   0.0001173746   0.0760201953  -0.0883670795
        0.1198154941   0.0085843018  -0.0108798889   0.0079499410   0.0025471770
        0.0021389908  -0.0051614920  -0.0007578501   0.0003203305   0.0003610554
       -0.0000686036  -0.0000248674  -0.0000043052  -0.0001050311  -0.0000521470
       -0.0000446980   0.0000218854  -0.0000099611   0.0000673670   0.0000402662
       -0.0000059051  -0.0000533739  -0.0000456953  -0.0000003515  -0.0000121501
       -0.0000979345  -0.0237540284  -0.0150528636  -0.0467159900   0.0287497296
        0.0160079728  -0.0038215265   0.0103342112   0.0106786376  -0.0002392562
        0.0016345409   0.0014883011   0.0002827846  -0.0003939055  -0.0006275168
        0.0001324495  -0.0001070296  -0.0000859750  -0.0001915306   0.0000036483
        0.0001041327  -0.0000125989  -0.0000078555  -0.0000225643  -0.0048793972
       -0.0034642041  -0.0018895401   0.0005940347  -0.0000975766  -0.0002624175
        0.0008092197  -0.0003816426  -0.0001166556  -0.0031468759   0.0176221996
        0.0085843018   0.0578249449  -0.0291090362  -0.0209729860   0.0004623894
       -0.0000719604  -0.0007189297  -0.0010112513  -0.0009043173   0.0029514386
        0.0000070508   0.0000018133  -0.0000113123  -0.0000578807  -0.0000042218
       -0.0000471818   0.0000149741   0.0000039482   0.0000222709   0.0000350378
       -0.0000315142  -0.0000309128   0.0000113562  -0.0000227989   0.0000017999
       -0.0021125055  -0.0136176455  -0.0089232967   0.0284628065  -0.2016936682
       -0.1030943371  -0.0001905030   0.0050184823   0.0021638036  -0.0002022404
        0.0002672432  -0.0000896910   0.0004206864   0.0005599082   0.0000695152
        0.0005341166  -0.0002118980   0.0001140049  -0.0001806403  -0.0001007426
       -0.0001465189   0.0000244995   0.0000570928   0.0000191777  -0.0036303940
       -0.0009246700  -0.0009289372   0.0001600744  -0.0001069398   0.0001720993
        0.0005027655   0.0007867783   0.0002563230   0.0064243320  -0.0227593367
       -0.0108798889  -0.0291090362   0.2314252725   0.1200293196  -0.0001922226
        0.0006327935   0.0002909307  -0.0008868644   0.0006748089   0.0009251307
       -0.0000033678   0.0000064645  -0.0000044121   0.0000234685   0.0000155303
        0.0000242854  -0.0000263116  -0.0000290941  -0.0000158058  -0.0000269635
       -0.0000092907   0.0000148184   0.0000082998   0.0000089109   0.0000034791
       -0.0008520214  -0.0077257195  -0.0037894103   0.0148486492  -0.1023893818
       -0.1116856230   0.0082880928  -0.0198956172  -0.0194756113   0.0001183928
       -0.0015300270  -0.0002338051  -0.0004451731   0.0006079410   0.0000027436
        0.0001556450  -0.0000341371   0.0000890325  -0.0000824765   0.0000060329
       -0.0001180455  -0.0000040697   0.0000390307   0.0000237871  -0.0017812635
       -0.0011831228   0.0001005664   0.0003000676   0.0004370681   0.0004075584
        0.0001811527  -0.0001729292  -0.0002273861  -0.0025331926   0.0115948478
        0.0079499410  -0.0209729860   0.1200293196   0.1318448212  -0.0002486164
       -0.0007147964   0.0003523773   0.0030797941   0.0009658443  -0.0052241106
        0.0000015909  -0.0000092394  -0.0000276633  -0.0000218027  -0.0000196010
        0.0000249628  -0.0000026125  -0.0000038922  -0.0000060386  -0.0000186491
       -0.0000112123  -0.0000126365  -0.0000105216   0.0000095914   0.0000045399
        0.0011107732  -0.0005180430   0.0008100580   0.0068455453  -0.0079861164
        0.0065054556  -0.1137124674   0.0874146257  -0.0690721859  -0.0191489111
        0.0162780494  -0.0155858288   0.0022525980   0.0018566427   0.0020334754
       -0.0068326976  -0.0022545442  -0.0021256830  -0.0012532330   0.0009468425
        0.0002100824  -0.0004995087  -0.0000915345  -0.0001080577  -0.0001222995
        0.0000859102  -0.0000611936  -0.0000211038   0.0000491665  -0.0000637776
       -0.0003166777   0.0000669102   0.0000370497  -0.0007200670  -0.0011259699
        0.0025471770   0.0004623894  -0.0001922226  -0.0002486164   0.1349659854
       -0.1002032714   0.0776362523  -0.0030582048   0.0056109515  -0.0025782797
       -0.0000638817   0.0000272841  -0.0000265284   0.0001236845   0.0000508269
        0.0000842249   0.0000428183  -0.0000745932   0.0000545200   0.0000425917
       -0.0000275825  -0.0000339043  -0.0000973334   0.0000866679  -0.0000142400
        0.0004097466   0.0002905185  -0.0002406513   0.0035452162  -0.0060036390
        0.0078953744   0.0888830374  -0.1490550277   0.0769611671  -0.0038208998
        0.0071590801  -0.0053279297  -0.0000280240   0.0008519763   0.0004875451
       -0.0023638582  -0.0000131105  -0.0003709266  -0.0008398376   0.0002239537
        0.0001008404  -0.0001358955   0.0000188725  -0.0000245062   0.0001370142
       -0.0003170588   0.0000195014   0.0001054688   0.0001191571  -0.0002750920
       -0.0006405458   0.0001651426   0.0001011543  -0.0010879808   0.0003368532
        0.0021389908  -0.0000719604   0.0006327935  -0.0007147964  -0.1002032714
        0.1655627239  -0.0921927597   0.0160925258  -0.0200232333   0.0114479460
        0.0000330486   0.0000259983  -0.0000305969   0.0000552473   0.0000114841
        0.0000435108  -0.0000220449  -0.0000066092  -0.0000223737  -0.0000251752
       -0.0000184872   0.0000071215  -0.0000218112   0.0000386120  -0.0000035195
       -0.0007186710  -0.0005900408   0.0009174070  -0.0110874058   0.0189961211
       -0.0181703041  -0.0698534624   0.0755441797  -0.1016925330  -0.0047735017
        0.0065259948  -0.0037964915   0.0011523591  -0.0005747201   0.0001237928
       -0.0026921386  -0.0000255958  -0.0001446300   0.0000680308   0.0003861077
        0.0004179081  -0.0001279255  -0.0000508384  -0.0000152823   0.0000676590
       -0.0000355736  -0.0000989521  -0.0002358088  -0.0001985325   0.0001531768
        0.0005145095   0.0000362493   0.0001699758   0.0024023498   0.0019312447
       -0.0051614920  -0.0007189297   0.0002909307   0.0003523773   0.0776362523
       -0.0921927597   0.1192715218   0.0082484732  -0.0100656425   0.0076624778
       -0.0000118741   0.0000053729   0.0000230394   0.0000929496   0.0000358142
       -0.0000022237   0.0000368703  -0.0000157367  -0.0000079155   0.0000127810
       -0.0000146602   0.0000026966  -0.0000125170   0.0000120854  -0.0000045493
        0.0005824132   0.0008491574   0.0002740813  -0.0028608797   0.0107971628
        0.0104101123  -0.0483643937   0.0370964658   0.0183770380   0.0047307677
       -0.0198920315  -0.0143295530  -0.0062647038  -0.0057520690  -0.0007902093
        0.0001662354  -0.0003924709   0.0011747856  -0.0001844607  -0.0002668150
       -0.0000264005   0.0000874611   0.0000750314   0.0000269289  -0.0002975631
       -0.0006409155   0.0000718243   0.0001463406  -0.0000071783  -0.0002546471
       -0.0001249133   0.0001332866  -0.0000158522   0.0004583571  -0.0000193062
       -0.0007578501  -0.0010112513  -0.0008868644   0.0030797941  -0.0030582048
        0.0160925258   0.0082484732   0.0558383988  -0.0372469460  -0.0255904140
        0.0000758345   0.0000286282  -0.0000349869   0.0000941865   0.0000093970
        0.0001025854  -0.0000052398   0.0000043169  -0.0000300360  -0.0000830285
        0.0000249377   0.0000337710   0.0000746439  -0.0000063128   0.0000305551
        0.0000246724   0.0007874323   0.0007342916  -0.0003462619   0.0048900659
        0.0011715837   0.0367656542  -0.2051174896  -0.1067120164  -0.0011691791
       -0.0148934175  -0.0092725616  -0.0042080153  -0.0024603184  -0.0007992129
        0.0008763654   0.0003408249   0.0006895681   0.0002777738   0.0001441028
        0.0003093215   0.0001412281   0.0000270650   0.0000457398   0.0000414141
        0.0001353033  -0.0000531792  -0.0000608487  -0.0000404829   0.0001139626
        0.0000796729  -0.0003071258  -0.0000683229  -0.0001721001   0.0007397935
        0.0003203305  -0.0009043173   0.0006748089   0.0009658443   0.0056109515
       -0.0200232333  -0.0100656425  -0.0372469460   0.2350684780   0.1224909996
        0.0000656606  -0.0000151994  -0.0000263160   0.0001927006   0.0000171172
        0.0001348838   0.0000075449   0.0000190481  -0.0000122210  -0.0000302443
        0.0000516217   0.0000271890   0.0000542741  -0.0000383945   0.0000057579
       -0.0008708116  -0.0001995441   0.0009275331   0.0080246761  -0.0196871976
       -0.0194497673   0.0173231094  -0.1060550555  -0.1087685072   0.0030940970
       -0.0076212953  -0.0038696561  -0.0019568816  -0.0022117999   0.0001484542
       -0.0008463801   0.0011140673  -0.0000050001   0.0002333220   0.0001238265
        0.0001925100   0.0000923972   0.0000338395   0.0000601420   0.0003514412
        0.0003683081   0.0001838548  -0.0002988343  -0.0000707504   0.0001592642
        0.0000150971   0.0000687952  -0.0001077902  -0.0002045570  -0.0007839347
        0.0003610554   0.0029514386   0.0009251307  -0.0052241106  -0.0025782797
        0.0114479460   0.0076624778  -0.0255904140   0.1224909996   0.1277231472
        0.0001184043   0.0000526993  -0.0000064124   0.0001212817  -0.0000043923
        0.0000328027  -0.0000228793   0.0000208204  -0.0000730621  -0.0000165727
       -0.0000040079   0.0000525191   0.0000603458  -0.0000084549   0.0000005454
       -0.0000306834   0.0000221330  -0.0000780798   0.0001704622   0.0000882527
       -0.0000764758   0.0000027537   0.0001426698  -0.0008926824   0.0003549303
       -0.0044774790   0.0007887174   0.0010405362   0.0015167131   0.0004300209
       -0.0290349530  -0.0254686587   0.0153039218  -0.0555893834  -0.0414028890
        0.0436442492   0.0042842397   0.0131382934  -0.0115460865   0.0000219882
        0.0000202125   0.0000074665   0.0000263612   0.0000163312   0.0000012504
        0.0000024375  -0.0000008748  -0.0000008209   0.0000918673   0.0000697070
       -0.0000686036   0.0000070508  -0.0000033678   0.0000015909  -0.0000638817
        0.0000330486  -0.0000118741   0.0000758345   0.0000656606   0.0001184043
        0.0791333214   0.0548556527  -0.0519971288   0.0006142371  -0.0023930370
        0.0051945425  -0.0018573657   0.0037644534  -0.0002712053   0.0004623911
       -0.0003304804  -0.0003614679   0.0002878560   0.0003436585  -0.0001857387
       -0.0000093947   0.0000257763   0.0000147811   0.0000527667   0.0000216192
       -0.0001457603  -0.0001196397  -0.0001080559  -0.0000273513   0.0015084906
        0.0007608591   0.0002718671  -0.0004535960   0.0000883633   0.0002638387
       -0.0175011457  -0.0121863560   0.0046274378  -0.0405971728  -0.1380556679
        0.1006191302  -0.0034751767  -0.0192066855   0.0173542709   0.0000125216
       -0.0000130140  -0.0000034065  -0.0000071717  -0.0000102805   0.0000088140
        0.0000003017   0.0000129074  -0.0000067271   0.0000588695  -0.0000046441
       -0.0000248674   0.0000018133   0.0000064645  -0.0000092394   0.0000272841
        0.0000259983   0.0000053729   0.0000286282  -0.0000151994   0.0000526993
        0.0548556527   0.1645664156  -0.1167105652   0.0031621007   0.0074198079
       -0.0071467452   0.0034788340  -0.0042360285   0.0004930862  -0.0006822431
        0.0004345346   0.0003320571  -0.0003417229   0.0004731858   0.0000313071
       -0.0000031442  -0.0000077490  -0.0000100559   0.0000008488   0.0000514464
        0.0000550627  -0.0000749300   0.0000061447  -0.0003387619  -0.0008395745
        0.0018557982   0.0011454268  -0.0004215524  -0.0011443218  -0.0007558208
       -0.0017760725  -0.0057660797   0.0080276106   0.0468540846   0.1012889014
       -0.1510942855  -0.0005878808   0.0032041245  -0.0011648106  -0.0000072612
        0.0000056602  -0.0000005870  -0.0000002437   0.0000047132  -0.0000056995
        0.0000228015  -0.0000105418   0.0000160453  -0.0000212678  -0.0000448966
       -0.0000043052  -0.0000113123  -0.0000044121  -0.0000276633  -0.0000265284
       -0.0000305969   0.0000230394  -0.0000349869  -0.0000263160  -0.0000064124
       -0.0519971288  -0.1167105652   0.1689218549   0.0096304828   0.0177078919
       -0.0264865541  -0.0006945837   0.0004161146   0.0010959304   0.0001616946
       -0.0008402506   0.0006665138  -0.0001734452   0.0000449346  -0.0000565279
       -0.0000409457  -0.0000087191   0.0000963175  -0.0002573891  -0.0000674100
       -0.0000333689  -0.0006183020  -0.0001421088   0.0009487975   0.0007617448
       -0.0028424767  -0.0017827338   0.0007511687   0.0006500467   0.0004675293
       -0.0131559084  -0.0173362460  -0.0325605073  -0.0403038537   0.0101051813
        0.0247357820  -0.0030786010   0.0104611752   0.0156526965   0.0000260518
        0.0000274227   0.0000091694  -0.0000181222  -0.0000087666   0.0000002099
        0.0000211877   0.0000013461   0.0000041576  -0.0000145549  -0.0000311362
       -0.0001050311  -0.0000578807   0.0000234685  -0.0000218027   0.0001236845
        0.0000552473   0.0000929496   0.0000941865   0.0001927006   0.0001212817
        0.0006142371   0.0031621007   0.0096304828   0.0567041767  -0.0076522456
       -0.0174822191   0.0004934254  -0.0007189859   0.0000870109  -0.0021094376
        0.0039058841  -0.0001940004   0.0000651320   0.0002235214   0.0003332786
        0.0000253791   0.0000046960   0.0000726387  -0.0000176555   0.0000900582
       -0.0000710154  -0.0002177770  -0.0001860088   0.0001762508   0.0012775982
        0.0011762182   0.0005452106  -0.0006696058  -0.0000968346  -0.0007055141
       -0.0104585285  -0.0080668954  -0.0144592292   0.0114271121  -0.0837504963
       -0.0838179587   0.0057960441  -0.0131049425  -0.0212656446   0.0000050229
       -0.0000129290  -0.0000166189  -0.0000229567  -0.0000109949   0.0000100702
        0.0000188529   0.0000032922  -0.0000000827  -0.0000515200  -0.0000737140
       -0.0000521470  -0.0000042218   0.0000155303  -0.0000196010   0.0000508269
        0.0000114841   0.0000358142   0.0000093970   0.0000171172  -0.0000043923
       -0.0023930370   0.0074198079   0.0177078919  -0.0076522456   0.0998376724
        0.1028948824  -0.0003522329   0.0003791020  -0.0006743395   0.0035866432
       -0.0041082885  -0.0002649341  -0.0003570956   0.0004561256  -0.0000912814
        0.0000214109   0.0000161085   0.0000767985  -0.0000295199  -0.0000031024
       -0.0000640634  -0.0001778268  -0.0000860730   0.0004032549   0.0010590395
       -0.0036525601   0.0002429880   0.0011097044   0.0015956114   0.0000414210
       -0.0133417871  -0.0077800887  -0.0111793253   0.0220200066  -0.0848699053
       -0.2204374739   0.0016375452  -0.0017928323  -0.0000896429   0.0000185582
        0.0000020599  -0.0000136385  -0.0000139484  -0.0000080125   0.0000149040
       -0.0000068389   0.0000076728  -0.0000186118  -0.0000152492  -0.0000180203
       -0.0000446980  -0.0000471818   0.0000242854   0.0000249628   0.0000842249
        0.0000435108  -0.0000022237   0.0001025854   0.0001348838   0.0000328027
        0.0051945425  -0.0071467452  -0.0264865541  -0.0174822191   0.1028948824
        0.2555011417  -0.0004271784   0.0004959682   0.0006700431   0.0001572285
       -0.0000691470   0.0011538235   0.0001369033   0.0002115035   0.0001740915
        0.0000149120  -0.0000178104   0.0000023944  -0.0000492826   0.0000496669
        0.0000198446   0.0000439230  -0.0000091405   0.0000085316  -0.0003517352
        0.0010780041  -0.0001327720  -0.0001340336  -0.0004804795  -0.0000848545
        0.0021171462  -0.0007676202   0.0005987887   0.0051397603   0.0138421477
       -0.0125571180  -0.0729564906  -0.0578777716   0.0583893711  -0.0000135711
       -0.0000017313  -0.0000067718   0.0000011675   0.0000053973  -0.0000035711
        0.0000234604  -0.0000095955   0.0000152530  -0.0001273776   0.0000134324
        0.0000218854   0.0000149741  -0.0000263116  -0.0000026125   0.0000428183
       -0.0000220449   0.0000368703  -0.0000052398   0.0000075449  -0.0000228793
       -0.0018573657   0.0034788340  -0.0006945837   0.0004934254  -0.0003522329
       -0.0004271784   0.0810213956   0.0631978823  -0.0668958749  -0.0001685440
       -0.0012633952   0.0020053270  -0.0132493425  -0.0208447759   0.0197299500
       -0.0000307012   0.0000155102  -0.0000170346   0.0000038048   0.0000028937
       -0.0000166492  -0.0000725224   0.0000955378  -0.0000432628  -0.0003828308
       -0.0002824446   0.0001604035   0.0000624871   0.0002422133  -0.0000385136
       -0.0008363751   0.0010649510  -0.0008118033  -0.0050917526  -0.0221665884
        0.0182508999  -0.0565976530  -0.1486283136   0.1069662177  -0.0000076412
        0.0000023663   0.0000014382  -0.0000042357   0.0000016578  -0.0000067071
       -0.0000108530  -0.0000050958   0.0000000783   0.0000633066   0.0000613246
       -0.0000099611   0.0000039482  -0.0000290941  -0.0000038922  -0.0000745932
       -0.0000066092  -0.0000157367   0.0000043169   0.0000190481   0.0000208204
        0.0037644534  -0.0042360285   0.0004161146  -0.0007189859   0.0003791020
        0.0004959682   0.0631978823   0.1733096706  -0.1256589116   0.0037821477
        0.0081637845  -0.0075817152  -0.0070542030  -0.0080038856   0.0078922466
        0.0000111822  -0.0000024911   0.0000166155  -0.0000132718   0.0000035461
        0.0000158986   0.0000478979  -0.0000145664   0.0000533540   0.0000995938
        0.0003152823  -0.0000903686   0.0000048856  -0.0004139845  -0.0000096909
        0.0000353706  -0.0002559337   0.0000647226  -0.0012060532   0.0042854748
       -0.0015672821   0.0579651009   0.1078906076  -0.1552363698  -0.0000126739
       -0.0000134406  -0.0000150488   0.0000118476   0.0000012615   0.0000004679
        0.0000092441  -0.0000037578  -0.0000030933  -0.0000247860  -0.0000072826
        0.0000673670   0.0000222709  -0.0000158058  -0.0000060386   0.0000545200
       -0.0000223737  -0.0000079155  -0.0000300360  -0.0000122210  -0.0000730621
       -0.0002712053   0.0004930862   0.0010959304   0.0000870109  -0.0006743395
        0.0006700431  -0.0668958749  -0.1256589116   0.1750818911   0.0120269217
        0.0184437116  -0.0250755042  -0.0019219451  -0.0043378618   0.0050180838
       -0.0000023766  -0.0000022836  -0.0000379841  -0.0000021312   0.0000038391
        0.0000299205   0.0001091191   0.0000105925  -0.0000829320  -0.0003696453
        0.0011046906   0.0002301683  -0.0000874452  -0.0006324702  -0.0000694859
        0.0020675594  -0.0008415402   0.0001895794  -0.0031980293   0.0113363698
        0.0171727805  -0.0431842291   0.0030503885   0.0090840931  -0.0000166995
       -0.0000075370   0.0000026381   0.0000207084   0.0000075432  -0.0000121014
        0.0000082541  -0.0000071496   0.0000088005   0.0000042169   0.0000166755
        0.0000402662   0.0000350378  -0.0000269635  -0.0000186491   0.0000425917
       -0.0000251752   0.0000127810  -0.0000830285  -0.0000302443  -0.0000165727
        0.0004623911  -0.0006822431   0.0001616946  -0.0021094376   0.0035866432
        0.0001572285  -0.0001685440   0.0037821477   0.0120269217   0.0470551925
       -0.0073672545  -0.0116960351  -0.0005835050  -0.0132760288  -0.0271831121
       -0.0000062876   0.0000164976   0.0000299498  -0.0000148609   0.0000140706
        0.0000140639  -0.0000917853   0.0000666865   0.0000421193  -0.0001618324
       -0.0001740476  -0.0003364737  -0.0000122275   0.0001254252   0.0000821115
       -0.0012722410   0.0008569128   0.0005175054   0.0047218471  -0.0151794210
       -0.0233345091   0.0036151668  -0.0888807926  -0.0941601392  -0.0000048261
        0.0000050131  -0.0000027707  -0.0000116387  -0.0000044916  -0.0000017136
        0.0000014413  -0.0000068413  -0.0000009624   0.0000100565  -0.0000182816
       -0.0000059051  -0.0000315142  -0.0000092907  -0.0000112123  -0.0000275825
       -0.0000184872  -0.0000146602   0.0000249377   0.0000516217  -0.0000040079
       -0.0003304804   0.0004345346  -0.0008402506   0.0039058841  -0.0041082885
       -0.0000691470  -0.0012633952   0.0081637845   0.0184437116  -0.0073672545
        0.1034229840   0.1110449906  -0.0016834073  -0.0047575884  -0.0113927003
        0.0000008275   0.0000054025   0.0000011144   0.0000070470  -0.0000064307
        0.0000480903  -0.0000448397   0.0000333345  -0.0000212686  -0.0002667231
        0.0001935809  -0.0002113304  -0.0000850857   0.0001769989   0.0000329466
        0.0006157039   0.0001116481   0.0004456558   0.0021623674  -0.0030446932
       -0.0001719178   0.0097986480  -0.0955776491  -0.2447250529   0.0000033049
        0.0000133519   0.0000100437  -0.0000084114   0.0000024855  -0.0000065685
       -0.0000076452  -0.0000030484   0.0000008947  -0.0000057972  -0.0000068356
       -0.0000533739  -0.0000309128   0.0000148184  -0.0000126365  -0.0000339043
        0.0000071215   0.0000026966   0.0000337710   0.0000271890   0.0000525191
       -0.0003614679   0.0003320571   0.0006665138  -0.0001940004  -0.0002649341
        0.0011538235   0.0020053270  -0.0075817152  -0.0250755042  -0.0116960351
        0.1110449906   0.2787488569  -0.0018921740  -0.0054776729  -0.0108855027
       -0.0000380846  -0.0000112379   0.0000180615  -0.0000262196  -0.0000187625
       -0.0000525158  -0.0003658766   0.0002724786  -0.0000634193  -0.0006763024
       -0.0016679496  -0.0002894581   0.0002412848   0.0005636424   0.0001240159
       -0.0039462445   0.0051108510  -0.0004358000  -0.0199161232  -0.0043856066
       -0.0056181849  -0.2479455852  -0.0715684007  -0.0613611602   0.0000214505
        0.0000108705   0.0000023199   0.0000012591  -0.0000064983   0.0000077084
        0.0000095704   0.0000053984  -0.0000074125   0.0000391038   0.0000203994
       -0.0000456953   0.0000113562   0.0000082998  -0.0000105216  -0.0000973334
       -0.0000218112  -0.0000125170   0.0000746439   0.0000542741   0.0000603458
        0.0002878560  -0.0003417229  -0.0001734452   0.0000651320  -0.0003570956
        0.0001369033  -0.0132493425  -0.0070542030  -0.0019219451  -0.0005835050
       -0.0016834073  -0.0018921740   0.2860929601   0.0810704812   0.0715348942
        0.0000211997   0.0000234484   0.0000011313   0.0000400613   0.0000109857
       -0.0000122594   0.0003155509  -0.0002806570   0.0001145068   0.0015471981
        0.0003935193   0.0003821070  -0.0002557569   0.0002264889  -0.0000470124
        0.0046697263  -0.0033220399   0.0006501312   0.0194473562   0.0056226933
        0.0056293780  -0.0733559977  -0.0665226694  -0.0217097345   0.0000060210
       -0.0000069893   0.0000010470  -0.0000072109  -0.0000054783   0.0000022750
       -0.0000121560   0.0000044196  -0.0000048234   0.0000095953  -0.0000293052
       -0.0000003515  -0.0000227989   0.0000089109   0.0000095914   0.0000866679
        0.0000386120   0.0000120854  -0.0000063128  -0.0000383945  -0.0000084549
        0.0003436585   0.0004731858   0.0000449346   0.0002235214   0.0004561256
        0.0002115035  -0.0208447759  -0.0080038856  -0.0043378618  -0.0132760288
       -0.0047575884  -0.0054776729   0.0810704812   0.0757086181   0.0245394796
        0.0000032618  -0.0000028789   0.0000122818   0.0000096202  -0.0000006569
        0.0000012743  -0.0000379142   0.0000355340  -0.0000373537   0.0000323107
       -0.0003989721   0.0001056814   0.0000450262   0.0001849516  -0.0000342010
       -0.0004866926   0.0007287633   0.0005472295  -0.0021935030  -0.0002837953
       -0.0005503033  -0.0616069558  -0.0212584753  -0.0608719363   0.0000049849
       -0.0000013310  -0.0000046391  -0.0000006644   0.0000007584   0.0000041692
        0.0000001581   0.0000029715  -0.0000042009  -0.0000170190   0.0000083616
       -0.0000121501   0.0000017999   0.0000034791   0.0000045399  -0.0000142400
       -0.0000035195  -0.0000045493   0.0000305551   0.0000057579   0.0000005454
       -0.0001857387   0.0000313071  -0.0000565279   0.0003332786  -0.0000912814
        0.0001740915   0.0197299500   0.0078922466   0.0050180838  -0.0271831121
       -0.0113927003  -0.0108855027   0.0715348942   0.0245394796   0.0665934675
