           1           2   1.02203804522555     
           2           3  0.974679936585357     
           3           4  0.938812476840409     
           4           5   1.46766809129835     
           4           6   1.46799474675548     
           5           6  0.347268280878594     
           1           7  0.985033364959845     
           1           8  0.983441479115072     
           1           9  0.987659789180053     
           2          10  0.968075656950991     
           2          11  0.972518063552853     
           3          12  0.937217450404321     
           3          13  0.965529118151159     
