           1           2   1.01734972462772     
           2           3  0.974479716711601     
           3           4  0.978471656102031     
           4           5   1.69340794275359     
           4           6   1.16776232356619     
           5           6  0.170717634835457     
           6           7  0.919368739430634     
           7           8   1.01358266256472     
           1           9  0.986552237461987     
           1          10  0.984345608498565     
           1          11  0.986797703499922     
           2          12  0.978538569072612     
           2          13  0.978585170969187     
           3          14  0.965128129227349     
           3          15  0.968904685176894     
           7          16  0.970414427372496     
           7          17  0.968992693623286     
           8          18  0.984509451076512     
           8          19  0.985748645369226     
           8          20  0.980176358588910     
