$hessian                                                                        
        0.5213368732  -0.0000215846   0.0019177327  -0.0670095589  -0.0121623886
        0.0009468537   0.0004806963   0.0227010288  -0.0026645134   0.0007272580
       -0.0005894273  -0.0002489360   0.0003215330  -0.0004657218   0.0004172478
       -0.0003448624   0.0000854063  -0.0002309254  -0.2177381293   0.0896704352
        0.0577291299  -0.1816527240  -0.0710689605  -0.0955464406  -0.0494579283
       -0.0056585111   0.0321804223  -0.0038470618  -0.0253918316   0.0034839218
        0.0006786253  -0.0026376078   0.0008448751  -0.0029167576   0.0041100612
        0.0016804870   0.0005612601   0.0000669282  -0.0008016410  -0.0002549525
        0.0003832359   0.0000409916   0.0000753461   0.0001010345  -0.0000109978
       -0.0008312604   0.0006548958   0.0003088988  -0.0001283569   0.0002230073
       -0.0000471065
       -0.0000215846   0.4610469653   0.0126956407  -0.0140372359  -0.1969409625
        0.0252086598   0.0047299737  -0.0211965540   0.0004419062  -0.0007702846
        0.0003241200   0.0000877874   0.0003176462  -0.0003624457  -0.0000522709
        0.0000471506   0.0000059694  -0.0000140722   0.0902037434  -0.0876168020
       -0.0304269547  -0.0713581980  -0.0785992617  -0.0497863154  -0.0057658129
       -0.0483036316   0.0363311754  -0.0043046536  -0.0178436311   0.0011217897
       -0.0010830416  -0.0103364093   0.0048200955   0.0026972001  -0.0015427988
       -0.0010618254  -0.0007594888   0.0010553688   0.0005918815   0.0000680733
        0.0002958016  -0.0001050353   0.0000126820   0.0001557117  -0.0000493988
       -0.0000747909  -0.0001059162   0.0002173681   0.0000986214  -0.0000355237
       -0.0000204319
        0.0019177327   0.0126956407   0.5227129145   0.0013427118   0.0246984122
       -0.0726835221  -0.0006601260  -0.0085858931   0.0013513570  -0.0000352882
        0.0001330836  -0.0003067189   0.0001568338  -0.0000308253  -0.0006119623
        0.0000975663  -0.0000545812   0.0000748572   0.0577904873  -0.0303460394
       -0.0642220601  -0.0953889349  -0.0492828676  -0.1109545809   0.0322346350
        0.0362066592  -0.2717801996  -0.0024515075  -0.0131479087   0.0029500413
        0.0032252856   0.0306846742  -0.0084024448   0.0017682288  -0.0018647654
       -0.0000465642  -0.0000436864  -0.0011370354   0.0009781362  -0.0001252627
        0.0003396749   0.0000810814   0.0000546534  -0.0000136221   0.0001347814
       -0.0000309328  -0.0000323391   0.0006625143   0.0001476038  -0.0002622676
        0.0000623697
       -0.0670095589  -0.0140372359   0.0013427118   0.4880784328   0.0182446690
        0.0210348756  -0.1392318949   0.0524363201   0.0370198291  -0.0264529517
        0.0115341035   0.0036080106  -0.0008835582   0.0004385373  -0.0002153536
       -0.0005100498  -0.0004509776  -0.0000725799   0.0001077006   0.0257663814
       -0.0038443312  -0.0029016570  -0.0243945443   0.0032602055   0.0000017935
       -0.0041179178   0.0013260287  -0.1982262294  -0.0653516314  -0.0846170663
       -0.0458572506  -0.0039046638   0.0159098311   0.0007571661   0.0006970331
       -0.0002855920  -0.0050015542   0.0032307991   0.0052839281   0.0010217468
        0.0009105898   0.0013802434  -0.0038230746  -0.0005717040  -0.0011028744
        0.0000280558  -0.0004266644  -0.0000928816  -0.0000971165  -0.0000030939
        0.0000650152
       -0.0121623886  -0.1969409625   0.0246984122   0.0182446690   0.4702057481
        0.0009800963   0.0482853853  -0.0990933570  -0.0243656776  -0.0017993833
        0.0036163048   0.0035683443  -0.0002130464  -0.0002414891  -0.0001371365
       -0.0001718294  -0.0001231549  -0.0000240571   0.0012857622  -0.0187936174
        0.0020521934  -0.0047389162  -0.0167291281   0.0006373809  -0.0007693593
       -0.0092965330   0.0057024458  -0.0654531594  -0.0674795998  -0.0342330323
       -0.0037787717  -0.0466806766   0.0334365247   0.0234414782  -0.0215566412
       -0.0116103013  -0.0010403657   0.0018922010  -0.0000350250  -0.0003134889
        0.0005991694  -0.0001820355  -0.0005584727   0.0007308861  -0.0005760020
       -0.0002906283  -0.0001333784   0.0000222799   0.0000325155   0.0000242285
        0.0000655897
        0.0009468537   0.0252086598  -0.0726835221   0.0210348756   0.0009800963
        0.5291124274   0.0372579506  -0.0248563687  -0.0844827332  -0.0088124233
        0.0056148512   0.0032361237   0.0000520283   0.0005572960  -0.0003996772
       -0.0003436794  -0.0001626634   0.0001025717   0.0000140074  -0.0082937121
        0.0017296941  -0.0014488807  -0.0150257874   0.0027688391   0.0029186090
        0.0309007825  -0.0086528155  -0.0841900196  -0.0343954706  -0.0919854057
        0.0151660578   0.0332540835  -0.2654861237  -0.0021053279   0.0019746371
        0.0020336965   0.0242855307  -0.0163820467  -0.0154540332  -0.0017657280
        0.0004541912   0.0011956154  -0.0030205530   0.0000674824  -0.0010130284
        0.0001263725   0.0002225334  -0.0001055372  -0.0001156739  -0.0001185647
        0.0000839084
        0.0004806963   0.0047299737  -0.0006601260  -0.1392318949   0.0482853853
        0.0372579506   0.4477555412   0.0150857661  -0.0115801667  -0.1498031579
       -0.0189482801  -0.0492945186  -0.0210748437  -0.0105940137  -0.0041515983
       -0.0005510433  -0.0016698921   0.0014219481   0.0009949177  -0.0006808379
       -0.0000867212   0.0003457943  -0.0002495491  -0.0002640741   0.0005574751
       -0.0005081993  -0.0000811781  -0.0261111414   0.0129628972   0.0086365361
       -0.0053877740   0.0034749632   0.0049410573  -0.0479794756  -0.0458576781
        0.0080271875  -0.0424504580  -0.0030461818   0.0188104554   0.0003642325
       -0.0009698575  -0.0025541519  -0.0192460475  -0.0026550334  -0.0098794207
        0.0005897126   0.0002214219  -0.0000986305   0.0007474666   0.0004191157
       -0.0004445489
        0.0227010288  -0.0211965540  -0.0085858931   0.0524363201  -0.0990933570
       -0.0248563687   0.0150857661   0.5070809473  -0.0246751176  -0.0249801952
       -0.0696701766  -0.0142845751  -0.0170548956  -0.0061398018  -0.0061253400
       -0.0035608442  -0.0019271967   0.0007762990   0.0002555370  -0.0063950935
        0.0005900736   0.0003541686   0.0006190989  -0.0002235824   0.0003752435
        0.0011390765  -0.0008170109  -0.0052079983   0.0033759037   0.0021698700
       -0.0008269108   0.0011398818  -0.0007185568  -0.0451195305  -0.2615062182
        0.0372337978  -0.0034477141  -0.0494784494   0.0365451428  -0.0091986831
       -0.0015649733  -0.0065255552   0.0180455315   0.0031635063   0.0100421869
        0.0000556759   0.0003464865  -0.0001861545   0.0000875002   0.0001069195
       -0.0003592158
       -0.0026645134   0.0004419062   0.0013513570   0.0370198291  -0.0243656776
       -0.0844827332  -0.0115801667  -0.0246751176   0.5121067539  -0.0463800950
       -0.0103404668  -0.0922627812   0.0055117539  -0.0011854117   0.0050549281
        0.0041435439   0.0022146376   0.0006743177  -0.0003132876   0.0014949742
        0.0004413433   0.0000331281  -0.0001466595   0.0000416552  -0.0009666334
        0.0009180968   0.0009705171  -0.0099800848   0.0050197703   0.0041261259
        0.0251460904  -0.0154992493  -0.0155436072   0.0080596388   0.0370247388
       -0.0504760183   0.0182758452   0.0369701467  -0.2665966453  -0.0229851766
       -0.0074317362  -0.0154673621  -0.0047967391  -0.0009437364  -0.0009941653
        0.0001838306   0.0000770542   0.0005662537   0.0012930368   0.0004267302
        0.0004900605
        0.0007272580  -0.0007702846  -0.0000352882  -0.0264529517  -0.0017993833
       -0.0088124233  -0.1498031579  -0.0249801952  -0.0463800950   0.4597814906
       -0.0409337945  -0.0088478476  -0.0869901776  -0.0357426283   0.0448229945
       -0.0267977266  -0.0178429469   0.0022258730   0.0001098792  -0.0000603258
        0.0000003545   0.0000487498   0.0001887055  -0.0000801054  -0.0000926602
        0.0001325255  -0.0000886431  -0.0041182827   0.0026683489   0.0013447989
        0.0010546171  -0.0003571158  -0.0010837918  -0.0119682958  -0.0047143475
       -0.0058147118  -0.0014971862  -0.0006962926  -0.0034031141  -0.0480453694
        0.0184129391   0.0372456281  -0.1067250404   0.1061439470  -0.0129205392
        0.0064422720   0.0062629744  -0.0064582188  -0.0056734182  -0.0059121260
        0.0082851293
       -0.0005894273   0.0003241200   0.0001330836   0.0115341035   0.0036163048
        0.0056148512  -0.0189482801  -0.0696701766  -0.0103404668  -0.0409337945
        0.5006073680   0.0179040908  -0.0373752807  -0.1202445743   0.0515162132
       -0.0107019140  -0.0035800220  -0.0007153188  -0.0000493139   0.0001400871
        0.0000658777   0.0004529159  -0.0001567903   0.0000671516   0.0001290690
       -0.0000309659   0.0001320779   0.0030073481  -0.0004377532  -0.0008682062
        0.0000994823   0.0003061842   0.0003807959  -0.0240566258  -0.0089185358
       -0.0126367684   0.0014540108   0.0014371726   0.0003500020   0.0179912990
       -0.0824814575  -0.0837959865   0.1066364101  -0.2066422421   0.0204587626
       -0.0124252026  -0.0204437061   0.0160477566   0.0037752001   0.0061749871
       -0.0043139164
       -0.0002489360   0.0000877874  -0.0003067189   0.0036080106   0.0035683443
        0.0032361237  -0.0492945186  -0.0142845751  -0.0922627812  -0.0088478476
        0.0179040908   0.5077561613   0.0443092695   0.0505674158  -0.1100305692
       -0.0097043248  -0.0075596994   0.0052782007   0.0001217093  -0.0000412341
        0.0000567518   0.0002440866  -0.0001983923   0.0004778015  -0.0001764507
       -0.0001332251  -0.0001390834   0.0022079772  -0.0008998748   0.0000457270
        0.0014854808   0.0002170952   0.0009656881   0.0011469216   0.0010598184
        0.0022300937  -0.0253077270  -0.0069490023  -0.0171624187   0.0363066923
       -0.0857498442  -0.2310560333  -0.0130960709   0.0212845655  -0.0480969445
        0.0022303800   0.0051328537  -0.0024298918   0.0150153476   0.0159938762
       -0.0185621068
        0.0003215330   0.0003176462   0.0001568338  -0.0008835582  -0.0002130464
        0.0000520283  -0.0210748437  -0.0170548956   0.0055117539  -0.0869901776
       -0.0373752807   0.0443092695   0.3362967698  -0.0676355149  -0.0641926575
       -0.0833731800  -0.0106273042  -0.0361774492  -0.0001385891  -0.0001791527
       -0.0000547491  -0.0011435868   0.0001327880   0.0001643093  -0.0003066140
        0.0000070631   0.0001862055  -0.0002290606   0.0001466888  -0.0000258940
       -0.0001703389  -0.0000211355  -0.0001512149  -0.0026447959  -0.0010370318
       -0.0008506860   0.0000945776  -0.0005056981   0.0011218944  -0.0056103985
       -0.0053019776   0.0068027277   0.0063752004   0.0080679471  -0.0076511281
       -0.0878482389   0.1010252400  -0.0102988470  -0.0526746986   0.0302536644
        0.0610976034
       -0.0004657218  -0.0003624457  -0.0000308253   0.0004385373  -0.0002414891
        0.0005572960  -0.0105940137  -0.0061398018  -0.0011854117  -0.0357426283
       -0.1202445743   0.0505674158  -0.0676355149   0.4838339344   0.0020495061
       -0.0094019720  -0.0285215053  -0.0082377842  -0.0000268561   0.0000899413
        0.0000674382   0.0007912699   0.0000595483  -0.0003318639   0.0001105438
        0.0000990654   0.0001253101   0.0001750401   0.0000010889  -0.0000425826
       -0.0000413444   0.0000624767  -0.0001243686  -0.0013672714   0.0002409376
       -0.0004507395  -0.0001824895   0.0004511385   0.0005250258   0.0034946079
        0.0070510194  -0.0048738262  -0.0140101108  -0.0241381668   0.0187502021
        0.1045379891  -0.2286149790   0.0277678798   0.0299199348  -0.0836261885
       -0.0851326720
        0.0004172478  -0.0000522709  -0.0006119623  -0.0002153536  -0.0001371365
       -0.0003996772  -0.0041515983  -0.0061253400   0.0050549281   0.0448229945
        0.0515162132  -0.1100305692  -0.0641926575   0.0020495061   0.4456059914
       -0.0377230654  -0.0091497081  -0.0489661854   0.0000583938   0.0000645604
        0.0001685731   0.0002980468  -0.0001428603   0.0002326645  -0.0001449403
       -0.0001432127   0.0000758153  -0.0003920557   0.0001154839   0.0001808846
       -0.0002000144  -0.0000195389   0.0002979502  -0.0023221380  -0.0014551535
       -0.0007161588  -0.0016841418  -0.0008146740   0.0010663887   0.0170673966
        0.0181609711  -0.0207166410   0.0027065388   0.0068939742  -0.0034936953
       -0.0118664691   0.0255704690  -0.0453903002   0.0575218157  -0.0863312830
       -0.2223580066
       -0.0003448624   0.0000471506   0.0000975663  -0.0005100498  -0.0001718294
       -0.0003436794  -0.0005510433  -0.0035608442   0.0041435439  -0.0267977266
       -0.0107019140  -0.0097043248  -0.0833731800  -0.0094019720  -0.0377230654
        0.1378802050   0.0295509689   0.0646468247   0.0001580712  -0.0000420498
        0.0000820563  -0.0001530830   0.0002653748  -0.0000297122   0.0003020315
        0.0000203801   0.0000177047   0.0000098049   0.0001698182   0.0000741310
        0.0000561453  -0.0000603695   0.0000765351  -0.0013587574  -0.0006849028
       -0.0003654010   0.0007118440   0.0002026529   0.0002986236   0.0004564401
        0.0008982402   0.0006030425   0.0014432981  -0.0005508391   0.0001646155
       -0.0222171209  -0.0022380125  -0.0137494418  -0.0057120167  -0.0037418523
       -0.0082890192
        0.0000854063   0.0000059694  -0.0000545812  -0.0004509776  -0.0001231549
       -0.0001626634  -0.0016698921  -0.0019271967   0.0022146376  -0.0178429469
       -0.0035800220  -0.0075596994  -0.0106273042  -0.0285215053  -0.0091497081
        0.0295509689   0.0291299741   0.0147449456   0.0000895130   0.0000004662
       -0.0000172749   0.0000148243   0.0000791524   0.0001588180  -0.0000348705
       -0.0000260624  -0.0001020106  -0.0000921850   0.0000991774   0.0000570563
        0.0000011051  -0.0000363713   0.0000248355  -0.0007619032  -0.0003323026
       -0.0002780501   0.0002631783  -0.0000537130   0.0002025560   0.0004040670
        0.0003828977   0.0000722520   0.0000940848   0.0001858224  -0.0005255199
        0.0122257943   0.0058900637   0.0077706949  -0.0112488624  -0.0011731950
       -0.0073962882
       -0.0002309254  -0.0000140722   0.0000748572  -0.0000725799  -0.0000240571
        0.0001025717   0.0014219481   0.0007762990   0.0006743177   0.0022258730
       -0.0007153188   0.0052782007  -0.0361774492  -0.0082377842  -0.0489661854
        0.0646468247   0.0147449456   0.0591098242   0.0000779126  -0.0000264431
        0.0000235286  -0.0000754236   0.0001492451  -0.0000618753   0.0001765548
        0.0000154910   0.0000231542   0.0001793602   0.0000318383   0.0000131497
       -0.0000181193   0.0000108950   0.0000252579   0.0001728702   0.0000555328
        0.0001756454   0.0004081025   0.0001185984   0.0000964760   0.0003883903
        0.0002388887   0.0011596975   0.0005799253  -0.0006400224   0.0002978061
       -0.0103258052  -0.0005242181  -0.0041687797  -0.0233774591  -0.0059598181
       -0.0138576464
       -0.2177381293   0.0902037434   0.0577904873   0.0001077006   0.0012857622
        0.0000140074   0.0009949177   0.0002555370  -0.0003132876   0.0001098792
       -0.0000493139   0.0001217093  -0.0001385891  -0.0000268561   0.0000583938
        0.0001580712   0.0000895130   0.0000779126   0.2507878381  -0.1045255248
       -0.0677111531  -0.0283079507   0.0101953741   0.0059610862  -0.0067388968
        0.0027891962   0.0044628851   0.0008470524  -0.0004581900   0.0001058447
       -0.0000412271  -0.0000037672  -0.0003054810  -0.0001304605   0.0001817447
        0.0000064282   0.0000621920  -0.0001420372  -0.0001925636   0.0000149648
       -0.0001587662   0.0001392367   0.0000390720   0.0000110598   0.0000249250
        0.0000239109   0.0002769161  -0.0001673190  -0.0000503453   0.0000756088
       -0.0000731119
        0.0896704352  -0.0876168020  -0.0303460394   0.0257663814  -0.0187936174
       -0.0082937121  -0.0006808379  -0.0063950935   0.0014949742  -0.0000603258
        0.0001400871  -0.0000412341  -0.0001791527   0.0000899413   0.0000645604
       -0.0000420498   0.0000004662  -0.0000264431  -0.1045255248   0.1052555522
        0.0350076217  -0.0093757582   0.0053963885   0.0027584991  -0.0025022523
        0.0023417122   0.0002381329   0.0005802683   0.0005172882  -0.0004422598
        0.0002810054   0.0004003884  -0.0000411619   0.0012545943  -0.0014425730
       -0.0006294624  -0.0002573654   0.0000699023   0.0002017859  -0.0000206519
       -0.0000212755   0.0000359720  -0.0000321853   0.0000488446   0.0000521643
        0.0002081344  -0.0000218521  -0.0000592243  -0.0000847147   0.0000306425
        0.0000258266
        0.0577291299  -0.0304269547  -0.0642220601  -0.0038443312   0.0020521934
        0.0017296941  -0.0000867212   0.0005900736   0.0004413433   0.0000003545
        0.0000658777   0.0000567518  -0.0000547491   0.0000674382   0.0001685731
        0.0000820563  -0.0000172749   0.0000235286  -0.0677111531   0.0350076217
        0.0706315933  -0.0156769197   0.0064076493   0.0044984272   0.0299489474
       -0.0136158358  -0.0136399264   0.0000860894  -0.0004473205   0.0000258927
       -0.0003263053   0.0002647542   0.0001317350  -0.0001041055   0.0000650441
        0.0002163623  -0.0000451590   0.0001252630   0.0000738910   0.0000470651
       -0.0001011934   0.0000277811   0.0000241052  -0.0000209185   0.0000205936
        0.0000013903  -0.0000997825  -0.0001935315  -0.0000696939   0.0000833650
        0.0000093509
       -0.1816527240  -0.0713581980  -0.0953889349  -0.0029016570  -0.0047389162
       -0.0014488807   0.0003457943   0.0003541686   0.0000331281   0.0000487498
        0.0004529159   0.0002440866  -0.0011435868   0.0007912699   0.0002980468
       -0.0001530830   0.0000148243  -0.0000754236  -0.0283079507  -0.0093757582
       -0.0156769197   0.2118752026   0.0835515305   0.1104164543   0.0021371244
        0.0012683732   0.0004204259   0.0006404565  -0.0014105286   0.0003673959
        0.0000572015   0.0000960997   0.0001186138  -0.0001507892   0.0000906849
       -0.0000413233  -0.0001130389  -0.0000730476   0.0000157124   0.0001374154
        0.0002134448  -0.0001520962  -0.0000372102  -0.0000593874  -0.0000050643
       -0.0008462632   0.0002791855   0.0008457207   0.0000643587  -0.0000966613
        0.0000290582
       -0.0710689605  -0.0785992617  -0.0492828676  -0.0243945443  -0.0167291281
       -0.0150257874  -0.0002495491   0.0006190989  -0.0001466595   0.0001887055
       -0.0001567903  -0.0001983923   0.0001327880   0.0000595483  -0.0001428603
        0.0002653748   0.0000791524   0.0001492451   0.0101953741   0.0053963885
        0.0064076493   0.0835515305   0.0933037964   0.0564227671   0.0024970672
        0.0020570252   0.0010187343  -0.0015074914  -0.0073629398   0.0008492937
       -0.0001617154   0.0009916908  -0.0005054300  -0.0000307528   0.0002708912
        0.0000345482  -0.0001285603  -0.0000776809   0.0000013770   0.0004762692
       -0.0005346066   0.0007510434  -0.0002094342   0.0001227728   0.0001786865
        0.0005963256   0.0005627192  -0.0005209739  -0.0001524270  -0.0000026764
        0.0000096266
       -0.0955464406  -0.0497863154  -0.1109545809   0.0032602055   0.0006373809
        0.0027688391  -0.0002640741  -0.0002235824   0.0000416552  -0.0000801054
        0.0000671516   0.0004778015   0.0001643093  -0.0003318639   0.0002326645
       -0.0000297122   0.0001588180  -0.0000618753   0.0059610862   0.0027584991
        0.0044984272   0.1104164543   0.0564227671   0.1246732622  -0.0260272523
       -0.0118784977  -0.0222118796   0.0003431837   0.0012022728   0.0009428351
        0.0006876500   0.0004980548   0.0006618533  -0.0000164480   0.0000868885
       -0.0000775074  -0.0001613538  -0.0000147624  -0.0002226158  -0.0001104702
        0.0002184723   0.0000470303   0.0000308000   0.0000684762  -0.0001197594
        0.0015237804  -0.0000801724  -0.0005671179  -0.0001516127   0.0001964128
       -0.0001290322
       -0.0494579283  -0.0057658129   0.0322346350   0.0000017935  -0.0007693593
        0.0029186090   0.0005574751   0.0003752435  -0.0009666334  -0.0000926602
        0.0001290690  -0.0001764507  -0.0003066140   0.0001105438  -0.0001449403
        0.0003020315  -0.0000348705   0.0001765548  -0.0067388968  -0.0025022523
        0.0299489474   0.0021371244   0.0024970672  -0.0260272523   0.0539808770
        0.0067557416  -0.0386662177  -0.0001339295  -0.0001797566   0.0004855131
        0.0006331506  -0.0006065918   0.0001423596  -0.0001128367   0.0000101366
        0.0000770965   0.0001572483   0.0001651178   0.0001276385   0.0000181622
       -0.0000948098   0.0000578738  -0.0000631354  -0.0000499622   0.0000906956
       -0.0008576921  -0.0000516331  -0.0003652795  -0.0000241696   0.0000121291
        0.0000868507
       -0.0056585111  -0.0483036316   0.0362066592  -0.0041179178  -0.0092965330
        0.0309007825  -0.0005081993   0.0011390765   0.0009180968   0.0001325255
       -0.0000309659  -0.0001332251   0.0000070631   0.0000990654  -0.0001432127
        0.0000203801  -0.0000260624   0.0000154910   0.0027891962   0.0023417122
       -0.0136158358   0.0012683732   0.0020570252  -0.0118784977   0.0067557416
        0.0581045018  -0.0444157515   0.0001118198   0.0006515089   0.0003104073
       -0.0008186492  -0.0068922072   0.0024314530  -0.0001693770   0.0003077508
       -0.0001091352   0.0002934430  -0.0002764908  -0.0004956300  -0.0001151712
       -0.0001141222  -0.0000106182  -0.0001063453   0.0000029027   0.0000602887
        0.0000459156   0.0003043336   0.0000007934   0.0000697128  -0.0000678641
       -0.0000420658
        0.0321804223   0.0363311754  -0.2717801996   0.0013260287   0.0057024458
       -0.0086528155  -0.0000811781  -0.0008170109   0.0009705171  -0.0000886431
        0.0001320779  -0.0001390834   0.0001862055   0.0001253101   0.0000758153
        0.0000177047  -0.0001020106   0.0000231542   0.0044628851   0.0002381329
       -0.0136399264   0.0004204259   0.0010187343  -0.0222118796  -0.0386662177
       -0.0444157515   0.3143985996   0.0001451006  -0.0003125329   0.0003892093
        0.0006843552   0.0023850000   0.0002577751   0.0001199539  -0.0002510175
        0.0000458278  -0.0002931617   0.0002742527   0.0003361759   0.0001462691
       -0.0000087346  -0.0001052553   0.0000457534  -0.0000312096   0.0000004681
       -0.0006545076  -0.0001972233  -0.0000508326   0.0000486036  -0.0000716383
        0.0000824500
       -0.0038470618  -0.0043046536  -0.0024515075  -0.1982262294  -0.0654531594
       -0.0841900196  -0.0261111414  -0.0052079983  -0.0099800848  -0.0041182827
        0.0030073481   0.0022079772  -0.0002290606   0.0001750401  -0.0003920557
        0.0000098049  -0.0000921850   0.0001793602   0.0008470524   0.0005802683
        0.0000860894   0.0006404565  -0.0015074914   0.0003431837  -0.0001339295
        0.0001118198   0.0001451006   0.2321114948   0.0734922102   0.0973788609
       -0.0002763091  -0.0004479802  -0.0025668102   0.0002158549   0.0000071689
       -0.0005254618   0.0001870928  -0.0005685407  -0.0000812993   0.0002503947
        0.0001332065   0.0004520896  -0.0012448458   0.0000119297  -0.0004974499
       -0.0000390049   0.0000613174  -0.0000966900  -0.0000362858   0.0000016996
       -0.0000112826
       -0.0253918316  -0.0178436311  -0.0131479087  -0.0653516314  -0.0674795998
       -0.0343954706   0.0129628972   0.0033759037   0.0050197703   0.0026683489
       -0.0004377532  -0.0008998748   0.0001466888   0.0000010889   0.0001154839
        0.0001698182   0.0000991774   0.0000318383  -0.0004581900   0.0005172882
       -0.0004473205  -0.0014105286  -0.0073629398   0.0012022728  -0.0001797566
        0.0006515089  -0.0003125329   0.0734922102   0.0860208670   0.0410845044
        0.0023748428   0.0022049210   0.0011605859   0.0008426174   0.0003099172
        0.0003101223  -0.0002670349   0.0001770608   0.0002717107  -0.0000522336
       -0.0001647138  -0.0001290103   0.0003905680  -0.0000273540   0.0001694721
        0.0000889582  -0.0000716107  -0.0000532573  -0.0000257430   0.0000298693
        0.0000196143
        0.0034839218   0.0011217897   0.0029500413  -0.0846170663  -0.0342330323
       -0.0919854057   0.0086365361   0.0021698700   0.0041261259   0.0013447989
       -0.0008682062   0.0000457270  -0.0000258940  -0.0000425826   0.0001808846
        0.0000741310   0.0000570563   0.0000131497   0.0001058447  -0.0004422598
        0.0000258927   0.0003673959   0.0008492937   0.0009428351   0.0004855131
        0.0003104073   0.0003892093   0.0973788609   0.0410845044   0.1028666940
       -0.0279517965  -0.0107108759  -0.0205033478  -0.0002068959   0.0004156294
        0.0001555787   0.0004906710   0.0001160893   0.0003865069   0.0001126077
        0.0000848478   0.0001222748   0.0003585593   0.0000691777   0.0002727885
        0.0000120828   0.0000161993  -0.0000468211  -0.0000492702   0.0000020919
        0.0000578661
        0.0006786253  -0.0010830416   0.0032252856  -0.0458572506  -0.0037787717
        0.0151660578  -0.0053877740  -0.0008269108   0.0251460904   0.0010546171
        0.0000994823   0.0014854808  -0.0001703389  -0.0000413444  -0.0002000144
        0.0000561453   0.0000011051  -0.0000181193  -0.0000412271   0.0002810054
       -0.0003263053   0.0000572015  -0.0001617154   0.0006876500   0.0006331506
       -0.0008186492   0.0006843552  -0.0002763091   0.0023748428  -0.0279517965
        0.0530761827   0.0019544726  -0.0203313163   0.0004880714  -0.0004440345
       -0.0001451896  -0.0037721496   0.0028176726   0.0030400339  -0.0008131879
       -0.0003720498  -0.0004137115   0.0001600311  -0.0000211635   0.0000608701
        0.0000162866   0.0000310576   0.0000290400   0.0000979255  -0.0000119575
       -0.0001384109
       -0.0026376078  -0.0103364093   0.0306846742  -0.0039046638  -0.0466806766
        0.0332540835   0.0034749632   0.0011398818  -0.0154992493  -0.0003571158
        0.0003061842   0.0002170952  -0.0000211355   0.0000624767  -0.0000195389
       -0.0000603695  -0.0000363713   0.0000108950  -0.0000037672   0.0004003884
        0.0002647542   0.0000960997   0.0009916908   0.0004980548  -0.0006065918
       -0.0068922072   0.0023850000  -0.0004479802   0.0022049210  -0.0107108759
        0.0019544726   0.0598363386  -0.0389297964  -0.0000105969   0.0001903919
       -0.0006101227   0.0028762005  -0.0012188985  -0.0015993673  -0.0003033215
        0.0002601303   0.0000765484  -0.0000818422  -0.0001057481  -0.0001454549
        0.0000603005  -0.0000831049   0.0001016875  -0.0000270443  -0.0000389878
        0.0000216126
        0.0008448751   0.0048200955  -0.0084024448   0.0159098311   0.0334365247
       -0.2654861237   0.0049410573  -0.0007185568  -0.0155436072  -0.0010837918
        0.0003807959   0.0009656881  -0.0001512149  -0.0001243686   0.0002979502
        0.0000765351   0.0000248355   0.0000252579  -0.0003054810  -0.0000411619
        0.0001317350   0.0001186138  -0.0005054300   0.0006618533   0.0001423596
        0.0024314530   0.0002577751  -0.0025668102   0.0011605859  -0.0205033478
       -0.0203313163  -0.0389297964   0.3082762386  -0.0002932417  -0.0000910285
        0.0001549876   0.0026534538  -0.0021415693  -0.0011235169   0.0004378316
        0.0002773921   0.0004204756  -0.0001766135   0.0000192381  -0.0000418391
       -0.0000255271  -0.0000133775  -0.0001053602  -0.0001905610   0.0000143683
        0.0000142783
       -0.0029167576   0.0026972001   0.0017682288   0.0007571661   0.0234414782
       -0.0021053279  -0.0479794756  -0.0451195305   0.0080596388  -0.0119682958
       -0.0240566258   0.0011469216  -0.0026447959  -0.0013672714  -0.0023221380
       -0.0013587574  -0.0007619032   0.0001728702  -0.0001304605   0.0012545943
       -0.0001041055  -0.0001507892  -0.0000307528  -0.0000164480  -0.0001128367
       -0.0001693770   0.0001199539   0.0002158549   0.0008426174  -0.0002068959
        0.0004880714  -0.0000105969  -0.0002932417   0.0667093793   0.0493392316
       -0.0074388047   0.0006035729  -0.0040185239   0.0016771702  -0.0009656490
       -0.0004710996  -0.0004771882  -0.0004810731  -0.0017210666   0.0001508056
       -0.0000022424   0.0001526289   0.0000576542  -0.0000629113  -0.0000010028
       -0.0001890932
        0.0041100612  -0.0015427988  -0.0018647654   0.0006970331  -0.0215566412
        0.0019746371  -0.0458576781  -0.2615062182   0.0370247388  -0.0047143475
       -0.0089185358   0.0010598184  -0.0010370318   0.0002409376  -0.0014551535
       -0.0006849028  -0.0003323026   0.0000555328   0.0001817447  -0.0014425730
        0.0000650441   0.0000906849   0.0002708912   0.0000868885   0.0000101366
        0.0003077508  -0.0002510175   0.0000071689   0.0003099172   0.0004156294
       -0.0004440345   0.0001903919  -0.0000910285   0.0493392316   0.3014590864
       -0.0420390814  -0.0021514402  -0.0090519144   0.0049193097  -0.0005171579
       -0.0003192978  -0.0002560534   0.0008278972   0.0016339340   0.0004965055
        0.0001082588   0.0002840856  -0.0000492989   0.0000343759  -0.0000267130
       -0.0000917056
        0.0016804870  -0.0010618254  -0.0000465642  -0.0002855920  -0.0116103013
        0.0020336965   0.0080271875   0.0372337978  -0.0504760183  -0.0058147118
       -0.0126367684   0.0022300937  -0.0008506860  -0.0004507395  -0.0007161588
       -0.0003654010  -0.0002780501   0.0001756454   0.0000064282  -0.0006294624
        0.0002163623  -0.0000413233   0.0000345482  -0.0000775074   0.0000770965
       -0.0001091352   0.0000458278  -0.0005254618   0.0003101223   0.0001555787
       -0.0001451896  -0.0006101227   0.0001549876  -0.0074388047  -0.0420390814
        0.0558196251   0.0064761676   0.0328632857  -0.0096657314  -0.0006167576
       -0.0002520641  -0.0008400390  -0.0000649813  -0.0006814986   0.0010631970
       -0.0000469547  -0.0002493263  -0.0000520323  -0.0000715029   0.0001666213
       -0.0000209630
        0.0005612601  -0.0007594888  -0.0000436864  -0.0050015542  -0.0010403657
        0.0242855307  -0.0424504580  -0.0034477141   0.0182758452  -0.0014971862
        0.0014540108  -0.0253077270   0.0000945776  -0.0001824895  -0.0016841418
        0.0007118440   0.0002631783   0.0004081025   0.0000621920  -0.0002573654
       -0.0000451590  -0.0001130389  -0.0001285603  -0.0001613538   0.0001572483
        0.0002934430  -0.0002931617   0.0001870928  -0.0002670349   0.0004906710
       -0.0037721496   0.0028762005   0.0026534538   0.0006035729  -0.0021514402
        0.0064761676   0.0562258618   0.0042691123  -0.0221865124  -0.0036924831
       -0.0007087151  -0.0024000499  -0.0011905260  -0.0000570323  -0.0006806921
        0.0001092567  -0.0001541045  -0.0000242941  -0.0009955103  -0.0000016342
        0.0002370072
        0.0000669282   0.0010553688  -0.0011370354   0.0032307991   0.0018922010
       -0.0163820467  -0.0030461818  -0.0494784494   0.0369701467  -0.0006962926
        0.0014371726  -0.0069490023  -0.0005056981   0.0004511385  -0.0008146740
        0.0002026529  -0.0000537130   0.0001185984  -0.0001420372   0.0000699023
        0.0001252630  -0.0000730476  -0.0000776809  -0.0000147624   0.0001651178
       -0.0002764908   0.0002742527  -0.0005685407   0.0001770608   0.0001160893
        0.0028176726  -0.0012188985  -0.0021415693  -0.0040185239  -0.0090519144
        0.0328632857   0.0042691123   0.0557599064  -0.0408730692  -0.0014008270
       -0.0005443660  -0.0015474872   0.0000119155  -0.0001229489  -0.0001843311
       -0.0001064787  -0.0003421889  -0.0003408215  -0.0002065708   0.0003239005
       -0.0000828369
       -0.0008016410   0.0005918815   0.0009781362   0.0052839281  -0.0000350250
       -0.0154540332   0.0188104554   0.0365451428  -0.2665966453  -0.0034031141
        0.0003500020  -0.0171624187   0.0011218944   0.0005250258   0.0010663887
        0.0002986236   0.0002025560   0.0000964760  -0.0001925636   0.0002017859
        0.0000738910   0.0000157124   0.0000013770  -0.0002226158   0.0001276385
       -0.0004956300   0.0003361759  -0.0000812993   0.0002717107   0.0003865069
        0.0030400339  -0.0015993673  -0.0011235169   0.0016771702   0.0049193097
       -0.0096657314  -0.0221865124  -0.0408730692   0.3094854685  -0.0027238134
        0.0000430226  -0.0018278508  -0.0005008564  -0.0001366880  -0.0008671102
       -0.0000667396  -0.0004354248  -0.0000199760  -0.0004189166  -0.0000766096
        0.0005168550
       -0.0002549525   0.0000680733  -0.0001252627   0.0010217468  -0.0003134889
       -0.0017657280   0.0003642325  -0.0091986831  -0.0229851766  -0.0480453694
        0.0179912990   0.0363066923  -0.0056103985   0.0034946079   0.0170673966
        0.0004564401   0.0004040670   0.0003883903   0.0000149648  -0.0000206519
        0.0000470651   0.0001374154   0.0004762692  -0.0001104702   0.0000181622
       -0.0001151712   0.0001462691   0.0002503947  -0.0000522336   0.0001126077
       -0.0008131879  -0.0003033215   0.0004378316  -0.0009656490  -0.0005171579
       -0.0006167576  -0.0036924831  -0.0014008270  -0.0027238134   0.0613911972
       -0.0185199251  -0.0434224188  -0.0034035477   0.0099167090   0.0154504418
        0.0003862243   0.0004889067  -0.0005873451  -0.0012551900  -0.0023984718
        0.0023802780
        0.0003832359   0.0002958016   0.0003396749   0.0009105898   0.0005991694
        0.0004541912  -0.0009698575  -0.0015649733  -0.0074317362   0.0184129391
       -0.0824814575  -0.0857498442  -0.0053019776   0.0070510194   0.0181609711
        0.0008982402   0.0003828977   0.0002388887  -0.0001587662  -0.0000212755
       -0.0001011934   0.0002134448  -0.0005346066   0.0002184723  -0.0000948098
       -0.0001141222  -0.0000087346   0.0001332065  -0.0001647138   0.0000848478
       -0.0003720498   0.0002601303   0.0002773921  -0.0004710996  -0.0003192978
       -0.0002520641  -0.0007087151  -0.0005443660   0.0000430226  -0.0185199251
        0.0931645195   0.0962530114   0.0082365708  -0.0151179081  -0.0257503902
       -0.0001154987   0.0008658199   0.0003849825  -0.0024755278  -0.0017566371
        0.0028385080
        0.0000409916  -0.0001050353   0.0000810814   0.0013802434  -0.0001820355
        0.0011956154  -0.0025541519  -0.0065255552  -0.0154673621   0.0372456281
       -0.0837959865  -0.2310560333   0.0068027277  -0.0048738262  -0.0207166410
        0.0006030425   0.0000722520   0.0011596975   0.0001392367   0.0000359720
        0.0000277811  -0.0001520962   0.0007510434   0.0000470303   0.0000578738
       -0.0000106182  -0.0001052553   0.0004520896  -0.0001290103   0.0001222748
       -0.0004137115   0.0000765484   0.0004204756  -0.0004771882  -0.0002560534
       -0.0008400390  -0.0024000499  -0.0015474872  -0.0018278508  -0.0434224188
        0.0962530114   0.2685836056   0.0011139478  -0.0018806207   0.0005014461
       -0.0003582213  -0.0006773158   0.0002547980   0.0019420567   0.0027947170
       -0.0023806242
        0.0000753461   0.0000126820   0.0000546534  -0.0038230746  -0.0005584727
       -0.0030205530  -0.0192460475   0.0180455315  -0.0047967391  -0.1067250404
        0.1066364101  -0.0130960709   0.0063752004  -0.0140101108   0.0027065388
        0.0014432981   0.0000940848   0.0005799253   0.0000390720  -0.0000321853
        0.0000241052  -0.0000372102  -0.0002094342   0.0000308000  -0.0000631354
       -0.0001063453   0.0000457534  -0.0012448458   0.0003905680   0.0003585593
        0.0001600311  -0.0000818422  -0.0001766135  -0.0004810731   0.0008278972
       -0.0000649813  -0.0011905260   0.0000119155  -0.0005008564  -0.0034035477
        0.0082365708   0.0011139478   0.1284980142  -0.1164898141   0.0154237538
       -0.0009322610  -0.0025216217   0.0017401333   0.0005557997  -0.0002458336
       -0.0004223560
        0.0001010345   0.0001557117  -0.0000136221  -0.0005717040   0.0007308861
        0.0000674824  -0.0026550334   0.0031635063  -0.0009437364   0.1061439470
       -0.2066422421   0.0212845655   0.0080679471  -0.0241381668   0.0068939742
       -0.0005508391   0.0001858224  -0.0006400224   0.0000110598   0.0000488446
       -0.0000209185  -0.0000593874   0.0001227728   0.0000684762  -0.0000499622
        0.0000029027  -0.0000312096   0.0000119297  -0.0000273540   0.0000691777
       -0.0000211635  -0.0001057481   0.0000192381  -0.0017210666   0.0016339340
       -0.0006814986  -0.0000570323  -0.0001229489  -0.0001366880   0.0099167090
       -0.0151179081  -0.0018806207  -0.1164898141   0.2419305380  -0.0267595889
       -0.0026219885  -0.0026786973   0.0032769565   0.0005453639   0.0008581468
       -0.0005719655
       -0.0000109978  -0.0000493988   0.0001347814  -0.0011028744  -0.0005760020
       -0.0010130284  -0.0098794207   0.0100421869  -0.0009941653  -0.0129205392
        0.0204587626  -0.0480969445  -0.0076511281   0.0187502021  -0.0034936953
        0.0001646155  -0.0005255199   0.0002978061   0.0000249250   0.0000521643
        0.0000205936  -0.0000050643   0.0001786865  -0.0001197594   0.0000906956
        0.0000602887   0.0000004681  -0.0004974499   0.0001694721   0.0002727885
        0.0000608701  -0.0001454549  -0.0000418391   0.0001508056   0.0004965055
        0.0010631970  -0.0006806921  -0.0001843311  -0.0008671102   0.0154504418
       -0.0257503902   0.0005014461   0.0154237538  -0.0267595889   0.0535714715
        0.0021151654   0.0030523352  -0.0016275549  -0.0007331063   0.0007300818
        0.0003915446
       -0.0008312604  -0.0000747909  -0.0000309328   0.0000280558  -0.0002906283
        0.0001263725   0.0005897126   0.0000556759   0.0001838306   0.0064422720
       -0.0124252026   0.0022303800  -0.0878482389   0.1045379891  -0.0118664691
       -0.0222171209   0.0122257943  -0.0103258052   0.0000239109   0.0002081344
        0.0000013903  -0.0008462632   0.0005963256   0.0015237804  -0.0008576921
        0.0000459156  -0.0006545076  -0.0000390049   0.0000889582   0.0000120828
        0.0000162866   0.0000603005  -0.0000255271  -0.0000022424   0.0001082588
       -0.0000469547   0.0001092567  -0.0001064787  -0.0000667396   0.0003862243
       -0.0001154987  -0.0003582213  -0.0009322610  -0.0026219885   0.0021151654
        0.1092004001  -0.1120030427   0.0160201260  -0.0032220353   0.0097102781
        0.0011620294
        0.0006548958  -0.0001059162  -0.0000323391  -0.0004266644  -0.0001333784
        0.0002225334   0.0002214219   0.0003464865   0.0000770542   0.0062629744
       -0.0204437061   0.0051328537   0.1010252400  -0.2286149790   0.0255704690
       -0.0022380125   0.0058900637  -0.0005242181   0.0002769161  -0.0000218521
       -0.0000997825   0.0002791855   0.0005627192  -0.0000801724  -0.0000516331
        0.0003043336  -0.0001972233   0.0000613174  -0.0000716107   0.0000161993
        0.0000310576  -0.0000831049  -0.0000133775   0.0001526289   0.0002840856
       -0.0002493263  -0.0001541045  -0.0003421889  -0.0004354248   0.0004889067
        0.0008658199  -0.0006773158  -0.0025216217  -0.0026786973   0.0030523352
       -0.1120030427   0.2581118664  -0.0308082189   0.0079405349  -0.0138699413
       -0.0009540463
        0.0003088988   0.0002173681   0.0006625143  -0.0000928816   0.0000222799
       -0.0001055372  -0.0000986305  -0.0001861545   0.0005662537  -0.0064582188
        0.0160477566  -0.0024298918  -0.0102988470   0.0277678798  -0.0453903002
       -0.0137494418   0.0077706949  -0.0041687797  -0.0001673190  -0.0000592243
       -0.0001935315   0.0008457207  -0.0005209739  -0.0005671179  -0.0003652795
        0.0000007934  -0.0000508326  -0.0000966900  -0.0000532573  -0.0000468211
        0.0000290400   0.0001016875  -0.0001053602   0.0000576542  -0.0000492989
       -0.0000520323  -0.0000242941  -0.0003408215  -0.0000199760  -0.0005873451
        0.0003849825   0.0002547980   0.0017401333   0.0032769565  -0.0016275549
        0.0160201260  -0.0308082189   0.0516722343   0.0129373745  -0.0235724499
        0.0016019352
       -0.0001283569   0.0000986214   0.0001476038  -0.0000971165   0.0000325155
       -0.0001156739   0.0007474666   0.0000875002   0.0012930368  -0.0056734182
        0.0037752001   0.0150153476  -0.0526746986   0.0299199348   0.0575218157
       -0.0057120167  -0.0112488624  -0.0233774591  -0.0000503453  -0.0000847147
       -0.0000696939   0.0000643587  -0.0001524270  -0.0001516127  -0.0000241696
        0.0000697128   0.0000486036  -0.0000362858  -0.0000257430  -0.0000492702
        0.0000979255  -0.0000270443  -0.0001905610  -0.0000629113   0.0000343759
       -0.0000715029  -0.0009955103  -0.0002065708  -0.0004189166  -0.0012551900
       -0.0024755278   0.0019420567   0.0005557997   0.0005453639  -0.0007331063
       -0.0032220353   0.0079405349   0.0129373745   0.0684665040  -0.0282828696
       -0.0637280423
        0.0002230073  -0.0000355237  -0.0002622676  -0.0000030939   0.0000242285
       -0.0001185647   0.0004191157   0.0001069195   0.0004267302  -0.0059121260
        0.0061749871   0.0159938762   0.0302536644  -0.0836261885  -0.0863312830
       -0.0037418523  -0.0011731950  -0.0059598181   0.0000756088   0.0000306425
        0.0000833650  -0.0000966613  -0.0000026764   0.0001964128   0.0000121291
       -0.0000678641  -0.0000716383   0.0000016996   0.0000298693   0.0000020919
       -0.0000119575  -0.0000389878   0.0000143683  -0.0000010028  -0.0000267130
        0.0001666213  -0.0000016342   0.0003239005  -0.0000766096  -0.0023984718
       -0.0017566371   0.0027947170  -0.0002458336   0.0008581468   0.0007300818
        0.0097102781  -0.0138699413  -0.0235724499  -0.0282828696   0.0930490328
        0.0959843667
       -0.0000471065  -0.0000204319   0.0000623697   0.0000650152   0.0000655897
        0.0000839084  -0.0004445489  -0.0003592158   0.0004900605   0.0082851293
       -0.0043139164  -0.0185621068   0.0610976034  -0.0851326720  -0.2223580066
       -0.0082890192  -0.0073962882  -0.0138576464  -0.0000731119   0.0000258266
        0.0000093509   0.0000290582   0.0000096266  -0.0001290322   0.0000868507
       -0.0000420658   0.0000824500  -0.0000112826   0.0000196143   0.0000578661
       -0.0001384109   0.0000216126   0.0000142783  -0.0001890932  -0.0000917056
       -0.0000209630   0.0002370072  -0.0000828369   0.0005168550   0.0023802780
        0.0028385080  -0.0023806242  -0.0004223560  -0.0005719655   0.0003915446
        0.0011620294  -0.0009540463   0.0016019352  -0.0637280423   0.0959843667
        0.2539977603
