$hessian                                                                        
        0.4978412606  -0.0361346552  -0.0006657744  -0.1016521972  -0.0635907530
       -0.0115215506   0.0069806015   0.0110369556   0.0006720200  -0.0151712739
       -0.0122616767   0.0098481449  -0.0013743650  -0.0006720247   0.0011859364
        0.0004983520   0.0000604369  -0.0000641413  -0.0000272749  -0.0000094529
        0.0000475969  -0.1314748354   0.1163524495  -0.0022957214  -0.1114037070
        0.0002074409  -0.1079118998  -0.1324504961  -0.0036045513   0.1144624562
       -0.0115135555  -0.0164099064  -0.0037301036   0.0009340534   0.0006683972
        0.0006349007   0.0006999181   0.0004402987  -0.0003999669  -0.0009903499
        0.0038191132  -0.0000077815  -0.0005340875   0.0000668846  -0.0003408699
       -0.0002173858  -0.0001297755  -0.0000796891   0.0000168135   0.0000071801
        0.0000029799  -0.0001577201  -0.0001302768   0.0000504473  -0.0000621879
        0.0001905807  -0.0000009568   0.0000690711   0.0001192962   0.0000870949
       -0.0000106341  -0.0000259610   0.0000268781
       -0.0361346552   0.4752728293   0.0008033791  -0.0591668634  -0.1571319078
       -0.0098925624  -0.0099684613  -0.0291769172  -0.0012282788  -0.0061483669
       -0.0010169334   0.0056501296   0.0001005058  -0.0002542443   0.0001168535
       -0.0000116785  -0.0003071333   0.0000881115   0.0001750321  -0.0001009276
       -0.0001037091   0.1173122431  -0.1948039116   0.0024730338   0.0004232110
       -0.0433993732  -0.0015700015  -0.0030774804  -0.0421645165   0.0052884419
       -0.0042857702  -0.0038949627  -0.0016832050  -0.0008928752   0.0009664039
       -0.0003712207  -0.0008331868   0.0003763578   0.0003931068   0.0025224127
       -0.0049011787   0.0001354748  -0.0001287309   0.0000583494  -0.0000916515
        0.0000492537   0.0001973437  -0.0000083487   0.0000168242   0.0000284980
        0.0000017712   0.0001141428   0.0000882800  -0.0000830349   0.0000028217
        0.0001844927  -0.0000441240  -0.0000789554  -0.0000424807   0.0000704665
        0.0000105772   0.0000219322   0.0000553681
       -0.0006657744   0.0008033791   0.5203868086  -0.0087268056  -0.0035338790
       -0.0622039436   0.0004464567   0.0006909666   0.0007806561   0.0173484515
        0.0135608134  -0.0063393382   0.0007953649   0.0006459480  -0.0020114942
       -0.0001443760  -0.0000321572  -0.0001226554  -0.0001247581  -0.0001388289
       -0.0001546488  -0.0023225482   0.0028370457  -0.0443752673  -0.1075930594
       -0.0012656087  -0.2162309016   0.1150897227   0.0059209414  -0.1902866382
       -0.0149844102  -0.0202170748  -0.0021720630   0.0004996782   0.0007222273
        0.0004693438  -0.0002907589  -0.0003232455   0.0004010828   0.0000613897
        0.0003626118   0.0006813509   0.0007185128  -0.0001317914   0.0004632774
       -0.0000160256  -0.0001469586   0.0002260829  -0.0000300112  -0.0000208016
        0.0000898791  -0.0000473431   0.0001338638   0.0000110092  -0.0000502748
       -0.0000627509   0.0000093010   0.0000782797   0.0001424133   0.0002059990
       -0.0000417107   0.0000528864   0.0001721595
       -0.1016521972  -0.0591668634  -0.0087268056   0.4141710408  -0.0012924461
        0.1008421809  -0.1054149007   0.0609336495  -0.0076600878  -0.0492974669
       -0.0006145771   0.0226323283  -0.0100496858  -0.0001532597   0.0100086968
        0.0013915845  -0.0001707440   0.0000963650   0.0014069006   0.0001289972
        0.0000804974   0.0086473288   0.0136139015   0.0010342873  -0.0127881368
       -0.0157992593  -0.0039294521  -0.0130392190  -0.0164880600   0.0026268769
       -0.1099977413  -0.0001866271  -0.1157760457  -0.0133618960   0.0155468665
       -0.0037199608  -0.0136822135   0.0161915415   0.0029862331   0.0086319533
       -0.0126056681   0.0007733410  -0.0035073625   0.0000444053  -0.0016996390
       -0.0009019162   0.0006122894   0.0000623460   0.0004301682  -0.0001663022
        0.0002596297  -0.0002439228   0.0000432129  -0.0001009209  -0.0002515203
       -0.0000238400  -0.0001001106  -0.0009289780  -0.0006025488   0.0000438215
        0.0004381810   0.0001553322   0.0002664185
       -0.0635907530  -0.1571319078  -0.0035338790  -0.0012924461   0.4363522705
        0.0015524429   0.0653607601  -0.1536731469   0.0015864560  -0.0009487901
       -0.0203190231   0.0016593734   0.0000800758  -0.0021825296  -0.0003248615
        0.0001559762  -0.0003552720  -0.0001876859  -0.0002013850  -0.0003410611
        0.0001870453  -0.0127245136  -0.0262876213  -0.0007191503  -0.0043381332
       -0.0028480598  -0.0026771491  -0.0048490157  -0.0041567985   0.0020177320
       -0.0002079218  -0.0374623938  -0.0004338152   0.0043196681  -0.0026892705
        0.0025699875   0.0043160336  -0.0031868572  -0.0019905903   0.0137517889
       -0.0263042799   0.0002826339   0.0001325751   0.0005287822   0.0000366315
        0.0005116449   0.0001085919  -0.0000370153   0.0000411608   0.0000086049
       -0.0001596876   0.0002181647  -0.0000853125  -0.0001583628  -0.0002152168
       -0.0000757618   0.0001489761  -0.0004912107   0.0000974906   0.0000277263
       -0.0000284619   0.0000035559   0.0001531922
       -0.0115215506  -0.0098925624  -0.0622039436   0.1008421809   0.0015524429
        0.4150537682  -0.0105305412   0.0078692442  -0.0620453758   0.0376248963
        0.0015949615  -0.0922341792   0.0014144666  -0.0002586965   0.0099380157
        0.0006734829   0.0005060563  -0.0010635308   0.0006662996  -0.0004826101
       -0.0010924030   0.0005165013   0.0003161590  -0.0000074323  -0.0161684855
       -0.0221197301  -0.0030617198   0.0135729281   0.0182664104  -0.0006256260
       -0.1085445596  -0.0002648717  -0.1995114158  -0.0167373337   0.0216437659
       -0.0025976021   0.0141993493  -0.0179276926  -0.0009794479   0.0007850503
       -0.0007984842  -0.0000143426  -0.0038816806   0.0000472947  -0.0006094419
       -0.0011369666   0.0006930868   0.0005823091  -0.0004711909   0.0000880213
        0.0002427524   0.0001950981  -0.0000300731  -0.0002842078   0.0001860029
        0.0000187028  -0.0002812138  -0.0011974529  -0.0007129323   0.0005490245
       -0.0004864947  -0.0001084929   0.0002460126
        0.0069806015  -0.0099684613   0.0004464567  -0.1054149007   0.0653607601
       -0.0105305412   0.4959312967   0.0366373878  -0.0000806104  -0.0156573845
        0.0116396627   0.0099993493  -0.0014608618   0.0006614455   0.0013235539
       -0.0000094530   0.0000168318   0.0000421006   0.0004908933  -0.0000484925
       -0.0000415612  -0.0008081990  -0.0036985309  -0.0000699708   0.0009311832
       -0.0006797929   0.0006098751   0.0006870830  -0.0004227956  -0.0003935905
       -0.0121344645   0.0162357021  -0.0034562739  -0.1111667907  -0.0002087137
       -0.1078410792  -0.1326979162  -0.0011781828   0.1146416525  -0.1247484769
       -0.1142395236  -0.0043794591  -0.0006065330  -0.0000560411  -0.0003666609
        0.0000599520  -0.0001302810   0.0000858062  -0.0000048768   0.0000249277
        0.0000293847  -0.0000714445  -0.0001939938  -0.0000044695  -0.0001471468
        0.0001262575   0.0000545538  -0.0001746110   0.0001345119  -0.0000716418
        0.0000220497  -0.0000126779   0.0000031257
        0.0110369556  -0.0291769172   0.0006909666   0.0609336495  -0.1536731469
        0.0078692442   0.0366373878   0.4773533962  -0.0016028884   0.0053867507
       -0.0001667827  -0.0052407531  -0.0001508560  -0.0002237928  -0.0000432201
       -0.0001741536  -0.0001080702   0.0001064172  -0.0000062844  -0.0002713042
       -0.0000860114  -0.0024089254  -0.0050708619  -0.0002323018   0.0008808159
        0.0009796714   0.0004004545   0.0008479888   0.0003953923  -0.0004045643
        0.0043237422  -0.0036829361   0.0015491297  -0.0004254413  -0.0434790799
        0.0016003388  -0.0016966832  -0.0420020751   0.0008076643  -0.1151946031
       -0.2013745426  -0.0054886807   0.0001071185   0.0000501353   0.0000773872
        0.0000796892  -0.0000440761  -0.0000777597  -0.0000121204   0.0000260853
       -0.0000578107  -0.0000021938   0.0001742512   0.0000549009  -0.0001040431
        0.0000879835   0.0000755288  -0.0000375787   0.0001796278   0.0000099168
       -0.0000212150   0.0000270429  -0.0000079588
        0.0006720200  -0.0012282788   0.0007806561  -0.0076600878   0.0015864560
       -0.0620453758  -0.0000806104  -0.0016028884   0.5203441420   0.0177359044
       -0.0128662391  -0.0064516541   0.0008842853  -0.0006244744  -0.0021681704
       -0.0001227483   0.0001411354  -0.0001393425  -0.0001676863   0.0000210792
       -0.0001068810   0.0000209279  -0.0004625236   0.0006707543   0.0005356181
       -0.0006970733   0.0004659123  -0.0002837984   0.0003146312   0.0003976503
       -0.0155351074   0.0197438746  -0.0017823540  -0.1075463362   0.0013157150
       -0.2163535864   0.1152714077   0.0001986352  -0.1902540918  -0.0044216948
       -0.0058433291  -0.0445335223   0.0007946238   0.0001082079   0.0004863158
        0.0000743505  -0.0001517018   0.0001920406  -0.0000406144  -0.0000595899
        0.0001660247  -0.0000489282   0.0000659956   0.0000157775  -0.0000496582
       -0.0001301719   0.0000112173  -0.0000005877   0.0001514317   0.0002200221
       -0.0000312799   0.0000191085   0.0000844654
       -0.0151712739  -0.0061483669   0.0173484515  -0.0492974669  -0.0009487901
        0.0376248963  -0.0156573845   0.0053867507   0.0177359044   0.2262056610
       -0.0001289484  -0.0045172299  -0.0805876530   0.0010509079  -0.0402665268
       -0.0174345706   0.0075946637  -0.0107939153  -0.0177141146  -0.0070157777
       -0.0112254889   0.0009132592   0.0002130012  -0.0002513293  -0.0008363534
        0.0001257768  -0.0007701912  -0.0031769681  -0.0035444037   0.0005125010
        0.0017915679   0.0000499709   0.0002917919  -0.0008582886  -0.0001354179
       -0.0008027500  -0.0033504774   0.0034835382   0.0005657136   0.0009087980
       -0.0001375820  -0.0002253211  -0.0259604904   0.0001920419  -0.0035874059
        0.0005964648  -0.0006052230   0.0010066997  -0.0011017390   0.0030177236
       -0.0021789130   0.0006598344   0.0003610778   0.0004184275   0.0006378354
       -0.0003923318   0.0004073592   0.0005956250   0.0005522083   0.0010251390
       -0.0011622654  -0.0029708195  -0.0023178128
       -0.0122616767  -0.0010169334   0.0135608134  -0.0006145771  -0.0203190231
        0.0015949615   0.0116396627  -0.0001667827  -0.0128662391  -0.0001289484
        0.0468579754  -0.0040327003   0.0008074662  -0.0184665132   0.0011339432
        0.0160988951  -0.0005556756   0.0077906584  -0.0152124695   0.0000810497
       -0.0074474936  -0.0003722842   0.0005529472   0.0002989555   0.0003938830
        0.0002315169   0.0000168817  -0.0029177874  -0.0025570854   0.0005452358
       -0.0001014342   0.0002069429   0.0002858193  -0.0003318558   0.0001728308
       -0.0000194030   0.0028586480  -0.0023006667  -0.0005528811   0.0003899294
        0.0005689455  -0.0003118848  -0.0002306371   0.0002215075  -0.0000898291
       -0.0000793840   0.0002851235  -0.0002067894   0.0014784546  -0.0028176140
        0.0026487389   0.0005055263   0.0006535146   0.0001316326  -0.0005188194
        0.0006430427  -0.0001530744   0.0000628685   0.0002698874   0.0002850268
       -0.0014654601  -0.0025449901  -0.0026123723
        0.0098481449   0.0056501296  -0.0063393382   0.0226323283   0.0016593734
       -0.0922341792   0.0099993493  -0.0052407531  -0.0064516541  -0.0045172299
       -0.0040327003   0.2043141943  -0.0281102380   0.0010349925  -0.0596302792
       -0.0186701408   0.0036637385  -0.0068085120  -0.0192818368  -0.0032285296
       -0.0072321507  -0.0002631611   0.0004284379   0.0001623674  -0.0011630841
       -0.0006266033   0.0007396008   0.0012202669   0.0013935803   0.0005300758
        0.0148466517   0.0004712586  -0.0271358037  -0.0012101982   0.0005725247
        0.0007485097   0.0012471510  -0.0012981390   0.0005164951  -0.0002547777
       -0.0003854003   0.0001719771   0.0145087540  -0.0001678508   0.0050466262
        0.0003662274  -0.0003406195  -0.0012250307  -0.0010827922   0.0033838420
       -0.0027170531   0.0003341136  -0.0004701040   0.0008350641   0.0003310395
        0.0004868151   0.0008467141   0.0003860253   0.0004031897  -0.0011917050
       -0.0011665929  -0.0033571821  -0.0029459186
       -0.0013743650   0.0001005058   0.0007953649  -0.0100496858   0.0000800758
        0.0014144666  -0.0014608618  -0.0001508560   0.0008842853  -0.0805876530
        0.0008074662  -0.0281102380   0.3431537823   0.0017310895  -0.0707639641
       -0.0599067735   0.0099666888  -0.0033127064  -0.0602139455  -0.0107766976
       -0.0042405130  -0.0001048684   0.0000513920   0.0001750831   0.0003713568
        0.0001840211   0.0004267657   0.0000492277  -0.0004056874  -0.0000916942
       -0.0005702125   0.0000195674  -0.0009856787   0.0003934054  -0.0001829855
        0.0004274822   0.0000115614   0.0004282239  -0.0000842828  -0.0001177474
       -0.0000965236   0.0001668967  -0.1209031003  -0.0016190066   0.1098585943
        0.0025628259  -0.0153405329   0.0097595078  -0.0073487753   0.0230699212
       -0.0153570539   0.0004818701  -0.0042173701   0.0024870476   0.0004792091
        0.0038284736   0.0024981995   0.0027365480   0.0149533750   0.0102832135
       -0.0076017980  -0.0224311405  -0.0162307764
       -0.0006720247  -0.0002542443   0.0006459480  -0.0001532597  -0.0021825296
       -0.0002586965   0.0006614455  -0.0002237928  -0.0006244744   0.0010509079
       -0.0184665132   0.0010349925   0.0017310895   0.4380244216  -0.0005147119
        0.0186535960  -0.1583274607   0.0598751237  -0.0193809119  -0.1536159480
       -0.0617402458  -0.0002264247  -0.0001785383   0.0000434797   0.0000416884
        0.0000450985   0.0000491125  -0.0001671214  -0.0002490779   0.0001142473
       -0.0000019126   0.0006425260  -0.0000001599  -0.0000621974   0.0000501800
       -0.0000594409   0.0001685763  -0.0002323377  -0.0001139327   0.0002236674
       -0.0001544614  -0.0000433470  -0.0017533648  -0.0387514646   0.0021776626
       -0.0015368034  -0.0029180666   0.0051419901   0.0036518444  -0.0045080950
        0.0042518640   0.0039707667  -0.0264140348   0.0114683752  -0.0043141824
       -0.0264487834  -0.0127635119   0.0015453837  -0.0021073508  -0.0046917944
       -0.0034307629  -0.0037295267  -0.0039924804
        0.0011859364   0.0001168535  -0.0020114942   0.0100086968  -0.0003248615
        0.0099380157   0.0013235539  -0.0000432201  -0.0021681704  -0.0402665268
        0.0011339432  -0.0596302792  -0.0707639641  -0.0005147119   0.4770008549
       -0.0056011491   0.0569650702  -0.1007192199  -0.0068713002  -0.0588283216
       -0.1050493338  -0.0000594899  -0.0001558092   0.0001070214   0.0002900154
        0.0001052467   0.0000399211   0.0005065807   0.0004843477  -0.0001907179
        0.0006441058  -0.0000335888   0.0011145296   0.0003018861  -0.0000923069
        0.0000390684   0.0005625000  -0.0005200634  -0.0002128359  -0.0000655878
        0.0001327020   0.0000939882   0.1172795020   0.0021365498  -0.1857801842
       -0.0013763520   0.0220717371  -0.0172584321  -0.0045558915   0.0093572702
       -0.0063284348   0.0018884963  -0.0137148180   0.0080254342   0.0018680167
        0.0124230422   0.0080589747  -0.0015238869  -0.0214668452  -0.0182297241
       -0.0047751419  -0.0092322161  -0.0068389819
        0.0004983520  -0.0000116785  -0.0001443760   0.0013915845   0.0001559762
        0.0006734829  -0.0000094530  -0.0001741536  -0.0001227483  -0.0174345706
        0.0160988951  -0.0186701408  -0.0599067735   0.0186535960  -0.0056011491
        0.5136565233   0.0150332307  -0.0070259590   0.0010995447  -0.0026529168
        0.0016180193  -0.0000791881   0.0001811411  -0.0000860257   0.0000606316
        0.0000939484   0.0000105878  -0.0000619914   0.0001193056   0.0000026422
       -0.0013109279   0.0004562432  -0.0001347511   0.0001004275   0.0000909067
        0.0000393143  -0.0000691562   0.0000230690   0.0001029362  -0.0000604378
        0.0000212532  -0.0000900974   0.0026204780  -0.0138518892   0.0102141949
       -0.1291368018  -0.0049472194   0.1142343206  -0.2599269035   0.0071867434
       -0.0683668699  -0.0527321313  -0.0357769502  -0.0260168752   0.0005482021
       -0.0007780630  -0.0005986852   0.0001347010   0.0004369194  -0.0002959981
        0.0006178906  -0.0003583573   0.0002581776
        0.0000604369  -0.0003071333  -0.0000321572  -0.0001707440  -0.0003552720
        0.0005060563   0.0000168318  -0.0001080702   0.0001411354   0.0075946637
       -0.0005556756   0.0036637385   0.0099666888  -0.1583274607   0.0569650702
        0.0150332307   0.4713635009   0.0325617157   0.0022934193  -0.0282617418
        0.0095215151  -0.0001027768   0.0002193716   0.0001179596  -0.0000649994
        0.0000964598  -0.0000530727   0.0000101467   0.0000683552  -0.0000207434
        0.0001252026   0.0000882138  -0.0000521362  -0.0000307983  -0.0000453159
       -0.0000673205  -0.0000140635   0.0000134633  -0.0000273281   0.0000169371
        0.0001532749   0.0000322644   0.0001344182  -0.0045767818   0.0050313170
       -0.0045294533  -0.0435816694   0.0045894422   0.0063078749  -0.0417234809
        0.0008909547  -0.0365007222  -0.1907043778  -0.1129152121  -0.0006881280
       -0.0047729879  -0.0024197637  -0.0000494173   0.0010260270   0.0009826660
        0.0005912519   0.0002913010   0.0005838988
       -0.0000641413   0.0000881115  -0.0001226554   0.0000963650  -0.0001876859
       -0.0010635308   0.0000421006   0.0001064172  -0.0001393425  -0.0107939153
        0.0077906584  -0.0068085120  -0.0033127064   0.0598751237  -0.1007192199
       -0.0070259590   0.0325617157   0.5036674381   0.0016078023  -0.0108225881
        0.0065542484  -0.0000132030   0.0000725219   0.0002312136   0.0001314993
        0.0001257932   0.0000120786  -0.0000501128  -0.0000794165   0.0000748492
        0.0007910897  -0.0008132890   0.0005642482   0.0001665438  -0.0000684852
        0.0000696786  -0.0000176170  -0.0000085736   0.0000975503  -0.0000682727
       -0.0000759184  -0.0000326108  -0.0014958810   0.0219198052  -0.0162476074
        0.1137858247   0.0052594351  -0.1954952017  -0.0675351553   0.0011970955
       -0.0637645991  -0.0259655464  -0.1121635275  -0.1275793051  -0.0004775607
       -0.0036981107  -0.0008249510  -0.0002205542  -0.0008197924   0.0011334670
        0.0004193996  -0.0002592899   0.0003927636
       -0.0000272749   0.0001750321  -0.0001247581   0.0014069006  -0.0002013850
        0.0006662996   0.0004908933  -0.0000062844  -0.0001676863  -0.0177141146
       -0.0152124695  -0.0192818368  -0.0602139455  -0.0193809119  -0.0068713002
        0.0010995447   0.0022934193   0.0016078023   0.5133809298  -0.0152200333
       -0.0077859796  -0.0000614823  -0.0000237815  -0.0000867376   0.0000977982
       -0.0000903288   0.0000363946  -0.0000687114  -0.0000319425   0.0001010037
       -0.0013638600  -0.0004694565  -0.0001645401   0.0000715186  -0.0000752055
        0.0000090245  -0.0000461321  -0.0001148469   0.0000027274  -0.0000494307
       -0.0001677675  -0.0000854510   0.0027573463   0.0133966409   0.0106692353
        0.0001304376  -0.0004192548  -0.0003221321   0.0006147194   0.0003438302
        0.0002656263   0.0005632072   0.0007418521  -0.0005445296  -0.0519455595
        0.0350751330  -0.0234823763  -0.1292604711   0.0017362334   0.1143587914
       -0.2598623138  -0.0023484729  -0.0687995774
       -0.0000094529  -0.0001009276  -0.0001388289   0.0001289972  -0.0003410611
       -0.0004826101  -0.0000484925  -0.0002713042   0.0000210792  -0.0070157777
        0.0000810497  -0.0032285296  -0.0107766976  -0.1536159480  -0.0588283216
       -0.0026529168  -0.0282617418  -0.0108225881  -0.0152200333   0.4740723494
       -0.0335766757  -0.0000162480   0.0001432560  -0.0000284656   0.0000268657
       -0.0000454214   0.0000648137   0.0000156395   0.0000133249   0.0000232328
       -0.0001388480   0.0000619971   0.0000393022   0.0000534624   0.0000979546
        0.0000563581  -0.0000088641   0.0000625530   0.0000197452   0.0000841680
        0.0002108662  -0.0001076158  -0.0001441493  -0.0037435814  -0.0046748301
        0.0000654649   0.0010374521  -0.0009852189  -0.0006080092   0.0003040374
       -0.0005878232   0.0006508982  -0.0050093924   0.0022720319   0.0358130186
       -0.1996497623   0.1106148004   0.0013100659  -0.0434431153  -0.0002970062
       -0.0015090911  -0.0416025849   0.0006471504
        0.0000475969  -0.0001037091  -0.0001546488   0.0000804974   0.0001870453
       -0.0010924030  -0.0000415612  -0.0000860114  -0.0001068810  -0.0112254889
       -0.0074474936  -0.0072321507  -0.0042405130  -0.0617402458  -0.1050493338
        0.0016180193   0.0095215151   0.0065542484  -0.0077859796  -0.0335766757
        0.5011492918  -0.0000753696   0.0000722921  -0.0000287353   0.0001634975
        0.0000714977   0.0000731595  -0.0000152395   0.0000042920   0.0000979298
        0.0008387837   0.0008164192   0.0006148850   0.0001416871  -0.0001168107
        0.0000148609  -0.0000486935   0.0000770612   0.0000775401  -0.0000121696
       -0.0000626572   0.0002014014  -0.0017082619  -0.0214434563  -0.0172275180
       -0.0002114712   0.0008182407   0.0011292008   0.0003998988   0.0002508400
        0.0003779605  -0.0004160974   0.0035504126  -0.0006054346  -0.0234188146
        0.1098672524  -0.1194832812   0.1138425483  -0.0009923535  -0.1953755835
       -0.0679328691   0.0003325453  -0.0639345084
       -0.1314748354   0.1173122431  -0.0023225482   0.0086473288  -0.0127245136
        0.0005165013  -0.0008081990  -0.0024089254   0.0000209279   0.0009132592
       -0.0003722842  -0.0002631611  -0.0001048684  -0.0002264247  -0.0000594899
       -0.0000791881  -0.0001027768  -0.0000132030  -0.0000614823  -0.0000162480
       -0.0000753696   0.1507767362  -0.1336002015   0.0028994948  -0.0133972239
        0.0156452941  -0.0029484794  -0.0151848209   0.0173553548   0.0021400384
        0.0004887746  -0.0001625805   0.0002372948  -0.0000183834  -0.0001351258
        0.0001496026  -0.0000241434  -0.0001279407  -0.0001453534   0.0004954731
       -0.0007235376  -0.0000141165   0.0000535928   0.0000471213  -0.0000282201
       -0.0000542680  -0.0001546382  -0.0003599218   0.0000787288   0.0000907538
       -0.0000070129  -0.0002756170   0.0001907182   0.0002318798   0.0000030795
        0.0000909312  -0.0000031624   0.0000129660   0.0000074288   0.0000248766
        0.0000130908   0.0000153517   0.0000194219
        0.1163524495  -0.1948039116   0.0028370457   0.0136139015  -0.0262876213
        0.0003161590  -0.0036985309  -0.0050708619  -0.0004625236   0.0002130012
        0.0005529472   0.0004284379   0.0000513920  -0.0001785383  -0.0001558092
        0.0001811411   0.0002193716   0.0000725219  -0.0000237815   0.0001432560
        0.0000722921  -0.1336002015   0.2287576030  -0.0031385456   0.0032960988
       -0.0015114666   0.0016180603   0.0027259027  -0.0007628625  -0.0011804115
        0.0006043771   0.0004722178  -0.0000875357  -0.0002376640   0.0002303441
       -0.0001975282  -0.0002262878   0.0001531509   0.0001586376   0.0007878402
       -0.0017594412  -0.0000260816   0.0001022441   0.0000077407   0.0000569902
       -0.0002787899  -0.0000783534  -0.0002987797   0.0001582326  -0.0000034926
       -0.0000518901  -0.0001241239   0.0001190100   0.0000707829   0.0000515430
       -0.0001098889  -0.0000311226   0.0000546905  -0.0000907698  -0.0000072886
       -0.0000034350   0.0000015668   0.0000065887
       -0.0022957214   0.0024730338  -0.0443752673   0.0010342873  -0.0007191503
       -0.0000074323  -0.0000699708  -0.0002323018   0.0006707543  -0.0002513293
        0.0002989555   0.0001623674   0.0001750831   0.0000434797   0.0001070214
       -0.0000860257   0.0001179596   0.0002312136  -0.0000867376  -0.0000284656
       -0.0000287353   0.0028994948  -0.0031385456   0.0473117673  -0.0193703368
        0.0222385091  -0.0027378260   0.0178938545  -0.0203622514  -0.0013176352
        0.0002127686  -0.0004761927   0.0000480611   0.0000156137  -0.0001314821
        0.0000129350  -0.0000506520   0.0001050835   0.0000048013  -0.0000001328
       -0.0000086861   0.0002514098  -0.0000332736   0.0000389159  -0.0000819837
       -0.0001443817  -0.0001549638  -0.0001558600   0.0000127379  -0.0000090233
       -0.0001159001   0.0001433896  -0.0000384970   0.0000824103   0.0000140800
        0.0000451397  -0.0000230478   0.0000132805  -0.0000351806  -0.0000091154
       -0.0000260284  -0.0000263363  -0.0000299384
       -0.1114037070   0.0004232110  -0.1075930594  -0.0127881368  -0.0043381332
       -0.0161684855   0.0009311832   0.0008808159   0.0005356181  -0.0008363534
        0.0003938830  -0.0011630841   0.0003713568   0.0000416884   0.0002900154
        0.0000606316  -0.0000649994   0.0001314993   0.0000977982   0.0000268657
        0.0001634975  -0.0133972239   0.0032960988  -0.0193703368   0.1288984349
        0.0029541175   0.1272927407   0.0097056823   0.0001412680   0.0163026186
       -0.0019750373  -0.0038302053  -0.0008394920   0.0002579936  -0.0001183575
        0.0000364849  -0.0000940641  -0.0000302827   0.0000659947  -0.0000285958
        0.0002304237   0.0000162336  -0.0000340856   0.0000053153   0.0000937296
        0.0001067358  -0.0000012566   0.0000935744   0.0000264694  -0.0000642204
        0.0000569442   0.0000206284   0.0000294366  -0.0000586381   0.0000061026
       -0.0001020930   0.0000151134   0.0000685934   0.0000657582   0.0000326918
        0.0000055937   0.0000606660   0.0000663396
        0.0002074409  -0.0433993732  -0.0012656087  -0.0157992593  -0.0028480598
       -0.0221197301  -0.0006797929   0.0009796714  -0.0006970733   0.0001257768
        0.0002315169  -0.0006266033   0.0001840211   0.0000450985   0.0001052467
        0.0000939484   0.0000964598   0.0001257932  -0.0000903288  -0.0000454214
        0.0000714977   0.0156452941  -0.0015114666   0.0222385091   0.0029541175
        0.0504020747   0.0024263916   0.0005007016   0.0008387936   0.0001767791
       -0.0034839713  -0.0043767589  -0.0009842962   0.0001367449  -0.0004865005
        0.0003397583   0.0000388749  -0.0000667454  -0.0000367484   0.0001250955
        0.0002359675   0.0001351107   0.0000153562   0.0000071032   0.0000101672
       -0.0000432619  -0.0001545044  -0.0000571681   0.0000409132  -0.0000259743
        0.0000003457  -0.0000370364   0.0000182965   0.0000848663   0.0000037787
        0.0000012915  -0.0000139897   0.0000628524   0.0000339544   0.0000441411
       -0.0000012656   0.0000245767   0.0000426109
       -0.1079118998  -0.0015700015  -0.2162309016  -0.0039294521  -0.0026771491
       -0.0030617198   0.0006098751   0.0004004545   0.0004659123  -0.0007701912
        0.0000168817   0.0007396008   0.0004267657   0.0000491125   0.0000399211
        0.0000105878  -0.0000530727   0.0000120786   0.0000363946   0.0000648137
        0.0000731595  -0.0029484794   0.0016180603  -0.0027378260   0.1272927407
        0.0024263916   0.2476822369  -0.0124897708   0.0006731234  -0.0278617440
       -0.0005663281  -0.0007253092   0.0007886328   0.0000481096  -0.0003519118
        0.0002848588  -0.0000265301  -0.0000560176  -0.0003374388   0.0001461132
        0.0002057042   0.0000185376  -0.0000052323  -0.0000010837   0.0000775835
        0.0000579958  -0.0000172066   0.0000286164  -0.0000085125   0.0000052611
       -0.0000053752  -0.0000103881   0.0000135839   0.0000022188   0.0000043561
       -0.0000726305   0.0000334863   0.0000404237   0.0000409388  -0.0000060280
       -0.0000065780   0.0000100571  -0.0000058100
       -0.1324504961  -0.0030774804   0.1150897227  -0.0130392190  -0.0048490157
        0.0135729281   0.0006870830   0.0008479888  -0.0002837984  -0.0031769681
       -0.0029177874   0.0012202669   0.0000492277  -0.0001671214   0.0005065807
       -0.0000619914   0.0000101467  -0.0000501128  -0.0000687114   0.0000156395
       -0.0000152395  -0.0151848209   0.0027259027   0.0178938545   0.0097056823
        0.0005007016  -0.0124897708   0.1534669696   0.0065348323  -0.1353715554
        0.0000102514   0.0003261228   0.0001810666  -0.0000949955  -0.0000388296
       -0.0000279038   0.0002953966  -0.0001049064  -0.0000881728  -0.0000362334
        0.0002204047  -0.0000423741  -0.0001527462   0.0000404229  -0.0001111441
       -0.0000985420   0.0000006203   0.0000540174   0.0000092814  -0.0000258790
       -0.0000287002   0.0001090778  -0.0000535104  -0.0000105093   0.0000429989
        0.0000279035   0.0000083062   0.0000026000  -0.0000218268   0.0000149815
       -0.0000138447   0.0000056713  -0.0000224435
       -0.0036045513  -0.0421645165   0.0059209414  -0.0164880600  -0.0041567985
        0.0182664104  -0.0004227956   0.0003953923   0.0003146312  -0.0035444037
       -0.0025570854   0.0013935803  -0.0004056874  -0.0002490779   0.0004843477
        0.0001193056   0.0000683552  -0.0000794165  -0.0000319425   0.0000133249
        0.0000042920   0.0173553548  -0.0007628625  -0.0203622514   0.0001412680
        0.0008387936   0.0006731234   0.0065348323   0.0487727433  -0.0065225840
        0.0002575503   0.0005638607   0.0002663389   0.0000278486  -0.0000687249
        0.0000588325   0.0001383227  -0.0008246303  -0.0002561305   0.0001247787
        0.0001670996  -0.0001040567  -0.0002025556   0.0000163706  -0.0001067932
        0.0000015293  -0.0000232669  -0.0000492733   0.0000266149  -0.0000002770
        0.0000268823  -0.0000751840  -0.0000517584   0.0000397213   0.0000181196
        0.0000021313   0.0000141359   0.0000153662   0.0000092667   0.0000132137
        0.0000142890   0.0000116601   0.0000040547
        0.1144624562   0.0052884419  -0.1902866382   0.0026268769   0.0020177320
       -0.0006256260  -0.0003935905  -0.0004045643   0.0003976503   0.0005125010
        0.0005452358   0.0005300758  -0.0000916942   0.0001142473  -0.0001907179
        0.0000026422  -0.0000207434   0.0000748492   0.0001010037   0.0000232328
        0.0000979298   0.0021400384  -0.0011804115  -0.0013176352   0.0163026186
        0.0001767791  -0.0278617440  -0.1353715554  -0.0065225840   0.2186567626
       -0.0002966767  -0.0002094391   0.0004694614   0.0000646382   0.0000428369
       -0.0003341193  -0.0000933798   0.0002365381   0.0003772319  -0.0001369957
       -0.0001591581  -0.0000007376   0.0001026356  -0.0000134856   0.0000249261
        0.0000752803   0.0000075383  -0.0000252201   0.0000048147  -0.0000096369
        0.0000249315  -0.0000420928   0.0000333601  -0.0000222233  -0.0000188008
       -0.0000025155  -0.0000125389   0.0000232555   0.0000156751  -0.0000097796
        0.0000260246   0.0000209210   0.0000331612
       -0.0115135555  -0.0042857702  -0.0149844102  -0.1099977413  -0.0002079218
       -0.1085445596  -0.0121344645   0.0043237422  -0.0155351074   0.0017915679
       -0.0001014342   0.0148466517  -0.0005702125  -0.0000019126   0.0006441058
       -0.0013109279   0.0001252026   0.0007910897  -0.0013638600  -0.0001388480
        0.0008387837   0.0004887746   0.0006043771   0.0002127686  -0.0019750373
       -0.0034839713  -0.0005663281   0.0000102514   0.0002575503  -0.0002966767
        0.1384138270   0.0002260773   0.1251421310  -0.0021915568   0.0035614723
       -0.0005240149   0.0000276737  -0.0002723090  -0.0003110460   0.0005102167
       -0.0006037241   0.0001905816   0.0006413768  -0.0000063585  -0.0000562134
       -0.0005829549   0.0011699794  -0.0006333158   0.0000628177  -0.0000619962
       -0.0002717034   0.0001205140  -0.0000486534   0.0000269722   0.0001278195
        0.0000383968   0.0000288775  -0.0006294643  -0.0011717345  -0.0007130355
        0.0000749357   0.0000778359  -0.0002855509
       -0.0164099064  -0.0038949627  -0.0202170748  -0.0001866271  -0.0374623938
       -0.0002648717   0.0162357021  -0.0036829361   0.0197438746   0.0000499709
        0.0002069429   0.0004712586   0.0000195674   0.0006425260  -0.0000335888
        0.0004562432   0.0000882138  -0.0008132890  -0.0004694565   0.0000619971
        0.0008164192  -0.0001625805   0.0004722178  -0.0004761927  -0.0038302053
       -0.0043767589  -0.0007253092   0.0003261228   0.0005638607  -0.0002094391
        0.0002260773   0.0519505903   0.0004290180   0.0039151099  -0.0041822143
        0.0006179423  -0.0003494026   0.0005486560   0.0002023365   0.0001702475
        0.0004430138   0.0004970129   0.0000163699  -0.0001888706   0.0000007423
        0.0010582170  -0.0004744457   0.0005459312  -0.0002697091   0.0000510679
        0.0002620572  -0.0000414604  -0.0002041508  -0.0000779624   0.0000318708
       -0.0002132178   0.0000894780  -0.0010619811  -0.0004048654  -0.0005955279
        0.0002758304   0.0000557298  -0.0002628152
       -0.0037301036  -0.0016832050  -0.0021720630  -0.1157760457  -0.0004338152
       -0.1995114158  -0.0034562739   0.0015491297  -0.0017823540   0.0002917919
        0.0002858193  -0.0271358037  -0.0009856787  -0.0000001599   0.0011145296
       -0.0001347511  -0.0000521362   0.0005642482  -0.0001645401   0.0000393022
        0.0006148850   0.0002372948  -0.0000875357   0.0000480611  -0.0008394920
       -0.0009842962   0.0007886328   0.0001810666   0.0002663389   0.0004694614
        0.1251421310   0.0004290180   0.2242436924  -0.0007951836   0.0008688672
        0.0008214954   0.0001883118  -0.0002646534   0.0004704564   0.0002389879
        0.0001049333   0.0000571366  -0.0009017081   0.0000016577  -0.0000496021
        0.0002917462  -0.0003494432   0.0008350820  -0.0000447807  -0.0001386577
        0.0000247649   0.0000067358  -0.0000019790  -0.0001333436   0.0000128011
        0.0000028811  -0.0001332870   0.0002708219   0.0003016550   0.0008454319
       -0.0000331316   0.0001462792   0.0000199916
        0.0009340534  -0.0008928752   0.0004996782  -0.0133618960   0.0043196681
       -0.0167373337  -0.1111667907  -0.0004254413  -0.1075463362  -0.0008582886
       -0.0003318558  -0.0012101982   0.0003934054  -0.0000621974   0.0003018861
        0.0001004275  -0.0000307983   0.0001665438   0.0000715186   0.0000534624
        0.0001416871  -0.0000183834  -0.0002376640   0.0000156137   0.0002579936
        0.0001367449   0.0000481096  -0.0000949955   0.0000278486   0.0000646382
       -0.0021915568   0.0039151099  -0.0007951836   0.1288453138  -0.0030066536
        0.1271971470   0.0097109858  -0.0001824802   0.0163182960  -0.0128189250
       -0.0032793650  -0.0187728964  -0.0000362221  -0.0000078152   0.0000962249
        0.0000703284  -0.0000690857   0.0000298548   0.0000051642  -0.0000646037
        0.0000654758   0.0000069055   0.0000996971   0.0000183876   0.0000228782
       -0.0000327772  -0.0000503237   0.0001023135   0.0000071794   0.0000894175
        0.0000257703   0.0000639020   0.0000593116
        0.0006683972   0.0009664039   0.0007222273   0.0155468665  -0.0026892705
        0.0216437659  -0.0002087137  -0.0434790799   0.0013157150  -0.0001354179
        0.0001728308   0.0005725247  -0.0001829855   0.0000501800  -0.0000923069
        0.0000909067  -0.0000453159  -0.0000684852  -0.0000752055   0.0000979546
       -0.0001168107  -0.0001351258   0.0002303441  -0.0001314821  -0.0001183575
       -0.0004865005  -0.0003519118  -0.0000388296  -0.0000687249   0.0000428369
        0.0035614723  -0.0041822143   0.0008688672  -0.0030066536   0.0503079292
       -0.0023439785  -0.0000127549   0.0008329027   0.0008317772  -0.0159112792
       -0.0016241679  -0.0227831836  -0.0000163682   0.0000057271  -0.0000091873
       -0.0000603797   0.0000379752  -0.0000405500   0.0000007322   0.0000243223
       -0.0000387785  -0.0000023080   0.0000032120   0.0000137038   0.0000383436
        0.0000176750  -0.0000775575   0.0000354208  -0.0001495696   0.0000457586
       -0.0000377602  -0.0000226133  -0.0000029444
        0.0006349007  -0.0003712207   0.0004693438  -0.0037199608   0.0025699875
       -0.0025976021  -0.1078410792   0.0016003388  -0.2163535864  -0.0008027500
       -0.0000194030   0.0007485097   0.0004274822  -0.0000594409   0.0000390684
        0.0000393143  -0.0000673205   0.0000696786   0.0000090245   0.0000563581
        0.0000148609   0.0001496026  -0.0001975282   0.0000129350   0.0000364849
        0.0003397583   0.0002848588  -0.0000279038   0.0000588325  -0.0003341193
       -0.0005240149   0.0006179423   0.0008214954   0.1271971470  -0.0023439785
        0.2477827680  -0.0124502462  -0.0005098562  -0.0278751051  -0.0032031458
       -0.0016891333  -0.0032006386  -0.0000064491   0.0000007061   0.0000772954
        0.0000398059  -0.0000419863  -0.0000106128  -0.0000057408  -0.0000096029
       -0.0000089901   0.0000049511   0.0000705116   0.0000349179  -0.0000059895
       -0.0000143712   0.0000011396   0.0000591271   0.0000130867   0.0000303271
       -0.0000105604  -0.0000036805  -0.0000065441
        0.0006999181  -0.0008331868  -0.0002907589  -0.0136822135   0.0043160336
        0.0141993493  -0.1326979162  -0.0016966832   0.1152714077  -0.0033504774
        0.0028586480   0.0012471510   0.0000115614   0.0001685763   0.0005625000
       -0.0000691562  -0.0000140635  -0.0000176170  -0.0000461321  -0.0000088641
       -0.0000486935  -0.0000241434  -0.0002262878  -0.0000506520  -0.0000940641
        0.0000388749  -0.0000265301   0.0002953966   0.0001383227  -0.0000933798
        0.0000276737  -0.0003494026   0.0001883118   0.0097109858  -0.0000127549
       -0.0124502462   0.1539306005  -0.0009572110  -0.1355993064  -0.0145894510
       -0.0034516161   0.0172060692  -0.0001765576  -0.0000345744  -0.0001189473
        0.0000033784   0.0000189768   0.0000162900  -0.0000135373  -0.0000047416
       -0.0000230030   0.0000421453  -0.0000282583   0.0000080371   0.0001015809
        0.0000526010  -0.0000032355  -0.0000892377   0.0000003043   0.0000485518
        0.0000096460   0.0000253066  -0.0000252984
        0.0004402987   0.0003763578  -0.0003232455   0.0161915415  -0.0031868572
       -0.0179276926  -0.0011781828  -0.0420020751   0.0001986352   0.0034835382
       -0.0023006667  -0.0012981390   0.0004282239  -0.0002323377  -0.0005200634
        0.0000230690   0.0000134633  -0.0000085736  -0.0001148469   0.0000625530
        0.0000770612  -0.0001279407   0.0001531509   0.0001050835  -0.0000302827
       -0.0000667454  -0.0000560176  -0.0001049064  -0.0008246303   0.0002365381
       -0.0002723090   0.0005486560  -0.0002646534  -0.0001824802   0.0008329027
       -0.0005098562  -0.0009572110   0.0484418963  -0.0006128255  -0.0178079761
       -0.0017741264   0.0208512802   0.0002165625   0.0000086642   0.0001091992
       -0.0000157018   0.0000125391  -0.0000130159  -0.0000153267   0.0000125219
       -0.0000054328  -0.0000162810   0.0000009549  -0.0000141490   0.0000695057
       -0.0000503465  -0.0000347057  -0.0000040753  -0.0000231177   0.0000396198
       -0.0000252190  -0.0000027569  -0.0000290469
       -0.0003999669   0.0003931068   0.0004010828   0.0029862331  -0.0019905903
       -0.0009794479   0.1146416525   0.0008076643  -0.1902540918   0.0005657136
       -0.0005528811   0.0005164951  -0.0000842828  -0.0001139327  -0.0002128359
        0.0001029362  -0.0000273281   0.0000975503   0.0000027274   0.0000197452
        0.0000775401  -0.0001453534   0.0001586376   0.0000048013   0.0000659947
       -0.0000367484  -0.0003374388  -0.0000881728  -0.0002561305   0.0003772319
       -0.0003110460   0.0002023365   0.0004704564   0.0163182960   0.0008317772
       -0.0278751051  -0.1355993064  -0.0006128255   0.2185913121   0.0017652226
        0.0012321529  -0.0008942944   0.0001130273   0.0000105893   0.0000289948
        0.0000224177  -0.0000150105  -0.0000098166   0.0000251861  -0.0000235521
        0.0000328513  -0.0000184382   0.0000024341  -0.0000114560  -0.0000388314
       -0.0000322948  -0.0000230061   0.0000701694  -0.0000062509  -0.0000249623
        0.0000058214   0.0000091012   0.0000241386
       -0.0009903499   0.0025224127   0.0000613897   0.0086319533   0.0137517889
        0.0007850503  -0.1247484769  -0.1151946031  -0.0044216948   0.0009087980
        0.0003899294  -0.0002547777  -0.0001177474   0.0002236674  -0.0000655878
       -0.0000604378   0.0000169371  -0.0000682727  -0.0000494307   0.0000841680
       -0.0000121696   0.0004954731   0.0007878402  -0.0000001328  -0.0000285958
        0.0001250955   0.0001461132  -0.0000362334   0.0001247787  -0.0001369957
        0.0005102167   0.0001702475   0.0002389879  -0.0128189250  -0.0159112792
       -0.0032031458  -0.0145894510  -0.0178079761   0.0017652226   0.1429985519
        0.1309953748   0.0052801320   0.0000572544  -0.0000446133  -0.0000274413
        0.0000134874  -0.0000061406   0.0000263822   0.0000147918  -0.0000164841
        0.0000204119   0.0000032454  -0.0000845079  -0.0000065907  -0.0002480276
       -0.0001813764   0.0001944014  -0.0000307410   0.0001388139  -0.0003145622
        0.0000846444  -0.0000840732  -0.0000067199
        0.0038191132  -0.0049011787   0.0003626118  -0.0126056681  -0.0263042799
       -0.0007984842  -0.1142395236  -0.2013745426  -0.0058433291  -0.0001375820
        0.0005689455  -0.0003854003  -0.0000965236  -0.0001544614   0.0001327020
        0.0000212532   0.0001532749  -0.0000759184  -0.0001677675   0.0002108662
       -0.0000626572  -0.0007235376  -0.0017594412  -0.0000086861   0.0002304237
        0.0002359675   0.0002057042   0.0002204047   0.0001670996  -0.0001591581
       -0.0006037241   0.0004430138   0.0001049333  -0.0032793650  -0.0016241679
       -0.0016891333  -0.0034516161  -0.0017741264   0.0012321529   0.1309953748
        0.2363050345   0.0067693551  -0.0000958804   0.0000096982  -0.0000593623
       -0.0000582713  -0.0000900216   0.0000032451   0.0000052382   0.0000029710
       -0.0000069086  -0.0000545157  -0.0001145149   0.0000286321   0.0001125421
        0.0001009773  -0.0000647703   0.0002544735  -0.0000923319   0.0002665232
       -0.0001448483  -0.0000087820   0.0000479484
       -0.0000077815   0.0001354748   0.0006813509   0.0007733410   0.0002826339
       -0.0000143426  -0.0043794591  -0.0054886807  -0.0445335223  -0.0002253211
       -0.0003118848   0.0001719771   0.0001668967  -0.0000433470   0.0000939882
       -0.0000900974   0.0000322644  -0.0000326108  -0.0000854510  -0.0001076158
        0.0002014014  -0.0000141165  -0.0000260816   0.0002514098   0.0000162336
        0.0001351107   0.0000185376  -0.0000423741  -0.0001040567  -0.0000007376
        0.0001905816   0.0004970129   0.0000571366  -0.0187728964  -0.0227831836
       -0.0032006386   0.0172060692   0.0208512802  -0.0008942944   0.0052801320
        0.0067693551   0.0474952449  -0.0000328307  -0.0000319042  -0.0000785895
        0.0000121673   0.0000307060  -0.0000077703  -0.0000257607   0.0000281412
       -0.0000299855   0.0000131255  -0.0000469715  -0.0000220529   0.0001225264
        0.0000320653   0.0000824469  -0.0001156575   0.0001430911  -0.0001336542
        0.0000106726   0.0000065902  -0.0001052946
       -0.0005340875  -0.0001287309   0.0007185128  -0.0035073625   0.0001325751
       -0.0038816806  -0.0006065330   0.0001071185   0.0007946238  -0.0259604904
       -0.0002306371   0.0145087540  -0.1209031003  -0.0017533648   0.1172795020
        0.0026204780   0.0001344182  -0.0014958810   0.0027573463  -0.0001441493
       -0.0017082619   0.0000535928   0.0001022441  -0.0000332736  -0.0000340856
        0.0000153562  -0.0000052323  -0.0001527462  -0.0002025556   0.0001026356
        0.0006413768   0.0000163699  -0.0009017081  -0.0000362221  -0.0000163682
       -0.0000064491  -0.0001765576   0.0002165625   0.0001130273   0.0000572544
       -0.0000958804  -0.0000328307   0.1434782521   0.0018563598  -0.1238945136
        0.0007083565   0.0004748247  -0.0003180027   0.0005192322   0.0002524372
       -0.0004707153  -0.0000710683  -0.0002499393   0.0000325038  -0.0000614326
        0.0002538594   0.0000388756   0.0006917024  -0.0005095070  -0.0003686672
        0.0005160946  -0.0002309931  -0.0004712189
        0.0000668846   0.0000583494  -0.0001317914   0.0000444053   0.0005287822
        0.0000472947  -0.0000560411   0.0000501353   0.0001082079   0.0001920419
        0.0002215075  -0.0001678508  -0.0016190066  -0.0387514646   0.0021365498
       -0.0138518892  -0.0045767818   0.0219198052   0.0133966409  -0.0037435814
       -0.0214434563   0.0000471213   0.0000077407   0.0000389159   0.0000053153
        0.0000071032  -0.0000010837   0.0000404229   0.0000163706  -0.0000134856
       -0.0000063585  -0.0001888706   0.0000016577  -0.0000078152   0.0000057271
        0.0000007061  -0.0000345744   0.0000086642   0.0000105893  -0.0000446133
        0.0000096982  -0.0000319042   0.0018563598   0.0528830019  -0.0024141752
        0.0004798484  -0.0043754552   0.0037344294  -0.0003539479   0.0006560594
       -0.0002273119  -0.0004318397   0.0003233016   0.0003994282   0.0004375820
        0.0003154674  -0.0004109510  -0.0005081455  -0.0040839686  -0.0038099650
        0.0003476090   0.0006282135   0.0002543910
       -0.0003408699  -0.0000916515   0.0004632774  -0.0016996390   0.0000366315
       -0.0006094419  -0.0003666609   0.0000773872   0.0004863158  -0.0035874059
       -0.0000898291   0.0050466262   0.1098585943   0.0021776626  -0.1857801842
        0.0102141949   0.0050313170  -0.0162476074   0.0106692353  -0.0046748301
       -0.0172275180  -0.0000282201   0.0000569902  -0.0000819837   0.0000937296
        0.0000101672   0.0000775835  -0.0001111441  -0.0001067932   0.0000249261
       -0.0000562134   0.0000007423  -0.0000496021   0.0000962249  -0.0000091873
        0.0000772954  -0.0001189473   0.0001091992   0.0000289948  -0.0000274413
       -0.0000593623  -0.0000785895  -0.1238945136  -0.0024141752   0.2170928466
       -0.0004682517   0.0037621340  -0.0020913317   0.0001580849  -0.0003871676
        0.0000310779  -0.0000307718  -0.0004171789   0.0005774607  -0.0000099076
        0.0004111830   0.0005804231  -0.0005246853  -0.0038293025  -0.0023714533
        0.0001746082   0.0004060637   0.0000508843
       -0.0002173858   0.0000492537  -0.0000160256  -0.0009019162   0.0005116449
       -0.0011369666   0.0000599520   0.0000796892   0.0000743505   0.0005964648
       -0.0000793840   0.0003662274   0.0025628259  -0.0015368034  -0.0013763520
       -0.1291368018  -0.0045294533   0.1137858247   0.0001304376   0.0000654649
       -0.0002114712  -0.0000542680  -0.0002787899  -0.0001443817   0.0001067358
       -0.0000432619   0.0000579958  -0.0000985420   0.0000015293   0.0000752803
       -0.0005829549   0.0010582170   0.0002917462   0.0000703284  -0.0000603797
        0.0000398059   0.0000033784  -0.0000157018   0.0000224177   0.0000134874
       -0.0000582713   0.0000121673   0.0007083565   0.0004798484  -0.0004682517
        0.1485735330   0.0040659034  -0.1337044421  -0.0249756107   0.0000839340
        0.0256458051   0.0031770732   0.0003762891  -0.0031921677  -0.0000446737
        0.0001070534  -0.0001341096   0.0003240077  -0.0002368172  -0.0000957554
       -0.0003144275  -0.0000399647   0.0001083027
       -0.0001297755   0.0001973437  -0.0001469586   0.0006122894   0.0001085919
        0.0006930868  -0.0001302810  -0.0000440761  -0.0001517018  -0.0006052230
        0.0002851235  -0.0003406195  -0.0153405329  -0.0029180666   0.0220717371
       -0.0049472194  -0.0435816694   0.0052594351  -0.0004192548   0.0010374521
        0.0008182407  -0.0001546382  -0.0000783534  -0.0001549638  -0.0000012566
       -0.0001545044  -0.0000172066   0.0000006203  -0.0000232669   0.0000075383
        0.0011699794  -0.0004744457  -0.0003494432  -0.0000690857   0.0000379752
       -0.0000419863   0.0000189768   0.0000125391  -0.0000150105  -0.0000061406
       -0.0000900216   0.0000307060   0.0004748247  -0.0043754552   0.0037621340
        0.0040659034   0.0502769887  -0.0085040771  -0.0000091202   0.0009115618
       -0.0006417186   0.0151980951  -0.0009329069  -0.0219018666   0.0000821628
        0.0002506403  -0.0001610544   0.0002357959  -0.0003794830  -0.0002116959
       -0.0000461198  -0.0000659670  -0.0000045750
       -0.0000796891  -0.0000083487   0.0002260829   0.0000623460  -0.0000370153
        0.0005823091   0.0000858062  -0.0000777597   0.0001920406   0.0010066997
       -0.0002067894  -0.0012250307   0.0097595078   0.0051419901  -0.0172584321
        0.1142343206   0.0045894422  -0.1954952017  -0.0003221321  -0.0009852189
        0.0011292008  -0.0003599218  -0.0002987797  -0.0001558600   0.0000935744
       -0.0000571681   0.0000286164   0.0000540174  -0.0000492733  -0.0000252201
       -0.0006333158   0.0005459312   0.0008350820   0.0000298548  -0.0000405500
       -0.0000106128   0.0000162900  -0.0000130159  -0.0000098166   0.0000263822
        0.0000032451  -0.0000077703  -0.0003180027   0.0037344294  -0.0020913317
       -0.1337044421  -0.0085040771   0.2266096033  -0.0033038393  -0.0004742065
        0.0061271792   0.0134362019  -0.0031848087  -0.0196524618  -0.0000169359
       -0.0002954784   0.0000281872  -0.0000857238   0.0001937737   0.0002873168
        0.0000190017   0.0000236777  -0.0001138804
        0.0000168135   0.0000168242  -0.0000300112   0.0004301682   0.0000411608
       -0.0004711909  -0.0000048768  -0.0000121204  -0.0000406144  -0.0011017390
        0.0014784546  -0.0010827922  -0.0073487753   0.0036518444  -0.0045558915
       -0.2599269035   0.0063078749  -0.0675351553   0.0006147194  -0.0006080092
        0.0003998988   0.0000787288   0.0001582326   0.0000127379   0.0000264694
        0.0000409132  -0.0000085125   0.0000092814   0.0000266149   0.0000048147
        0.0000628177  -0.0002697091  -0.0000447807   0.0000051642   0.0000007322
       -0.0000057408  -0.0000135373  -0.0000153267   0.0000251861   0.0000147918
        0.0000052382  -0.0000257607   0.0005192322  -0.0003539479   0.0001580849
       -0.0249756107  -0.0000091202  -0.0033038393   0.3007138013  -0.0084397307
        0.0806119603  -0.0092710204  -0.0021054637  -0.0042688050   0.0000551877
       -0.0002119983   0.0000910953  -0.0003125210   0.0000471626   0.0000203279
        0.0004078083   0.0002503738   0.0000489885
        0.0000071801   0.0000284980  -0.0000208016  -0.0001663022   0.0000086049
        0.0000880213   0.0000249277   0.0000260853  -0.0000595899   0.0030177236
       -0.0028176140   0.0033838420   0.0230699212  -0.0045080950   0.0093572702
        0.0071867434  -0.0417234809   0.0011970955   0.0003438302   0.0003040374
        0.0002508400   0.0000907538  -0.0000034926  -0.0000090233  -0.0000642204
       -0.0000259743   0.0000052611  -0.0000258790  -0.0000002770  -0.0000096369
       -0.0000619962   0.0000510679  -0.0001386577  -0.0000646037   0.0000243223
       -0.0000096029  -0.0000047416   0.0000125219  -0.0000235521  -0.0000164841
        0.0000029710   0.0000281412   0.0002524372   0.0006560594  -0.0003871676
        0.0000839340   0.0009115618  -0.0004742065  -0.0084397307   0.0484477896
       -0.0040222332  -0.0248618123  -0.0006704494  -0.0090163709  -0.0001472960
        0.0001526952  -0.0000750639   0.0000364724  -0.0000656904  -0.0000206857
       -0.0002608574  -0.0008111408  -0.0000438790
        0.0000029799   0.0000017712   0.0000898791   0.0002596297  -0.0001596876
        0.0002427524   0.0000293847  -0.0000578107   0.0001660247  -0.0021789130
        0.0026487389  -0.0027170531  -0.0153570539   0.0042518640  -0.0063284348
       -0.0683668699   0.0008909547  -0.0637645991   0.0002656263  -0.0005878232
        0.0003779605  -0.0000070129  -0.0000518901  -0.0001159001   0.0000569442
        0.0000003457  -0.0000053752  -0.0000287002   0.0000268823   0.0000249315
       -0.0002717034   0.0002620572   0.0000247649   0.0000654758  -0.0000387785
       -0.0000089901  -0.0000230030  -0.0000054328   0.0000328513   0.0000204119
       -0.0000069086  -0.0000299855  -0.0004707153  -0.0002273119   0.0000310779
        0.0256458051  -0.0006417186   0.0061271792   0.0806119603  -0.0040222332
        0.0728926035  -0.0204188186  -0.0021798051  -0.0070746025   0.0000163231
       -0.0001159447  -0.0000990574   0.0001091277   0.0000055923  -0.0001135608
        0.0000391215   0.0000071388   0.0002475337
       -0.0001577201   0.0001141428  -0.0000473431  -0.0002439228   0.0002181647
        0.0001950981  -0.0000714445  -0.0000021938  -0.0000489282   0.0006598344
        0.0005055263   0.0003341136   0.0004818701   0.0039707667   0.0018884963
       -0.0527321313  -0.0365007222  -0.0259655464   0.0005632072   0.0006508982
       -0.0004160974  -0.0002756170  -0.0001241239   0.0001433896   0.0000206284
       -0.0000370364  -0.0000103881   0.0001090778  -0.0000751840  -0.0000420928
        0.0001205140  -0.0000414604   0.0000067358   0.0000069055  -0.0000023080
        0.0000049511   0.0000421453  -0.0000162810  -0.0000184382   0.0000032454
       -0.0000545157   0.0000131255  -0.0000710683  -0.0004318397  -0.0000307718
        0.0031770732   0.0151980951   0.0134362019  -0.0092710204  -0.0248618123
       -0.0204188186   0.0573544483   0.0411901933   0.0308790614   0.0002716956
        0.0002316114   0.0000889011  -0.0000462406  -0.0000792387  -0.0000158019
        0.0000585197   0.0001473177   0.0000241521
       -0.0001302768   0.0000882800   0.0001338638   0.0000432129  -0.0000853125
       -0.0000300731  -0.0001939938   0.0001742512   0.0000659956   0.0003610778
        0.0006535146  -0.0004701040  -0.0042173701  -0.0264140348  -0.0137148180
       -0.0357769502  -0.1907043778  -0.1121635275   0.0007418521  -0.0050093924
        0.0035504126   0.0001907182   0.0001190100  -0.0000384970   0.0000294366
        0.0000182965   0.0000135839  -0.0000535104  -0.0000517584   0.0000333601
       -0.0000486534  -0.0002041508  -0.0000019790   0.0000996971   0.0000032120
        0.0000705116  -0.0000282583   0.0000009549   0.0000024341  -0.0000845079
       -0.0001145149  -0.0000469715  -0.0002499393   0.0003233016  -0.0004171789
        0.0003762891  -0.0009329069  -0.0031848087  -0.0021054637  -0.0006704494
       -0.0021798051   0.0411901933   0.2241645026   0.1286923523  -0.0002547787
       -0.0017357974  -0.0007409495  -0.0000985535   0.0002353581   0.0003013127
        0.0002097793   0.0001420136   0.0001248858
        0.0000504473  -0.0000830349   0.0000110092  -0.0001009209  -0.0001583628
       -0.0002842078  -0.0000044695   0.0000549009   0.0000157775   0.0004184275
        0.0001316326   0.0008350641   0.0024870476   0.0114683752   0.0080254342
       -0.0260168752  -0.1129152121  -0.1275793051  -0.0005445296   0.0022720319
       -0.0006054346   0.0002318798   0.0000707829   0.0000824103  -0.0000586381
        0.0000848663   0.0000022188  -0.0000105093   0.0000397213  -0.0000222233
        0.0000269722  -0.0000779624  -0.0001333436   0.0000183876   0.0000137038
        0.0000349179   0.0000080371  -0.0000141490  -0.0000114560  -0.0000065907
        0.0000286321  -0.0000220529   0.0000325038   0.0003994282   0.0005774607
       -0.0031921677  -0.0219018666  -0.0196524618  -0.0042688050  -0.0090163709
       -0.0070746025   0.0308790614   0.1286923523   0.1454080976   0.0000867124
        0.0006594206   0.0004380657  -0.0001369042   0.0001685979   0.0000458268
        0.0001009334   0.0000825127  -0.0000911953
       -0.0000621879   0.0000028217  -0.0000502748  -0.0002515203  -0.0002152168
        0.0001860029  -0.0001471468  -0.0001040431  -0.0000496582   0.0006378354
       -0.0005188194   0.0003310395   0.0004792091  -0.0043141824   0.0018680167
        0.0005482021  -0.0006881280  -0.0004775607  -0.0519455595   0.0358130186
       -0.0234188146   0.0000030795   0.0000515430   0.0000140800   0.0000061026
        0.0000037787   0.0000043561   0.0000429989   0.0000181196  -0.0000188008
        0.0001278195   0.0000318708   0.0000128011   0.0000228782   0.0000383436
       -0.0000059895   0.0001015809   0.0000695057  -0.0000388314  -0.0002480276
        0.0001125421   0.0001225264  -0.0000614326   0.0004375820  -0.0000099076
       -0.0000446737   0.0000821628  -0.0000169359   0.0000551877  -0.0001472960
        0.0000163231   0.0002716956  -0.0002547787   0.0000867124   0.0564137588
       -0.0403225518   0.0279699101   0.0029961504  -0.0157528109   0.0129397188
       -0.0089459503   0.0256565386  -0.0194647135
        0.0001905807   0.0001844927  -0.0000627509  -0.0000238400  -0.0000757618
        0.0000187028   0.0001262575   0.0000879835  -0.0001301719  -0.0003923318
        0.0006430427   0.0004868151   0.0038284736  -0.0264487834   0.0124230422
       -0.0007780630  -0.0047729879  -0.0036981107   0.0350751330  -0.1996497623
        0.1098672524   0.0000909312  -0.0001098889   0.0000451397  -0.0001020930
        0.0000012915  -0.0000726305   0.0000279035   0.0000021313  -0.0000025155
        0.0000383968  -0.0002132178   0.0000028811  -0.0000327772   0.0000176750
       -0.0000143712   0.0000526010  -0.0000503465  -0.0000322948  -0.0001813764
        0.0001009773   0.0000320653   0.0002538594   0.0003154674   0.0004111830
        0.0001070534   0.0002506403  -0.0002954784  -0.0002119983   0.0001526952
       -0.0001159447   0.0002316114  -0.0017357974   0.0006594206  -0.0403225518
        0.2343872924  -0.1258305126  -0.0003154488  -0.0017068567   0.0037042291
        0.0023376787  -0.0013802864   0.0026040498
       -0.0000009568  -0.0000441240   0.0000093010  -0.0001001106   0.0001489761
       -0.0002812138   0.0000545538   0.0000755288   0.0000112173   0.0004073592
       -0.0001530744   0.0008467141   0.0024981995  -0.0127635119   0.0080589747
       -0.0005986852  -0.0024197637  -0.0008249510  -0.0234823763   0.1106148004
       -0.1194832812  -0.0000031624  -0.0000311226  -0.0000230478   0.0000151134
       -0.0000139897   0.0000334863   0.0000083062   0.0000141359  -0.0000125389
        0.0000288775   0.0000894780  -0.0001332870  -0.0000503237  -0.0000775575
        0.0000011396  -0.0000032355  -0.0000347057  -0.0000230061   0.0001944014
       -0.0000647703   0.0000824469   0.0000388756  -0.0004109510   0.0005804231
       -0.0001341096  -0.0001610544   0.0000281872   0.0000910953  -0.0000750639
       -0.0000990574   0.0000889011  -0.0007409495   0.0004380657   0.0279699101
       -0.1258305126   0.1361801764  -0.0029328359   0.0225762068  -0.0187121594
       -0.0040897972   0.0093020253  -0.0066775897
        0.0000690711  -0.0000789554   0.0000782797  -0.0009289780  -0.0004912107
       -0.0011974529  -0.0001746110  -0.0000375787  -0.0000005877   0.0005956250
        0.0000628685   0.0003860253   0.0027365480   0.0015453837  -0.0015238869
        0.0001347010  -0.0000494173  -0.0002205542  -0.1292604711   0.0013100659
        0.1138425483   0.0000129660   0.0000546905   0.0000132805   0.0000685934
        0.0000628524   0.0000404237   0.0000026000   0.0000153662   0.0000232555
       -0.0006294643  -0.0010619811   0.0002708219   0.0001023135   0.0000354208
        0.0000591271  -0.0000892377  -0.0000040753   0.0000701694  -0.0000307410
        0.0002544735  -0.0001156575   0.0006917024  -0.0005081455  -0.0005246853
        0.0003240077   0.0002357959  -0.0000857238  -0.0003125210   0.0000364724
        0.0001091277  -0.0000462406  -0.0000985535  -0.0001369042   0.0029961504
       -0.0003154488  -0.0029328359   0.1487525947  -0.0002241049  -0.1337690206
       -0.0250146084  -0.0007439190   0.0256142498
        0.0001192962  -0.0000424807   0.0001424133  -0.0006025488   0.0000974906
       -0.0007129323   0.0001345119   0.0001796278   0.0001514317   0.0005522083
        0.0002698874   0.0004031897   0.0149533750  -0.0021073508  -0.0214668452
        0.0004369194   0.0010260270  -0.0008197924   0.0017362334  -0.0434431153
       -0.0009923535   0.0000074288  -0.0000907698  -0.0000351806   0.0000657582
        0.0000339544   0.0000409388  -0.0000218268   0.0000092667   0.0000156751
       -0.0011717345  -0.0004048654   0.0003016550   0.0000071794  -0.0001495696
        0.0000130867   0.0000003043  -0.0000231177  -0.0000062509   0.0001388139
       -0.0000923319   0.0001430911  -0.0005095070  -0.0040839686  -0.0038293025
       -0.0002368172  -0.0003794830   0.0001937737   0.0000471626  -0.0000656904
        0.0000055923  -0.0000792387   0.0002353581   0.0001685979  -0.0157528109
       -0.0017068567   0.0225762068  -0.0002241049   0.0498555922   0.0035253785
        0.0003993976   0.0008823957   0.0001816269
        0.0000870949   0.0000704665   0.0002059990   0.0000438215   0.0000277263
        0.0005490245  -0.0000716418   0.0000099168   0.0002200221   0.0010251390
        0.0002850268  -0.0011917050   0.0102832135  -0.0046917944  -0.0182297241
       -0.0002959981   0.0009826660   0.0011334670   0.1143587914  -0.0002970062
       -0.1953755835   0.0000248766  -0.0000072886  -0.0000091154   0.0000326918
        0.0000441411  -0.0000060280   0.0000149815   0.0000132137  -0.0000097796
       -0.0007130355  -0.0005955279   0.0008454319   0.0000894175   0.0000457586
        0.0000303271   0.0000485518   0.0000396198  -0.0000249623  -0.0003145622
        0.0002665232  -0.0001336542  -0.0003686672  -0.0038099650  -0.0023714533
       -0.0000957554  -0.0002116959   0.0002873168   0.0000203279  -0.0000206857
       -0.0001135608  -0.0000158019   0.0003013127   0.0000458268   0.0129397188
        0.0037042291  -0.0187121594  -0.1337690206   0.0035253785   0.2266856885
       -0.0033241438   0.0003179843   0.0061746217
       -0.0000106341   0.0000105772  -0.0000417107   0.0004381810  -0.0000284619
       -0.0004864947   0.0000220497  -0.0000212150  -0.0000312799  -0.0011622654
       -0.0014654601  -0.0011665929  -0.0076017980  -0.0034307629  -0.0047751419
        0.0006178906   0.0005912519   0.0004193996  -0.2598623138  -0.0015090911
       -0.0679328691   0.0000130908  -0.0000034350  -0.0000260284   0.0000055937
       -0.0000012656  -0.0000065780  -0.0000138447   0.0000142890   0.0000260246
        0.0000749357   0.0002758304  -0.0000331316   0.0000257703  -0.0000377602
       -0.0000105604   0.0000096460  -0.0000252190   0.0000058214   0.0000846444
       -0.0001448483   0.0000106726   0.0005160946   0.0003476090   0.0001746082
       -0.0003144275  -0.0000461198   0.0000190017   0.0004078083  -0.0002608574
        0.0000391215   0.0000585197   0.0002097793   0.0001009334  -0.0089459503
        0.0023376787  -0.0040897972  -0.0250146084   0.0003993976  -0.0033241438
        0.3006516174   0.0027880833   0.0811287457
       -0.0000259610   0.0000219322   0.0000528864   0.0001553322   0.0000035559
       -0.0001084929  -0.0000126779   0.0000270429   0.0000191085  -0.0029708195
       -0.0025449901  -0.0033571821  -0.0224311405  -0.0037295267  -0.0092322161
       -0.0003583573   0.0002913010  -0.0002592899  -0.0023484729  -0.0416025849
        0.0003325453   0.0000153517   0.0000015668  -0.0000263363   0.0000606660
        0.0000245767   0.0000100571   0.0000056713   0.0000116601   0.0000209210
        0.0000778359   0.0000557298   0.0001462792   0.0000639020  -0.0000226133
       -0.0000036805   0.0000253066  -0.0000027569   0.0000091012  -0.0000840732
       -0.0000087820   0.0000065902  -0.0002309931   0.0006282135   0.0004060637
       -0.0000399647  -0.0000659670   0.0000236777   0.0002503738  -0.0008111408
        0.0000071388   0.0001473177   0.0001420136   0.0000825127   0.0256565386
       -0.0013802864   0.0093020253  -0.0007439190   0.0008823957   0.0003179843
        0.0027880833   0.0480786598   0.0022503064
        0.0000268781   0.0000553681   0.0001721595   0.0002664185   0.0001531922
        0.0002460126   0.0000031257  -0.0000079588   0.0000844654  -0.0023178128
       -0.0026123723  -0.0029459186  -0.0162307764  -0.0039924804  -0.0068389819
        0.0002581776   0.0005838988   0.0003927636  -0.0687995774   0.0006471504
       -0.0639345084   0.0000194219   0.0000065887  -0.0000299384   0.0000663396
        0.0000426109  -0.0000058100  -0.0000224435   0.0000040547   0.0000331612
       -0.0002855509  -0.0002628152   0.0000199916   0.0000593116  -0.0000029444
       -0.0000065441  -0.0000252984  -0.0000290469   0.0000241386  -0.0000067199
        0.0000479484  -0.0001052946  -0.0004712189   0.0002543910   0.0000508843
        0.0001083027  -0.0000045750  -0.0001138804   0.0000489885  -0.0000438790
        0.0002475337   0.0000241521   0.0001248858  -0.0000911953  -0.0194647135
        0.0026040498  -0.0066775897   0.0256142498   0.0001816269   0.0061746217
        0.0811287457   0.0022503064   0.0733039294
