           1           2   1.01680447307772     
           2           3   1.01669502450250     
           2           4  0.956032171385117     
           4           5  0.962399422659959     
           5           6   1.01645700282127     
           5           7   1.01647814278222     
           1           8  0.985812266132338     
           1           9  0.985760139990781     
           1          10  0.979350343866402     
           2          11  0.961208920218793     
           3          12  0.985742777815699     
           3          13  0.979360530267816     
           3          14  0.985897177452381     
           5          15  0.960171329061325     
           6          16  0.981784831753999     
           6          17  0.978056434713664     
           6          18  0.985844913815531     
           7          19  0.985870135982747     
           7          20  0.981618308100416     
           7          21  0.978050285540891     
