$hessian                                                                        
        0.5226705929   0.0066414854  -0.0071614720  -0.0681856590   0.0167777265
       -0.0101567296  -0.0004953840  -0.0201416445   0.0121809768   0.0003424639
       -0.0004217971   0.0013822509  -0.0001138825  -0.0005880583  -0.0002988811
        0.0001476999  -0.0003350570  -0.0000382512   0.0006067094  -0.0000609033
        0.0001488889   0.0001182859   0.0000156534  -0.0000666165  -0.2075490749
       -0.0416044382   0.1053337012  -0.0497574186   0.0246739037   0.0236874047
       -0.1908638327  -0.0072618986  -0.1140949966   0.0004380034   0.0037798019
       -0.0014023963  -0.0044438349   0.0215083439  -0.0122931775  -0.0033339914
       -0.0022348431   0.0032150779   0.0006701563  -0.0006897495  -0.0004902285
       -0.0000886652  -0.0000212142  -0.0000407004  -0.0000978801  -0.0000087522
        0.0000493612   0.0000017290  -0.0000440022   0.0000262961  -0.0000181236
        0.0000091760   0.0000012394  -0.0000478938   0.0000062675   0.0000182526
        0.0066414854   0.4733687868   0.0258726354   0.0166705704  -0.1753025542
        0.0525737489  -0.0042744798  -0.0106401412   0.0082193102   0.0004521595
       -0.0007160627  -0.0006573048  -0.0001689631   0.0003717512   0.0004921167
       -0.0003057948   0.0003382006   0.0002090852   0.0001605919  -0.0001409807
        0.0000592744  -0.0000473420  -0.0001031407  -0.0000287593  -0.0421000338
       -0.0526747638   0.0257355886   0.0246671598  -0.1639245121  -0.1182835418
       -0.0068737294  -0.0432904360  -0.0066717793   0.0036940849  -0.0259372095
        0.0090975016   0.0020436499  -0.0029275924   0.0033024536  -0.0011872991
        0.0001812441   0.0008217255   0.0006423186   0.0012635603  -0.0007707967
       -0.0000075977   0.0000446035   0.0000140601   0.0000099696   0.0000025655
       -0.0000163942  -0.0000105752   0.0000449175   0.0000316227   0.0000059624
        0.0000194277  -0.0000079264  -0.0000121371   0.0000223361   0.0000073797
       -0.0071614720   0.0258726354   0.5105943086  -0.0105608761   0.0527292056
       -0.0939424744   0.0035016096   0.0168491171  -0.0105972458  -0.0009450000
       -0.0010543665  -0.0003565133  -0.0001060017   0.0005089970   0.0006279306
        0.0003132680   0.0001777720   0.0000224105  -0.0002810399  -0.0000059947
       -0.0002766449   0.0000145892  -0.0000323581  -0.0000609318   0.1055206665
        0.0254190649  -0.1118873869   0.0238179914  -0.1179174598  -0.1569841821
       -0.1139508844  -0.0070073746  -0.1342721636   0.0026518265  -0.0162597420
        0.0081837641  -0.0051560148   0.0181864860  -0.0101725695   0.0029790038
        0.0015620654  -0.0015639744  -0.0005922940   0.0009200461   0.0005925824
        0.0000423928   0.0000213294   0.0000160245  -0.0000763221  -0.0000230358
        0.0000265026  -0.0000145241   0.0000291931   0.0000340988  -0.0000133194
        0.0000286659   0.0000119242   0.0000164006  -0.0000042463   0.0000045406
       -0.0681856590   0.0166705704  -0.0105608761   0.4901229819  -0.0057505598
        0.0370845599  -0.1367775143  -0.0230741006   0.0623531480  -0.0333914336
       -0.0099946613   0.0036786963   0.0010198938   0.0041042278   0.0029322678
       -0.0016560175  -0.0012009470  -0.0023718677  -0.0009117434   0.0011227396
       -0.0008833077  -0.0000977723   0.0000040904  -0.0000659561   0.0012607918
       -0.0215361604   0.0117207456  -0.0003685300   0.0046019130  -0.0012471318
       -0.0045718062   0.0224413334  -0.0129313248  -0.0464657583   0.0181909923
        0.0152459274  -0.1946131781  -0.0054655420  -0.1127451055   0.0012799982
       -0.0008016640   0.0009662274  -0.0066683868   0.0004398968   0.0067160841
        0.0002937557   0.0001283735   0.0001107310  -0.0001858531   0.0000441262
        0.0000251826  -0.0000478150   0.0000203885  -0.0000235257   0.0000021940
       -0.0000164812  -0.0000415778  -0.0000381481   0.0000714642   0.0000371031
        0.0167777265  -0.1753025542   0.0527292056  -0.0057505598   0.4875072911
        0.0359645150  -0.0203300870  -0.0674204441   0.0110237503  -0.0037852915
       -0.0012220326   0.0014427107  -0.0006535367   0.0003787446  -0.0008024314
       -0.0010010579   0.0002560981   0.0005839736   0.0003341679  -0.0000867365
        0.0002749364  -0.0000614677  -0.0000702543  -0.0000180204  -0.0007492638
       -0.0086151557   0.0053289160   0.0038045496  -0.0265593227   0.0080980542
        0.0026484136  -0.0023657307   0.0034813449   0.0174812143  -0.1596877500
       -0.1157305842  -0.0048968723  -0.0428754717  -0.0066864093  -0.0197991344
       -0.0077355627   0.0160154286   0.0159609787   0.0037152548  -0.0117129196
       -0.0000368062   0.0000014631   0.0000087191   0.0000390410   0.0000557571
        0.0000080791   0.0000201007   0.0000062371  -0.0000002793   0.0000105931
       -0.0000015342  -0.0000105764  -0.0000127081   0.0000217036   0.0000015872
       -0.0101567296   0.0525737489  -0.0939424744   0.0370845599   0.0359645150
        0.5006809167   0.0504738299   0.0085646407  -0.1035009063  -0.0033541075
       -0.0040908059   0.0142593707  -0.0009646450  -0.0007617076  -0.0023131157
       -0.0038962167   0.0023905379  -0.0013322930  -0.0001071725   0.0009952582
       -0.0004089981  -0.0002109312   0.0000412942  -0.0001944803   0.0000291145
        0.0159596029  -0.0086489966   0.0027034624  -0.0171217153   0.0086594214
       -0.0049254684   0.0192143114  -0.0112240802   0.0144358554  -0.1154522831
       -0.1549459466  -0.1123665967  -0.0065615226  -0.1237746761   0.0133660264
        0.0063395592  -0.0099708868   0.0179059869   0.0020158586  -0.0134160970
        0.0000907694  -0.0000849288   0.0000615671  -0.0000753300   0.0000239129
       -0.0000313250   0.0000274897  -0.0000106898   0.0000009970   0.0000087120
       -0.0000174549   0.0000321042  -0.0000686088   0.0000178681   0.0000098991
       -0.0004953840  -0.0042744798   0.0035016096  -0.1367775143  -0.0203300870
        0.0504738299   0.4354495871  -0.0355035815   0.0007189382  -0.1256188773
       -0.0171086134  -0.0493799942  -0.0015622435  -0.0061057273  -0.0143230809
       -0.0471033726   0.0132969053  -0.0166526255   0.0015110931   0.0036308803
        0.0012204795  -0.0013940417   0.0000316802  -0.0007806262   0.0011154711
       -0.0000857623   0.0001029801   0.0004712526   0.0004183160  -0.0006449985
        0.0009380034   0.0003417860  -0.0002731695  -0.0069456967   0.0004367901
        0.0072391242  -0.0266689672  -0.0059138026   0.0145264633  -0.0420120371
        0.0380033809  -0.0230880921  -0.0500207807   0.0331074097   0.0277661059
       -0.0000265305  -0.0000684930  -0.0000800547  -0.0006536527  -0.0000324458
       -0.0003578626   0.0000394761  -0.0001035142   0.0000101712   0.0001468302
       -0.0000684968  -0.0000879729  -0.0003926152   0.0003278553   0.0001087753
       -0.0201416445  -0.0106401412   0.0168491171  -0.0230741006  -0.0674204441
        0.0085646407  -0.0355035815   0.5343357857   0.0298560386  -0.0145298514
       -0.0676967726  -0.0047772646  -0.0211258222  -0.0048077604  -0.0312610475
        0.0227011822   0.0028275956   0.0065723234   0.0036327995   0.0015568300
       -0.0037293774   0.0006907288   0.0000025646   0.0003330171  -0.0002708918
       -0.0049732834   0.0034860383  -0.0009688174   0.0009697700   0.0009074758
       -0.0003739951   0.0009162805  -0.0004836890   0.0160384340   0.0038087907
       -0.0121922821  -0.0044568867  -0.0003144312   0.0020610534   0.0413200948
       -0.2150958327   0.0965419576   0.0355184395  -0.1733318870  -0.1128317306
        0.0009499114  -0.0000590012   0.0003850300  -0.0005921364   0.0000019972
       -0.0003074563  -0.0000566243   0.0001218096   0.0000266823   0.0000316810
        0.0000262087   0.0000454738   0.0002110808  -0.0002280787  -0.0000460006
        0.0121809768   0.0082193102  -0.0105972458   0.0623531480   0.0110237503
       -0.1035009063   0.0007189382   0.0298560386   0.4836574032  -0.0546823482
       -0.0069385414  -0.1071087408  -0.0295753584  -0.0218757710  -0.0256433120
       -0.0049704001   0.0009169402   0.0066008431  -0.0003130591  -0.0037380267
        0.0030446468   0.0002144822   0.0000073527   0.0001584348  -0.0000626123
        0.0027123657  -0.0010666685  -0.0005042167  -0.0008652506   0.0008766474
        0.0005187364  -0.0005236426   0.0004928479   0.0199937707   0.0027151396
       -0.0158771388  -0.0108339228  -0.0024800726   0.0073798222  -0.0246887846
        0.0950155726  -0.0964342736   0.0297393898  -0.1138221142  -0.1418310434
       -0.0007840603   0.0000273676  -0.0004771800   0.0006108550  -0.0002078540
        0.0003046981   0.0000266017  -0.0000358475   0.0000443931  -0.0000569769
        0.0000669776   0.0000218168   0.0001148405  -0.0000736947  -0.0000450441
        0.0003424639   0.0004521595  -0.0009450000  -0.0333914336  -0.0037852915
       -0.0033541075  -0.1256188773  -0.0145298514  -0.0546823482   0.4563309287
       -0.0345642462   0.1008391281  -0.0796326192  -0.0467782279  -0.0562610408
       -0.1665323008   0.0772883420   0.0206013196  -0.0437995718   0.0182597714
       -0.0048229744  -0.0032926423  -0.0003627374  -0.0020788070   0.0001060165
        0.0004653437  -0.0004318064   0.0001370176   0.0000320795   0.0004652919
        0.0006076716  -0.0007434641   0.0001123465  -0.0006353190  -0.0001651677
       -0.0002220072  -0.0025672616  -0.0012408091   0.0019151420  -0.0070581728
        0.0030653017  -0.0051694420   0.0048798517  -0.0002177732   0.0020977452
        0.0005412162   0.0016899851   0.0000833352   0.0008324071   0.0001927951
        0.0016800088  -0.0003849580  -0.0003336458  -0.0002005450  -0.0003807410
        0.0000628216  -0.0003533557  -0.0004836762   0.0012126147   0.0007271170
       -0.0004217971  -0.0007160627  -0.0010543665  -0.0099946613  -0.0012220326
       -0.0040908059  -0.0171086134  -0.0676967726  -0.0069385414  -0.0345642462
        0.5128246754   0.3157359505  -0.0328140271  -0.3088893581  -0.2750557036
        0.0811781306  -0.1330801225  -0.0377660056   0.0162912884   0.0012407598
        0.0103651676  -0.0020167740  -0.0003633209  -0.0019305844   0.0004155626
        0.0000257944  -0.0000088721  -0.0003371633  -0.0006876829  -0.0004584748
       -0.0000983165   0.0005085332   0.0013919623   0.0022718270   0.0000125251
       -0.0009378236  -0.0014773730   0.0001520717   0.0006615832   0.0193912862
        0.0016983397   0.0170445399  -0.0162509683  -0.0056678924  -0.0150937300
       -0.0042579956  -0.0001727476   0.0002425969  -0.0008054302   0.0024951064
       -0.0022690837   0.0008942418  -0.0004986376   0.0002359892   0.0006679439
       -0.0001698459   0.0003357233  -0.0009629147   0.0002066700  -0.0004095214
        0.0013822509  -0.0006573048  -0.0003565133   0.0036786963   0.0014427107
        0.0142593707  -0.0493799942  -0.0047772646  -0.1071087408   0.1008391281
        0.3157359505   0.5786743050  -0.0422242549  -0.2793473628  -0.3811128838
        0.0265568764  -0.0417825281  -0.0836868490  -0.0069724976   0.0106651364
        0.0084608789  -0.0044581810  -0.0007242687  -0.0030603400   0.0001792634
        0.0007590547  -0.0005462016  -0.0003282238  -0.0002954802  -0.0002627332
       -0.0004570542   0.0009861212  -0.0002028580   0.0015576404  -0.0006749086
        0.0003057387   0.0048513747   0.0009290733  -0.0022648686  -0.0164031903
        0.0012624494  -0.0102102350  -0.0135694694  -0.0058323560  -0.0135534826
       -0.0023570025  -0.0004437079   0.0015273675  -0.0027511222   0.0023800536
       -0.0009962886   0.0005007495  -0.0001264640   0.0001688547   0.0007858643
       -0.0003387409  -0.0001551283  -0.0014308539   0.0008398366   0.0001206075
       -0.0001138825  -0.0001689631  -0.0001060017   0.0010198938  -0.0006535367
       -0.0009646450  -0.0015622435  -0.0211258222  -0.0295753584  -0.0796326192
       -0.0328140271  -0.0422242549   0.0846729883   0.0128438202   0.0439137554
       -0.0034820403   0.0427343811   0.0290734592   0.0016108270   0.0021296019
        0.0048641729   0.0006121057   0.0004545079   0.0008294820  -0.0000285801
        0.0000337804   0.0000256122  -0.0000044010  -0.0000079173  -0.0001670244
       -0.0001999763   0.0001216244   0.0000233381   0.0009219880   0.0000755054
       -0.0002667500   0.0001374012   0.0000757066  -0.0000308076  -0.0002050507
       -0.0008296876  -0.0001244852  -0.0053731666  -0.0013518579  -0.0049549565
        0.0011813808  -0.0004062223  -0.0007164340   0.0003842176  -0.0008978574
        0.0005437315  -0.0000776600  -0.0000245336   0.0000300999  -0.0000605931
        0.0000649131  -0.0000758929   0.0001994110  -0.0002534157  -0.0000970407
       -0.0005880583   0.0003717512   0.0005089970   0.0041042278   0.0003787446
       -0.0007617076  -0.0061057273  -0.0048077604  -0.0218757710  -0.0467782279
       -0.3088893581  -0.2793473628   0.0128438202   0.3701393069   0.3662676585
        0.0430066841  -0.0563242116  -0.0630264418  -0.0045014184  -0.0008103226
        0.0004546505   0.0006770921   0.0004475206   0.0005918065  -0.0000292783
       -0.0001442219   0.0002160790   0.0001574507   0.0001017013  -0.0000998553
       -0.0000158351  -0.0004253999  -0.0001134149  -0.0003925779   0.0000931345
        0.0008258844  -0.0000557836   0.0000301425   0.0000982326  -0.0001146304
       -0.0004120648  -0.0018549306  -0.0026272874   0.0005243972  -0.0030124867
        0.0008143295   0.0000923322  -0.0002936670  -0.0000257549  -0.0007823243
        0.0012544513  -0.0002649295   0.0003484256  -0.0001784604  -0.0004294803
        0.0000091666   0.0000670313   0.0003253848   0.0000590402   0.0002793071
       -0.0002988811   0.0004921167   0.0006279306   0.0029322678  -0.0008024314
       -0.0023131157  -0.0143230809  -0.0312610475  -0.0256433120  -0.0562610408
       -0.2750557036  -0.3811128838   0.0439137554   0.3662676585   0.4339119258
        0.0283032974  -0.0623089921  -0.0242251657  -0.0018143072   0.0043568266
       -0.0007042350   0.0008650328   0.0004693645   0.0012792555  -0.0000695848
       -0.0002495954   0.0002415484   0.0001705164   0.0002278213   0.0000252398
        0.0003127014  -0.0007940135   0.0000809594  -0.0004746941   0.0008618425
        0.0003492228  -0.0007676985   0.0001146403   0.0007178015   0.0023690824
       -0.0005170775   0.0009108804  -0.0066698998  -0.0018775060  -0.0045457279
        0.0014418161   0.0008466204  -0.0004879960   0.0007186601  -0.0011111694
        0.0007919807  -0.0003288434   0.0002479867  -0.0002290695  -0.0004938517
        0.0001000322   0.0001478320   0.0004747525  -0.0000073735   0.0001769288
        0.0001476999  -0.0003057948   0.0003132680  -0.0016560175  -0.0010010579
       -0.0038962167  -0.0471033726   0.0227011822  -0.0049704001  -0.1665323008
        0.0811781306   0.0265568764  -0.0034820403   0.0430066841   0.0283032974
        0.4092089157  -0.1195219293   0.0546075375  -0.1179075719  -0.0237639083
       -0.0566858618  -0.0321205610   0.0064937897  -0.0132360472   0.0000880474
        0.0000407204   0.0001285637  -0.0000068786  -0.0001709561  -0.0003667023
       -0.0002429550   0.0000256027   0.0004180715   0.0006273795   0.0005163326
       -0.0000801512  -0.0018015818  -0.0003882405   0.0005401050  -0.0037771356
        0.0002404453  -0.0029483428   0.0004057563  -0.0001256587   0.0005641108
       -0.0298323158  -0.0112030903  -0.0160182795  -0.0061335008   0.0001903530
       -0.0147831501   0.0020897772  -0.0007414414  -0.0000904379   0.0019384616
       -0.0015398387   0.0000471998  -0.0039098059   0.0043686753   0.0015965594
       -0.0003350570   0.0003382006   0.0001777720  -0.0012009470   0.0002560981
        0.0023905379   0.0132969053   0.0028275956   0.0009169402   0.0772883420
       -0.1330801225  -0.0417825281   0.0427343811  -0.0563242116  -0.0623089921
       -0.1195219293   0.2540640871   0.1238317486  -0.0174055977  -0.0670619464
       -0.0195369789   0.0250168920   0.0009357422   0.0121272972  -0.0002948121
        0.0000424643  -0.0001173047   0.0002934769   0.0003457729   0.0003284329
        0.0000221993  -0.0002934749  -0.0007031968  -0.0005678159  -0.0002144680
        0.0000488836   0.0006822151   0.0000231144  -0.0002948764  -0.0004851985
        0.0002452077   0.0002104984  -0.0007097123   0.0001799779   0.0006341933
       -0.0258573579  -0.0018332931  -0.0170217538   0.0042175876   0.0008906049
        0.0017177213  -0.0010139853   0.0014760242   0.0003856447  -0.0008532514
        0.0005506144   0.0000447787   0.0046936653  -0.0033679878  -0.0010488180
       -0.0000382512   0.0002090852   0.0000224105  -0.0023718677   0.0005839736
       -0.0013322930  -0.0166526255   0.0065723234   0.0066008431   0.0206013196
       -0.0377660056  -0.0836868490   0.0290734592  -0.0630264418  -0.0242251657
        0.0546075375   0.1238317486   0.2323516627  -0.0490831486  -0.0226328956
       -0.1080104233   0.0041488472   0.0018654895   0.0065883666  -0.0000495372
       -0.0000963196  -0.0000567049   0.0000204042  -0.0000521964  -0.0000372975
        0.0003027204   0.0000284120   0.0000499865  -0.0000575818  -0.0000674524
       -0.0000803774  -0.0006838381  -0.0002559640   0.0004518845  -0.0013781342
        0.0003923559  -0.0011997519  -0.0000801672   0.0010891928   0.0000206359
       -0.0053029385  -0.0054386686  -0.0006730553  -0.0351793954  -0.0042092711
       -0.0279247003   0.0002883802  -0.0001650248  -0.0001005246  -0.0000749091
        0.0003540513   0.0007118656   0.0019097260  -0.0012163922   0.0005294873
        0.0006067094   0.0001605919  -0.0002810399  -0.0009117434   0.0003341679
       -0.0001071725   0.0015110931   0.0036327995  -0.0003130591  -0.0437995718
        0.0162912884  -0.0069724976   0.0016108270  -0.0045014184  -0.0018143072
       -0.1179075719  -0.0174055977  -0.0490831486   0.4076844372   0.0073795162
       -0.0539984275  -0.1074367204   0.0602008419   0.0332976375   0.0001111093
       -0.0000358540  -0.0000702207  -0.0001938199  -0.0000798238   0.0000237856
       -0.0002370677  -0.0000820771   0.0003187140  -0.0001170928  -0.0001557248
       -0.0001750627  -0.0000557334  -0.0000456139   0.0002989048  -0.0016008874
       -0.0003104787  -0.0004532500  -0.0001318601   0.0003902699   0.0003793891
       -0.0695708607  -0.0768656946   0.0186286770  -0.0517671886  -0.0066721252
        0.0528414463   0.0069179534  -0.0061853232  -0.0041046169  -0.0061890301
        0.0061436531   0.0056341857  -0.0185229815   0.0178066027   0.0059500628
       -0.0000609033  -0.0001409807  -0.0000059947   0.0011227396  -0.0000867365
        0.0009952582   0.0036308803   0.0015568300  -0.0037380267   0.0182597714
        0.0012407598   0.0106651364   0.0021296019  -0.0008103226   0.0043568266
       -0.0237639083  -0.0670619464  -0.0226328956   0.0073795162   0.5064225834
       -0.0028854115   0.0576564019  -0.1436581629  -0.0363818347   0.0000179012
       -0.0000052088   0.0000065544  -0.0000624934  -0.0000101242  -0.0000406607
       -0.0000340699   0.0000447254   0.0001505942  -0.0000659694   0.0000012221
        0.0000410648   0.0004532388   0.0001099459  -0.0002083095  -0.0003027533
       -0.0000196095  -0.0000409842  -0.0001128615   0.0002039058  -0.0000255640
       -0.0760348989  -0.2249692210   0.0358840344  -0.0091510559  -0.0468097410
        0.0251476743   0.0174551515  -0.0271677410  -0.0094367931   0.0006663529
        0.0011885960  -0.0022156758   0.0008173581  -0.0000287738   0.0003650072
        0.0001488889   0.0000592744  -0.0002766449  -0.0008833077   0.0002749364
       -0.0004089981   0.0012204795  -0.0037293774   0.0030446468  -0.0048229744
        0.0103651676   0.0084608789   0.0048641729   0.0004546505  -0.0007042350
       -0.0566858618  -0.0195369789  -0.1080104233  -0.0539984275  -0.0028854115
        0.4843173913   0.0310178300  -0.0350859407  -0.0834837656   0.0000339335
        0.0000216103  -0.0000385757  -0.0000980328   0.0000550229   0.0000757313
        0.0001651376   0.0000996534   0.0000436345  -0.0000375106  -0.0001646688
       -0.0000511697  -0.0001154154  -0.0000222082   0.0001931389   0.0005778731
       -0.0000990776   0.0006622900  -0.0002772341   0.0001324045   0.0002854131
        0.0156362562   0.0355354986  -0.0499019986   0.0546140432   0.0264708624
       -0.2459190867  -0.0021928324   0.0014345454   0.0016437374   0.0203261047
       -0.0231453148  -0.0136025370  -0.0094931230   0.0097653516   0.0036705722
        0.0001182859  -0.0000473420   0.0000145892  -0.0000977723  -0.0000614677
       -0.0002109312  -0.0013940417   0.0006907288   0.0002144822  -0.0032926423
       -0.0020167740  -0.0044581810   0.0006121057   0.0006770921   0.0008650328
       -0.0321205610   0.0250168920   0.0041488472  -0.1074367204   0.0576564019
        0.0310178300   0.5089162226   0.0307034318   0.0172932583  -0.0000690309
       -0.0000022012   0.0000214075   0.0000025436   0.0000555398  -0.0000075584
       -0.0000390454   0.0000645733  -0.0000669799  -0.0000039458   0.0000210951
        0.0000038012  -0.0001630183  -0.0000209433   0.0000488557  -0.0002260292
       -0.0000065181  -0.0001415526   0.0000754120   0.0001101925   0.0001618935
        0.0058596812  -0.0050104919  -0.0027466387  -0.0057379306   0.0069543509
        0.0055318013  -0.0902837124  -0.0959009521   0.0160040087  -0.0507661959
       -0.0071565035   0.0433212680  -0.2239536047  -0.0117271043  -0.1110152338
        0.0000156534  -0.0001031407  -0.0000323581   0.0000040904  -0.0000702543
        0.0000412942   0.0000316802   0.0000025646   0.0000073527  -0.0003627374
       -0.0003633209  -0.0007242687   0.0004545079   0.0004475206   0.0004693645
        0.0064937897   0.0009357422   0.0018654895   0.0602008419  -0.1436581629
       -0.0350859407   0.0307034318   0.4931657457  -0.0148366238   0.0000233383
        0.0000249473  -0.0000016026  -0.0000133458   0.0000411560   0.0000029659
       -0.0000001016   0.0000286943   0.0000399957  -0.0000180505   0.0000399065
        0.0000207619   0.0000460947   0.0000217507  -0.0000141795   0.0000197400
        0.0000295454  -0.0000188858   0.0000466208  -0.0000068135  -0.0000038495
        0.0165610455  -0.0243607849  -0.0089970469   0.0006300847   0.0010556040
       -0.0010848415  -0.0973440330  -0.2365399679   0.0322662477  -0.0070319785
       -0.0483732347   0.0316670222  -0.0104606725  -0.0423174975  -0.0055808972
       -0.0000666165  -0.0000287593  -0.0000609318  -0.0000659561  -0.0000180204
       -0.0001944803  -0.0007806262   0.0003330171   0.0001584348  -0.0020788070
       -0.0019305844  -0.0030603400   0.0008294820   0.0005918065   0.0012792555
       -0.0132360472   0.0121272972   0.0065883666   0.0332976375  -0.0363818347
       -0.0834837656   0.0172932583  -0.0148366238   0.5242835152  -0.0000000093
        0.0000004686   0.0000307687   0.0000372888   0.0000389168   0.0000258160
        0.0000093554  -0.0000279797  -0.0000037317  -0.0000272900   0.0000387721
        0.0000288967  -0.0000557529  -0.0000253204   0.0000499531  -0.0000614552
        0.0000218840  -0.0000264031   0.0000668756   0.0000347041   0.0001160224
       -0.0018575098   0.0024930498   0.0022036128   0.0184292123  -0.0208639122
       -0.0114149781   0.0155832588   0.0315609583  -0.0498982182   0.0425341936
        0.0331561872  -0.2776933711  -0.1098504922  -0.0062840269  -0.1089284217
       -0.2075490749  -0.0421000338   0.1055206665   0.0012607918  -0.0007492638
        0.0000291145   0.0011154711  -0.0002708918  -0.0000626123   0.0001060165
        0.0004155626   0.0001792634  -0.0000285801  -0.0000292783  -0.0000695848
        0.0000880474  -0.0002948121  -0.0000495372   0.0001111093   0.0000179012
        0.0000339335  -0.0000690309   0.0000233383  -0.0000000093   0.2384832769
        0.0485699585  -0.1228216402  -0.0062943705   0.0000925696   0.0052551823
       -0.0279529356  -0.0056777812   0.0125747851   0.0000535447  -0.0001663235
       -0.0002472152   0.0005931208   0.0003207361  -0.0001376779  -0.0000763648
       -0.0000783290   0.0000568336   0.0000789269  -0.0000354345  -0.0002794190
       -0.0000204210  -0.0000141492   0.0000086271   0.0000458328   0.0000212747
        0.0000191871   0.0000387126  -0.0000415435   0.0000091846   0.0000268906
       -0.0000000925  -0.0000128310  -0.0000109636  -0.0000034076  -0.0000062506
       -0.0416044382  -0.0526747638   0.0254190649  -0.0215361604  -0.0086151557
        0.0159596029  -0.0000857623  -0.0049732834   0.0027123657   0.0004653437
        0.0000257944   0.0007590547   0.0000337804  -0.0001442219  -0.0002495954
        0.0000407204   0.0000424643  -0.0000963196  -0.0000358540  -0.0000052088
        0.0000216103  -0.0000022012   0.0000249473   0.0000004686   0.0485699585
        0.0620068425  -0.0327039482   0.0189540454   0.0037558003  -0.0132755526
       -0.0029867388   0.0003145751   0.0006800676  -0.0005084130   0.0002622789
        0.0000441755  -0.0002958663   0.0006388123  -0.0001581148  -0.0012005756
       -0.0005207681   0.0009686352   0.0001687718  -0.0001212494  -0.0000769730
        0.0000151942  -0.0000093828  -0.0000005519   0.0000089534  -0.0000054015
       -0.0000005558  -0.0000091836   0.0000040599  -0.0000064082   0.0000011730
       -0.0000048629   0.0000055875   0.0000072524  -0.0000012768  -0.0000026133
        0.1053337012   0.0257355886  -0.1118873869   0.0117207456   0.0053289160
       -0.0086489966   0.0001029801   0.0034860383  -0.0010666685  -0.0004318064
       -0.0000088721  -0.0005462016   0.0000256122   0.0002160790   0.0002415484
        0.0001285637  -0.0001173047  -0.0000567049  -0.0000702207   0.0000065544
       -0.0000385757   0.0000214075  -0.0000016026   0.0000307687  -0.1228216402
       -0.0327039482   0.1274418609   0.0216335181   0.0019479013  -0.0151122705
       -0.0164052625  -0.0039066092   0.0095782153  -0.0000358280  -0.0003587957
        0.0004199478   0.0003079545  -0.0001282712  -0.0002165013   0.0007301367
        0.0004384552  -0.0004144044  -0.0002481782   0.0000437496   0.0002527365
        0.0000028068   0.0000185880   0.0000111864   0.0000322805   0.0000041825
        0.0000239610  -0.0000100239  -0.0000018176  -0.0000192749  -0.0000206295
       -0.0000033026  -0.0000033985   0.0000038826   0.0000044711   0.0000101590
       -0.0497574186   0.0246671598   0.0238179914  -0.0003685300   0.0038045496
        0.0027034624   0.0004712526  -0.0009688174  -0.0005042167   0.0001370176
       -0.0003371633  -0.0003282238  -0.0000044010   0.0001574507   0.0001705164
       -0.0000068786   0.0002934769   0.0000204042  -0.0001938199  -0.0000624934
       -0.0000980328   0.0000025436  -0.0000133458   0.0000372888  -0.0062943705
        0.0189540454   0.0216335181   0.0534909471  -0.0295785708  -0.0277160870
        0.0019817518  -0.0183348946  -0.0200954887   0.0005087695   0.0009865519
       -0.0003843602  -0.0000594650   0.0004786296   0.0003349022  -0.0001125041
        0.0000301874   0.0000789822   0.0001356624  -0.0001640173   0.0003037212
        0.0000433272   0.0000427624   0.0000162718   0.0000573017  -0.0000072750
        0.0000147705  -0.0000542764   0.0000297509  -0.0000247496  -0.0000147984
        0.0000047289   0.0000080341   0.0000378889   0.0000172840   0.0000112953
        0.0246739037  -0.1639245121  -0.1179174598   0.0046019130  -0.0265593227
       -0.0171217153   0.0004183160   0.0009697700  -0.0008652506   0.0000320795
       -0.0006876829  -0.0002954802  -0.0000079173   0.0001017013   0.0002278213
       -0.0001709561   0.0003457729  -0.0000521964  -0.0000798238  -0.0000101242
        0.0000550229   0.0000555398   0.0000411560   0.0000389168   0.0000925696
        0.0037558003   0.0019479013  -0.0295785708   0.1934590825   0.1358095566
       -0.0008658320  -0.0023174542  -0.0046927517   0.0012137328  -0.0061681807
        0.0028390325  -0.0000892235   0.0006726767  -0.0005304911   0.0001509528
        0.0003739953  -0.0001256181  -0.0005348602  -0.0000373687   0.0006868739
        0.0000561777  -0.0000001122  -0.0000109934   0.0000398777  -0.0000296791
        0.0000082622  -0.0000238426   0.0000329350  -0.0000171770  -0.0000156453
       -0.0000072298   0.0000131804   0.0000316090  -0.0000112234   0.0000025656
        0.0236874047  -0.1182835418  -0.1569841821  -0.0012471318   0.0080980542
        0.0086594214  -0.0006449985   0.0009074758   0.0008766474   0.0004652919
       -0.0004584748  -0.0002627332  -0.0001670244  -0.0000998553   0.0000252398
       -0.0003667023   0.0003284329  -0.0000372975   0.0000237856  -0.0000406607
        0.0000757313  -0.0000075584   0.0000029659   0.0000258160   0.0052551823
       -0.0132755526  -0.0151122705  -0.0277160870   0.1358095566   0.1802550386
        0.0005599904  -0.0160890333  -0.0179347184  -0.0000689295   0.0028155941
       -0.0000612610   0.0001638533   0.0002511675   0.0005932153  -0.0000091349
        0.0000300827  -0.0000758765   0.0000318601  -0.0000131041   0.0000015581
        0.0000151145   0.0000114298  -0.0000137275   0.0000393356  -0.0000263908
       -0.0000353709  -0.0000339022   0.0000201840   0.0000051225   0.0000097687
        0.0000066101   0.0000048243   0.0000098819   0.0000050599  -0.0000051771
       -0.1908638327  -0.0068737294  -0.1139508844  -0.0045718062   0.0026484136
       -0.0049254684   0.0009380034  -0.0003739951   0.0005187364   0.0006076716
       -0.0000983165  -0.0004570542  -0.0001999763  -0.0000158351   0.0003127014
       -0.0002429550   0.0000221993   0.0003027204  -0.0002370677  -0.0000340699
        0.0001651376  -0.0000390454  -0.0000001016   0.0000093554  -0.0279529356
       -0.0029867388  -0.0164052625   0.0019817518  -0.0008658320   0.0005599904
        0.2203290559   0.0070483853   0.1346051677  -0.0000914914  -0.0000303066
        0.0001832203   0.0005720938   0.0016516156  -0.0007089654  -0.0001240471
       -0.0001389893   0.0000793774  -0.0000914558   0.0000435639  -0.0000435629
        0.0000382943   0.0000210699  -0.0000654125  -0.0000575129  -0.0000491484
       -0.0001505425  -0.0000391194   0.0000538855   0.0000194357   0.0000343723
       -0.0000161053  -0.0000285197   0.0000100024  -0.0000059650  -0.0000201703
       -0.0072618986  -0.0432904360  -0.0070073746   0.0224413334  -0.0023657307
        0.0192143114   0.0003417860   0.0009162805  -0.0005236426  -0.0007434641
        0.0005085332   0.0009861212   0.0001216244  -0.0004253999  -0.0007940135
        0.0000256027  -0.0002934749   0.0000284120  -0.0000820771   0.0000447254
        0.0000996534   0.0000645733   0.0000286943  -0.0000279797  -0.0056777812
        0.0003145751  -0.0039066092  -0.0183348946  -0.0023174542  -0.0160890333
        0.0070483853   0.0511980329   0.0044019060   0.0004294101   0.0008808723
        0.0003124282   0.0016231527  -0.0051240418   0.0036630224   0.0000517453
        0.0000848801  -0.0002245549  -0.0000427162  -0.0000979516  -0.0000903189
       -0.0000071975  -0.0000433551   0.0000097219  -0.0000662286   0.0000766732
       -0.0000136868   0.0000648325  -0.0000338090  -0.0000344937  -0.0000033837
       -0.0000325095   0.0000023229   0.0000071960  -0.0000291044  -0.0000061922
       -0.1140949966  -0.0066717793  -0.1342721636  -0.0129313248   0.0034813449
       -0.0112240802  -0.0002731695  -0.0004836890   0.0004928479   0.0001123465
        0.0013919623  -0.0002028580   0.0000233381  -0.0001134149   0.0000809594
        0.0004180715  -0.0007031968   0.0000499865   0.0003187140   0.0001505942
        0.0000436345  -0.0000669799   0.0000399957  -0.0000037317   0.0125747851
        0.0006800676   0.0095782153  -0.0200954887  -0.0046927517  -0.0179347184
        0.1346051677   0.0044019060   0.1539080200   0.0004560178  -0.0005735297
        0.0006957661  -0.0008272187   0.0035564368  -0.0010586497  -0.0000073575
       -0.0002504131   0.0001604995  -0.0001756799  -0.0001004163  -0.0002763019
       -0.0000627578  -0.0000379341  -0.0000287466  -0.0000142841   0.0000153228
        0.0000283225   0.0000765903  -0.0000686334  -0.0000045404   0.0000175418
       -0.0000182834  -0.0000266435  -0.0000533152  -0.0000035884  -0.0000058177
        0.0004380034   0.0036940849   0.0026518265  -0.0464657583   0.0174812143
        0.0144358554  -0.0069456967   0.0160384340   0.0199937707  -0.0006353190
        0.0022718270   0.0015576404   0.0009219880  -0.0003925779  -0.0004746941
        0.0006273795  -0.0005678159  -0.0000575818  -0.0001170928  -0.0000659694
       -0.0000375106  -0.0000039458  -0.0000180505  -0.0000272900   0.0000535447
       -0.0005084130  -0.0000358280   0.0005087695   0.0012137328  -0.0000689295
       -0.0000914914   0.0004294101   0.0004560178   0.0542171970  -0.0212760126
       -0.0219228811   0.0011479834  -0.0178890519  -0.0197774426   0.0004923920
        0.0001844460  -0.0002677333  -0.0041761997  -0.0006171413   0.0035741131
       -0.0000051301   0.0000149083   0.0000220066  -0.0000116164   0.0000393763
       -0.0000132807   0.0000039002  -0.0000168306   0.0000135791   0.0000234050
       -0.0000014735  -0.0000176646   0.0000176873  -0.0000140974  -0.0000039732
        0.0037798019  -0.0259372095  -0.0162597420   0.0181909923  -0.1596877500
       -0.1154522831   0.0004367901   0.0038087907   0.0027151396  -0.0001651677
        0.0000125251  -0.0006749086   0.0000755054   0.0000931345   0.0008618425
        0.0005163326  -0.0002144680  -0.0000674524  -0.0001557248   0.0000012221
       -0.0001646688   0.0000210951   0.0000399065   0.0000387721  -0.0001663235
        0.0002622789  -0.0003587957   0.0009865519  -0.0061681807   0.0028155941
       -0.0000303066   0.0008808723  -0.0005735297  -0.0212760126   0.1880632038
        0.1306331884  -0.0009603354  -0.0020608388  -0.0042211718  -0.0001350212
        0.0004381826   0.0003172696  -0.0010755920   0.0004982536   0.0003950767
       -0.0000078120   0.0000150773  -0.0000092349   0.0000039809  -0.0000278122
        0.0000215561  -0.0000255826  -0.0000182353  -0.0000160298  -0.0000193958
       -0.0000007126  -0.0000049482   0.0000062240   0.0000017597   0.0000043260
       -0.0014023963   0.0090975016   0.0081837641   0.0152459274  -0.1157305842
       -0.1549459466   0.0072391242  -0.0121922821  -0.0158771388  -0.0002220072
       -0.0009378236   0.0003057387  -0.0002667500   0.0008258844   0.0003492228
       -0.0000801512   0.0000488836  -0.0000803774  -0.0001750627   0.0000410648
       -0.0000511697   0.0000038012   0.0000207619   0.0000288967  -0.0002472152
        0.0000441755   0.0004199478  -0.0003843602   0.0028390325  -0.0000612610
        0.0001832203   0.0003124282   0.0006957661  -0.0219228811   0.1306331884
        0.1800611791  -0.0012669647  -0.0157767992  -0.0167325980  -0.0000982923
       -0.0002044300  -0.0002085203   0.0034136631   0.0009624492  -0.0020762778
        0.0000197174   0.0000209954  -0.0000141307  -0.0000069421  -0.0000094952
        0.0000254873  -0.0000126306   0.0000052396  -0.0000172884  -0.0000221671
       -0.0000092212  -0.0000155632   0.0000023671   0.0000090303   0.0000102692
       -0.0044438349   0.0020436499  -0.0051560148  -0.1946131781  -0.0048968723
       -0.1123665967  -0.0266689672  -0.0044568867  -0.0108339228  -0.0025672616
       -0.0014773730   0.0048513747   0.0001374012  -0.0000557836  -0.0007676985
       -0.0018015818   0.0006822151  -0.0006838381  -0.0000557334   0.0004532388
       -0.0001154154  -0.0001630183   0.0000460947  -0.0000557529   0.0005931208
       -0.0002958663   0.0003079545  -0.0000594650  -0.0000892235   0.0001638533
        0.0005720938   0.0016231527  -0.0008272187   0.0011479834  -0.0009603354
       -0.0012669647   0.2270508536   0.0072188621   0.1276471395   0.0005716918
       -0.0000034302  -0.0004793989   0.0002045744   0.0002162956  -0.0004285725
        0.0000772285  -0.0000256142   0.0000286765  -0.0000066859  -0.0000027679
       -0.0000126300   0.0000200677  -0.0000145013  -0.0000047441   0.0000275246
       -0.0000180898   0.0000005363  -0.0000228137   0.0000132353  -0.0000007667
        0.0215083439  -0.0029275924   0.0181864860  -0.0054655420  -0.0428754717
       -0.0065615226  -0.0059138026  -0.0003144312  -0.0024800726  -0.0012408091
        0.0001520717   0.0009290733   0.0000757066   0.0000301425   0.0001146403
       -0.0003882405   0.0000231144  -0.0002559640  -0.0000456139   0.0001099459
       -0.0000222082  -0.0000209433   0.0000217507  -0.0000253204   0.0003207361
        0.0006388123  -0.0001282712   0.0004786296   0.0006726767   0.0002511675
        0.0016516156  -0.0051240418   0.0035564368  -0.0178890519  -0.0020608388
       -0.0157767992   0.0072188621   0.0515412959   0.0024338776  -0.0007169239
        0.0000472780  -0.0002394224   0.0004747117   0.0000816914   0.0000178532
        0.0000080087  -0.0000026429  -0.0000149468  -0.0000224288  -0.0000307677
        0.0000015802  -0.0000107388   0.0000017177   0.0000090866  -0.0000018028
        0.0000051490   0.0000041166  -0.0000207166   0.0000101404   0.0000002092
       -0.0122931775   0.0033024536  -0.0101725695  -0.1127451055  -0.0066864093
       -0.1237746761   0.0145264633   0.0020610534   0.0073798222   0.0019151420
        0.0006615832  -0.0022648686  -0.0000308076   0.0000982326   0.0007178015
        0.0005401050  -0.0002948764   0.0004518845   0.0002989048  -0.0002083095
        0.0001931389   0.0000488557  -0.0000141795   0.0000499531  -0.0001376779
       -0.0001581148  -0.0002165013   0.0003349022  -0.0005304911   0.0005932153
       -0.0007089654   0.0036630224  -0.0010586497  -0.0197774426  -0.0042211718
       -0.0167325980   0.1276471395   0.0024338776   0.1438972981   0.0001838348
       -0.0002230422   0.0005686938   0.0001580647   0.0001224199   0.0003647995
       -0.0000331775  -0.0000111309  -0.0000092485   0.0000607063   0.0000009109
        0.0000102462   0.0000122775   0.0000068412  -0.0000109586  -0.0000115494
        0.0000039482   0.0000200166   0.0000115078  -0.0000066176  -0.0000067994
       -0.0033339914  -0.0011872991   0.0029790038   0.0012799982  -0.0197991344
        0.0133660264  -0.0420120371   0.0413200948  -0.0246887846  -0.0070581728
        0.0193912862  -0.0164031903  -0.0002050507  -0.0001146304   0.0023690824
       -0.0037771356  -0.0004851985  -0.0013781342  -0.0016008874  -0.0003027533
        0.0005778731  -0.0002260292   0.0000197400  -0.0000614552  -0.0000763648
       -0.0012005756   0.0007301367  -0.0001125041   0.0001509528  -0.0000091349
       -0.0001240471   0.0000517453  -0.0000073575   0.0004923920  -0.0001350212
       -0.0000982923   0.0005716918  -0.0007169239   0.0001838348   0.0562947446
       -0.0428627389   0.0245027124  -0.0000876888   0.0059023661  -0.0021575973
       -0.0002265967   0.0000329851  -0.0001002402   0.0002029959  -0.0000318974
        0.0001940554   0.0000309957  -0.0000839286   0.0000070848  -0.0000019295
        0.0000164614  -0.0000156434  -0.0000303831   0.0000344697   0.0000100200
       -0.0022348431   0.0001812441   0.0015620654  -0.0008016640  -0.0077355627
        0.0063395592   0.0380033809  -0.2150958327   0.0950155726   0.0030653017
        0.0016983397   0.0012624494  -0.0008296876  -0.0004120648  -0.0005170775
        0.0002404453   0.0002452077   0.0003923559  -0.0003104787  -0.0000196095
       -0.0000990776  -0.0000065181   0.0000295454   0.0000218840  -0.0000783290
       -0.0005207681   0.0004384552   0.0000301874   0.0003739953   0.0000300827
       -0.0001389893   0.0000848801  -0.0002504131   0.0001844460   0.0004381826
       -0.0002044300  -0.0000034302   0.0000472780  -0.0002230422  -0.0428627389
        0.2447094550  -0.1131219101   0.0057690320  -0.0240453967   0.0094211347
        0.0000505045   0.0000264033  -0.0000030692  -0.0000340054  -0.0000248779
       -0.0000395861  -0.0000341752   0.0000215182  -0.0000159073  -0.0000057017
       -0.0000136358  -0.0000042295  -0.0000027367   0.0000116990  -0.0000048166
        0.0032150779   0.0008217255  -0.0015639744   0.0009662274   0.0160154286
       -0.0099708868  -0.0230880921   0.0965419576  -0.0964342736  -0.0051694420
        0.0170445399  -0.0102102350  -0.0001244852  -0.0018549306   0.0009108804
       -0.0029483428   0.0002104984  -0.0011997519  -0.0004532500  -0.0000409842
        0.0006622900  -0.0001415526  -0.0000188858  -0.0000264031   0.0000568336
        0.0009686352  -0.0004144044   0.0000789822  -0.0001256181  -0.0000758765
        0.0000793774  -0.0002245549   0.0001604995  -0.0002677333   0.0003172696
       -0.0002085203  -0.0004793989  -0.0002394224   0.0005686938   0.0245027124
       -0.1131219101   0.1090316234   0.0036796008  -0.0162945142   0.0087222597
       -0.0000791317   0.0000320493  -0.0000068637   0.0001428262  -0.0000087621
        0.0000684457   0.0000275043  -0.0000263852  -0.0000157797   0.0000141067
       -0.0000178389   0.0000013569  -0.0000118203   0.0000217023   0.0000009203
        0.0006701563   0.0006423186  -0.0005922940  -0.0066683868   0.0159609787
        0.0179059869  -0.0500207807   0.0355184395   0.0297393898   0.0048798517
       -0.0162509683  -0.0135694694  -0.0053731666  -0.0026272874  -0.0066698998
        0.0004057563  -0.0007097123  -0.0000801672  -0.0001318601  -0.0001128615
       -0.0002772341   0.0000754120   0.0000466208   0.0000668756   0.0000789269
        0.0001687718  -0.0002481782   0.0001356624  -0.0005348602   0.0000318601
       -0.0000914558  -0.0000427162  -0.0001756799  -0.0041761997  -0.0010755920
        0.0034136631   0.0002045744   0.0004747117   0.0001580647  -0.0000876888
        0.0057690320   0.0036796008   0.0598837758  -0.0372323304  -0.0335801923
        0.0001403382   0.0000197183   0.0000143408   0.0001022758  -0.0000441931
        0.0001410845  -0.0000112930   0.0000571391  -0.0000398566  -0.0000902193
       -0.0000066154   0.0000471879   0.0000743210  -0.0000205937   0.0000349174
       -0.0006897495   0.0012635603   0.0009200461   0.0004398968   0.0037152548
        0.0020158586   0.0331074097  -0.1733318870  -0.1138221142  -0.0002177732
       -0.0056678924  -0.0058323560  -0.0013518579   0.0005243972  -0.0018775060
       -0.0001256587   0.0001799779   0.0010891928   0.0003902699   0.0002039058
        0.0001324045   0.0001101925  -0.0000068135   0.0000347041  -0.0000354345
       -0.0001212494   0.0000437496  -0.0001640173  -0.0000373687  -0.0000131041
        0.0000435639  -0.0000979516  -0.0001004163  -0.0006171413   0.0004982536
        0.0009624492   0.0002162956   0.0000816914   0.0001224199   0.0059023661
       -0.0240453967  -0.0162945142  -0.0372323304   0.1968966434   0.1324568808
        0.0001256297  -0.0000234675   0.0000143165   0.0000842281  -0.0000357673
        0.0000957486   0.0000186785   0.0000178443   0.0000159757  -0.0000373886
        0.0000230721   0.0000346544   0.0000328205  -0.0000368068   0.0000016098
       -0.0004902285  -0.0007707967   0.0005925824   0.0067160841  -0.0117129196
       -0.0134160970   0.0277661059  -0.1128317306  -0.1418310434   0.0020977452
       -0.0150937300  -0.0135534826  -0.0049549565  -0.0030124867  -0.0045457279
        0.0005641108   0.0006341933   0.0000206359   0.0003793891  -0.0000255640
        0.0002854131   0.0001618935  -0.0000038495   0.0001160224  -0.0002794190
       -0.0000769730   0.0002527365   0.0003037212   0.0006868739   0.0000015581
       -0.0000435629  -0.0000903189  -0.0002763019   0.0035741131   0.0003950767
       -0.0020762778  -0.0004285725   0.0000178532   0.0003647995  -0.0021575973
        0.0094211347   0.0087222597  -0.0335801923   0.1324568808   0.1652286085
        0.0001894616   0.0000427033   0.0000169068   0.0001480761  -0.0000724589
        0.0000822351  -0.0000336379   0.0000805165  -0.0000313298  -0.0000193552
       -0.0000107467   0.0000461480   0.0000868215  -0.0000336579   0.0000003544
       -0.0000886652  -0.0000075977   0.0000423928   0.0002937557  -0.0000368062
        0.0000907694  -0.0000265305   0.0009499114  -0.0007840603   0.0005412162
       -0.0042579956  -0.0023570025   0.0011813808   0.0008143295   0.0014418161
       -0.0298323158  -0.0258573579  -0.0053029385  -0.0695708607  -0.0760348989
        0.0156362562   0.0058596812   0.0165610455  -0.0018575098  -0.0000204210
        0.0000151942   0.0000028068   0.0000433272   0.0000561777   0.0000151145
        0.0000382943  -0.0000071975  -0.0000627578  -0.0000051301  -0.0000078120
        0.0000197174   0.0000772285   0.0000080087  -0.0000331775  -0.0002265967
        0.0000505045  -0.0000791317   0.0001403382   0.0001256297   0.0001894616
        0.0946544238   0.0929037353  -0.0127081963  -0.0021482049  -0.0091372635
        0.0046533881  -0.0017488447   0.0034782194   0.0014531294   0.0005118926
        0.0000469443  -0.0004380016   0.0003260310   0.0003372291   0.0000779236
       -0.0000212142   0.0000446035   0.0000213294   0.0001283735   0.0000014631
       -0.0000849288  -0.0000684930  -0.0000590012   0.0000273676   0.0016899851
       -0.0001727476  -0.0004437079  -0.0004062223   0.0000923322   0.0008466204
       -0.0112030903  -0.0018332931  -0.0054386686  -0.0768656946  -0.2249692210
        0.0355354986  -0.0050104919  -0.0243607849   0.0024930498  -0.0000141492
       -0.0000093828   0.0000185880   0.0000427624  -0.0000001122   0.0000114298
        0.0000210699  -0.0000433551  -0.0000379341   0.0000149083   0.0000150773
        0.0000209954  -0.0000256142  -0.0000026429  -0.0000111309   0.0000329851
        0.0000264033   0.0000320493   0.0000197183  -0.0000234675   0.0000427033
        0.0929037353   0.2608752802  -0.0362036472  -0.0038386692  -0.0070299553
        0.0045390411   0.0035006854  -0.0035903695  -0.0019288942  -0.0006823501
        0.0007913503   0.0003380492  -0.0002182344   0.0002478231   0.0002221898
       -0.0000407004   0.0000140601   0.0000160245   0.0001107310   0.0000087191
        0.0000615671  -0.0000800547   0.0003850300  -0.0004771800   0.0000833352
        0.0002425969   0.0015273675  -0.0007164340  -0.0002936670  -0.0004879960
       -0.0160182795  -0.0170217538  -0.0006730553   0.0186286770   0.0358840344
       -0.0499019986  -0.0027466387  -0.0089970469   0.0022036128   0.0000086271
       -0.0000005519   0.0000111864   0.0000162718  -0.0000109934  -0.0000137275
       -0.0000654125   0.0000097219  -0.0000287466   0.0000220066  -0.0000092349
       -0.0000141307   0.0000286765  -0.0000149468  -0.0000092485  -0.0001002402
       -0.0000030692  -0.0000068637   0.0000143408   0.0000143165   0.0000169068
       -0.0127081963  -0.0362036472   0.0565039098   0.0131804649   0.0284135562
       -0.0093611194   0.0009511396  -0.0019690135   0.0002632204  -0.0002817335
       -0.0007768008   0.0002716626  -0.0002865806   0.0003286903   0.0000986083
       -0.0000978801   0.0000099696  -0.0000763221  -0.0001858531   0.0000390410
       -0.0000753300  -0.0006536527  -0.0005921364   0.0006108550   0.0008324071
       -0.0008054302  -0.0027511222   0.0003842176  -0.0000257549   0.0007186601
       -0.0061335008   0.0042175876  -0.0351793954  -0.0517671886  -0.0091510559
        0.0546140432  -0.0057379306   0.0006300847   0.0184292123   0.0000458328
        0.0000089534   0.0000322805   0.0000573017   0.0000398777   0.0000393356
       -0.0000575129  -0.0000662286  -0.0000142841  -0.0000116164   0.0000039809
       -0.0000069421  -0.0000066859  -0.0000224288   0.0000607063   0.0002029959
       -0.0000340054   0.0001428262   0.0001022758   0.0000842281   0.0001480761
       -0.0021482049  -0.0038386692   0.0131804649   0.0667144088   0.0066100539
       -0.0514458948   0.0005512062  -0.0006898774  -0.0003659212  -0.0020945108
        0.0036018135   0.0015764844   0.0000038908  -0.0000200035   0.0003622673
       -0.0000087522   0.0000025655  -0.0000230358   0.0000441262   0.0000557571
        0.0000239129  -0.0000324458   0.0000019972  -0.0002078540   0.0001927951
        0.0024951064   0.0023800536  -0.0008978574  -0.0007823243  -0.0011111694
        0.0001903530   0.0008906049  -0.0042092711  -0.0066721252  -0.0468097410
        0.0264708624   0.0069543509   0.0010556040  -0.0208639122   0.0000212747
       -0.0000054015   0.0000041825  -0.0000072750  -0.0000296791  -0.0000263908
       -0.0000491484   0.0000766732   0.0000153228   0.0000393763  -0.0000278122
       -0.0000094952  -0.0000027679  -0.0000307677   0.0000009109  -0.0000318974
       -0.0000248779  -0.0000087621  -0.0000441931  -0.0000357673  -0.0000724589
       -0.0091372635  -0.0070299553   0.0284135562   0.0066100539   0.0520323613
       -0.0277032842   0.0000462868   0.0006087344  -0.0007021244   0.0031598306
       -0.0027951830  -0.0022923489  -0.0003747216   0.0003521052  -0.0000786943
        0.0000493612  -0.0000163942   0.0000265026   0.0000251826   0.0000080791
       -0.0000313250  -0.0003578626  -0.0003074563   0.0003046981   0.0016800088
       -0.0022690837  -0.0009962886   0.0005437315   0.0012544513   0.0007919807
       -0.0147831501   0.0017177213  -0.0279247003   0.0528414463   0.0251476743
       -0.2459190867   0.0055318013  -0.0010848415  -0.0114149781   0.0000191871
       -0.0000005558   0.0000239610   0.0000147705   0.0000082622  -0.0000353709
       -0.0001505425  -0.0000136868   0.0000283225  -0.0000132807   0.0000215561
        0.0000254873  -0.0000126300   0.0000015802   0.0000102462   0.0001940554
       -0.0000395861   0.0000684457   0.0001410845   0.0000957486   0.0000822351
        0.0046533881   0.0045390411  -0.0093611194  -0.0514458948  -0.0277032842
        0.2936573544  -0.0005118208   0.0003676051   0.0003875744   0.0016901980
       -0.0020479333  -0.0000972721  -0.0001090338   0.0003211027   0.0003733329
        0.0000017290  -0.0000105752  -0.0000145241  -0.0000478150   0.0000201007
        0.0000274897   0.0000394761  -0.0000566243   0.0000266017  -0.0003849580
        0.0008942418   0.0005007495  -0.0000776600  -0.0002649295  -0.0003288434
        0.0020897772  -0.0010139853   0.0002883802   0.0069179534   0.0174551515
       -0.0021928324  -0.0902837124  -0.0973440330   0.0155832588   0.0000387126
       -0.0000091836  -0.0000100239  -0.0000542764  -0.0000238426  -0.0000339022
       -0.0000391194   0.0000648325   0.0000765903   0.0000039002  -0.0000255826
       -0.0000126306   0.0000200677  -0.0000107388   0.0000122775   0.0000309957
       -0.0000341752   0.0000275043  -0.0000112930   0.0000186785  -0.0000336379
       -0.0017488447   0.0035006854   0.0009511396   0.0005512062   0.0000462868
       -0.0005118208   0.1008922757   0.1090966236  -0.0193621995  -0.0027979447
       -0.0064437761   0.0022516510  -0.0151404705  -0.0258591547   0.0027547721
       -0.0000440022   0.0000449175   0.0000291931   0.0000203885   0.0000062371
       -0.0000106898  -0.0001035142   0.0001218096  -0.0000358475  -0.0003336458
       -0.0004986376  -0.0001264640  -0.0000245336   0.0003484256   0.0002479867
       -0.0007414414   0.0014760242  -0.0001650248  -0.0061853232  -0.0271677410
        0.0014345454  -0.0959009521  -0.2365399679   0.0315609583  -0.0000415435
        0.0000040599  -0.0000018176   0.0000297509   0.0000329350   0.0000201840
        0.0000538855  -0.0000338090  -0.0000686334  -0.0000168306  -0.0000182353
        0.0000052396  -0.0000145013   0.0000017177   0.0000068412  -0.0000839286
        0.0000215182  -0.0000263852   0.0000571391   0.0000178443   0.0000805165
        0.0034782194  -0.0035903695  -0.0019690135  -0.0006898774   0.0006087344
        0.0003676051   0.1090966236   0.2748982657  -0.0350511279  -0.0044234315
       -0.0063906921   0.0037570428  -0.0041324817  -0.0033430368  -0.0000551091
        0.0000262961   0.0000316227   0.0000340988  -0.0000235257  -0.0000002793
        0.0000009970   0.0000101712   0.0000266823   0.0000443931  -0.0002005450
        0.0002359892   0.0001688547   0.0000300999  -0.0001784604  -0.0002290695
       -0.0000904379   0.0003856447  -0.0001005246  -0.0041046169  -0.0094367931
        0.0016437374   0.0160040087   0.0322662477  -0.0498982182   0.0000091846
       -0.0000064082  -0.0000192749  -0.0000247496  -0.0000171770   0.0000051225
        0.0000194357  -0.0000344937  -0.0000045404   0.0000135791  -0.0000160298
       -0.0000172884  -0.0000047441   0.0000090866  -0.0000109586   0.0000070848
       -0.0000159073  -0.0000157797  -0.0000398566   0.0000159757  -0.0000313298
        0.0014531294  -0.0019288942   0.0002632204  -0.0003659212  -0.0007021244
        0.0003875744  -0.0193621995  -0.0350511279   0.0534060446   0.0152765582
        0.0288731473  -0.0078919439  -0.0086329511  -0.0144567007   0.0022648851
       -0.0000181236   0.0000059624  -0.0000133194   0.0000021940   0.0000105931
        0.0000087120   0.0001468302   0.0000316810  -0.0000569769  -0.0003807410
        0.0006679439   0.0007858643  -0.0000605931  -0.0004294803  -0.0004938517
        0.0019384616  -0.0008532514  -0.0000749091  -0.0061890301   0.0006663529
        0.0203261047  -0.0507661959  -0.0070319785   0.0425341936   0.0000268906
        0.0000011730  -0.0000206295  -0.0000147984  -0.0000156453   0.0000097687
        0.0000343723  -0.0000033837   0.0000175418   0.0000234050  -0.0000193958
       -0.0000221671   0.0000275246  -0.0000018028  -0.0000115494  -0.0000019295
       -0.0000057017   0.0000141067  -0.0000902193  -0.0000373886  -0.0000193552
        0.0005118926  -0.0006823501  -0.0002817335  -0.0020945108   0.0031598306
        0.0016901980  -0.0027979447  -0.0044234315   0.0152765582   0.0561017966
        0.0054017765  -0.0521841220   0.0036007191   0.0035584961  -0.0274844341
        0.0000091760   0.0000194277   0.0000286659  -0.0000164812  -0.0000015342
       -0.0000174549  -0.0000684968   0.0000262087   0.0000669776   0.0000628216
       -0.0001698459  -0.0003387409   0.0000649131   0.0000091666   0.0001000322
       -0.0015398387   0.0005506144   0.0003540513   0.0061436531   0.0011885960
       -0.0231453148  -0.0071565035  -0.0483732347   0.0331561872  -0.0000000925
       -0.0000048629  -0.0000033026   0.0000047289  -0.0000072298   0.0000066101
       -0.0000161053  -0.0000325095  -0.0000182834  -0.0000014735  -0.0000007126
       -0.0000092212  -0.0000180898   0.0000051490   0.0000039482   0.0000164614
       -0.0000136358  -0.0000178389  -0.0000066154   0.0000230721  -0.0000107467
        0.0000469443   0.0007913503  -0.0007768008   0.0036018135  -0.0027951830
       -0.0020479333  -0.0064437761  -0.0063906921   0.0288731473   0.0054017765
        0.0542977474  -0.0348757263  -0.0000848155   0.0008781080  -0.0013282558
        0.0000012394  -0.0000079264   0.0000119242  -0.0000415778  -0.0000105764
        0.0000321042  -0.0000879729   0.0000454738   0.0000218168  -0.0003533557
        0.0003357233  -0.0001551283  -0.0000758929   0.0000670313   0.0001478320
        0.0000471998   0.0000447787   0.0007118656   0.0056341857  -0.0022156758
       -0.0136025370   0.0433212680   0.0316670222  -0.2776933711  -0.0000128310
        0.0000055875  -0.0000033985   0.0000080341   0.0000131804   0.0000048243
       -0.0000285197   0.0000023229  -0.0000266435  -0.0000176646  -0.0000049482
       -0.0000155632   0.0000005363   0.0000041166   0.0000200166  -0.0000156434
       -0.0000042295   0.0000013569   0.0000471879   0.0000346544   0.0000461480
       -0.0004380016   0.0003380492   0.0002716626   0.0015764844  -0.0022923489
       -0.0000972721   0.0022516510   0.0037570428  -0.0078919439  -0.0521841220
       -0.0348757263   0.3189060225   0.0003677950   0.0030964486  -0.0206897160
       -0.0000478938  -0.0000121371   0.0000164006  -0.0000381481  -0.0000127081
       -0.0000686088  -0.0003926152   0.0002110808   0.0001148405  -0.0004836762
       -0.0009629147  -0.0014308539   0.0001994110   0.0003253848   0.0004747525
       -0.0039098059   0.0046936653   0.0019097260  -0.0185229815   0.0008173581
       -0.0094931230  -0.2239536047  -0.0104606725  -0.1098504922  -0.0000109636
        0.0000072524   0.0000038826   0.0000378889   0.0000316090   0.0000098819
        0.0000100024   0.0000071960  -0.0000533152   0.0000176873   0.0000062240
        0.0000023671  -0.0000228137  -0.0000207166   0.0000115078  -0.0000303831
       -0.0000027367  -0.0000118203   0.0000743210   0.0000328205   0.0000868215
        0.0003260310  -0.0002182344  -0.0002865806   0.0000038908  -0.0003747216
       -0.0001090338  -0.0151404705  -0.0041324817  -0.0086329511   0.0036007191
       -0.0000848155   0.0003677950   0.2582834047   0.0101495479   0.1269388035
        0.0000062675   0.0000223361  -0.0000042463   0.0000714642   0.0000217036
        0.0000178681   0.0003278553  -0.0002280787  -0.0000736947   0.0012126147
        0.0002066700   0.0008398366  -0.0002534157   0.0000590402  -0.0000073735
        0.0043686753  -0.0033679878  -0.0012163922   0.0178066027  -0.0000287738
        0.0097653516  -0.0117271043  -0.0423174975  -0.0062840269  -0.0000034076
       -0.0000012768   0.0000044711   0.0000172840  -0.0000112234   0.0000050599
       -0.0000059650  -0.0000291044  -0.0000035884  -0.0000140974   0.0000017597
        0.0000090303   0.0000132353   0.0000101404  -0.0000066176   0.0000344697
        0.0000116990   0.0000217023  -0.0000205937  -0.0000368068  -0.0000336579
        0.0003372291   0.0002478231   0.0003286903  -0.0000200035   0.0003521052
        0.0003211027  -0.0258591547  -0.0033430368  -0.0144567007   0.0035584961
        0.0008781080   0.0030964486   0.0101495479   0.0475524005   0.0076767367
        0.0000182526   0.0000073797   0.0000045406   0.0000371031   0.0000015872
        0.0000098991   0.0001087753  -0.0000460006  -0.0000450441   0.0007271170
       -0.0004095214   0.0001206075  -0.0000970407   0.0002793071   0.0001769288
        0.0015965594  -0.0010488180   0.0005294873   0.0059500628   0.0003650072
        0.0036705722  -0.1110152338  -0.0055808972  -0.1089284217  -0.0000062506
       -0.0000026133   0.0000101590   0.0000112953   0.0000025656  -0.0000051771
       -0.0000201703  -0.0000061922  -0.0000058177  -0.0000039732   0.0000043260
        0.0000102692  -0.0000007667   0.0000002092  -0.0000067994   0.0000100200
       -0.0000048166   0.0000009203   0.0000349174   0.0000016098   0.0000003544
        0.0000779236   0.0002221898   0.0000986083   0.0003622673  -0.0000786943
        0.0003733329   0.0027547721  -0.0000551091   0.0022648851  -0.0274844341
       -0.0013282558  -0.0206897160   0.1269388035   0.0076767367   0.1224104113
