           1           2   1.02127956967304     
           2           3  0.985766785132571     
           3           4  0.978241672358286     
           4           5   1.69050811315113     
           4           6   1.17025961659124     
           5           6  0.171044157577562     
           6           7  0.918676085877795     
           7           8   1.01965519105104     
           1           9  0.985879443556997     
           1          10  0.986086627609274     
           1          11  0.987586390855081     
           2          12  0.977353238518577     
           2          13  0.975188299679172     
           3          14  0.949005780072188     
           3          15  0.972123243520814     
           7          16  0.968796723020583     
           7          17  0.969224896535052     
           8          18  0.983578832340727     
           8          19  0.983543354695001     
           8          20  0.980156147969078     
