           1           2   1.02002040102742     
           2           3   1.00877575579403     
           3           4   1.00424751285372     
           4           5   1.02045662794580     
           5           6  0.915363314255577     
           1           7  0.985257874757465     
           1           8  0.986935078203465     
           1           9  0.986706638636504     
           2          10  0.978103329553157     
           2          11  0.977687778717638     
           3          12  0.978627626534818     
           3          13  0.974942601018769     
           4          14  0.962604240472035     
           4          15  0.976095954231205     
           5          16  0.977393874273209     
           5          17  0.973169689027524     
