           1           2   1.01949862641589     
           2           3  0.996763690828140     
           3           4  0.980468470493896     
           4           5   1.69649228183698     
           4           6   1.16277943848678     
           5           6  0.169399516431823     
           6           7  0.918902519075507     
           7           8   1.01365316946155     
           1           9  0.986889598026415     
           1          10  0.986726587090145     
           1          11  0.985757769895057     
           2          12  0.978688220389572     
           2          13  0.976508028661677     
           3          14  0.938598515014399     
           3          15  0.967616650440369     
           7          16  0.969193311189151     
           7          17  0.970370584684218     
           8          18  0.985711048167150     
           8          19  0.984533009584956     
           8          20  0.980211184537393     
