           1           2   1.00041909432714     
           2           3  0.957722016751813     
           2           4  0.961690234752188     
           4           5   1.29532768798326     
           5           6   1.56126046678030     
           6           7   1.27709386472290     
           7           8   1.28043036240992     
           8           9   1.47692876016048     
           9          10   1.24589812616303     
           8          11  0.105009482123074     
          10          11   1.58690339370958     
           7          12   1.25202733611715     
          11          12   1.26194945804907     
           4          13   1.51741265458829     
           6          13  0.111688411381311     
          12          13   1.28886160144652     
           9          14   1.05765675793079     
          14          15  0.972163145723317     
           2          16  0.951304866022150     
          16          17   1.69059033573763     
          16          18   1.18929039222926     
          17          18  0.171071410882280     
           1          19  0.985442133792886     
           1          20  0.981003720061704     
           1          21  0.983301677316291     
           5          22  0.968412431492635     
           6          23  0.967428475477532     
           8          24  0.962872164201579     
          10          25  0.967061728193110     
          11          26  0.966103048054866     
          13          27  0.961766286434618     
          15          28  0.976530668613615     
          15          29  0.977826700793993     
          15          30  0.976477714677666     
          18          31  0.801400338943627     
