           1           2   1.01910241707392     
           2           3   1.00706593576364     
           3           4  0.992494338424263     
           4           5  0.980054420454410     
           5           6   1.69215339156884     
           5           7   1.16567251923991     
           6           7  0.172111160313095     
           7           8  0.935428966523560     
           1           9  0.986436652971900     
           1          10  0.987631277305807     
           1          11  0.987492152768018     
           2          12  0.977788828793889     
           2          13  0.977714156716779     
           3          14  0.975566384009381     
           3          15  0.977597476881506     
           4          16  0.970082478219537     
           4          17  0.940760354369710     
           8          18  0.974020940588501     
           8          19  0.973161676784029     
           8          20  0.976405788366757     
