           1           2   1.01923160575532     
           2           3  0.991715346640497     
           3           4  0.979956141320113     
           4           5   1.68989327902986     
           4           6   1.16972244727249     
           5           6  0.170866269867917     
           6           7  0.916908511593083     
           7           8   1.01925805077927     
           1           9  0.986851999778139     
           1          10  0.985448718046137     
           1          11  0.986618012355992     
           2          12  0.976717388713884     
           2          13  0.978859782818424     
           3          14  0.970466852088417     
           3          15  0.941323468044009     
           7          16  0.969339403775067     
           7          17  0.967979386619602     
           8          18  0.983292630068095     
           8          19  0.984002421075015     
           8          20  0.979914172393107     
