$hessian                                                                        
        0.5146513465   0.0047346022   0.0155811789  -0.0786990152   0.0074219332
        0.0356503669  -0.0057472762  -0.0016010954   0.0151733715  -0.0003305548
       -0.0003285109   0.0007393159   0.0000305530   0.0002265294   0.0004949390
       -0.0000791041   0.0000120865   0.0000471641   0.0002683957  -0.0001226792
        0.0000077982   0.0000582629  -0.0000476470  -0.0000703323  -0.0959261442
       -0.0927549197   0.0350318881  -0.1941130328  -0.0336379950  -0.1090644658
       -0.1384937845   0.1164494653   0.0074106462   0.0056724143  -0.0036133786
       -0.0218863053  -0.0066930607   0.0050243050   0.0199222533   0.0005531498
        0.0004746081  -0.0007134342  -0.0008836779  -0.0022959631   0.0015504872
       -0.0000793187   0.0000024817   0.0000066937  -0.0001017232   0.0000313483
        0.0000533456  -0.0000569818   0.0000144765   0.0000236019  -0.0000087528
       -0.0000104825   0.0000267985  -0.0000216953   0.0000208351   0.0000146885
        0.0047346022   0.5264617412  -0.0078922136   0.0076052123  -0.0684833831
       -0.0202605283  -0.0083387166  -0.0001509705   0.0219164713   0.0012527107
       -0.0009881235   0.0001886714  -0.0004196133   0.0003986049   0.0009882834
       -0.0008192447   0.0008910952   0.0001897000   0.0001206745  -0.0001083830
        0.0000718381  -0.0000484395  -0.0000649965  -0.0000653261  -0.0924372137
       -0.2090019711   0.0641765845  -0.0334791974  -0.0530239414  -0.0242858066
        0.1162057345  -0.1893286985  -0.0103666021   0.0011073231  -0.0000629727
       -0.0059273832   0.0081394637  -0.0044017670  -0.0224301841  -0.0006904238
        0.0011661610   0.0008014734  -0.0028999317  -0.0034183191   0.0028777453
        0.0000061476   0.0000313611   0.0000180818  -0.0000225060  -0.0000167247
       -0.0000134275  -0.0000145824   0.0000332773   0.0000047072  -0.0000089457
        0.0000520019  -0.0000054577   0.0000069460   0.0000160085   0.0000133727
        0.0155811789  -0.0078922136   0.4661194415   0.0352905415  -0.0205951352
       -0.1901326494   0.0082103837   0.0045515840  -0.0152402517  -0.0006521334
       -0.0004904926   0.0003007999   0.0001720226   0.0004904519   0.0000347114
        0.0001238617  -0.0000347529   0.0002101110  -0.0001829583  -0.0000333604
       -0.0002126986  -0.0000091891  -0.0000367064  -0.0000757656   0.0350983621
        0.0646933569  -0.0666288133  -0.1094318255  -0.0244952820  -0.1216580656
        0.0078425168  -0.0105675021  -0.0434567890   0.0031010926  -0.0039829614
       -0.0233481819   0.0039813755  -0.0027309361  -0.0063009358  -0.0003381896
       -0.0007509640   0.0006545667   0.0012613926   0.0018330923  -0.0004052801
        0.0000105964  -0.0000120905   0.0000235585  -0.0000649024   0.0000352221
        0.0000662512   0.0000121649  -0.0000062769   0.0000111200   0.0000129489
        0.0000098081   0.0000041252  -0.0000192398   0.0000151586   0.0000347454
       -0.0786990152   0.0076052123   0.0352905415   0.5202998081  -0.0312468709
        0.0308470090  -0.0860911515  -0.0443108745   0.0234644689  -0.0182642948
       -0.0218015338   0.0056995700  -0.0018224080   0.0000559998  -0.0031395640
       -0.0008060049  -0.0007475243  -0.0010708146   0.0005935907   0.0004487023
       -0.0007349879   0.0002085084   0.0000347201   0.0000741271  -0.0049787295
        0.0004678881   0.0144504306   0.0066054069  -0.0034273079  -0.0230582845
       -0.0074336711   0.0049446222   0.0202084527  -0.1949657522  -0.0311974385
       -0.1075339320  -0.1383011030   0.1143215094   0.0053176468   0.0074690934
        0.0125990054  -0.0051270826  -0.0035763424  -0.0077216871   0.0054403159
        0.0000856160   0.0000092949  -0.0000130172  -0.0002286098  -0.0000144005
       -0.0000883023   0.0000051703  -0.0000066934   0.0000142778  -0.0000768936
        0.0000125146  -0.0000252990  -0.0000232179  -0.0000251381  -0.0000155562
        0.0074219332  -0.0684833831  -0.0205951352  -0.0312468709   0.4824532793
        0.0164581439  -0.0368377939  -0.1448501966   0.0401616999  -0.0182490548
       -0.0089276394  -0.0067846555  -0.0001108939   0.0026575044   0.0014209083
        0.0033891127  -0.0029240821   0.0003750732  -0.0002775602   0.0000810088
       -0.0006014890   0.0000658789  -0.0000986841   0.0000379611  -0.0080629012
        0.0016036266   0.0232871683   0.0009384723  -0.0005207559  -0.0062120944
        0.0087284314  -0.0052734364  -0.0232609457  -0.0317731789  -0.0503959096
       -0.0246315539   0.1154031266  -0.1806391718  -0.0101639549  -0.0091398607
       -0.0252824432   0.0088361067  -0.0003846671   0.0004377737   0.0015101186
        0.0001161163   0.0000636953   0.0000777348  -0.0000487698   0.0000553351
        0.0000873507   0.0000302080   0.0000009003  -0.0000009552   0.0000476881
        0.0000184778   0.0000264667  -0.0000094161   0.0000241010  -0.0000279483
        0.0356503669  -0.0202605283  -0.1901326494   0.0308470090   0.0164581439
        0.4721316477   0.0141321731   0.0318623943  -0.0723251771  -0.0028547999
       -0.0103771519   0.0091762594  -0.0012537584  -0.0004933612  -0.0049000384
       -0.0003977663   0.0006406022   0.0004283440  -0.0000032069   0.0002847072
       -0.0005666412  -0.0000043137   0.0000179118  -0.0000747310   0.0051672076
        0.0004161349  -0.0128198857   0.0029988555  -0.0036829572  -0.0240994355
        0.0042030848  -0.0034831422  -0.0056775500  -0.1078192906  -0.0247860197
       -0.1157654465   0.0052753078  -0.0103107560  -0.0430452318  -0.0003524709
        0.0006192623   0.0008687426   0.0144583482   0.0232018908  -0.0132177880
        0.0000552291  -0.0000799098   0.0000151017  -0.0001321383   0.0000087529
       -0.0000238327   0.0000006090  -0.0000305389   0.0000004733   0.0000240901
       -0.0000077890   0.0000037439   0.0000054638   0.0000023538   0.0000240945
       -0.0057472762  -0.0083387166   0.0082103837  -0.0860911515  -0.0368377939
        0.0141321731   0.4715795363  -0.0612059562  -0.0147567511  -0.1404416754
       -0.0227460342  -0.0481236405  -0.0036150439  -0.0060421389  -0.0153823552
       -0.0455581838   0.0116504438  -0.0151755973   0.0011224039   0.0036650645
        0.0006220936  -0.0012466482  -0.0000155244  -0.0005713795  -0.0002016478
        0.0000919569   0.0027386030   0.0006950108   0.0002980337  -0.0004661482
        0.0001213992  -0.0007086220  -0.0001666274  -0.0150254082  -0.0242491742
        0.0073585688   0.0070169129   0.0127768228  -0.0053368445  -0.1282608569
        0.1161185142   0.0125231071  -0.0535529305   0.0154684623   0.0548129305
        0.0002544118  -0.0000196550  -0.0000418750  -0.0008002736  -0.0000556639
       -0.0003982670  -0.0003495042   0.0002572917   0.0001309344   0.0000152606
       -0.0000664737  -0.0000162571   0.0000856647  -0.0000408368  -0.0000930515
       -0.0016010954  -0.0001509705   0.0045515840  -0.0443108745  -0.1448501966
        0.0318623943  -0.0612059562   0.4871459170   0.0342042612  -0.0031404784
       -0.0644075448   0.0022224636  -0.0271726044  -0.0142622860  -0.0348686888
        0.0197130996   0.0061402156   0.0097626849   0.0044995152  -0.0009563654
       -0.0026033416   0.0011442461   0.0000560329   0.0005323973   0.0004543488
        0.0010063147  -0.0002744188   0.0003611579   0.0003606916  -0.0003297838
        0.0003660004   0.0012488610  -0.0009163941  -0.0070389653  -0.0096169046
        0.0027052231  -0.0100682661  -0.0264011179   0.0095660050   0.1130999132
       -0.1907591044  -0.0183337589   0.0146525925  -0.0440741549  -0.0376923973
        0.0003908742  -0.0002514898   0.0000423830  -0.0004975080  -0.0000237537
       -0.0003921331   0.0003174321  -0.0002938794  -0.0001329360   0.0000051108
        0.0000962016   0.0000349233   0.0000314575  -0.0000064665   0.0000595327
        0.0151733715   0.0219164713  -0.0152402517   0.0234644689   0.0401616999
       -0.0723251771  -0.0147567511   0.0342042612   0.4953653215  -0.0471350409
       -0.0088356162  -0.0993022941  -0.0291579997  -0.0245396593  -0.0105535849
       -0.0065898101   0.0037374152   0.0043763100  -0.0002816037  -0.0028144587
        0.0034160168  -0.0000860485  -0.0000527579  -0.0000436527   0.0022890569
        0.0002255402  -0.0056912103   0.0001747447   0.0005365819   0.0012643934
       -0.0004803476   0.0007618529   0.0007335305  -0.0061886196  -0.0104711248
        0.0043529559  -0.0001079819   0.0012871190   0.0001484310   0.0110731297
       -0.0170603696  -0.0473357232   0.0526483102  -0.0391578736  -0.2590939357
       -0.0006279113   0.0001395219  -0.0003226240   0.0005991809  -0.0000753310
        0.0002250887   0.0000216884   0.0000214983  -0.0000125673   0.0000111355
       -0.0000104731   0.0000176338  -0.0000429725   0.0000257024   0.0000213396
       -0.0003305548   0.0012527107  -0.0006521334  -0.0182642948  -0.0182490548
       -0.0028547999  -0.1404416754  -0.0031404784  -0.0471350409   0.4664248948
        0.0051781533   0.1236379140  -0.0916401070  -0.0848311296  -0.0700033677
       -0.1555804614   0.0785239628   0.0081785593  -0.0431381371   0.0202008686
       -0.0050715591  -0.0039463137  -0.0003066621  -0.0024984374   0.0003768923
        0.0004485994  -0.0006435888   0.0003626677  -0.0006284278   0.0008153369
       -0.0006205589   0.0000078768   0.0003964666  -0.0000647379  -0.0007506230
        0.0006104923   0.0010134892   0.0018137831   0.0000585141  -0.0197556848
        0.0001721198  -0.0091468691   0.0060131926  -0.0027664438   0.0021953408
        0.0003943995   0.0018589598   0.0000341050   0.0006804845   0.0003607218
        0.0016365987  -0.0007576310   0.0011751758   0.0008817138  -0.0003380007
       -0.0003698616  -0.0001690807  -0.0003878631   0.0000497494  -0.0002701644
       -0.0003285109  -0.0009881235  -0.0004904926  -0.0218015338  -0.0089276394
       -0.0103771519  -0.0227460342  -0.0644075448  -0.0088356162   0.0051781533
        0.6283180336   0.2999544465  -0.0695497533  -0.4004855470  -0.2646735841
        0.0835715767  -0.1563019618  -0.0303018855   0.0189380139   0.0045248199
        0.0099470175  -0.0034967375  -0.0010313896  -0.0019007250  -0.0001328142
       -0.0002397447  -0.0000318153  -0.0002621041   0.0014562938   0.0003779586
        0.0009092584  -0.0001490741   0.0001875954  -0.0026780911  -0.0037987281
        0.0015315884  -0.0006565565  -0.0011847278  -0.0006652441   0.0211937656
        0.0018425733   0.0118875057  -0.0028263369  -0.0005395150  -0.0048742578
       -0.0043224833   0.0000026103   0.0006551072  -0.0014833959   0.0020807226
       -0.0025502985  -0.0012875499   0.0003653495  -0.0003664569   0.0009539249
       -0.0004195958   0.0001528237   0.0008272090  -0.0001168113   0.0003734851
        0.0007393159   0.0001886714   0.0003007999   0.0056995700  -0.0067846555
        0.0091762594  -0.0481236405   0.0022224636  -0.0993022941   0.1236379140
        0.2999544465   0.4563566931  -0.0602749719  -0.2701513380  -0.2777264703
        0.0138156614  -0.0345227473  -0.0720867595  -0.0067061277   0.0117514594
        0.0048141137  -0.0033871249  -0.0011772028  -0.0019420620   0.0001738733
       -0.0000475964  -0.0007214162  -0.0002428022   0.0009894437  -0.0010847985
        0.0002947265  -0.0001477228  -0.0000296871   0.0023982036   0.0040037412
       -0.0005575804   0.0000113017  -0.0005245650   0.0007418229   0.0003870852
        0.0002489279   0.0015805490  -0.0239521205  -0.0076002222  -0.0202148486
       -0.0017981242  -0.0003958346   0.0019412486  -0.0027465490   0.0017954459
       -0.0012500431  -0.0011050499   0.0005682950   0.0001729291   0.0004002659
       -0.0001311095   0.0000827656   0.0007785935  -0.0002399007  -0.0002512216
        0.0000305530  -0.0004196133   0.0001720226  -0.0018224080  -0.0001108939
       -0.0012537584  -0.0036150439  -0.0271726044  -0.0291579997  -0.0916401070
       -0.0695497533  -0.0602749719   0.0951067770   0.0573867890   0.0696210022
        0.0022838837   0.0407689860   0.0175630959   0.0009584036   0.0028850151
        0.0050192426   0.0007877351   0.0008781442   0.0005491003  -0.0000743305
       -0.0001648760  -0.0000161134  -0.0005576893  -0.0000365490   0.0000482862
        0.0002962714   0.0000556805  -0.0001423591  -0.0006375467  -0.0007266367
        0.0003487579  -0.0000622023  -0.0000989471  -0.0001067836   0.0024779055
       -0.0007332921   0.0012196520  -0.0049575085  -0.0017850362  -0.0039926970
        0.0006954732   0.0000412138  -0.0001172734   0.0007334689  -0.0011388970
        0.0006406907   0.0002241261  -0.0002170941  -0.0000723833  -0.0001702604
        0.0001247039   0.0000588382  -0.0000575011   0.0000136607  -0.0001063488
        0.0002265294   0.0003986049   0.0004904519   0.0000559998   0.0026575044
       -0.0004933612  -0.0060421389  -0.0142622860  -0.0245396593  -0.0848311296
       -0.4004855470  -0.2701513380   0.0573867890   0.4933488410   0.3502814087
        0.0405948392  -0.0813723672  -0.0566601450  -0.0051872609  -0.0003740775
        0.0006826815   0.0008058871   0.0006125451   0.0006014244   0.0001908853
        0.0000473231   0.0001023084  -0.0002264045  -0.0008002332   0.0004105772
       -0.0004385825   0.0000787239  -0.0001482199  -0.0006630395  -0.0007556528
        0.0000937464   0.0002859667   0.0000897585  -0.0002111533   0.0004108375
        0.0006863987   0.0007805870  -0.0037086436  -0.0004398998  -0.0022319456
        0.0012171497   0.0003035567  -0.0004093093   0.0003849539  -0.0001300147
        0.0011894405   0.0003891296   0.0000646854   0.0003016921  -0.0003345737
        0.0003859144  -0.0001816615  -0.0005171940  -0.0000537778   0.0000924750
        0.0004949390   0.0009882834   0.0000347114  -0.0031395640   0.0014209083
       -0.0049000384  -0.0153823552  -0.0348686888  -0.0105535849  -0.0700033677
       -0.2646735841  -0.2777264703   0.0696210022   0.3502814087   0.2991594613
        0.0176658563  -0.0558257004  -0.0050734037  -0.0009735305   0.0037201407
       -0.0011327045   0.0009043218   0.0006293618   0.0008975572   0.0001100429
        0.0001522831   0.0001581356   0.0004497815  -0.0006027219   0.0004832067
       -0.0003752528   0.0001286336  -0.0001203792  -0.0013127730  -0.0022334948
        0.0007108324   0.0001719799   0.0001902096  -0.0002608435   0.0023259430
        0.0007607031   0.0005781892  -0.0022364097  -0.0000386483  -0.0016774692
        0.0013319185   0.0009300091  -0.0010810808   0.0006319494  -0.0011789795
        0.0004269781   0.0004153618  -0.0000130845   0.0001056519  -0.0003219425
        0.0002164447  -0.0001163960  -0.0003779008   0.0000165163   0.0000876467
       -0.0000791041  -0.0008192447   0.0001238617  -0.0008060049   0.0033891127
       -0.0003977663  -0.0455581838   0.0197130996  -0.0065898101  -0.1555804614
        0.0835715767   0.0138156614   0.0022838837   0.0405948392   0.0176658563
        0.4029598861  -0.1098688832   0.0742410915  -0.1236646719  -0.0309434073
       -0.0539245011  -0.0343079229   0.0042976267  -0.0112522935  -0.0000024713
       -0.0002017240   0.0001454386   0.0000066486   0.0003830931   0.0001093848
        0.0001118327   0.0002656147  -0.0002008580  -0.0005373232  -0.0006236840
       -0.0000892386  -0.0000148018  -0.0006089054   0.0000367444  -0.0068786596
       -0.0000273948  -0.0043246774  -0.0005227189   0.0015648130  -0.0004650923
       -0.0279639846  -0.0126822615  -0.0139766203  -0.0093498592  -0.0001194106
       -0.0164999437  -0.0042598647   0.0042095115   0.0020490225   0.0020837863
       -0.0007090593  -0.0002781160   0.0020799950  -0.0013853125  -0.0001881436
        0.0000120865   0.0008910952  -0.0000347529  -0.0007475243  -0.0029240821
        0.0006406022   0.0116504438   0.0061402156   0.0037374152   0.0785239628
       -0.1563019618  -0.0345227473   0.0407689860  -0.0813723672  -0.0558257004
       -0.1098688832   0.3079986786   0.1125022786  -0.0225407492  -0.0726867789
       -0.0203236132   0.0233660123   0.0024596930   0.0097731888   0.0000341476
        0.0001151991  -0.0002904700   0.0001044570  -0.0005961759  -0.0003223502
       -0.0002853801  -0.0000448632   0.0000244076   0.0000885725   0.0006218225
       -0.0001233659  -0.0002212053   0.0010049734   0.0000961069  -0.0003197360
        0.0002504061  -0.0000522895  -0.0004831816  -0.0007977485   0.0003095045
       -0.0280551267  -0.0051899011  -0.0171717865   0.0052970176   0.0016155826
        0.0023554639   0.0045630698  -0.0027277970  -0.0012684629  -0.0010500371
        0.0011136595   0.0005259948  -0.0008369325   0.0004303501  -0.0000294237
        0.0000471641   0.0001897000   0.0002101110  -0.0010708146   0.0003750732
        0.0004283440  -0.0151755973   0.0097626849   0.0043763100   0.0081785593
       -0.0303018855  -0.0720867595   0.0175630959  -0.0566601450  -0.0050734037
        0.0742410915   0.1125022786   0.1852883086  -0.0486869035  -0.0253193403
       -0.0964526910   0.0063153756   0.0019144077   0.0073888531  -0.0000637374
       -0.0000447506  -0.0000472314   0.0001448515  -0.0000104824   0.0001508659
        0.0000139654  -0.0000723615  -0.0001106849   0.0001093642  -0.0003638312
       -0.0000435521   0.0001063191  -0.0002381710  -0.0003913142  -0.0038846027
       -0.0003793792  -0.0010203558   0.0007491910  -0.0001527697   0.0011455297
       -0.0049116615  -0.0057214432  -0.0007731138  -0.0358897189  -0.0045756997
       -0.0239582956   0.0022704277  -0.0013272240   0.0001908613   0.0002260004
        0.0000606313  -0.0001676353  -0.0002823697   0.0003627075   0.0009458538
        0.0002683957   0.0001206745  -0.0001829583   0.0005935907  -0.0002775602
       -0.0000032069   0.0011224039   0.0044995152  -0.0002816037  -0.0431381371
        0.0189380139  -0.0067061277   0.0009584036  -0.0051872609  -0.0009735305
       -0.1236646719  -0.0225407492  -0.0486869035   0.3998016160   0.0003741453
       -0.0451893850  -0.1121998376   0.0581993983   0.0402819527  -0.0000743453
        0.0000636187   0.0000516167  -0.0002141522  -0.0000143317   0.0002120635
        0.0000388832  -0.0001385231   0.0000525606   0.0002213071   0.0000101580
        0.0001805401  -0.0003907664  -0.0001997397  -0.0000570878  -0.0009431201
       -0.0005828007  -0.0008279997  -0.0004423288  -0.0000721285   0.0001382259
       -0.0577042174  -0.0635305943   0.0128684683  -0.0447085532  -0.0067093345
        0.0394934976  -0.0199650950   0.0164584587   0.0079567925   0.0056186741
       -0.0035260214  -0.0038021036  -0.0051780492   0.0041150616   0.0054751890
       -0.0001226792  -0.0001083830  -0.0000333604   0.0004487023   0.0000810088
        0.0002847072   0.0036650645  -0.0009563654  -0.0028144587   0.0202008686
        0.0045248199   0.0117514594   0.0028850151  -0.0003740775   0.0037201407
       -0.0309434073  -0.0726867789  -0.0253193403   0.0003741453   0.5127852063
       -0.0077056602   0.0559030589  -0.1312329804  -0.0393461511  -0.0000383127
        0.0000054896   0.0000343478   0.0000143163   0.0000699838   0.0000792013
        0.0000263514  -0.0000237808   0.0000402608   0.0001163064   0.0002256152
        0.0000016255  -0.0001375583  -0.0000228085  -0.0000619517   0.0010781279
        0.0000967926   0.0003827658  -0.0003303061  -0.0000965761  -0.0001216640
       -0.0621937659  -0.2385373421   0.0318620113  -0.0091998435  -0.0515051702
        0.0395712228  -0.0001825404   0.0007860122   0.0007396384   0.0194889702
       -0.0257328407  -0.0120942277  -0.0010525136   0.0027021752  -0.0009705669
        0.0000077982   0.0000718381  -0.0002126986  -0.0007349879  -0.0006014890
       -0.0005666412   0.0006220936  -0.0026033416   0.0034160168  -0.0050715591
        0.0099470175   0.0048141137   0.0050192426   0.0006826815  -0.0011327045
       -0.0539245011  -0.0203236132  -0.0964526910  -0.0451893850  -0.0077056602
        0.4868133173   0.0378784338  -0.0381092378  -0.0909534052   0.0000081154
        0.0000613002  -0.0000005186   0.0001678028  -0.0000382324  -0.0000420348
        0.0000167532  -0.0000777694   0.0000410431  -0.0001216663  -0.0001244038
        0.0001518882  -0.0002037161   0.0002304297   0.0001126479   0.0003194519
       -0.0003166949   0.0004251778   0.0000115451   0.0001418936   0.0004264690
        0.0097588821   0.0309315100  -0.0486824605   0.0405223575   0.0406755195
       -0.2477126335  -0.0089568023   0.0079479757   0.0042048886  -0.0015522276
        0.0001633328   0.0014585613   0.0214223692  -0.0209530562  -0.0161083357
        0.0000582629  -0.0000484395  -0.0000091891   0.0002085084   0.0000658789
       -0.0000043137  -0.0012466482   0.0011442461  -0.0000860485  -0.0039463137
       -0.0034967375  -0.0033871249   0.0007877351   0.0008058871   0.0009043218
       -0.0343079229   0.0233660123   0.0063153756  -0.1121998376   0.0559030589
        0.0378784338   0.5057938356   0.0299146089   0.0204300311  -0.0000597710
       -0.0000217177   0.0000210839  -0.0000160398   0.0000308601  -0.0000646335
       -0.0000348134   0.0000300649   0.0000173069  -0.0000784368  -0.0000048021
       -0.0000006035  -0.0000118644   0.0001363252   0.0000046167  -0.0005083336
       -0.0000080039  -0.0002648172   0.0000052810   0.0000202344   0.0001140525
        0.0045804046  -0.0025841468  -0.0024114022  -0.0049077768   0.0051940337
        0.0056844899  -0.2327224467  -0.0209644291  -0.1045616265  -0.0751434980
       -0.0829030627   0.0111005911  -0.0462503249  -0.0065798711   0.0283194560
       -0.0000476470  -0.0000649965  -0.0000367064   0.0000347201  -0.0000986841
        0.0000179118  -0.0000155244   0.0000560329  -0.0000527579  -0.0003066621
       -0.0010313896  -0.0011772028   0.0008781442   0.0006125451   0.0006293618
        0.0042976267   0.0024596930   0.0019144077   0.0581993983  -0.1312329804
       -0.0381092378   0.0299146089   0.4998368480  -0.0161462638   0.0000214711
        0.0000327125  -0.0000034357   0.0000264614   0.0000122474   0.0000457363
       -0.0000065950   0.0000261735   0.0000159803   0.0000299457   0.0000452992
        0.0000021614  -0.0000763147   0.0000499495   0.0000021435   0.0000107396
        0.0000440951   0.0000038068   0.0000357023  -0.0000047807  -0.0000151297
        0.0182560713  -0.0225507354  -0.0113995431  -0.0008295638   0.0024523869
        0.0000486745  -0.0197134880  -0.0438551114  -0.0100138027  -0.0842047296
       -0.2534196681   0.0285886915  -0.0065043649  -0.0533696371   0.0456852043
       -0.0000703323  -0.0000653261  -0.0000757656   0.0000741271   0.0000379611
       -0.0000747310  -0.0005713795   0.0005323973  -0.0000436527  -0.0024984374
       -0.0019007250  -0.0019420620   0.0005491003   0.0006014244   0.0008975572
       -0.0112522935   0.0097731888   0.0073888531   0.0402819527  -0.0393461511
       -0.0909534052   0.0204300311  -0.0161462638   0.5210326527   0.0000262305
       -0.0000033619   0.0000319690  -0.0000001758   0.0000007032   0.0000241950
        0.0000174566   0.0000184098   0.0000309479   0.0000005924   0.0000149781
        0.0000385221   0.0000315078   0.0000253661  -0.0000089315  -0.0002032742
        0.0000295853  -0.0000912967   0.0000282015   0.0000003331   0.0000787827
       -0.0012890338   0.0012612179   0.0019905227   0.0196510243  -0.0191597923
       -0.0142184058  -0.1033043520  -0.0105821739  -0.0986054028   0.0106563517
        0.0277962195  -0.0483607396   0.0274427024   0.0471120096  -0.2771396095
       -0.0959261442  -0.0924372137   0.0350983621  -0.0049787295  -0.0080629012
        0.0051672076  -0.0002016478   0.0004543488   0.0022890569   0.0003768923
       -0.0001328142   0.0001738733  -0.0000743305   0.0001908853   0.0001100429
       -0.0000024713   0.0000341476  -0.0000637374  -0.0000743453  -0.0000383127
        0.0000081154  -0.0000597710   0.0000214711   0.0000262305   0.1086898487
        0.1082880236  -0.0428019607  -0.0161123926  -0.0249894191   0.0061250172
        0.0085296644   0.0171587797  -0.0059892733   0.0004142426   0.0001986143
       -0.0004845806  -0.0002359623  -0.0002085722   0.0000075739  -0.0000706084
        0.0001340512  -0.0000273841  -0.0002676162  -0.0005607020   0.0003337629
        0.0000103887   0.0000141371  -0.0000096087   0.0000193950  -0.0000448855
        0.0000048008  -0.0000105000  -0.0000083659   0.0000119550  -0.0000289519
       -0.0000077577   0.0000211621   0.0000030395  -0.0000035148  -0.0000006159
       -0.0927549197  -0.2090019711   0.0646933569   0.0004678881   0.0016036266
        0.0004161349   0.0000919569   0.0010063147   0.0002255402   0.0004485994
       -0.0002397447  -0.0000475964  -0.0001648760   0.0000473231   0.0001522831
       -0.0002017240   0.0001151991  -0.0000447506   0.0000636187   0.0000054896
        0.0000613002  -0.0000217177   0.0000327125  -0.0000033619   0.1082880236
        0.2401943638  -0.0745428984  -0.0057707767  -0.0074536952   0.0012172219
       -0.0106027099  -0.0271734386   0.0082674721   0.0002983462   0.0000937819
        0.0000830178   0.0000259390   0.0004639263  -0.0003032196  -0.0000531388
        0.0002784688  -0.0001790226  -0.0001454545   0.0000366202   0.0000328754
        0.0000078321  -0.0000090554  -0.0000038543   0.0000063595  -0.0000353802
       -0.0000082308  -0.0000043146   0.0000068646  -0.0000082574   0.0000102175
        0.0000152965  -0.0000109715   0.0000108508   0.0000132974   0.0000029609
        0.0350318881   0.0641765845  -0.0666288133   0.0144504306   0.0232871683
       -0.0128198857   0.0027386030  -0.0002744188  -0.0056912103  -0.0006435888
       -0.0000318153  -0.0007214162  -0.0000161134   0.0001023084   0.0001581356
        0.0001454386  -0.0002904700  -0.0000472314   0.0000516167   0.0000343478
       -0.0000005186   0.0000210839  -0.0000034357   0.0000319690  -0.0428019607
       -0.0745428984   0.0792679536  -0.0093320202  -0.0149641466   0.0054654727
       -0.0006031686   0.0006221652   0.0009381237   0.0000545952   0.0005702086
        0.0003105139   0.0000291481   0.0003241133   0.0005365897  -0.0000416399
       -0.0003035210  -0.0000222454   0.0009094889   0.0012925264  -0.0008031264
        0.0000030389   0.0000097439   0.0000130349   0.0000156688  -0.0000280658
        0.0000153342  -0.0000056320   0.0000018225   0.0000149186  -0.0000021961
        0.0000016576  -0.0000163516  -0.0000046810   0.0000161252  -0.0000012469
       -0.1941130328  -0.0334791974  -0.1094318255   0.0066054069   0.0009384723
        0.0029988555   0.0006950108   0.0003611579   0.0001747447   0.0003626677
       -0.0002621041  -0.0002428022  -0.0005576893  -0.0002264045   0.0004497815
        0.0000066486   0.0001044570   0.0001448515  -0.0002141522   0.0000143163
        0.0001678028  -0.0000160398   0.0000264614  -0.0000001758  -0.0161123926
       -0.0057707767  -0.0093320202   0.2242186912   0.0395262016   0.1266712778
       -0.0218872220  -0.0011912269  -0.0132786329   0.0008769629   0.0001253181
        0.0016304337   0.0006123628  -0.0001854064   0.0002818094  -0.0002361896
        0.0000320158  -0.0001183125  -0.0001426167   0.0000258273   0.0000598471
        0.0000092695   0.0000050332  -0.0000389307  -0.0001115468  -0.0000078322
       -0.0001137868  -0.0000019852  -0.0000155768  -0.0000005904  -0.0000150285
        0.0000082670   0.0000061312   0.0000208751  -0.0000290030  -0.0000284581
       -0.0336379950  -0.0530239414  -0.0244952820  -0.0034273079  -0.0005207559
       -0.0036829572   0.0002980337   0.0003606916   0.0005365819  -0.0006284278
        0.0014562938   0.0009894437  -0.0000365490  -0.0008002332  -0.0006027219
        0.0003830931  -0.0005961759  -0.0000104824  -0.0000143317   0.0000699838
       -0.0000382324   0.0000308601   0.0000122474   0.0000007032  -0.0249894191
       -0.0074536952  -0.0149641466   0.0395262016   0.0573223879   0.0295103653
        0.0225502391   0.0029433580   0.0142940464   0.0002645004   0.0006031426
       -0.0012275157  -0.0004681662  -0.0001032691  -0.0003663731   0.0001721736
       -0.0001186641   0.0000508655  -0.0000505584  -0.0000963692  -0.0000185453
       -0.0000414147  -0.0000565614   0.0000529423   0.0000290311   0.0000754773
        0.0000295497   0.0000105099  -0.0000175540  -0.0000083532   0.0000323407
       -0.0000514994  -0.0000498375  -0.0000028134  -0.0000048637  -0.0000000507
       -0.1090644658  -0.0242858066  -0.1216580656  -0.0230582845  -0.0062120944
       -0.0240994355  -0.0004661482  -0.0003297838   0.0012643934   0.0008153369
        0.0003779586  -0.0010847985   0.0000482862   0.0004105772   0.0004832067
        0.0001093848  -0.0003223502   0.0001508659   0.0002120635   0.0000792013
       -0.0000420348  -0.0000646335   0.0000457363   0.0000241950   0.0061250172
        0.0012172219   0.0054654727   0.1266712778   0.0295103653   0.1452013602
       -0.0020996444   0.0008787473   0.0004047855   0.0015085926  -0.0013747744
       -0.0071325667  -0.0004886061   0.0001914101   0.0008424531  -0.0001184412
        0.0000089268  -0.0001280304  -0.0001191165  -0.0001278625   0.0003417274
       -0.0000315604  -0.0000125566  -0.0000285052   0.0000319648  -0.0000195953
        0.0000357341  -0.0000344036   0.0000088700   0.0000045004   0.0000135613
       -0.0000362699  -0.0000202996   0.0000098190  -0.0000079212  -0.0000249581
       -0.1384937845   0.1162057345   0.0078425168  -0.0074336711   0.0087284314
        0.0042030848   0.0001213992   0.0003660004  -0.0004803476  -0.0006205589
        0.0009092584   0.0002947265   0.0002962714  -0.0004385825  -0.0003752528
        0.0001118327  -0.0002853801   0.0000139654   0.0000388832   0.0000263514
        0.0000167532  -0.0000348134  -0.0000065950   0.0000174566   0.0085296644
       -0.0106027099  -0.0006031686  -0.0218872220   0.0225502391  -0.0020996444
        0.1585034821  -0.1370103221  -0.0112261648   0.0006070706  -0.0004580257
       -0.0005328805   0.0000500336   0.0005568904   0.0026307630   0.0000120558
       -0.0004747994   0.0004475598   0.0001544512  -0.0000656858  -0.0002140913
       -0.0000196706  -0.0000169704   0.0000365519   0.0000473389   0.0000414373
        0.0000141240  -0.0000014347  -0.0000056820   0.0000015797   0.0000168528
       -0.0000225620   0.0000034188   0.0000018193   0.0000029720   0.0000090493
        0.1164494653  -0.1893286985  -0.0105675021   0.0049446222  -0.0052734364
       -0.0034831422  -0.0007086220   0.0012488610   0.0007618529   0.0000078768
       -0.0001490741  -0.0001477228   0.0000556805   0.0000787239   0.0001286336
        0.0002656147  -0.0000448632  -0.0000723615  -0.0001385231  -0.0000237808
       -0.0000777694   0.0000300649   0.0000261735   0.0000184098   0.0171587797
       -0.0271734386   0.0006221652  -0.0011912269   0.0029433580   0.0008787473
       -0.1370103221   0.2173717709   0.0133698815  -0.0001010720  -0.0000985319
        0.0000614874   0.0002713060   0.0003170150  -0.0017305141   0.0001074377
        0.0002213484   0.0000975555  -0.0001151029  -0.0001308360   0.0001595011
       -0.0000055840   0.0000256171  -0.0000005173  -0.0000017186  -0.0000391356
        0.0000058433   0.0000120209   0.0000095758   0.0000050907  -0.0000183792
        0.0000028289  -0.0000161015  -0.0000123179   0.0000165224  -0.0000135376
        0.0074106462  -0.0103666021  -0.0434567890   0.0202084527  -0.0232609457
       -0.0056775500  -0.0001666274  -0.0009163941   0.0007335305   0.0003964666
        0.0001875954  -0.0000296871  -0.0001423591  -0.0001482199  -0.0001203792
       -0.0002008580   0.0000244076  -0.0001106849   0.0000525606   0.0000402608
        0.0000410431   0.0000173069   0.0000159803   0.0000309479  -0.0059892733
        0.0082674721   0.0009381237  -0.0132786329   0.0142940464   0.0004047855
       -0.0112261648   0.0133698815   0.0525585746   0.0003723017  -0.0003679083
        0.0007752866   0.0026737073  -0.0016211432  -0.0060561238   0.0000906696
        0.0005116342  -0.0001879036  -0.0002113356  -0.0000267435   0.0001384659
       -0.0000077352  -0.0000017189   0.0000010101   0.0000263531   0.0000045196
       -0.0000051434  -0.0000112872   0.0000100250   0.0000168345  -0.0000088542
       -0.0000022463  -0.0000115649  -0.0000053371  -0.0000139008   0.0000172236
        0.0056724143   0.0011073231   0.0031010926  -0.1949657522  -0.0317731789
       -0.1078192906  -0.0150254082  -0.0070389653  -0.0061886196  -0.0000647379
       -0.0026780911   0.0023982036  -0.0006375467  -0.0006630395  -0.0013127730
       -0.0005373232   0.0000885725   0.0001093642   0.0002213071   0.0001163064
       -0.0001216663  -0.0000784368   0.0000299457   0.0000005924   0.0004142426
        0.0002983462   0.0000545952   0.0008769629   0.0002645004   0.0015085926
        0.0006070706  -0.0001010720   0.0003723017   0.2242576930   0.0402262288
        0.1215396008  -0.0211370646  -0.0003429886  -0.0133766142   0.0005462347
        0.0003712740  -0.0001576085  -0.0001578725   0.0001908234  -0.0000756540
        0.0000067625  -0.0000432738  -0.0000005189  -0.0000198459   0.0000094945
        0.0000039328  -0.0000104309  -0.0000136365  -0.0000091775   0.0000281280
       -0.0000346340  -0.0000119052   0.0000036032  -0.0000139352  -0.0000144483
       -0.0036133786  -0.0000629727  -0.0039829614  -0.0311974385  -0.0503959096
       -0.0247860197  -0.0242491742  -0.0096169046  -0.0104711248  -0.0007506230
       -0.0037987281   0.0040037412  -0.0007266367  -0.0007556528  -0.0022334948
       -0.0006236840   0.0006218225  -0.0003638312   0.0000101580   0.0002256152
       -0.0001244038  -0.0000048021   0.0000452992   0.0000149781   0.0001986143
        0.0000937819   0.0005702086   0.0001253181   0.0006031426  -0.0013747744
       -0.0004580257  -0.0000985319  -0.0003679083   0.0402262288   0.0593137776
        0.0268577158   0.0211230797   0.0029537289   0.0131548400  -0.0003609898
        0.0002652512  -0.0005338171   0.0002319820   0.0006146902  -0.0003270464
        0.0000901382  -0.0000088724  -0.0000037880  -0.0000381957  -0.0000170068
       -0.0000497977   0.0000103493   0.0000123559  -0.0000042207  -0.0000097731
        0.0000198930   0.0000111405   0.0000168530  -0.0000147795   0.0000105639
       -0.0218863053  -0.0059273832  -0.0233481819  -0.1075339320  -0.0246315539
       -0.1157654465   0.0073585688   0.0027052231   0.0043529559   0.0006104923
        0.0015315884  -0.0005575804   0.0003487579   0.0000937464   0.0007108324
       -0.0000892386  -0.0001233659  -0.0000435521   0.0001805401   0.0000016255
        0.0001518882  -0.0000006035   0.0000021614   0.0000385221  -0.0004845806
        0.0000830178   0.0003105139   0.0016304337  -0.0012275157  -0.0071325667
       -0.0005328805   0.0000614874   0.0007752866   0.1215396008   0.0268577158
        0.1394247963  -0.0017388366   0.0005484125   0.0005230492  -0.0000041632
       -0.0002475038   0.0000275323   0.0005301926   0.0002870122   0.0005255041
        0.0000022635  -0.0000071817   0.0000112622   0.0000464515  -0.0000131424
       -0.0000084991   0.0000055130  -0.0000009513   0.0000039401   0.0000079373
        0.0000018556  -0.0000150990   0.0000097889   0.0000047518   0.0000148423
       -0.0066930607   0.0081394637   0.0039813755  -0.1383011030   0.1154031266
        0.0052753078   0.0070169129  -0.0100682661  -0.0001079819   0.0010134892
       -0.0006565565   0.0000113017  -0.0000622023   0.0002859667   0.0001719799
       -0.0000148018  -0.0002212053   0.0001063191  -0.0003907664  -0.0001375583
       -0.0002037161  -0.0000118644  -0.0000763147   0.0000315078  -0.0002359623
        0.0000259390   0.0000291481   0.0006123628  -0.0004681662  -0.0004886061
        0.0000500336   0.0002713060   0.0026737073  -0.0211370646   0.0211230797
       -0.0017388366   0.1582234688  -0.1310604600  -0.0102104292  -0.0003670833
       -0.0027040379   0.0006992375   0.0003546103   0.0000346430  -0.0002451412
        0.0000800378   0.0000520952   0.0000335394   0.0000180991  -0.0000173442
       -0.0000020500   0.0000349056   0.0000126402  -0.0000037530  -0.0001628159
        0.0000648581  -0.0000281082  -0.0000271953  -0.0000032091   0.0000151983
        0.0050243050  -0.0044017670  -0.0027309361   0.1143215094  -0.1806391718
       -0.0103107560   0.0127768228  -0.0264011179   0.0012871190   0.0018137831
       -0.0011847278  -0.0005245650  -0.0000989471   0.0000897585   0.0001902096
       -0.0006089054   0.0010049734  -0.0002381710  -0.0001997397  -0.0000228085
        0.0002304297   0.0001363252   0.0000499495   0.0000253661  -0.0002085722
        0.0004639263   0.0003241133  -0.0001854064  -0.0001032691   0.0001914101
        0.0005568904   0.0003170150  -0.0016211432  -0.0003429886   0.0029537289
        0.0005484125  -0.1310604600   0.2124403556   0.0104913786  -0.0025108185
       -0.0050282935   0.0021796720   0.0003348421   0.0004328777  -0.0001346242
        0.0001247084   0.0000377865   0.0000066988   0.0000974352  -0.0000217902
        0.0000436788   0.0000533696  -0.0000278590   0.0000141149   0.0000094305
        0.0000736665  -0.0000048203  -0.0000335837  -0.0000332333   0.0000324123
        0.0199222533  -0.0224301841  -0.0063009358   0.0053176468  -0.0101639549
       -0.0430452318  -0.0053368445   0.0095660050   0.0001484310   0.0000585141
       -0.0006652441   0.0007418229  -0.0001067836  -0.0002111533  -0.0002608435
        0.0000367444   0.0000961069  -0.0003913142  -0.0000570878  -0.0000619517
        0.0001126479   0.0000046167   0.0000021435  -0.0000089315   0.0000075739
       -0.0003032196   0.0005365897   0.0002818094  -0.0003663731   0.0008424531
        0.0026307630  -0.0017305141  -0.0060561238  -0.0133766142   0.0131548400
        0.0005230492  -0.0102104292   0.0104913786   0.0534735030   0.0012284395
        0.0020447136  -0.0001817638  -0.0003421122   0.0005959084   0.0000418745
       -0.0000054446   0.0000176272  -0.0000377201  -0.0000737657  -0.0000646244
       -0.0001069584  -0.0000069278  -0.0000129889  -0.0000244030  -0.0000309240
        0.0000039186   0.0000468896   0.0000585727   0.0000375667  -0.0000530350
        0.0005531498  -0.0006904238  -0.0003381896   0.0074690934  -0.0091398607
       -0.0003524709  -0.1282608569   0.1130999132   0.0110731297  -0.0197556848
        0.0211937656   0.0003870852   0.0024779055   0.0004108375   0.0023259430
       -0.0068786596  -0.0003197360  -0.0038846027  -0.0009431201   0.0010781279
        0.0003194519  -0.0005083336   0.0000107396  -0.0002032742  -0.0000706084
       -0.0000531388  -0.0000416399  -0.0002361896   0.0001721736  -0.0001184412
        0.0000120558   0.0001074377   0.0000906696   0.0005462347  -0.0003609898
       -0.0000041632  -0.0003670833  -0.0025108185   0.0012284395   0.1510660094
       -0.1306910276  -0.0131136274  -0.0050874118   0.0076383856   0.0026034336
        0.0000155758   0.0000410760   0.0000251413   0.0000037810   0.0000013301
        0.0000275843  -0.0001149187   0.0000902808   0.0000267991   0.0000291679
       -0.0000787210   0.0000013490   0.0000498934   0.0000006485  -0.0000526170
        0.0004746081   0.0011661610  -0.0007509640   0.0125990054  -0.0252824432
        0.0006192623   0.1161185142  -0.1907591044  -0.0170603696   0.0001721198
        0.0018425733   0.0002489279  -0.0007332921   0.0006863987   0.0007607031
       -0.0000273948   0.0002504061  -0.0003793792  -0.0005828007   0.0000967926
       -0.0003166949  -0.0000080039   0.0000440951   0.0000295853   0.0001340512
        0.0002784688  -0.0003035210   0.0000320158  -0.0001186641   0.0000089268
       -0.0004747994   0.0002213484   0.0005116342   0.0003712740   0.0002652512
       -0.0002475038  -0.0027040379  -0.0050282935   0.0020447136  -0.1306910276
        0.2218696550   0.0175438517   0.0053830052  -0.0055409437  -0.0026959863
        0.0000252895   0.0000316147  -0.0000261574  -0.0000240732  -0.0000318053
        0.0000056196  -0.0000028769   0.0000193707   0.0000116488  -0.0000348940
        0.0000039270  -0.0000043818  -0.0000266828  -0.0000148084   0.0000000846
       -0.0007134342   0.0008014734   0.0006545667  -0.0051270826   0.0088361067
        0.0008687426   0.0125231071  -0.0183337589  -0.0473357232  -0.0091468691
        0.0118875057   0.0015805490   0.0012196520   0.0007805870   0.0005781892
       -0.0043246774  -0.0000522895  -0.0010203558  -0.0008279997   0.0003827658
        0.0004251778  -0.0002648172   0.0000038068  -0.0000912967  -0.0000273841
       -0.0001790226  -0.0000222454  -0.0001183125   0.0000508655  -0.0001280304
        0.0004475598   0.0000975555  -0.0001879036  -0.0001576085  -0.0005338171
        0.0000275323   0.0006992375   0.0021796720  -0.0001817638  -0.0131136274
        0.0175438517   0.0495707970   0.0188217745  -0.0235297747  -0.0048200902
        0.0000423211   0.0000362488   0.0000004316   0.0000954183   0.0000218826
        0.0000621191  -0.0000450721   0.0000486408   0.0000334925   0.0000175086
       -0.0000124926  -0.0000005182   0.0000003059  -0.0000298071  -0.0000136705
       -0.0008836779  -0.0028999317   0.0012613926  -0.0035763424  -0.0003846671
        0.0144583482  -0.0535529305   0.0146525925   0.0526483102   0.0060131926
       -0.0028263369  -0.0239521205  -0.0049575085  -0.0037086436  -0.0022364097
       -0.0005227189  -0.0004831816   0.0007491910  -0.0004423288  -0.0003303061
        0.0000115451   0.0000052810   0.0000357023   0.0000282015  -0.0002676162
       -0.0001454545   0.0009094889  -0.0001426167  -0.0000505584  -0.0001191165
        0.0001544512  -0.0001151029  -0.0002113356  -0.0001578725   0.0002319820
        0.0005301926   0.0003546103   0.0003348421  -0.0003421122  -0.0050874118
        0.0053830052   0.0188217745   0.0630736531  -0.0096882246  -0.0625781841
       -0.0000270172   0.0000387754  -0.0000401129   0.0000760251  -0.0000400914
        0.0000755005   0.0000351740  -0.0000128625   0.0000031211  -0.0000018164
       -0.0000093100  -0.0000212711  -0.0000925294   0.0000177720   0.0000035964
       -0.0022959631  -0.0034183191   0.0018330923  -0.0077216871   0.0004377737
        0.0232018908   0.0154684623  -0.0440741549  -0.0391578736  -0.0027664438
       -0.0005395150  -0.0076002222  -0.0017850362  -0.0004398998  -0.0000386483
        0.0015648130  -0.0007977485  -0.0001527697  -0.0000721285  -0.0000965761
        0.0001418936   0.0000202344  -0.0000047807   0.0000003331  -0.0005607020
        0.0000366202   0.0012925264   0.0000258273  -0.0000963692  -0.0001278625
       -0.0000656858  -0.0001308360  -0.0000267435   0.0001908234   0.0006146902
        0.0002870122   0.0000346430   0.0004328777   0.0005959084   0.0076383856
       -0.0055409437  -0.0235297747  -0.0096882246   0.0536863641   0.0432077237
       -0.0000681203  -0.0000220709  -0.0000744524   0.0000619354  -0.0000191716
        0.0000716911  -0.0000084099  -0.0000110740  -0.0000051935   0.0000204169
       -0.0000342219   0.0000614140   0.0000068602   0.0000173552   0.0000200546
        0.0015504872   0.0028777453  -0.0004052801   0.0054403159   0.0015101186
       -0.0132177880   0.0548129305  -0.0376923973  -0.2590939357   0.0021953408
       -0.0048742578  -0.0202148486  -0.0039926970  -0.0022319456  -0.0016774692
       -0.0004650923   0.0003095045   0.0011455297   0.0001382259  -0.0001216640
        0.0004264690   0.0001140525  -0.0000151297   0.0000787827   0.0003337629
        0.0000328754  -0.0008031264   0.0000598471  -0.0000185453   0.0003417274
       -0.0002140913   0.0001595011   0.0001384659  -0.0000756540  -0.0003270464
        0.0005255041  -0.0002451412  -0.0001346242   0.0000418745   0.0026034336
       -0.0026959863  -0.0048200902  -0.0625781841   0.0432077237   0.2973866505
        0.0000840373   0.0000476902  -0.0000077699   0.0002122515  -0.0000527911
        0.0001242218   0.0000687042  -0.0000185598   0.0000015178   0.0000054282
        0.0000476706  -0.0000331066  -0.0000479575  -0.0000098818   0.0000626712
       -0.0000793187   0.0000061476   0.0000105964   0.0000856160   0.0001161163
        0.0000552291   0.0002544118   0.0003908742  -0.0006279113   0.0003943995
       -0.0043224833  -0.0017981242   0.0006954732   0.0012171497   0.0013319185
       -0.0279639846  -0.0280551267  -0.0049116615  -0.0577042174  -0.0621937659
        0.0097588821   0.0045804046   0.0182560713  -0.0012890338   0.0000103887
        0.0000078321   0.0000030389   0.0000092695  -0.0000414147  -0.0000315604
       -0.0000196706  -0.0000055840  -0.0000077352   0.0000067625   0.0000901382
        0.0000022635   0.0000800378   0.0001247084  -0.0000054446   0.0000155758
        0.0000252895   0.0000423211  -0.0000270172  -0.0000681203   0.0000840373
        0.0812912318   0.0779024718  -0.0074832402  -0.0003565226  -0.0071720798
        0.0033984838   0.0002984762   0.0003755979   0.0000743117  -0.0020786492
        0.0033345048   0.0018662386   0.0005073329   0.0000116731  -0.0004726101
        0.0000024817   0.0000313611  -0.0000120905   0.0000092949   0.0000636953
       -0.0000799098  -0.0000196550  -0.0002514898   0.0001395219   0.0018589598
        0.0000026103  -0.0003958346   0.0000412138   0.0003035567   0.0009300091
       -0.0126822615  -0.0051899011  -0.0057214432  -0.0635305943  -0.2385373421
        0.0309315100  -0.0025841468  -0.0225507354   0.0012612179   0.0000141371
       -0.0000090554   0.0000097439   0.0000050332  -0.0000565614  -0.0000125566
       -0.0000169704   0.0000256171  -0.0000017189  -0.0000432738  -0.0000088724
       -0.0000071817   0.0000520952   0.0000377865   0.0000176272   0.0000410760
        0.0000316147   0.0000362488   0.0000387754  -0.0000220709   0.0000476902
        0.0779024718   0.2774933491  -0.0307251722  -0.0035394814  -0.0095562034
        0.0050756871  -0.0001974788   0.0002189779   0.0002464685   0.0033248976
       -0.0027665873  -0.0020999071  -0.0006765744   0.0007402504   0.0003600903
        0.0000066937   0.0000180818   0.0000235585  -0.0000130172   0.0000777348
        0.0000151017  -0.0000418750   0.0000423830  -0.0003226240   0.0000341050
        0.0006551072   0.0019412486  -0.0001172734  -0.0004093093  -0.0010810808
       -0.0139766203  -0.0171717865  -0.0007731138   0.0128684683   0.0318620113
       -0.0486824605  -0.0024114022  -0.0113995431   0.0019905227  -0.0000096087
       -0.0000038543   0.0000130349  -0.0000389307   0.0000529423  -0.0000285052
        0.0000365519  -0.0000005173   0.0000010101  -0.0000005189  -0.0000037880
        0.0000112622   0.0000335394   0.0000066988  -0.0000377201   0.0000251413
       -0.0000261574   0.0000004316  -0.0000401129  -0.0000744524  -0.0000077699
       -0.0074832402  -0.0307251722   0.0552596368   0.0103725686   0.0297743448
       -0.0085889755  -0.0003436800   0.0003137409   0.0001033205   0.0013761883
       -0.0022164140  -0.0001048254  -0.0002769771  -0.0007720503   0.0002679476
       -0.0001017232  -0.0000225060  -0.0000649024  -0.0002286098  -0.0000487698
       -0.0001321383  -0.0008002736  -0.0004975080   0.0005991809   0.0006804845
       -0.0014833959  -0.0027465490   0.0007334689   0.0003849539   0.0006319494
       -0.0093498592   0.0052970176  -0.0358897189  -0.0447085532  -0.0091998435
        0.0405223575  -0.0049077768  -0.0008295638   0.0196510243   0.0000193950
        0.0000063595   0.0000156688  -0.0001115468   0.0000290311   0.0000319648
        0.0000473389  -0.0000017186   0.0000263531  -0.0000198459  -0.0000381957
        0.0000464515   0.0000180991   0.0000974352  -0.0000737657   0.0000037810
       -0.0000240732   0.0000954183   0.0000760251   0.0000619354   0.0002122515
       -0.0003565226  -0.0035394814   0.0103725686   0.0608793122   0.0070464183
       -0.0354495816   0.0000263233  -0.0000391008   0.0004034990   0.0005378855
       -0.0006545546  -0.0003392814  -0.0024374025   0.0034555602   0.0020872498
        0.0000313483  -0.0000167247   0.0000352221  -0.0000144005   0.0000553351
        0.0000087529  -0.0000556639  -0.0000237537  -0.0000753310   0.0003607218
        0.0020807226   0.0017954459  -0.0011388970  -0.0001300147  -0.0011789795
       -0.0001194106   0.0016155826  -0.0045756997  -0.0067093345  -0.0515051702
        0.0406755195   0.0051940337   0.0024523869  -0.0191597923  -0.0000448855
       -0.0000353802  -0.0000280658  -0.0000078322   0.0000754773  -0.0000195953
        0.0000414373  -0.0000391356   0.0000045196   0.0000094945  -0.0000170068
       -0.0000131424  -0.0000173442  -0.0000217902  -0.0000646244   0.0000013301
       -0.0000318053   0.0000218826  -0.0000400914  -0.0000191716  -0.0000527911
       -0.0071720798  -0.0095562034   0.0297743448   0.0070464183   0.0564184767
       -0.0438738265  -0.0003794571   0.0002768796  -0.0000452982   0.0000131557
        0.0005463811  -0.0007617788   0.0030014573  -0.0021250855  -0.0024667624
        0.0000533456  -0.0000134275   0.0000662512  -0.0000883023   0.0000873507
       -0.0000238327  -0.0003982670  -0.0003921331   0.0002250887   0.0016365987
       -0.0025502985  -0.0012500431   0.0006406907   0.0011894405   0.0004269781
       -0.0164999437   0.0023554639  -0.0239582956   0.0394934976   0.0395712228
       -0.2477126335   0.0056844899   0.0000486745  -0.0142184058   0.0000048008
       -0.0000082308   0.0000153342  -0.0001137868   0.0000295497   0.0000357341
        0.0000141240   0.0000058433  -0.0000051434   0.0000039328  -0.0000497977
       -0.0000084991  -0.0000020500   0.0000436788  -0.0001069584   0.0000275843
        0.0000056196   0.0000621191   0.0000755005   0.0000716911   0.0001242218
        0.0033984838   0.0050756871  -0.0085889755  -0.0354495816  -0.0438738265
        0.2947982142  -0.0001206370   0.0003084070   0.0003389784  -0.0005443530
        0.0003710860   0.0003877996   0.0021838727  -0.0022760011  -0.0006079325
       -0.0000569818  -0.0000145824   0.0000121649   0.0000051703   0.0000302080
        0.0000006090  -0.0003495042   0.0003174321   0.0000216884  -0.0007576310
       -0.0012875499  -0.0011050499   0.0002241261   0.0003891296   0.0004153618
       -0.0042598647   0.0045630698   0.0022704277  -0.0199650950  -0.0001825404
       -0.0089568023  -0.2327224467  -0.0197134880  -0.1033043520  -0.0000105000
       -0.0000043146  -0.0000056320  -0.0000019852   0.0000105099  -0.0000344036
       -0.0000014347   0.0000120209  -0.0000112872  -0.0000104309   0.0000103493
        0.0000055130   0.0000349056   0.0000533696  -0.0000069278  -0.0001149187
       -0.0000028769  -0.0000450721   0.0000351740  -0.0000084099   0.0000687042
        0.0002984762  -0.0001974788  -0.0003436800   0.0000263233  -0.0003794571
       -0.0001206370   0.2689254224   0.0209556698   0.1191468367  -0.0131035074
       -0.0045213811  -0.0069394808   0.0018047023  -0.0000296798  -0.0010679810
        0.0000144765   0.0000332773  -0.0000062769  -0.0000066934   0.0000009003
       -0.0000305389   0.0002572917  -0.0002938794   0.0000214983   0.0011751758
        0.0003653495   0.0005682950  -0.0002170941   0.0000646854  -0.0000130845
        0.0042095115  -0.0027277970  -0.0013272240   0.0164584587   0.0007860122
        0.0079479757  -0.0209644291  -0.0438551114  -0.0105821739  -0.0000083659
        0.0000068646   0.0000018225  -0.0000155768  -0.0000175540   0.0000088700
       -0.0000056820   0.0000095758   0.0000100250  -0.0000136365   0.0000123559
       -0.0000009513   0.0000126402  -0.0000278590  -0.0000129889   0.0000902808
        0.0000193707   0.0000486408  -0.0000128625  -0.0000110740  -0.0000185598
        0.0003755979   0.0002189779   0.0003137409  -0.0000391008   0.0002768796
        0.0003084070   0.0209556698   0.0490797625   0.0128663889  -0.0275074122
       -0.0050317600  -0.0139660404   0.0052417502   0.0010910231   0.0038621744
        0.0000236019   0.0000047072   0.0000111200   0.0000142778  -0.0000009552
        0.0000004733   0.0001309344  -0.0001329360  -0.0000125673   0.0008817138
       -0.0003664569   0.0001729291  -0.0000723833   0.0003016921   0.0001056519
        0.0020490225  -0.0012684629   0.0001908613   0.0079567925   0.0007396384
        0.0042048886  -0.1045616265  -0.0100138027  -0.0986054028   0.0000119550
       -0.0000082574   0.0000149186  -0.0000005904  -0.0000083532   0.0000045004
        0.0000015797   0.0000050907   0.0000168345  -0.0000091775  -0.0000042207
        0.0000039401  -0.0000037530   0.0000141149  -0.0000244030   0.0000267991
        0.0000116488   0.0000334925   0.0000031211  -0.0000051935   0.0000015178
        0.0000743117   0.0002464685   0.0001033205   0.0004034990  -0.0000452982
        0.0003389784   0.1191468367   0.0128663889   0.1108652655   0.0022716230
        0.0000546724   0.0017999144  -0.0283485377  -0.0023904855  -0.0192262340
       -0.0000087528  -0.0000089457   0.0000129489  -0.0000768936   0.0000476881
        0.0000240901   0.0000152606   0.0000051108   0.0000111355  -0.0003380007
        0.0009539249   0.0004002659  -0.0001702604  -0.0003345737  -0.0003219425
        0.0020837863  -0.0010500371   0.0002260004   0.0056186741   0.0194889702
       -0.0015522276  -0.0751434980  -0.0842047296   0.0106563517  -0.0000289519
        0.0000102175  -0.0000021961  -0.0000150285   0.0000323407   0.0000135613
        0.0000168528  -0.0000183792  -0.0000088542   0.0000281280  -0.0000097731
        0.0000079373  -0.0001628159   0.0000094305  -0.0000309240   0.0000291679
       -0.0000348940   0.0000175086  -0.0000018164   0.0000204169   0.0000054282
       -0.0020786492   0.0033248976   0.0013761883   0.0005378855   0.0000131557
       -0.0005443530  -0.0131035074  -0.0275074122   0.0022716230   0.0840335928
        0.0938373421  -0.0139623989  -0.0012351733  -0.0045747503   0.0013998569
       -0.0000104825   0.0000520019   0.0000098081   0.0000125146   0.0000184778
       -0.0000077890  -0.0000664737   0.0000962016  -0.0000104731  -0.0003698616
       -0.0004195958  -0.0001311095   0.0001247039   0.0003859144   0.0002164447
       -0.0007090593   0.0011136595   0.0000606313  -0.0035260214  -0.0257328407
        0.0001633328  -0.0829030627  -0.2534196681   0.0277962195  -0.0000077577
        0.0000152965   0.0000016576   0.0000082670  -0.0000514994  -0.0000362699
       -0.0000225620   0.0000028289  -0.0000022463  -0.0000346340   0.0000198930
        0.0000018556   0.0000648581   0.0000736665   0.0000039186  -0.0000787210
        0.0000039270  -0.0000124926  -0.0000093100  -0.0000342219   0.0000476706
        0.0033345048  -0.0027665873  -0.0022164140  -0.0006545546   0.0005463811
        0.0003710860  -0.0045213811  -0.0050317600   0.0000546724   0.0938373421
        0.2939326883  -0.0304336236  -0.0044683088  -0.0088047634   0.0041231206
        0.0000267985  -0.0000054577   0.0000041252  -0.0000252990   0.0000264667
        0.0000037439  -0.0000162571   0.0000349233   0.0000176338  -0.0001690807
        0.0001528237   0.0000827656   0.0000588382  -0.0001816615  -0.0001163960
       -0.0002781160   0.0005259948  -0.0001676353  -0.0038021036  -0.0120942277
        0.0014585613   0.0111005911   0.0285886915  -0.0483607396   0.0000211621
       -0.0000109715  -0.0000163516   0.0000061312  -0.0000498375  -0.0000202996
        0.0000034188  -0.0000161015  -0.0000115649  -0.0000119052   0.0000111405
       -0.0000150990  -0.0000281082  -0.0000048203   0.0000468896   0.0000013490
       -0.0000043818  -0.0000005182  -0.0000212711   0.0000614140  -0.0000331066
        0.0018662386  -0.0020999071  -0.0001048254  -0.0003392814  -0.0007617788
        0.0003877996  -0.0069394808  -0.0139660404   0.0017999144  -0.0139623989
       -0.0304336236   0.0521882491   0.0125087746   0.0302273547  -0.0071431464
       -0.0000216953   0.0000069460  -0.0000192398  -0.0000232179  -0.0000094161
        0.0000054638   0.0000856647   0.0000314575  -0.0000429725  -0.0003878631
        0.0008272090   0.0007785935  -0.0000575011  -0.0005171940  -0.0003779008
        0.0020799950  -0.0008369325  -0.0002823697  -0.0051780492  -0.0010525136
        0.0214223692  -0.0462503249  -0.0065043649   0.0274427024   0.0000030395
        0.0000108508  -0.0000046810   0.0000208751  -0.0000028134   0.0000098190
        0.0000018193  -0.0000123179  -0.0000053371   0.0000036032   0.0000168530
        0.0000097889  -0.0000271953  -0.0000335837   0.0000585727   0.0000498934
       -0.0000266828   0.0000003059  -0.0000925294   0.0000068602  -0.0000479575
        0.0005073329  -0.0006765744  -0.0002769771  -0.0024374025   0.0030014573
        0.0021838727   0.0018047023   0.0052417502  -0.0283485377  -0.0012351733
       -0.0044683088   0.0125087746   0.0511540267   0.0049973181  -0.0350142895
        0.0000208351   0.0000160085   0.0000151586  -0.0000251381   0.0000241010
        0.0000023538  -0.0000408368  -0.0000064665   0.0000257024   0.0000497494
       -0.0001168113  -0.0002399007   0.0000136607  -0.0000537778   0.0000165163
       -0.0013853125   0.0004303501   0.0003627075   0.0041150616   0.0027021752
       -0.0209530562  -0.0065798711  -0.0533696371   0.0471120096  -0.0000035148
        0.0000132974   0.0000161252  -0.0000290030  -0.0000048637  -0.0000079212
        0.0000029720   0.0000165224  -0.0000139008  -0.0000139352  -0.0000147795
        0.0000047518  -0.0000032091  -0.0000332333   0.0000375667   0.0000006485
       -0.0000148084  -0.0000298071   0.0000177720   0.0000173552  -0.0000098818
        0.0000116731   0.0007402504  -0.0007720503   0.0034555602  -0.0021250855
       -0.0022760011  -0.0000296798   0.0010910231  -0.0023904855  -0.0045747503
       -0.0088047634   0.0302273547   0.0049973181   0.0594931429  -0.0511272419
        0.0000146885   0.0000133727   0.0000347454  -0.0000155562  -0.0000279483
        0.0000240945  -0.0000930515   0.0000595327   0.0000213396  -0.0002701644
        0.0003734851  -0.0002512216  -0.0001063488   0.0000924750   0.0000876467
       -0.0001881436  -0.0000294237   0.0009458538   0.0054751890  -0.0009705669
       -0.0161083357   0.0283194560   0.0456852043  -0.2771396095  -0.0000006159
        0.0000029609  -0.0000012469  -0.0000284581  -0.0000000507  -0.0000249581
        0.0000090493  -0.0000135376   0.0000172236  -0.0000144483   0.0000105639
        0.0000148423   0.0000151983   0.0000324123  -0.0000530350  -0.0000526170
        0.0000000846  -0.0000136705   0.0000035964   0.0000200546   0.0000626712
       -0.0004726101   0.0003600903   0.0002679476   0.0020872498  -0.0024667624
       -0.0006079325  -0.0010679810   0.0038621744  -0.0192262340   0.0013998569
        0.0041231206  -0.0071431464  -0.0350142895  -0.0511272419   0.3190930255
