           1           2   1.02170924568427     
           2           3  0.981488823289070     
           3           4  0.978307354150817     
           4           5   1.69072287797013     
           4           6   1.17091576484113     
           5           6  0.170435208399731     
           6           7  0.919846835076123     
           7           8   1.01950498862148     
           1           9  0.985554177851127     
           1          10  0.987504434865058     
           1          11  0.986581381947068     
           2          12  0.974750654254480     
           2          13  0.977090706529430     
           3          14  0.972452110488046     
           3          15  0.955473932722731     
           7          16  0.969254377579027     
           7          17  0.968426661424720     
           8          18  0.980108495793598     
           8          19  0.983340419768191     
           8          20  0.983894084117974     
