           1           2   1.01939608074796     
           2           3   1.00883982897106     
           3           4  0.993749681934136     
           4           5  0.980110697258067     
           5           6   1.69885203144012     
           5           7   1.15900032094111     
           6           7  0.169578628112733     
           7           8  0.938451278637210     
           1           9  0.987786241793848     
           1          10  0.987017390434251     
           1          11  0.986763103459808     
           2          12  0.978198213983272     
           2          13  0.977469106688508     
           3          14  0.975620199494443     
           3          15  0.974855341677291     
           4          16  0.940700285789818     
           4          17  0.969367413504349     
           8          18  0.975069226318986     
           8          19  0.977210379825401     
           8          20  0.976520355846810     
