$hessian                                                                        
        0.4964345882   0.0277803960   0.0157838676  -0.1219364435   0.0600228459
        0.0334530208  -0.0255519298   0.0176375944   0.0065436044  -0.0045602931
       -0.0006301959  -0.0021051548  -0.0010162035   0.0009626923   0.0004801288
        0.0001670779   0.0002086921  -0.0000626404  -0.2320755099  -0.0338191789
       -0.0932113311  -0.0454747161  -0.0037153417   0.0211224221  -0.0672595449
       -0.0706037110   0.0150222617  -0.0039480108   0.0042778389   0.0042938813
        0.0044779503  -0.0031892947  -0.0022405710   0.0006656356   0.0009703873
        0.0003857397   0.0007835570   0.0002031639   0.0008105439  -0.0001680271
       -0.0001011210  -0.0000004879  -0.0000461909   0.0000264503  -0.0001803136
       -0.0004856835  -0.0000280662  -0.0001705000  -0.0000062560  -0.0000031516
        0.0000755286
        0.0277803960   0.4927027779  -0.0142668804   0.0593291955  -0.1292774423
       -0.0324706470   0.0024243273   0.0005047762   0.0012144378  -0.0004742557
        0.0001701207  -0.0002272737  -0.0002572271  -0.0000807960   0.0000117104
        0.0001272142   0.0002885273  -0.0000162904  -0.0335504176  -0.0485397508
       -0.0148700801  -0.0034733423  -0.0467208763   0.0256381942  -0.0707066171
       -0.2468116575   0.0463675939   0.0007037663   0.0007213087  -0.0012869231
        0.0194319134  -0.0247349829  -0.0101712834  -0.0009549443   0.0011968074
       -0.0000300503  -0.0003499608   0.0002211585  -0.0000565358  -0.0000298971
        0.0003502842  -0.0000211394   0.0000036125  -0.0000337955   0.0001743562
       -0.0000513169   0.0000335554  -0.0000088770   0.0000475538   0.0000099850
        0.0000196880
        0.0157838676  -0.0142668804   0.5139849498   0.0328172360  -0.0321733782
       -0.0847100381  -0.0066403632   0.0063301819   0.0032812695  -0.0020174237
       -0.0002812701  -0.0006749432  -0.0005718618   0.0002885779   0.0002411137
        0.0000351615   0.0001065618   0.0000210293  -0.0929794352  -0.0149724443
       -0.0892608436   0.0210959622   0.0258206529  -0.2772734702   0.0151903325
        0.0461513614  -0.0552681148   0.0212998825  -0.0208876336  -0.0144934333
       -0.0027955317   0.0029367860   0.0025450793   0.0000425494   0.0001860895
        0.0002191569  -0.0009827298   0.0005810735   0.0011280919   0.0000466289
        0.0000635069  -0.0000379717  -0.0001815745   0.0000917770   0.0002577545
       -0.0002166848   0.0000284192  -0.0000495341   0.0000739843  -0.0000033812
        0.0000899040
       -0.1219364435   0.0593291955   0.0328172360   0.4601991548   0.0177174257
       -0.0113581391  -0.1657106307  -0.0214369787  -0.0510893739  -0.0246107082
        0.0020882599  -0.0065867129  -0.0025461298   0.0025244803   0.0011319515
        0.0001205335   0.0001264685  -0.0000113756  -0.0224139130   0.0191583796
        0.0087664042  -0.0038805253   0.0037639140   0.0047026169   0.0050791211
       -0.0030592992  -0.0027357501  -0.0432202756  -0.0041132687   0.0183798625
       -0.0655304123  -0.0693017019   0.0158886378  -0.0144833689  -0.0056274141
       -0.0055657824  -0.0017023610   0.0001646359  -0.0033793910   0.0010346675
       -0.0007940392  -0.0002007005   0.0006016891  -0.0005634355  -0.0006068921
       -0.0009349564  -0.0000078136  -0.0003982108  -0.0000654413   0.0000311917
        0.0002456196
        0.0600228459  -0.1292774423  -0.0321733782   0.0177174257   0.5111510399
       -0.0176614837  -0.0209625190  -0.0683111619  -0.0066545699   0.0170253236
        0.0006289817   0.0064160454   0.0027035955  -0.0027364535  -0.0011855052
        0.0000501235   0.0003117743  -0.0000093023  -0.0004419029   0.0016535389
        0.0009621630  -0.0001378829   0.0010598693  -0.0020207545   0.0188952059
       -0.0254570131  -0.0101915012  -0.0043429042  -0.0484411802   0.0262813650
       -0.0697190330  -0.2356800915   0.0451648914  -0.0263805892  -0.0070661473
       -0.0113586650   0.0029808976   0.0011392081   0.0013689872   0.0012727340
        0.0007111428   0.0002693931   0.0000932715   0.0003401887   0.0004573833
        0.0012064256  -0.0000110933   0.0003717551   0.0000169825  -0.0000151604
       -0.0000368234
        0.0334530208  -0.0324706470  -0.0847100381  -0.0113581391  -0.0176614837
        0.5194358212  -0.0506835632  -0.0067289161  -0.0923352744   0.0061820523
        0.0014834148   0.0031124883   0.0013637756  -0.0013810956  -0.0004457513
        0.0000635405   0.0000140841   0.0000554572  -0.0081196256   0.0076350894
        0.0041641875   0.0211304857  -0.0210382770  -0.0150993500  -0.0036299171
        0.0027164006   0.0024568791   0.0182491954   0.0269294392  -0.2663801236
        0.0155234934   0.0447095041  -0.0565783749   0.0037358619   0.0002432125
        0.0028199710  -0.0281213401  -0.0041528934  -0.0180625712   0.0001919962
        0.0000787610   0.0001917397   0.0012858356  -0.0003124064   0.0008743313
        0.0006123509  -0.0000365058   0.0003789063   0.0001209768  -0.0000276809
        0.0001217018
       -0.0255519298   0.0024243273  -0.0066403632  -0.1657106307  -0.0209625190
       -0.0506835632   0.4612060107   0.0205617437  -0.0091309336  -0.1123263263
        0.0545230659   0.0322643757  -0.0274101129   0.0170849280   0.0061275935
       -0.0001339002   0.0014885311   0.0000906479  -0.0029052680   0.0027785924
        0.0012097700   0.0007510457  -0.0005948179  -0.0007025465   0.0010691350
       -0.0008652000  -0.0002121169  -0.0019709342   0.0001905233  -0.0035903734
       -0.0147702494  -0.0057440493  -0.0056563983  -0.0653770924  -0.0688686550
        0.0162077593  -0.0434205263  -0.0037064764   0.0193102235   0.0042306395
       -0.0026563460  -0.0023298922  -0.0040742806   0.0040463691   0.0045680658
       -0.0048276775   0.0002714342  -0.0019490098   0.0012220975   0.0000285487
        0.0011167614
        0.0176375944   0.0005047762   0.0063301819  -0.0214369787  -0.0683111619
       -0.0067289161   0.0205617437   0.5096614130  -0.0186335014   0.0552025949
       -0.1275893573  -0.0309845686   0.0030607361   0.0011379571   0.0016640206
       -0.0008616191   0.0007211741   0.0000587135   0.0040723822  -0.0021861462
       -0.0010212347  -0.0000485929   0.0003811018   0.0004899014   0.0012344850
        0.0008827915   0.0003055537   0.0030096223   0.0010991457   0.0013913600
       -0.0263693080  -0.0071679903  -0.0115147209  -0.0695459806  -0.2373961065
        0.0453014577  -0.0036701030  -0.0485466617   0.0255961630   0.0182537220
       -0.0252314941  -0.0100449039   0.0004794951   0.0009247022  -0.0018499488
       -0.0010714467   0.0009609026  -0.0004430521  -0.0005083467   0.0001549540
        0.0000834946
        0.0065436044   0.0012144378   0.0032812695  -0.0510893739  -0.0066545699
       -0.0923352744  -0.0091309336  -0.0186335014   0.5194904571   0.0327432407
       -0.0318467831  -0.0856702595  -0.0060939372   0.0076295528   0.0035821499
       -0.0001382531  -0.0003066509   0.0003852670   0.0023310159  -0.0014782436
        0.0001104351   0.0012798313  -0.0002065010   0.0010078157   0.0001136798
        0.0001092223   0.0001839865  -0.0283280395  -0.0043355296  -0.0180824434
        0.0038030820   0.0002324043   0.0027778473   0.0161904850   0.0450889508
       -0.0569506153   0.0192180770   0.0262553255  -0.2661220926  -0.0032054889
        0.0028159179   0.0026151424   0.0200846115  -0.0205197528  -0.0150221675
       -0.0031402635  -0.0000103761  -0.0003640536  -0.0011813379   0.0006460969
        0.0011125357
       -0.0045602931  -0.0004742557  -0.0020174237  -0.0246107082   0.0170253236
        0.0061820523  -0.1123263263   0.0552025949   0.0327432407   0.4520338867
        0.0145953482  -0.0090776292  -0.1659548045  -0.0024913561  -0.0537379697
       -0.0151689659  -0.0160251607  -0.0004009704  -0.0012283479   0.0010262633
        0.0003881223  -0.0000590408  -0.0000002960  -0.0001974839  -0.0001500308
       -0.0000941435  -0.0000045170   0.0007309830   0.0002054735   0.0008095680
        0.0006618721   0.0009947251   0.0003446761   0.0045223242  -0.0028233061
       -0.0026051397  -0.0044614823   0.0041602471   0.0044284206  -0.0635851696
       -0.0688585366   0.0164189742  -0.0429651636  -0.0022816565   0.0188194353
       -0.0213588603   0.0004043975  -0.0083417863  -0.0015198726  -0.0005656619
       -0.0037515697
       -0.0006301959   0.0001701207  -0.0002812701   0.0020882599   0.0006289817
        0.0014834148   0.0545230659  -0.1275893573  -0.0318467831   0.0145953482
        0.5036009181  -0.0229927558  -0.0087335138  -0.0579335448  -0.0076288136
       -0.0246429050  -0.0142218725  -0.0047766371  -0.0002570337   0.0002690581
       -0.0000568578   0.0000150712  -0.0000225265   0.0002270141   0.0000149905
        0.0004005968  -0.0000259578  -0.0003994579   0.0002103322  -0.0001107754
       -0.0011736608   0.0011025178  -0.0001052619   0.0191894970  -0.0255774150
       -0.0102373440   0.0004941275   0.0006429502  -0.0015180426  -0.0690394077
       -0.2364803473   0.0466766599  -0.0030112213  -0.0472101611   0.0245430296
        0.0174136448   0.0010452593   0.0079132763  -0.0004466088   0.0009644896
       -0.0012628956
       -0.0021051548  -0.0002272737  -0.0006749432  -0.0065867129   0.0064160454
        0.0031124883   0.0322643757  -0.0309845686  -0.0856702595  -0.0090776292
       -0.0229927558   0.5218316359  -0.0519690306  -0.0047360060  -0.0933653697
        0.0048921056   0.0004351909   0.0043775420  -0.0006879180   0.0003752425
        0.0003208194  -0.0001446882   0.0000572739   0.0002365789   0.0000504307
        0.0000950664  -0.0000366308  -0.0011893296   0.0005861962   0.0009020221
       -0.0000194356   0.0002158738   0.0001975825  -0.0032207372   0.0030030149
        0.0025796061   0.0209081510  -0.0212299452  -0.0155516799   0.0164525880
        0.0470883878  -0.0549868316   0.0202804192   0.0250541418  -0.2707615042
        0.0069279976  -0.0001240350   0.0039039696  -0.0267754317  -0.0030318493
       -0.0164150258
       -0.0010162035  -0.0002572271  -0.0005718618  -0.0025461298   0.0027035955
        0.0013637756  -0.0274101129   0.0030607361  -0.0060939372  -0.1659548045
       -0.0087335138  -0.0519690306   0.4220964311  -0.0856362249  -0.0059378695
       -0.0344734606  -0.0233284366   0.0098044771  -0.0003017760   0.0003331765
        0.0001406370  -0.0000216960   0.0000265380  -0.0000630598  -0.0000399943
       -0.0000097817   0.0000213176  -0.0001615238   0.0000901452   0.0002383775
       -0.0000361778   0.0002817633   0.0000319946   0.0008049364  -0.0009613747
       -0.0002045192   0.0004959525  -0.0002609366  -0.0007096122  -0.0133654227
       -0.0057785264  -0.0050374858  -0.0023346165  -0.0013127926  -0.0035818390
       -0.1351836133   0.1140985269   0.0486948734  -0.0405517884   0.0056843328
        0.0138737621
        0.0009626923  -0.0000807960   0.0002885779   0.0025244803  -0.0027364535
       -0.0013810956   0.0170849280   0.0011379571   0.0076295528  -0.0024913561
       -0.0579335448  -0.0047360060  -0.0856362249   0.3470874060   0.0505132819
       -0.0242066333  -0.0893719331   0.0214246630   0.0001719779  -0.0000654996
       -0.0000896270  -0.0000718116   0.0001021602   0.0000002402  -0.0000464716
        0.0001744763   0.0000580500  -0.0001807600   0.0000600987  -0.0000175422
       -0.0001776564   0.0001711098  -0.0000170248   0.0004683820  -0.0002740147
        0.0005900999  -0.0000842922   0.0006178453   0.0001489371  -0.0240669076
       -0.0071147343  -0.0096304555   0.0016869461   0.0001324533   0.0013775017
        0.1102109643  -0.1557105599  -0.0567246661   0.0038517426  -0.0361959708
       -0.0094344874
        0.0004801288   0.0000117104   0.0002411137   0.0011319515  -0.0011855052
       -0.0004457513   0.0061275935   0.0016640206   0.0035821499  -0.0537379697
       -0.0076288136  -0.0933653697  -0.0059378695   0.0505132819   0.4891940175
        0.0108367938   0.0229880937  -0.0350942237   0.0002312920  -0.0001253442
        0.0000078357  -0.0000424735   0.0000518664   0.0000640435  -0.0000295761
       -0.0000251978   0.0000190425   0.0001515732  -0.0000370488   0.0003225874
        0.0000785839   0.0000971043  -0.0000127347   0.0000024758   0.0002522575
        0.0002073738   0.0014363238  -0.0001495333   0.0010650595   0.0035625047
        0.0006819777   0.0022056014  -0.0294637850  -0.0037356611  -0.0179075811
        0.0496943138  -0.0570954745  -0.0682073942   0.0154781391  -0.0062777339
       -0.2818757703
        0.0001670779   0.0001272142   0.0000351615   0.0001205335   0.0000501235
        0.0000635405  -0.0001339002  -0.0008616191  -0.0001382531  -0.0151689659
       -0.0246429050   0.0048921056  -0.0344734606  -0.0242066333   0.0108367938
        0.0515338620   0.0553336930  -0.0160986711   0.0001111586  -0.0001089266
       -0.0000088155   0.0000327237  -0.0000463024   0.0000471175   0.0000303281
        0.0000161381  -0.0000229746   0.0001177478  -0.0000414406  -0.0000308596
        0.0001420936  -0.0000976820  -0.0000086264  -0.0014453623   0.0004226506
       -0.0000884324   0.0000092776  -0.0002604278   0.0004574039  -0.0052110644
       -0.0013133024  -0.0020109107   0.0010215602   0.0003926067   0.0000511976
        0.0053634218   0.0037355034  -0.0026578182  -0.0022170314  -0.0084986904
        0.0046820411
        0.0002086921   0.0002885273   0.0001065618   0.0001264685   0.0003117743
        0.0000140841   0.0014885311   0.0007211741  -0.0003066509  -0.0160251607
       -0.0142218725   0.0004351909  -0.0233284366  -0.0893719331   0.0229880937
        0.0553336930   0.1425918455  -0.0377965876   0.0002284605  -0.0001888301
        0.0000181146   0.0000316247  -0.0000907841   0.0000398554  -0.0000136507
       -0.0000427245  -0.0000489902   0.0001624834  -0.0000706103  -0.0000164266
        0.0004282664  -0.0001378248   0.0000356478   0.0000367001   0.0016099054
       -0.0003616515   0.0000634516  -0.0003643487   0.0005393462  -0.0029781592
        0.0000969337  -0.0015084161   0.0008715381   0.0007641312  -0.0008834913
       -0.0101040978  -0.0295805115   0.0082545432  -0.0065304043  -0.0123148517
        0.0084907765
       -0.0000626404  -0.0000162904   0.0000210293  -0.0000113756  -0.0000093023
        0.0000554572   0.0000906479   0.0000587135   0.0003852670  -0.0004009704
       -0.0047766371   0.0043775420   0.0098044771   0.0214246630  -0.0350942237
       -0.0160986711  -0.0377965876   0.0335492555  -0.0000566420   0.0000472841
       -0.0000139687  -0.0000144950   0.0000092657  -0.0000218687  -0.0000044667
        0.0000068504  -0.0000089856  -0.0000260119  -0.0000173169  -0.0000201240
       -0.0000882700   0.0000009066  -0.0000435489   0.0001657946  -0.0003676037
        0.0000621006  -0.0001475733   0.0001042170  -0.0002264826  -0.0016927240
       -0.0007220060   0.0001190439  -0.0000359940  -0.0008889213   0.0008569679
       -0.0016475808  -0.0011782772   0.0029602498   0.0102264956   0.0241210423
       -0.0069577110
       -0.2320755099  -0.0335504176  -0.0929794352  -0.0224139130  -0.0004419029
       -0.0081196256  -0.0029052680   0.0040723822   0.0023310159  -0.0012283479
       -0.0002570337  -0.0006879180  -0.0003017760   0.0001719779   0.0002312920
        0.0001111586   0.0002284605  -0.0000566420   0.2703710894   0.0364696874
        0.1074257580   0.0003058287  -0.0003277568  -0.0019945648  -0.0130273490
       -0.0057066057  -0.0060410020   0.0001602996  -0.0005098729  -0.0000084459
        0.0005322756  -0.0001950737  -0.0003496489   0.0003835725   0.0001458519
        0.0000218831   0.0002093047  -0.0000513287   0.0002476090   0.0000027048
        0.0000152787  -0.0000400155  -0.0000041207  -0.0000319181   0.0000253014
       -0.0001625604  -0.0000029420  -0.0000343347   0.0000426107  -0.0000287868
        0.0000287734
       -0.0338191789  -0.0485397508  -0.0149724443   0.0191583796   0.0016535389
        0.0076350894   0.0027785924  -0.0021861462  -0.0014782436   0.0010262633
        0.0002690581   0.0003752425   0.0003331765  -0.0000654996  -0.0001253442
       -0.0001089266  -0.0001888301   0.0000472841   0.0364696874   0.0553209682
        0.0189991389   0.0029765651   0.0011285436   0.0020722679  -0.0290242252
       -0.0081014439  -0.0132156892  -0.0002622053   0.0003722129   0.0003466482
        0.0003960740   0.0003674285   0.0003488422   0.0001238897  -0.0000265858
       -0.0000859854  -0.0000676624  -0.0000991391  -0.0000133284  -0.0000369406
        0.0000700537   0.0000256659  -0.0000313702   0.0000213484   0.0000275929
        0.0000982778   0.0000042226   0.0000277206  -0.0000103967   0.0000000206
       -0.0000144576
       -0.0932113311  -0.0148700801  -0.0892608436   0.0087664042   0.0009621630
        0.0041641875   0.0012097700  -0.0010212347   0.0001104351   0.0003881223
       -0.0000568578   0.0003208194   0.0001406370  -0.0000896270   0.0000078357
       -0.0000088155   0.0000181146  -0.0000139687   0.1074257580   0.0189991389
        0.1007949042  -0.0303615104  -0.0054255828  -0.0196205658   0.0050798805
        0.0011078931   0.0029510454   0.0005011355   0.0000414717   0.0004304290
       -0.0001407333   0.0003601635   0.0000357051   0.0000529338   0.0000390542
       -0.0000959453   0.0001829457  -0.0001308436   0.0001294202  -0.0000143026
        0.0000368635  -0.0000107627  -0.0000494894   0.0000359782   0.0000523243
        0.0000219978   0.0000068221   0.0000150196   0.0000165976  -0.0000134367
       -0.0000100396
       -0.0454747161  -0.0034733423   0.0210959622  -0.0038805253  -0.0001378829
        0.0211304857   0.0007510457  -0.0000485929   0.0012798313  -0.0000590408
        0.0000150712  -0.0001446882  -0.0000216960  -0.0000718116  -0.0000424735
        0.0000327237   0.0000316247  -0.0000144950   0.0003058287   0.0029765651
       -0.0303615104   0.0516580663   0.0011873807  -0.0264041369  -0.0007859666
       -0.0032370249   0.0118627911  -0.0026003005   0.0031974578   0.0023830421
        0.0004740016  -0.0006145447  -0.0003000477  -0.0000707090  -0.0001073215
        0.0000417077  -0.0004678872   0.0003630975  -0.0004033490   0.0000459964
       -0.0000498320   0.0000204577   0.0000977779  -0.0000376803  -0.0001059001
        0.0000449846  -0.0000032138  -0.0000114976  -0.0000495836   0.0000100500
       -0.0000261792
       -0.0037153417  -0.0467208763   0.0258206529   0.0037639140   0.0010598693
       -0.0210382770  -0.0005948179   0.0003811018  -0.0002065010  -0.0000002960
       -0.0000225265   0.0000572739   0.0000265380   0.0001021602   0.0000518664
       -0.0000463024  -0.0000907841   0.0000092657  -0.0003277568   0.0011285436
       -0.0054255828   0.0011873807   0.0527078580  -0.0280584342  -0.0036102724
       -0.0065925069   0.0318556698   0.0034311868  -0.0023818045  -0.0025868042
       -0.0001480583   0.0005434171  -0.0007304096  -0.0000366174  -0.0002008117
        0.0001729418   0.0001425401   0.0001172810   0.0001144562   0.0000021153
       -0.0000152285  -0.0000565532  -0.0000672572  -0.0000223336   0.0000275041
       -0.0000193375  -0.0000080424  -0.0000065168   0.0000123826   0.0000146837
       -0.0000005521
        0.0211224221   0.0256381942  -0.2772734702   0.0047026169  -0.0020207545
       -0.0150993500  -0.0007025465   0.0004899014   0.0010078157  -0.0001974839
        0.0002270141   0.0002365789  -0.0000630598   0.0000002402   0.0000640435
        0.0000471175   0.0000398554  -0.0000218687  -0.0019945648   0.0020722679
       -0.0196205658  -0.0264041369  -0.0280584342   0.3221979263   0.0014190947
        0.0042904588  -0.0110705916   0.0022601622  -0.0027525305  -0.0009130251
       -0.0004585222   0.0001464967   0.0003672618   0.0000694515   0.0001009702
       -0.0002474147   0.0004206240  -0.0001679602   0.0003838252  -0.0000413381
       -0.0000272998  -0.0000293992  -0.0001714891   0.0000202734  -0.0000244259
       -0.0000380611  -0.0000050726   0.0000016676   0.0000297135   0.0000063794
        0.0000409921
       -0.0672595449  -0.0707066171   0.0151903325   0.0050791211   0.0188952059
       -0.0036299171   0.0010691350   0.0012344850   0.0001136798  -0.0001500308
        0.0000149905   0.0000504307  -0.0000399943  -0.0000464716  -0.0000295761
        0.0000303281  -0.0000136507  -0.0000044667  -0.0130273490  -0.0290242252
        0.0050798805  -0.0007859666  -0.0036102724   0.0014190947   0.0770794258
        0.0799995889  -0.0190039773   0.0004973444  -0.0001403063  -0.0005180028
       -0.0020784785   0.0036910785   0.0012386876  -0.0004221936  -0.0000604130
        0.0001125183  -0.0000551725  -0.0000949065   0.0000040387  -0.0000072058
       -0.0001254061   0.0000093178   0.0000457803  -0.0000021579  -0.0000463350
        0.0000291466  -0.0000146214   0.0000097011  -0.0000043452   0.0000036994
        0.0000045932
       -0.0706037110  -0.2468116575   0.0461513614  -0.0030592992  -0.0254570131
        0.0027164006  -0.0008652000   0.0008827915   0.0001092223  -0.0000941435
        0.0004005968   0.0000950664  -0.0000097817   0.0001744763  -0.0000251978
        0.0000161381  -0.0000427245   0.0000068504  -0.0057066057  -0.0081014439
        0.0011078931  -0.0032370249  -0.0065925069   0.0042904588   0.0799995889
        0.2888673985  -0.0523576940  -0.0005552692   0.0005435791   0.0001559194
        0.0036575625  -0.0039207379  -0.0022788530   0.0007640357   0.0002445642
       -0.0000608686  -0.0000306067  -0.0002135619   0.0001280088  -0.0001623679
        0.0000830186  -0.0000398421  -0.0000624135  -0.0000349070  -0.0000216649
       -0.0000542197  -0.0000035594   0.0000080108   0.0000033179  -0.0000183130
        0.0000149286
        0.0150222617   0.0463675939  -0.0552681148  -0.0027357501  -0.0101915012
        0.0024568791  -0.0002121169   0.0003055537   0.0001839865  -0.0000045170
       -0.0000259578  -0.0000366308   0.0000213176   0.0000580500   0.0000190425
       -0.0000229746  -0.0000489902  -0.0000089856  -0.0060410020  -0.0132156892
        0.0029510454   0.0118627911   0.0318556698  -0.0110705916  -0.0190039773
       -0.0523576940   0.0604599804  -0.0003229806  -0.0007126200   0.0003408663
        0.0015259417  -0.0021614535   0.0000970456  -0.0001674805   0.0000084671
        0.0002093822   0.0000813248   0.0001651980  -0.0002557864  -0.0000034766
       -0.0000138726  -0.0000363741   0.0000181975  -0.0000495101  -0.0000128921
       -0.0000056920  -0.0000014764  -0.0000141429  -0.0000118670   0.0000182324
       -0.0000147098
       -0.0039480108   0.0007037663   0.0212998825  -0.0432202756  -0.0043429042
        0.0182491954  -0.0019709342   0.0030096223  -0.0283280395   0.0007309830
       -0.0003994579  -0.0011893296  -0.0001615238  -0.0001807600   0.0001515732
        0.0001177478   0.0001624834  -0.0000260119   0.0001602996  -0.0002622053
        0.0005011355  -0.0026003005   0.0034311868   0.0022601622   0.0004973444
       -0.0005552692  -0.0003229806   0.0553660208   0.0015196205  -0.0207917252
       -0.0003115776  -0.0030232697   0.0112669025   0.0009024928   0.0003245630
       -0.0001663554  -0.0050397618  -0.0005948240  -0.0035316687  -0.0000366824
        0.0000011287   0.0000766370  -0.0005945218   0.0001788745   0.0003542168
        0.0000204185   0.0000092962   0.0000712455   0.0000882816   0.0000181487
        0.0001251602
        0.0042778389   0.0007213087  -0.0208876336  -0.0041132687  -0.0484411802
        0.0269294392   0.0001905233   0.0010991457  -0.0043355296   0.0002054735
        0.0002103322   0.0005861962   0.0000901452   0.0000600987  -0.0000370488
       -0.0000414406  -0.0000706103  -0.0000173169  -0.0005098729   0.0003722129
        0.0000414717   0.0031974578  -0.0023818045  -0.0027525305  -0.0001403063
        0.0005435791  -0.0007126200   0.0015196205   0.0543222728  -0.0280719372
       -0.0041980632  -0.0070795537   0.0311789179  -0.0000488182   0.0001708377
       -0.0008017157  -0.0006726410   0.0006280793  -0.0010565906  -0.0001144770
       -0.0002004469   0.0001626544   0.0003997461   0.0001193395  -0.0001652056
        0.0000072545  -0.0000253425   0.0000057874  -0.0000491720  -0.0000482685
       -0.0000663382
        0.0042938813  -0.0012869231  -0.0144934333   0.0183798625   0.0262813650
       -0.2663801236  -0.0035903734   0.0013913600  -0.0180824434   0.0008095680
       -0.0001107754   0.0009020221   0.0002383775  -0.0000175422   0.0003225874
       -0.0000308596  -0.0000164266  -0.0000201240  -0.0000084459   0.0003466482
        0.0004304290   0.0023830421  -0.0025868042  -0.0009130251  -0.0005180028
        0.0001559194   0.0003408663  -0.0207917252  -0.0280719372   0.3107928244
        0.0022188726   0.0047182350  -0.0116001135   0.0005523800  -0.0001119326
        0.0004017149  -0.0035454966  -0.0009875533  -0.0018205580   0.0000007628
        0.0001309060  -0.0002673774  -0.0005489968   0.0001400584   0.0003470149
        0.0000097836   0.0000240479   0.0000235573   0.0001473698   0.0000013547
        0.0000161821
        0.0044779503   0.0194319134  -0.0027955317  -0.0655304123  -0.0697190330
        0.0155234934  -0.0147702494  -0.0263693080   0.0038030820   0.0006618721
       -0.0011736608  -0.0000194356  -0.0000361778  -0.0001776564   0.0000785839
        0.0001420936   0.0004282664  -0.0000882700   0.0005322756   0.0003960740
       -0.0001407333   0.0004740016  -0.0001480583  -0.0004585222  -0.0020784785
        0.0036575625   0.0015259417  -0.0003115776  -0.0041980632   0.0022188726
        0.0817047099   0.0788036996  -0.0173374724  -0.0056277886  -0.0016172336
       -0.0027962652   0.0009059927  -0.0000361274   0.0005045189  -0.0005519434
        0.0007777518  -0.0001939035  -0.0000613181  -0.0000511357   0.0001473285
        0.0000170308   0.0000428353   0.0000331658   0.0000520191  -0.0000478265
       -0.0000048531
       -0.0031892947  -0.0247349829   0.0029367860  -0.0693017019  -0.2356800915
        0.0447095041  -0.0057440493  -0.0071679903   0.0002324043   0.0009947251
        0.0011025178   0.0002158738   0.0002817633   0.0001711098   0.0000971043
       -0.0000976820  -0.0001378248   0.0000009066  -0.0001950737   0.0003674285
        0.0003601635  -0.0006145447   0.0005434171   0.0001464967   0.0036910785
       -0.0039207379  -0.0021614535  -0.0030232697  -0.0070795537   0.0047182350
        0.0788036996   0.2765744953  -0.0500144834  -0.0016431443  -0.0002442442
       -0.0011843098   0.0003388511   0.0001451305  -0.0001034473  -0.0001976922
        0.0002563754  -0.0000205537  -0.0001169356  -0.0001825413   0.0001055487
        0.0000053466   0.0000143151  -0.0000046718   0.0000079240  -0.0000268230
       -0.0000341035
       -0.0022405710  -0.0101712834   0.0025450793   0.0158886378   0.0451648914
       -0.0565783749  -0.0056563983  -0.0115147209   0.0027778473   0.0003446761
       -0.0001052619   0.0001975825   0.0000319946  -0.0000170248  -0.0000127347
       -0.0000086264   0.0000356478  -0.0000435489  -0.0003496489   0.0003488422
        0.0000357051  -0.0003000477  -0.0007304096   0.0003672618   0.0012386876
       -0.0022788530   0.0000970456   0.0112669025   0.0311789179  -0.0116001135
       -0.0173374724  -0.0500144834   0.0620990974  -0.0027998201  -0.0011651707
       -0.0002500411  -0.0001871597  -0.0007912025   0.0004026015   0.0000901363
       -0.0000539694   0.0002206198   0.0000362765   0.0001821638  -0.0002387349
        0.0000241540  -0.0000206600   0.0000148097  -0.0000417209  -0.0000474234
       -0.0000341021
        0.0006656356  -0.0009549443   0.0000425494  -0.0144833689  -0.0263805892
        0.0037358619  -0.0653770924  -0.0695459806   0.0161904850   0.0045223242
        0.0191894970  -0.0032207372   0.0008049364   0.0004683820   0.0000024758
       -0.0014453623   0.0000367001   0.0001657946   0.0003835725   0.0001238897
        0.0000529338  -0.0000707090  -0.0000366174   0.0000694515  -0.0004221936
        0.0007640357  -0.0001674805   0.0009024928  -0.0000488182   0.0005523800
       -0.0056277886  -0.0016431443  -0.0027998201   0.0820333766   0.0790651543
       -0.0176207618  -0.0001343967  -0.0039677099   0.0020933466  -0.0023400275
        0.0033429265   0.0012288437   0.0005437871  -0.0002035323  -0.0003935764
        0.0000626635  -0.0002145183   0.0000992270  -0.0000178497   0.0000052691
       -0.0000309734
        0.0009703873   0.0011968074   0.0001860895  -0.0056274141  -0.0070661473
        0.0002432125  -0.0688686550  -0.2373961065   0.0450889508  -0.0028233061
       -0.0255774150   0.0030030149  -0.0009613747  -0.0002740147   0.0002522575
        0.0004226506   0.0016099054  -0.0003676037   0.0001458519  -0.0000265858
        0.0000390542  -0.0001073215  -0.0002008117   0.0001009702  -0.0000604130
        0.0002445642   0.0000084671   0.0003245630   0.0001708377  -0.0001119326
       -0.0016172336  -0.0002442442  -0.0011651707   0.0790651543   0.2779708959
       -0.0502899051  -0.0030437199  -0.0067698496   0.0046545651   0.0031594362
       -0.0038527436  -0.0021263463  -0.0005582851   0.0004730396   0.0002696836
       -0.0003957744   0.0000482497   0.0001277676  -0.0000245459  -0.0003063815
        0.0000869254
        0.0003857397  -0.0000300503   0.0002191569  -0.0055657824  -0.0113586650
        0.0028199710   0.0162077593   0.0453014577  -0.0569506153  -0.0026051397
       -0.0102373440   0.0025796061  -0.0002045192   0.0005900999   0.0002073738
       -0.0000884324  -0.0003616515   0.0000621006   0.0000218831  -0.0000859854
       -0.0000959453   0.0000417077   0.0001729418  -0.0002474147   0.0001125183
       -0.0000608686   0.0002093822  -0.0001663554  -0.0008017157   0.0004017149
       -0.0027962652  -0.0011843098  -0.0002500411  -0.0176207618  -0.0502899051
        0.0623557964   0.0112092160   0.0310075578  -0.0115552240   0.0012753356
       -0.0021797241   0.0001686724  -0.0002504668  -0.0007043191   0.0003718047
        0.0000129381   0.0000298409  -0.0001448547   0.0000306251   0.0001926404
       -0.0001514839
        0.0007835570  -0.0003499608  -0.0009827298  -0.0017023610   0.0029808976
       -0.0281213401  -0.0434205263  -0.0036701030   0.0192180770  -0.0044614823
        0.0004941275   0.0209081510   0.0004959525  -0.0000842922   0.0014363238
        0.0000092776   0.0000634516  -0.0001475733   0.0002093047  -0.0000676624
        0.0001829457  -0.0004678872   0.0001425401   0.0004206240  -0.0000551725
       -0.0000306067   0.0000813248  -0.0050397618  -0.0006726410  -0.0035454966
        0.0009059927   0.0003388511  -0.0001871597  -0.0001343967  -0.0030437199
        0.0112092160   0.0552255096   0.0011451859  -0.0213868508   0.0005816145
       -0.0005376669  -0.0002994581  -0.0025410398   0.0031353574   0.0019431739
        0.0002043178  -0.0000562271  -0.0002305913  -0.0005928988   0.0002124689
       -0.0004986365
        0.0002031639   0.0002211585   0.0005810735   0.0001646359   0.0011392081
       -0.0041528934  -0.0037064764  -0.0485466617   0.0262553255   0.0041602471
        0.0006429502  -0.0212299452  -0.0002609366   0.0006178453  -0.0001495333
       -0.0002604278  -0.0003643487   0.0001042170  -0.0000513287  -0.0000991391
       -0.0001308436   0.0003630975   0.0001172810  -0.0001679602  -0.0000949065
       -0.0002135619   0.0001651980  -0.0005948240   0.0006280793  -0.0009875533
       -0.0000361274   0.0001451305  -0.0007912025  -0.0039677099  -0.0067698496
        0.0310075578   0.0011451859   0.0540478203  -0.0273429666  -0.0001303313
        0.0005345711  -0.0007726034   0.0031692830  -0.0022662954  -0.0025590659
       -0.0001705574  -0.0000447282   0.0000055603   0.0000680127   0.0002105403
        0.0001656356
        0.0008105439  -0.0000565358   0.0011280919  -0.0033793910   0.0013689872
       -0.0180625712   0.0193102235   0.0255961630  -0.2661220926   0.0044284206
       -0.0015180426  -0.0155516799  -0.0007096122   0.0001489371   0.0010650595
        0.0004574039   0.0005393462  -0.0002264826   0.0002476090  -0.0000133284
        0.0001294202  -0.0004033490   0.0001144562   0.0003838252   0.0000040387
        0.0001280088  -0.0002557864  -0.0035316687  -0.0010565906  -0.0018205580
        0.0005045189  -0.0001034473   0.0004026015   0.0020933466   0.0046545651
       -0.0115552240  -0.0213868508  -0.0273429666   0.3109001186  -0.0004293662
        0.0001800485   0.0003184041   0.0018675431  -0.0026090366  -0.0012275387
       -0.0002947699  -0.0000121691   0.0001637945   0.0004113595  -0.0000183950
        0.0003306178
       -0.0001680271  -0.0000298971   0.0000466289   0.0010346675   0.0012727340
        0.0001919962   0.0042306395   0.0182537220  -0.0032054889  -0.0635851696
       -0.0690394077   0.0164525880  -0.0133654227  -0.0240669076   0.0035625047
       -0.0052110644  -0.0029781592  -0.0016927240   0.0000027048  -0.0000369406
       -0.0000143026   0.0000459964   0.0000021153  -0.0000413381  -0.0000072058
       -0.0001623679  -0.0000034766  -0.0000366824  -0.0001144770   0.0000007628
       -0.0005519434  -0.0001976922   0.0000901363  -0.0023400275   0.0031594362
        0.0012753356   0.0005816145  -0.0001303313  -0.0004293662   0.0791959693
        0.0785438360  -0.0187883316   0.0000343836  -0.0036585525   0.0020569932
       -0.0001204832  -0.0006151760   0.0003907412   0.0002600503  -0.0002019344
        0.0001073412
       -0.0001011210   0.0003502842   0.0000635069  -0.0007940392   0.0007111428
        0.0000787610  -0.0026563460  -0.0252314941   0.0028159179  -0.0688585366
       -0.2364803473   0.0470883878  -0.0057785264  -0.0071147343   0.0006819777
       -0.0013133024   0.0000969337  -0.0007220060   0.0000152787   0.0000700537
        0.0000368635  -0.0000498320  -0.0000152285  -0.0000272998  -0.0001254061
        0.0000830186  -0.0000138726   0.0000011287  -0.0002004469   0.0001309060
        0.0007777518   0.0002563754  -0.0000539694   0.0033429265  -0.0038527436
       -0.0021797241  -0.0005376669   0.0005345711   0.0001800485   0.0785438360
        0.2764868925  -0.0525343429  -0.0028311041  -0.0062531651   0.0044252222
        0.0002018734   0.0005507615   0.0002005334   0.0001630855   0.0000081264
       -0.0001709102
       -0.0000004879  -0.0000211394  -0.0000379717  -0.0002007005   0.0002693931
        0.0001917397  -0.0023298922  -0.0100449039   0.0026151424   0.0164189742
        0.0466766599  -0.0549868316  -0.0050374858  -0.0096304555   0.0022056014
       -0.0020109107  -0.0015084161   0.0001190439  -0.0000400155   0.0000256659
       -0.0000107627   0.0000204577  -0.0000565532  -0.0000293992   0.0000093178
       -0.0000398421  -0.0000363741   0.0000766370   0.0001626544  -0.0002673774
       -0.0001939035  -0.0000205537   0.0002206198   0.0012288437  -0.0021263463
        0.0001686724  -0.0002994581  -0.0007726034   0.0003184041  -0.0187883316
       -0.0525343429   0.0603022840   0.0109994537   0.0300791932  -0.0110300365
        0.0002883828  -0.0001837967   0.0002884110  -0.0001408810  -0.0002746133
       -0.0000311655
       -0.0000461909   0.0000036125  -0.0001815745   0.0006016891   0.0000932715
        0.0012858356  -0.0040742806   0.0004794951   0.0200846115  -0.0429651636
       -0.0030112213   0.0202804192  -0.0023346165   0.0016869461  -0.0294637850
        0.0010215602   0.0008715381  -0.0000359940  -0.0000041207  -0.0000313702
       -0.0000494894   0.0000977779  -0.0000672572  -0.0001714891   0.0000457803
       -0.0000624135   0.0000181975  -0.0005945218   0.0003997461  -0.0005489968
       -0.0000613181  -0.0001169356   0.0000362765   0.0005437871  -0.0005582851
       -0.0002504668  -0.0025410398   0.0031692830   0.0018675431   0.0000343836
       -0.0028311041   0.0109994537   0.0545126291   0.0007325156  -0.0203140964
        0.0005641874  -0.0001603618  -0.0003885912  -0.0048005428  -0.0005974594
       -0.0031678541
        0.0000264503  -0.0000337955   0.0000917770  -0.0005634355   0.0003401887
       -0.0003124064   0.0040463691   0.0009247022  -0.0205197528  -0.0022816565
       -0.0472101611   0.0250541418  -0.0013127926   0.0001324533  -0.0037356611
        0.0003926067   0.0007641312  -0.0008889213  -0.0000319181   0.0000213484
        0.0000359782  -0.0000376803  -0.0000223336   0.0000202734  -0.0000021579
       -0.0000349070  -0.0000495101   0.0001788745   0.0001193395   0.0001400584
       -0.0000511357  -0.0001825413   0.0001821638  -0.0002035323   0.0004730396
       -0.0007043191   0.0031353574  -0.0022662954  -0.0026090366  -0.0036585525
       -0.0062531651   0.0300791932   0.0007325156   0.0525210993  -0.0261886814
        0.0002265560  -0.0000504668   0.0004136082  -0.0005958683   0.0007573634
       -0.0010089053
       -0.0001803136   0.0001743562   0.0002577545  -0.0006068921   0.0004573833
        0.0008743313   0.0045680658  -0.0018499488  -0.0150221675   0.0188194353
        0.0245430296  -0.2707615042  -0.0035818390   0.0013775017  -0.0179075811
        0.0000511976  -0.0008834913   0.0008569679   0.0000253014   0.0000275929
        0.0000523243  -0.0001059001   0.0000275041  -0.0000244259  -0.0000463350
       -0.0000216649  -0.0000128921   0.0003542168  -0.0001652056   0.0003470149
        0.0001473285   0.0001055487  -0.0002387349  -0.0003935764   0.0002696836
        0.0003718047   0.0019431739  -0.0025590659  -0.0012275387   0.0020569932
        0.0044252222  -0.0110300365  -0.0203140964  -0.0261886814   0.3143832600
        0.0003724514   0.0002205914   0.0001981210  -0.0031092113   0.0000396443
       -0.0011166977
       -0.0004856835  -0.0000513169  -0.0002166848  -0.0009349564   0.0012064256
        0.0006123509  -0.0048276775  -0.0010714467  -0.0031402635  -0.0213588603
        0.0174136448   0.0069279976  -0.1351836133   0.1102109643   0.0496943138
        0.0053634218  -0.0101040978  -0.0016475808  -0.0001625604   0.0000982778
        0.0000219978   0.0000449846  -0.0000193375  -0.0000380611   0.0000291466
       -0.0000542197  -0.0000056920   0.0000204185   0.0000072545   0.0000097836
        0.0000170308   0.0000053466   0.0000241540   0.0000626635  -0.0003957744
        0.0000129381   0.0002043178  -0.0001705574  -0.0002947699  -0.0001204832
        0.0002018734   0.0002883828   0.0005641874   0.0002265560   0.0003724514
        0.1582260779  -0.1203205306  -0.0550353008  -0.0014584145   0.0028169380
        0.0024139831
       -0.0000280662   0.0000335554   0.0000284192  -0.0000078136  -0.0000110933
       -0.0000365058   0.0002714342   0.0009609026  -0.0000103761   0.0004043975
        0.0010452593  -0.0001240350   0.1140985269  -0.1557105599  -0.0570954745
        0.0037355034  -0.0295805115  -0.0011782772  -0.0000029420   0.0000042226
        0.0000068221  -0.0000032138  -0.0000080424  -0.0000050726  -0.0000146214
       -0.0000035594  -0.0000014764   0.0000092962  -0.0000253425   0.0000240479
        0.0000428353   0.0000143151  -0.0000206600  -0.0002145183   0.0000482497
        0.0000298409  -0.0000562271  -0.0000447282  -0.0000121691  -0.0006151760
        0.0005507615  -0.0001837967  -0.0001603618  -0.0000504668   0.0002205914
       -0.1203205306   0.1835482788   0.0614893653   0.0028614772  -0.0007712409
       -0.0031312433
       -0.0001705000  -0.0000088770  -0.0000495341  -0.0003982108   0.0003717551
        0.0003789063  -0.0019490098  -0.0004430521  -0.0003640536  -0.0083417863
        0.0079132763   0.0039039696   0.0486948734  -0.0567246661  -0.0682073942
       -0.0026578182   0.0082545432   0.0029602498  -0.0000343347   0.0000277206
        0.0000150196  -0.0000114976  -0.0000065168   0.0000016676   0.0000097011
        0.0000080108  -0.0000141429   0.0000712455   0.0000057874   0.0000235573
        0.0000331658  -0.0000046718   0.0000148097   0.0000992270   0.0001277676
       -0.0001448547  -0.0002305913   0.0000055603   0.0001637945   0.0003907412
        0.0002005334   0.0002884110  -0.0003885912   0.0004136082   0.0001981210
       -0.0550353008   0.0614893653   0.0739923879   0.0199186867  -0.0216301445
       -0.0131609150
       -0.0000062560   0.0000475538   0.0000739843  -0.0000654413   0.0000169825
        0.0001209768   0.0012220975  -0.0005083467  -0.0011813379  -0.0015198726
       -0.0004466088  -0.0267754317  -0.0405517884   0.0038517426   0.0154781391
       -0.0022170314  -0.0065304043   0.0102264956   0.0000426107  -0.0000103967
        0.0000165976  -0.0000495836   0.0000123826   0.0000297135  -0.0000043452
        0.0000033179  -0.0000118670   0.0000882816  -0.0000491720   0.0001473698
        0.0000520191   0.0000079240  -0.0000417209  -0.0000178497  -0.0000245459
        0.0000306251  -0.0005928988   0.0000680127   0.0004113595   0.0002600503
        0.0001630855  -0.0001408810  -0.0048005428  -0.0005958683  -0.0031092113
       -0.0014584145   0.0028614772   0.0199186867   0.0496189650   0.0011328638
       -0.0151934981
       -0.0000031516   0.0000099850  -0.0000033812   0.0000311917  -0.0000151604
       -0.0000276809   0.0000285487   0.0001549540   0.0006460969  -0.0005656619
        0.0009644896  -0.0030318493   0.0056843328  -0.0361959708  -0.0062777339
       -0.0084986904  -0.0123148517   0.0241210423  -0.0000287868   0.0000000206
       -0.0000134367   0.0000100500   0.0000146837   0.0000063794   0.0000036994
       -0.0000183130   0.0000182324   0.0000181487  -0.0000482685   0.0000013547
       -0.0000478265  -0.0000268230  -0.0000474234   0.0000052691  -0.0003063815
        0.0001926404   0.0002124689   0.0002105403  -0.0000183950  -0.0002019344
        0.0000081264  -0.0002746133  -0.0005974594   0.0007573634   0.0000396443
        0.0028169380  -0.0007712409  -0.0216301445   0.0011328638   0.0475768467
        0.0062992678
        0.0000755286   0.0000196880   0.0000899040   0.0002456196  -0.0000368234
        0.0001217018   0.0011167614   0.0000834946   0.0011125357  -0.0037515697
       -0.0012628956  -0.0164150258   0.0138737621  -0.0094344874  -0.2818757703
        0.0046820411   0.0084907765  -0.0069577110   0.0000287734  -0.0000144576
       -0.0000100396  -0.0000261792  -0.0000005521   0.0000409921   0.0000045932
        0.0000149286  -0.0000147098   0.0001251602  -0.0000663382   0.0000161821
       -0.0000048531  -0.0000341035  -0.0000341021  -0.0000309734   0.0000869254
       -0.0001514839  -0.0004986365   0.0001656356   0.0003306178   0.0001073412
       -0.0001709102  -0.0000311655  -0.0031678541  -0.0010089053  -0.0011166977
        0.0024139831  -0.0031312433  -0.0131609150  -0.0151934981   0.0062992678
        0.3180556871
