           1           2   1.01938201685099     
           2           3   1.00785707451722     
           3           4   1.00724600727166     
           4           5   1.01952541770314     
           5           6  0.917903576457918     
           1           7  0.987066192082735     
           1           8  0.987639746237969     
           1           9  0.987837672179382     
           2          10  0.978407491965002     
           2          11  0.978140191665671     
           3          12  0.975909164953811     
           3          13  0.976593821351354     
           4          14  0.963614662637956     
           4          15  0.973852331468358     
           5          16  0.976757192254767     
           5          17  0.976377667088948     
