           1           2   1.00115964377602     
           2           3  0.956431183201078     
           2           4  0.961054139794192     
           4           5   1.28679802128205     
           5           6   1.57168277400935     
           6           7   1.26540339316767     
           7           8   1.30744703633264     
           8           9   1.44982334148828     
           9          10   1.27384787547704     
           8          11  0.114443047123025     
          10          11   1.55391097311430     
           7          12   1.24094686942862     
          11          12   1.28258057455402     
           4          13   1.52477080903866     
           6          13  0.112994962396344     
          12          13   1.28082374022922     
           9          14   1.05529208847770     
          14          15  0.971191280814716     
           2          16  0.950433613507703     
          16          17   1.70166227257906     
          16          18   1.17724136404648     
          17          18  0.170123174603234     
           1          19  0.985566989962097     
           1          20  0.982560766661617     
           1          21  0.983685149198308     
           5          22  0.967020472726797     
           6          23  0.967121950214361     
           8          24  0.965701742173633     
          10          25  0.964385485282895     
          11          26  0.967188096711184     
          13          27  0.963293062178451     
          15          28  0.976748456071319     
          15          29  0.977572397948941     
          15          30  0.976804903353638     
          18          31  0.801533046090398     
