           1           2   1.02131907403000     
           2           3  0.988914363155989     
           3           4  0.978792208280846     
           4           5   1.68819107702007     
           4           6   1.17232242091321     
           5           6  0.169895226943254     
           6           7  0.920107198691301     
           7           8   1.01953152300711     
           1           9  0.986815121422960     
           1          10  0.987274289962056     
           1          11  0.985763494338249     
           2          12  0.976141574130507     
           2          13  0.975590679420967     
           3          14  0.946943671648915     
           3          15  0.972422490619575     
           7          16  0.969323990315694     
           7          17  0.968485295718084     
           8          18  0.983845842508208     
           8          19  0.980172381426236     
           8          20  0.983323849713897     
