           1           2   1.02048735304352     
           2           3   1.00867514780889     
           3           4   1.02881055899579     
           4           5  0.939242235925385     
           1           6  0.985712139728902     
           1           7  0.986927822720334     
           1           8  0.986456708806983     
           2           9  0.976775535334575     
           2          10  0.972317138205672     
           3          11  0.975744741397922     
           3          12  0.957112392144360     
           4          13  0.977699952990130     
           4          14  0.981252279542054     
