           1           2   1.02030704580306     
           2           3   1.00694964700018     
           3           4   1.00499641872093     
           4           5  0.985010671024852     
           5           6   1.68380380975193     
           5           7   1.16791021916048     
           6           7  0.168425395454622     
           7           8  0.939335703182072     
           1           9  0.985658328808573     
           1          10  0.986703860941696     
           1          11  0.987130304722462     
           2          12  0.977248766944340     
           2          13  0.977464995003738     
           3          14  0.976780959212629     
           3          15  0.975045527682181     
           4          16  0.934995279836466     
           4          17  0.956484648642946     
           8          18  0.976602799321077     
           8          19  0.976047325493272     
           8          20  0.976474928276287     
