           1           2   1.02138441720455     
           2           3  0.987375127311346     
           3           4  0.978529673062339     
           4           5   1.68871690118908     
           4           6   1.17215886354450     
           5           6  0.170059223583551     
           6           7  0.920027014971167     
           7           8   1.01946605327073     
           1           9  0.986767364458025     
           1          10  0.987331549232942     
           1          11  0.985713734146850     
           2          12  0.976226220509207     
           2          13  0.975498808669635     
           3          14  0.948551649755291     
           3          15  0.972686357168712     
           7          16  0.969371647066765     
           7          17  0.968373167543816     
           8          18  0.980175789235188     
           8          19  0.983272469784403     
           8          20  0.983918238985089     
