           1           2  0.991409370111913     
           2           3  0.960248801348114     
           2           4  0.963793359414707     
           4           5   1.29899433769619     
           5           6   1.55868672394179     
           6           7   1.27859710793998     
           7           8   1.27988901938665     
           8           9   1.47720166344134     
           9          10   1.24566298009565     
           8          11  0.105137104893396     
          10          11   1.58723767902248     
           7          12   1.25141946701668     
          11          12   1.26161316030062     
           4          13   1.51684892757586     
           6          13  0.112455180209399     
          12          13   1.29004808064595     
           9          14   1.05806899325524     
          14          15  0.971516414511376     
           2          16  0.958402059672324     
          16          17   1.69047592786820     
          16          18   1.19100697832581     
          17          18  0.172062609343599     
           1          19  0.984536254317844     
           1          20  0.985055400714280     
           1          21  0.981869453627589     
           5          22  0.964772593900755     
           6          23  0.967195767134669     
           8          24  0.962666171320308     
          10          25  0.967196487265888     
          11          26  0.966643372143238     
          13          27  0.965028225461009     
          15          28  0.976403497700868     
          15          29  0.977854856276870     
          15          30  0.976485872513444     
          18          31  0.802000726157289     
