           1           2   1.01749364599996     
           2           3  0.974494546552649     
           3           4  0.978878288075605     
           4           5   1.68884432091768     
           4           6   1.17189932088074     
           5           6  0.170948174518537     
           6           7  0.918144126906576     
           7           8   1.01953376694303     
           1           9  0.986844980611550     
           1          10  0.986515234563415     
           1          11  0.984297122418366     
           2          12  0.978086483576534     
           2          13  0.978843269421597     
           3          14  0.968773509607132     
           3          15  0.964800602562183     
           7          16  0.968297009917255     
           7          17  0.969368614664190     
           8          18  0.983863306924586     
           8          19  0.983282350201886     
           8          20  0.980016161236179     
