$hessian                                                                        
        0.4683101697  -0.0069326489   0.0218854174  -0.1835350110  -0.0114639524
        0.0480989698  -0.0227707323  -0.0082156547   0.0024334792  -0.0007782375
       -0.0023569538  -0.0022805844   0.0000231143   0.0002821693   0.0001646724
       -0.0011587013   0.0000733537  -0.0000322652   0.0000410246   0.0002463016
       -0.0000427292   0.0000085804   0.0000276175   0.0000589600  -0.0426698564
        0.0038617730  -0.0084180508  -0.0939276014   0.0992036372   0.0015150026
       -0.1028799546  -0.0754984617  -0.0746072379  -0.0034303125  -0.0016412453
        0.0034176056  -0.0189730963   0.0011642641   0.0067905002   0.0005891597
        0.0004140039   0.0005199483   0.0012456139   0.0008839198   0.0005407817
        0.0000166398   0.0000148984  -0.0000089469  -0.0000775866  -0.0000193592
        0.0000130182  -0.0000433932   0.0000175841   0.0000056428   0.0000037592
       -0.0000293549   0.0000040923   0.0000064217  -0.0000318917  -0.0000582761
       -0.0069326489   0.5249419873   0.0038107488  -0.0116772775  -0.0675513024
        0.0073594367  -0.0193069897  -0.0053030410   0.0036786098  -0.0002442675
       -0.0022942938  -0.0028002002  -0.0002908278   0.0001493890   0.0008521556
       -0.0018040660   0.0003530957  -0.0001991834  -0.0001238295   0.0002266817
       -0.0000994199  -0.0000956874  -0.0000134527   0.0000287665   0.0041610866
       -0.0805482181   0.0853250903   0.0986702591  -0.2333086960  -0.0043802251
       -0.0751168894  -0.1381543277  -0.0909898272  -0.0116785659  -0.0011420665
        0.0059787590   0.0251716001   0.0012812016  -0.0094318039   0.0003368108
        0.0003035087   0.0002520857  -0.0010412995   0.0010275672   0.0005839592
        0.0000568894   0.0000135995  -0.0000038800  -0.0000490186  -0.0000048307
        0.0000141465  -0.0000093829   0.0000377437   0.0000279964  -0.0000148952
        0.0000171844  -0.0000270270  -0.0000110001  -0.0000317299   0.0000198121
        0.0218854174   0.0038107488   0.5174403024   0.0471535857   0.0072231812
       -0.0836509902  -0.0152636174  -0.0040658385   0.0041904020   0.0005344644
       -0.0017563197  -0.0032081079  -0.0005185957  -0.0002080731   0.0017750154
       -0.0014378205   0.0003336312   0.0000170019  -0.0001494935   0.0003089323
       -0.0000767477  -0.0001527397   0.0000073016  -0.0000222925  -0.0088657916
        0.0853442333  -0.2486524913   0.0017772483  -0.0046460924  -0.0448193210
       -0.0740628177  -0.0907203519  -0.1317261239   0.0271510058   0.0046587831
       -0.0127121358   0.0029053666  -0.0002975011   0.0000179523  -0.0007432134
       -0.0004148003   0.0009363209  -0.0002502015   0.0004326536   0.0003989354
        0.0000348994  -0.0000300130   0.0000098910  -0.0000020515  -0.0000062296
        0.0000183923  -0.0000091360   0.0000246012   0.0000422340   0.0000139174
       -0.0000036554  -0.0000050878  -0.0000004266   0.0000048084   0.0000268506
       -0.1835350110  -0.0116772775   0.0471535857   0.4632898600  -0.0301254118
       -0.0086333587  -0.0848989547  -0.0402630720  -0.0426831866  -0.0235979468
       -0.0192553523  -0.0072912284  -0.0000143976   0.0019862114  -0.0037331197
       -0.0033856085  -0.0005136359   0.0017865782  -0.0008879882   0.0012321224
       -0.0000800322  -0.0001228192  -0.0000131839   0.0000849571  -0.0026992628
       -0.0019160546   0.0041292491  -0.0191666824   0.0018984045   0.0067210845
       -0.0188112207  -0.0041558360   0.0047946834  -0.0416211528   0.0056142680
       -0.0066067043  -0.0883039086   0.0940626188   0.0035978693  -0.0026254511
       -0.0028648932  -0.0046889163   0.0064506439   0.0058928713   0.0054807876
        0.0001648200   0.0000587654  -0.0000913603  -0.0000840580  -0.0000096790
        0.0000369190  -0.0000385132   0.0001093247   0.0000639130  -0.0000503611
       -0.0000076010  -0.0000294929  -0.0000619872  -0.0000525892  -0.0000122277
       -0.0114639524  -0.0675513024   0.0072231812  -0.0301254118   0.5095645629
       -0.0277040318  -0.0345093210  -0.1103541756  -0.0456308434  -0.0114846693
       -0.0053599320   0.0000609049   0.0004634729   0.0017384665  -0.0019522818
        0.0014577104  -0.0008046783   0.0007093108  -0.0000687277  -0.0001161343
        0.0000194702  -0.0000232419  -0.0001733908  -0.0000572319  -0.0119013115
       -0.0015779544   0.0057879872   0.0254198284   0.0013946691  -0.0097573937
       -0.0183601555  -0.0031003749   0.0053918336   0.0052156660  -0.0822530685
        0.0840978246   0.0936205522  -0.2258775907  -0.0045478487   0.0044990989
        0.0063772907   0.0044788403  -0.0128537439  -0.0221544465  -0.0181068901
        0.0000049557   0.0000683257  -0.0000372379   0.0000378375   0.0000558707
        0.0000106700   0.0000033945   0.0000116128  -0.0000034105   0.0000316329
        0.0000196583   0.0000659874   0.0000363857   0.0000925917  -0.0000488405
        0.0480989698   0.0073594367  -0.0836509902  -0.0086333587  -0.0277040318
        0.5028339286  -0.0343153351  -0.0420039611  -0.1119578541  -0.0066113248
        0.0048897863   0.0091252213   0.0023275537   0.0010754895  -0.0032300040
        0.0047140283  -0.0012705937   0.0016932227  -0.0002144079  -0.0008341978
        0.0000889703   0.0001876380  -0.0000455152  -0.0001646298   0.0275275709
        0.0047165046  -0.0138046824   0.0025516932  -0.0012233284  -0.0004409979
       -0.0153314165  -0.0025123625   0.0053886145  -0.0067558001   0.0849852837
       -0.2373823106   0.0035818228  -0.0059962019  -0.0460903511  -0.0153465928
       -0.0157250859  -0.0200071898  -0.0017803204  -0.0058897075  -0.0024650680
       -0.0001259507   0.0000774331  -0.0000204024   0.0001015035   0.0000795367
        0.0000104936   0.0000720276  -0.0000180433  -0.0000255516  -0.0000362280
       -0.0000065797   0.0000445171  -0.0000120730   0.0000461384   0.0000550638
       -0.0227707323  -0.0193069897  -0.0152636174  -0.0848989547  -0.0345093210
       -0.0343153351   0.4560348401  -0.0368306442   0.0079823324  -0.1454181614
       -0.0163580779   0.0445080522  -0.0086451974  -0.0075775985   0.0172713915
       -0.0545868279   0.0012111158  -0.0025896643   0.0008560918   0.0006304198
       -0.0036718518  -0.0007317939   0.0001280968   0.0002850914   0.0010888831
        0.0003085549  -0.0006638486   0.0010213062  -0.0006651614  -0.0005040480
       -0.0065280380  -0.0016388542   0.0014452033  -0.0027302278  -0.0021960540
       -0.0053959380   0.0055201640   0.0044496310   0.0053240681  -0.0455172330
        0.0124547577  -0.0245765694  -0.0913203283   0.1000682774   0.0094501293
        0.0000541585   0.0000459972   0.0001764584  -0.0013355179  -0.0002506469
        0.0004340286  -0.0001575353   0.0002201582   0.0001971900   0.0000346793
       -0.0000465048  -0.0000633754   0.0000304248  -0.0001371561  -0.0000296972
       -0.0082156547  -0.0053030410  -0.0040658385  -0.0402630720  -0.1103541756
       -0.0420039611  -0.0368306442   0.4800822353  -0.0440800842  -0.0125132373
       -0.0707060692   0.0038101694  -0.0165915725   0.0063714378   0.0189508300
        0.0052613538   0.0077795883   0.0001806489   0.0024589123   0.0059041658
        0.0027660835  -0.0013052694  -0.0001705137   0.0004079544   0.0002593781
        0.0001312873  -0.0004284907   0.0008455516   0.0011840824   0.0002956134
       -0.0016643474   0.0004388242   0.0006273064   0.0037654126   0.0059253714
        0.0042622451  -0.0144417263  -0.0215830608  -0.0183146925   0.0137205540
       -0.0822387300   0.0876830058   0.1038806679  -0.2178696701  -0.0100946618
        0.0007132526  -0.0000094099   0.0001914710   0.0011244645   0.0002356643
       -0.0002935065  -0.0001418981   0.0002700483   0.0001980411  -0.0000283439
        0.0000374217  -0.0000976843  -0.0000337816  -0.0001254566   0.0000055505
        0.0024334792   0.0036786098   0.0041904020  -0.0426831866  -0.0456308434
       -0.1119578541   0.0079823324  -0.0440800842   0.5177486808   0.0479270380
        0.0063132938  -0.0832033822   0.0381276244   0.0173098632  -0.0303285583
       -0.0177683568   0.0005670463   0.0074264641  -0.0014819293   0.0029967904
       -0.0009388104  -0.0008217560  -0.0001273908   0.0001775955   0.0009490638
        0.0003886731   0.0011553090   0.0001634315   0.0004424468   0.0002545991
        0.0022744315   0.0007991962   0.0004971340  -0.0163397825  -0.0173650809
       -0.0224872409  -0.0017812334  -0.0039845765  -0.0018512111  -0.0274726678
        0.0876965436  -0.2376540129   0.0089290831  -0.0091958815  -0.0431369842
        0.0000972438  -0.0000073631  -0.0002113783  -0.0004221195  -0.0000653561
        0.0001479239  -0.0001484148   0.0002533258   0.0001854294   0.0000155021
       -0.0000650973   0.0000266364   0.0000202169   0.0000758845  -0.0000407418
       -0.0007782375  -0.0002442675   0.0005344644  -0.0235979468  -0.0114846693
       -0.0066113248  -0.1454181614  -0.0125132373   0.0479270380   0.4962179513
        0.0370529710  -0.0777874226  -0.0962983670  -0.0467999880   0.1128370638
       -0.1640128145   0.0273073638  -0.0649432200  -0.0483662660   0.0032167053
       -0.0162538146   0.0014697895  -0.0008890678  -0.0017665362  -0.0001663192
       -0.0000376798  -0.0006489734  -0.0000293586  -0.0005586974  -0.0002243080
        0.0005133929   0.0001732775   0.0002866426  -0.0005816512  -0.0004730726
       -0.0001609148   0.0005548620   0.0011935783   0.0005394509   0.0036549631
        0.0003706173   0.0004475239  -0.0181740117   0.0018957519   0.0054556945
        0.0005262921   0.0012834317  -0.0012772050  -0.0055720547  -0.0000054077
        0.0010118985   0.0006536659   0.0002088347  -0.0000127322  -0.0004694436
        0.0000769908   0.0001952036  -0.0001262845   0.0002265650   0.0004514713
       -0.0023569538  -0.0022942938  -0.0017563197  -0.0192553523  -0.0053599320
        0.0048897863  -0.0163580779  -0.0707060692   0.0063132938   0.0370529710
        0.2872521722  -0.2297413506  -0.0400190359  -0.1418145518   0.1914388328
        0.0301087900  -0.0690151677   0.0374991533   0.0038494967   0.0034611642
       -0.0055864806  -0.0001330838  -0.0002359773   0.0011853209   0.0000410270
       -0.0000245651  -0.0001150559   0.0002120204  -0.0001325030  -0.0001496559
       -0.0009943171   0.0000163765   0.0002296980   0.0007902568   0.0007582260
        0.0008469591  -0.0009625527  -0.0008783483  -0.0001318088  -0.0103230376
       -0.0027518742   0.0070611601   0.0241112783   0.0021762116  -0.0117623109
       -0.0021902205   0.0003386092  -0.0003651870  -0.0037403464  -0.0006252438
        0.0004803295  -0.0004834158   0.0000182547  -0.0000308580   0.0004835847
       -0.0006583006   0.0002773975   0.0001669690   0.0004758126  -0.0005829040
       -0.0022805844  -0.0028002002  -0.0032081079  -0.0072912284   0.0000609049
        0.0091252213   0.0445080522   0.0038101694  -0.0832033822  -0.0777874226
       -0.2297413506   0.7614845652   0.0960791916   0.1897689578  -0.5336188618
       -0.0730848314   0.0399354358  -0.1454011460  -0.0128604053  -0.0088060805
        0.0128793902   0.0035989662   0.0012584595  -0.0015822110   0.0001603725
        0.0001348397  -0.0000382637   0.0001585816   0.0002292952   0.0001395998
       -0.0018010102  -0.0005938608   0.0002951837  -0.0026914729  -0.0001043838
       -0.0010186622  -0.0007248017  -0.0009437091   0.0003949628   0.0223280819
        0.0061332068  -0.0151939431   0.0059909208   0.0000323301   0.0004535872
        0.0028014413   0.0021844713   0.0013594027   0.0017185886   0.0017613393
       -0.0015630953   0.0010697471  -0.0010957399  -0.0007717378  -0.0003593332
        0.0001661860  -0.0000688188   0.0004671463  -0.0013902711  -0.0004636831
        0.0000231143  -0.0002908278  -0.0005185957  -0.0000143976   0.0004634729
        0.0023275537  -0.0086451974  -0.0165915725   0.0381276244  -0.0962983670
       -0.0400190359   0.0960791916   0.1076844298   0.0395283193  -0.0927684061
        0.0007120999   0.0170995217  -0.0425566431   0.0012780681   0.0009725407
       -0.0041134274  -0.0000837645   0.0006746521   0.0000583689   0.0000600546
        0.0000647658   0.0000548112   0.0001611961   0.0000413117   0.0000487305
       -0.0001925346  -0.0001063865  -0.0001323294   0.0003792619   0.0005548137
        0.0004379710   0.0001082405  -0.0002538551   0.0001744882  -0.0073182576
       -0.0019427195   0.0041731272   0.0008605121  -0.0007974747   0.0000051126
        0.0002103572   0.0005913639  -0.0004443272   0.0010139859   0.0008904313
       -0.0005377208   0.0001157756  -0.0003074671  -0.0000654644   0.0000959661
       -0.0000496469  -0.0001536419  -0.0001505433  -0.0005222072  -0.0001964235
        0.0002821693   0.0001493890  -0.0002080731   0.0019862114   0.0017384665
        0.0010754895  -0.0075775985   0.0063714378   0.0173098632  -0.0467999880
       -0.1418145518   0.1897689578   0.0395283193   0.1293448276  -0.2543161386
        0.0156212324   0.0067050515   0.0469432390  -0.0016614483  -0.0035999979
       -0.0020904372   0.0013185637   0.0004543609  -0.0010702537   0.0000212822
        0.0000159876   0.0000689291  -0.0000273353   0.0000908069   0.0000721603
       -0.0000136080  -0.0000663549  -0.0000325215   0.0001336947  -0.0003607529
       -0.0002294647   0.0003018886   0.0000295933  -0.0001983868  -0.0024451482
        0.0010331659   0.0016696427  -0.0014680194  -0.0000757602   0.0018137208
        0.0006418175  -0.0002322334  -0.0004345406  -0.0000269058   0.0002201131
       -0.0003177929   0.0003170822  -0.0002173998  -0.0001328355  -0.0001841486
        0.0003369289   0.0000853798   0.0000519390  -0.0001230781   0.0002230621
        0.0001646724   0.0008521556   0.0017750154  -0.0037331197  -0.0019522818
       -0.0032300040   0.0172713915   0.0189508300  -0.0303285583   0.1128370638
        0.1914388328  -0.5336188618  -0.0927684061  -0.2543161386   0.6563670120
       -0.0409557567   0.0449492694  -0.0910740148   0.0031510441   0.0005357158
        0.0005285805  -0.0005545865  -0.0008724712   0.0009766972  -0.0002402533
       -0.0001847688  -0.0000541516  -0.0001253252  -0.0002140408  -0.0001834116
        0.0006797180   0.0002556078   0.0000702026   0.0009136440  -0.0003894699
        0.0010726547   0.0001045491   0.0009381436  -0.0001314610   0.0065218130
        0.0015684475  -0.0029966494  -0.0022146927  -0.0001040391  -0.0005871858
       -0.0008614371  -0.0016901377  -0.0001841145   0.0002788323  -0.0005761143
        0.0010950028  -0.0003244695   0.0002714932   0.0001864645   0.0002176663
       -0.0003236484  -0.0000362826  -0.0003623476   0.0008626149   0.0003530656
       -0.0011587013  -0.0018040660  -0.0014378205  -0.0033856085   0.0014577104
        0.0047140283  -0.0545868279   0.0052613538  -0.0177683568  -0.1640128145
        0.0301087900  -0.0730848314   0.0007120999   0.0156212324  -0.0409557567
        0.4460387396  -0.0228870267   0.0475331768  -0.1396221772  -0.0226011524
        0.0475003564  -0.0300765990   0.0068951118   0.0156504686   0.0001545128
        0.0000218140   0.0002226052   0.0001719566   0.0002096179   0.0000174643
       -0.0007087000  -0.0002576697  -0.0000108943   0.0006643950   0.0005579591
       -0.0000212583   0.0003898069  -0.0005618379  -0.0000465492   0.0006650888
        0.0000574235  -0.0004252470  -0.0043355745   0.0002113865   0.0017677353
       -0.0198959521  -0.0102338793   0.0125655837  -0.0319478886  -0.0054514157
        0.0025851520  -0.0019940265   0.0049277300   0.0030680052   0.0014314737
       -0.0009475461  -0.0012602348   0.0014967969  -0.0005855357  -0.0006136266
        0.0000733537   0.0003530957   0.0003336312  -0.0005136359  -0.0008046783
       -0.0012705937   0.0012111158   0.0077795883   0.0005670463   0.0273073638
       -0.0690151677   0.0399354358   0.0170995217   0.0067050515   0.0449492694
       -0.0228870267   0.1176019858  -0.1023090804  -0.0197178258  -0.0617440864
        0.0166800153   0.0262378133   0.0044036254  -0.0081935166   0.0000204171
       -0.0000045041  -0.0000885969  -0.0000452143  -0.0000056846   0.0000046421
        0.0001579842  -0.0000133265  -0.0000407854  -0.0002838517  -0.0001026771
       -0.0000402230   0.0002613332   0.0003752514   0.0002404004  -0.0002053131
       -0.0005741509  -0.0006685248  -0.0010633398  -0.0001084536  -0.0000557635
       -0.0275313839  -0.0045885189   0.0104111918  -0.0028483093   0.0008764196
        0.0012222783   0.0034097702  -0.0040526466  -0.0032223770  -0.0004052764
        0.0019719845   0.0003715615  -0.0002774960   0.0009468924   0.0011739894
       -0.0000322652  -0.0001991834   0.0000170019   0.0017865782   0.0007093108
        0.0016932227  -0.0025896643   0.0001806489   0.0074264641  -0.0649432200
        0.0374991533  -0.1454011460  -0.0425566431   0.0469432390  -0.0910740148
        0.0475331768  -0.1023090804   0.3250248866   0.0364194096   0.0183099350
       -0.0907532523   0.0213126956  -0.0025824770  -0.0042077911   0.0000337540
       -0.0000690402   0.0001224338  -0.0000264056   0.0000903548  -0.0000451581
       -0.0000299500   0.0000779213  -0.0000242073   0.0005230414   0.0002229421
       -0.0000366537   0.0001677831  -0.0002501754  -0.0002430952   0.0006071734
       -0.0008353984   0.0005912431   0.0007750384  -0.0003160810  -0.0000703258
        0.0238827669   0.0069353145  -0.0098430541  -0.0235995584  -0.0035439142
        0.0075312818   0.0015888204  -0.0033630422  -0.0017179147  -0.0008071093
        0.0009675459   0.0003998828  -0.0000454219   0.0015320268   0.0006101962
        0.0000410246  -0.0001238295  -0.0001494935  -0.0008879882  -0.0000687277
       -0.0002144079   0.0008560918   0.0024589123  -0.0014819293  -0.0483662660
        0.0038494967  -0.0128604053   0.0012780681  -0.0016614483   0.0031510441
       -0.1396221772  -0.0197178258   0.0364194096   0.3969870387  -0.0010931209
        0.0597446145  -0.0673930690   0.0302564651   0.0130011320  -0.0000659950
       -0.0000002550  -0.0000847633   0.0000066190  -0.0001085333  -0.0000369711
       -0.0001285549  -0.0000142615   0.0000779089  -0.0001464007  -0.0001528347
        0.0001703787  -0.0002097514   0.0001183008   0.0000441935  -0.0000994041
        0.0001754724  -0.0005869907  -0.0013430200  -0.0005793076   0.0000774965
       -0.0390822240  -0.0065078389   0.0023080806  -0.0945228313  -0.0152728996
       -0.1050398836  -0.0123862327   0.0212786328   0.0138282091   0.0004064204
       -0.0003327581  -0.0014485834   0.0046786519  -0.0125036390  -0.0069190395
        0.0002463016   0.0002266817   0.0003089323   0.0012321224  -0.0001161343
       -0.0008341978   0.0006304198   0.0059041658   0.0029967904   0.0032167053
        0.0034611642  -0.0088060805   0.0009725407  -0.0035999979   0.0005357158
       -0.0226011524  -0.0617440864   0.0183099350  -0.0010931209   0.4805900771
       -0.0250688385   0.0284572633  -0.1602491438  -0.0526090172  -0.0000317075
        0.0000201250   0.0000034033   0.0000441724  -0.0000349543  -0.0000025595
        0.0001628959   0.0000204049  -0.0000531633  -0.0000711349  -0.0000090126
       -0.0000340485  -0.0001125183  -0.0001923354  -0.0000557079  -0.0000241323
        0.0002265640  -0.0000861127  -0.0009525507  -0.0002044722   0.0001479070
       -0.0040287823  -0.1853504941   0.1085549181  -0.0167211188  -0.0462683400
       -0.0253822363   0.0000666546   0.0016170035   0.0006745122   0.0093743723
       -0.0277760873  -0.0112592735   0.0012327700  -0.0065211276  -0.0073408784
       -0.0000427292  -0.0000994199  -0.0000767477  -0.0000800322   0.0000194702
        0.0000889703  -0.0036718518   0.0027660835  -0.0009388104  -0.0162538146
       -0.0055864806   0.0128793902  -0.0041134274  -0.0020904372   0.0005285805
        0.0475003564   0.0166800153  -0.0907532523   0.0597446145  -0.0250688385
        0.5241395497   0.0118596686  -0.0516451881  -0.0970443017   0.0000193870
        0.0000151217   0.0000419946   0.0000494082   0.0000236784   0.0000246789
        0.0000208649  -0.0000333926  -0.0000220992   0.0000247025   0.0001106239
       -0.0000166091   0.0000462566  -0.0001304520   0.0000277756   0.0002845751
        0.0000357710   0.0001574364  -0.0009345947   0.0000586367   0.0004222714
       -0.0005954176   0.1068412014  -0.1226857624  -0.1003828256  -0.0249267342
       -0.2144935656   0.0036614866  -0.0055665385  -0.0037148996  -0.0044454748
        0.0129677860   0.0085225141   0.0073088474  -0.0243709064  -0.0170871137
        0.0000085804  -0.0000956874  -0.0001527397  -0.0001228192  -0.0000232419
        0.0001876380  -0.0007317939  -0.0013052694  -0.0008217560   0.0014697895
       -0.0001330838   0.0035989662  -0.0000837645   0.0013185637  -0.0005545865
       -0.0300765990   0.0262378133   0.0213126956  -0.0673930690   0.0284572633
        0.0118596686   0.5255863617   0.0213703118   0.0084811328   0.0000000400
        0.0000075964   0.0000169739  -0.0000526724   0.0000340681   0.0000223274
       -0.0001017968  -0.0000290694   0.0000018831  -0.0000192269   0.0000218820
        0.0000173219  -0.0000322610   0.0001152036   0.0000697389   0.0000527683
        0.0000532814  -0.0001477422   0.0001702279   0.0000125316   0.0000128105
        0.0009416202   0.0018303216  -0.0002120262   0.0044156768  -0.0103718059
       -0.0061845380  -0.2737119775  -0.0307045611   0.0552185704  -0.0469292395
       -0.0220715379   0.0153282300  -0.1133898450  -0.0147245800  -0.1080545689
        0.0000276175  -0.0000134527   0.0000073016  -0.0000131839  -0.0001733908
       -0.0000455152   0.0001280968  -0.0001705137  -0.0001273908  -0.0008890678
       -0.0002359773   0.0012584595   0.0006746521   0.0004543609  -0.0008724712
        0.0068951118   0.0044036254  -0.0025824770   0.0302564651  -0.1602491438
       -0.0516451881   0.0213703118   0.4793356177  -0.0308855712   0.0000029562
        0.0000017106   0.0000010931  -0.0000331018   0.0000196119   0.0000092532
        0.0000314338   0.0000166497   0.0000040904   0.0000207140   0.0000177458
        0.0000176827  -0.0000455760   0.0000960201   0.0000105489   0.0000103676
       -0.0000145227   0.0000307354  -0.0000075654   0.0000439515   0.0000116728
        0.0083750897  -0.0260556368  -0.0110393243   0.0015398798  -0.0061329690
       -0.0059969127  -0.0295648253  -0.0453342909   0.0077261988  -0.0227661023
       -0.1990886925   0.1163521568  -0.0160132736  -0.0469207034  -0.0222343427
        0.0000589600   0.0000287665  -0.0000222925   0.0000849571  -0.0000572319
       -0.0001646298   0.0002850914   0.0004079544   0.0001775955  -0.0017665362
        0.0011853209  -0.0015822110   0.0000583689  -0.0010702537   0.0009766972
        0.0156504686  -0.0081935166  -0.0042077911   0.0130011320  -0.0526090172
       -0.0970443017   0.0084811328  -0.0308855712   0.5076896782  -0.0000144681
       -0.0000123602   0.0000216134  -0.0000019358   0.0000027197   0.0000060057
        0.0000288428   0.0000055627   0.0000082548  -0.0000302620   0.0000341170
        0.0000389026  -0.0000500785  -0.0000416482   0.0000639163  -0.0000382526
       -0.0000402855   0.0000936146  -0.0000634966   0.0000120505   0.0000209610
       -0.0038758584   0.0122190793   0.0074146327   0.0058057171  -0.0230093611
       -0.0154032803   0.0556614218   0.0081126545  -0.0555960222   0.0150571643
        0.1150345252  -0.1288640134  -0.1083323683  -0.0211235051  -0.2136273300
       -0.0426698564   0.0041610866  -0.0088657916  -0.0026992628  -0.0119013115
        0.0275275709   0.0010888831   0.0002593781   0.0009490638  -0.0001663192
        0.0000410270   0.0001603725   0.0000600546   0.0000212822  -0.0002402533
        0.0001545128   0.0000204171   0.0000337540  -0.0000659950  -0.0000317075
        0.0000193870   0.0000000400   0.0000029562  -0.0000144681   0.0510884437
       -0.0034032173   0.0073221802  -0.0007251803   0.0070202543  -0.0138295522
       -0.0008631106   0.0053852506  -0.0161013874  -0.0055928391  -0.0012066517
        0.0032369569   0.0008357145  -0.0003603850   0.0002251682  -0.0003827459
       -0.0000544251  -0.0003152963  -0.0001100786   0.0000267341  -0.0000920282
        0.0000163537   0.0000186035  -0.0000100218   0.0000157747   0.0000067827
       -0.0000056271   0.0000187331  -0.0000013927  -0.0000095421  -0.0000141494
       -0.0000012746   0.0000076184   0.0000110273  -0.0000034070   0.0000018963
        0.0038617730  -0.0805482181   0.0853442333  -0.0019160546  -0.0015779544
        0.0047165046   0.0003085549   0.0001312873   0.0003886731  -0.0000376798
       -0.0000245651   0.0001348397   0.0000647658   0.0000159876  -0.0001847688
        0.0000218140  -0.0000045041  -0.0000690402  -0.0000002550   0.0000201250
        0.0000151217   0.0000075964   0.0000017106  -0.0000123602  -0.0034032173
        0.0892744100  -0.1000107622   0.0039470879  -0.0152600068   0.0287856638
       -0.0017224904   0.0069991652  -0.0188448482  -0.0010800653   0.0007851222
        0.0004424047   0.0002964499   0.0003774940  -0.0006913672  -0.0004615646
        0.0001136698  -0.0001987737   0.0000849812  -0.0003035570   0.0001911063
        0.0000106881  -0.0000019652   0.0000009163   0.0000087483   0.0000039479
       -0.0000089018   0.0000040879  -0.0000056702  -0.0000015052   0.0000024208
        0.0000045918   0.0000002932   0.0000023588  -0.0000010706   0.0000025709
       -0.0084180508   0.0853250903  -0.2486524913   0.0041292491   0.0057879872
       -0.0138046824  -0.0006638486  -0.0004284907   0.0011553090  -0.0006489734
       -0.0001150559  -0.0000382637   0.0000548112   0.0000689291  -0.0000541516
        0.0002226052  -0.0000885969   0.0001224338  -0.0000847633   0.0000034033
        0.0000419946   0.0000169739   0.0000010931   0.0000216134   0.0073221802
       -0.1000107622   0.2877371514  -0.0014077516   0.0025559017  -0.0020593305
       -0.0037722141   0.0067022502  -0.0238737059   0.0032981914   0.0001528552
       -0.0007783972  -0.0003475347  -0.0001803491   0.0000925388   0.0003029825
        0.0001253567   0.0002879900   0.0000259842   0.0001103196  -0.0001876282
       -0.0000118957   0.0000037915  -0.0000067646  -0.0000012481  -0.0000020599
        0.0000157026  -0.0000015602  -0.0000010368  -0.0000054258   0.0000036449
       -0.0000108438   0.0000096350  -0.0000187821   0.0000002175  -0.0000235275
       -0.0939276014   0.0986702591   0.0017772483  -0.0191666824   0.0254198284
        0.0025516932   0.0010213062   0.0008455516   0.0001634315  -0.0000293586
        0.0002120204   0.0001585816   0.0001611961  -0.0000273353  -0.0001253252
        0.0001719566  -0.0000452143  -0.0000264056   0.0000066190   0.0000441724
        0.0000494082  -0.0000526724  -0.0000331018  -0.0000019358  -0.0007251803
        0.0039470879  -0.0014077516   0.1115768265  -0.1154111937  -0.0044581412
        0.0070841054  -0.0132533686  -0.0007588768   0.0008347330   0.0003149970
       -0.0004319106  -0.0065990438   0.0000220362   0.0027055579  -0.0000588962
        0.0000358241  -0.0000187757  -0.0003823827  -0.0007718298  -0.0001715586
        0.0000103623   0.0000056083   0.0000099038   0.0000261131   0.0000136735
       -0.0000094626   0.0000010068  -0.0000097751  -0.0000061658   0.0000236399
       -0.0000052338   0.0000194140   0.0000239529   0.0000259936  -0.0000189290
        0.0992036372  -0.2333086960  -0.0046460924   0.0018984045   0.0013946691
       -0.0012233284  -0.0006651614   0.0011840824   0.0004424468  -0.0005586974
       -0.0001325030   0.0002292952   0.0000413117   0.0000908069  -0.0002140408
        0.0002096179  -0.0000056846   0.0000903548  -0.0001085333  -0.0000349543
        0.0000236784   0.0000340681   0.0000196119   0.0000027197   0.0070202543
       -0.0152600068   0.0025559017  -0.1154111937   0.2682568014   0.0058338104
        0.0086420809  -0.0235652579  -0.0025806746  -0.0003122589   0.0004314547
       -0.0002091811  -0.0001762212   0.0009933737  -0.0003305635   0.0000865549
       -0.0002439233   0.0000229709   0.0001314224   0.0001917769   0.0000121707
       -0.0000118678   0.0000154116  -0.0000113447   0.0000007031  -0.0000020312
        0.0000086036   0.0000112457   0.0000012627  -0.0000052563  -0.0000213285
       -0.0000091196  -0.0000035863  -0.0000140386  -0.0000170743   0.0000021161
        0.0015150026  -0.0043802251  -0.0448193210   0.0067210845  -0.0097573937
       -0.0004409979  -0.0005040480   0.0002956134   0.0002545991  -0.0002243080
       -0.0001496559   0.0001395998   0.0000487305   0.0000721603  -0.0001834116
        0.0000174643   0.0000046421  -0.0000451581  -0.0000369711  -0.0000025595
        0.0000246789   0.0000223274   0.0000092532   0.0000060057  -0.0138295522
        0.0287856638  -0.0020593305  -0.0044581412   0.0058338104   0.0483451605
        0.0078170078  -0.0199199465  -0.0012120361   0.0002476345  -0.0007337902
        0.0001337976   0.0028495904  -0.0000997501  -0.0001914868  -0.0000370503
        0.0001490722  -0.0001709567  -0.0001381928  -0.0001005285   0.0002321227
        0.0000031150   0.0000008235  -0.0000023934   0.0000010285   0.0000008128
       -0.0000017130   0.0000046605  -0.0000001860  -0.0000017323  -0.0000052744
        0.0000012422  -0.0000070504  -0.0000141080  -0.0000090584  -0.0000003765
       -0.1028799546  -0.0751168894  -0.0740628177  -0.0188112207  -0.0183601555
       -0.0153314165  -0.0065280380  -0.0016643474   0.0022744315   0.0005133929
       -0.0009943171  -0.0018010102  -0.0001925346  -0.0000136080   0.0006797180
       -0.0007087000   0.0001579842  -0.0000299500  -0.0001285549   0.0001628959
        0.0000208649  -0.0001017968   0.0000314338   0.0000288428  -0.0008631106
       -0.0017224904  -0.0037722141   0.0070841054   0.0086420809   0.0078170078
        0.1215553114   0.0888164556   0.0846410768   0.0005892423  -0.0001306352
       -0.0003272508   0.0002643698  -0.0001359691  -0.0005499860   0.0001169650
        0.0000486670   0.0002185764   0.0000428035   0.0003144193   0.0002032903
        0.0000342764  -0.0000064649   0.0000019728  -0.0000007420  -0.0000009453
        0.0000020541  -0.0000046858   0.0000061082   0.0000093561   0.0000110531
       -0.0000127072  -0.0000104805   0.0000078181  -0.0000215154  -0.0000120655
       -0.0754984617  -0.1381543277  -0.0907203519  -0.0041558360  -0.0031003749
       -0.0025123625  -0.0016388542   0.0004388242   0.0007991962   0.0001732775
        0.0000163765  -0.0005938608  -0.0001063865  -0.0000663549   0.0002556078
       -0.0002576697  -0.0000133265   0.0000779213  -0.0000142615   0.0000204049
       -0.0000333926  -0.0000290694   0.0000166497   0.0000055627   0.0053852506
        0.0069991652   0.0067022502  -0.0132533686  -0.0235652579  -0.0199199465
        0.0888164556   0.1568790790   0.1056598649  -0.0000156295  -0.0002168007
        0.0000205303   0.0004505069   0.0004940906   0.0000706207   0.0000774022
       -0.0000346346   0.0001230070   0.0000650607   0.0003044149   0.0000663767
        0.0000072329  -0.0000125178   0.0000019901  -0.0000114059  -0.0000043595
       -0.0000021783  -0.0000060174   0.0000011242   0.0000033524   0.0000082598
       -0.0000011307  -0.0000045030   0.0000035142  -0.0000010438   0.0000003151
       -0.0746072379  -0.0909898272  -0.1317261239   0.0047946834   0.0053918336
        0.0053886145   0.0014452033   0.0006273064   0.0004971340   0.0002866426
        0.0002296980   0.0002951837  -0.0001323294  -0.0000325215   0.0000702026
       -0.0000108943  -0.0000407854  -0.0000242073   0.0000779089  -0.0000531633
       -0.0000220992   0.0000018831   0.0000040904   0.0000082548  -0.0161013874
       -0.0188448482  -0.0238737059  -0.0007588768  -0.0025806746  -0.0012120361
        0.0846410768   0.1056598649   0.1498665927   0.0002882355   0.0002052552
        0.0005125146  -0.0002282046   0.0002626924   0.0001545491   0.0002778739
        0.0000089293   0.0001443063   0.0000339102   0.0001579682  -0.0000832293
       -0.0000071284  -0.0000084072   0.0000098909  -0.0000023685  -0.0000012488
       -0.0000021725  -0.0000016074   0.0000008309  -0.0000007497   0.0000031495
        0.0000032786  -0.0000072156  -0.0000005326  -0.0000002715   0.0000042963
       -0.0034303125  -0.0116785659   0.0271510058  -0.0416211528   0.0052156660
       -0.0067558001  -0.0027302278   0.0037654126  -0.0163397825  -0.0005816512
        0.0007902568  -0.0026914729   0.0003792619   0.0001336947   0.0009136440
        0.0006643950  -0.0002838517   0.0005230414  -0.0001464007  -0.0000711349
        0.0000247025  -0.0000192269   0.0000207140  -0.0000302620  -0.0055928391
       -0.0010800653   0.0032981914   0.0008347330  -0.0003122589   0.0002476345
        0.0005892423  -0.0000156295   0.0002882355   0.0531462230  -0.0026570887
        0.0085418730  -0.0004314338   0.0081942205  -0.0135028536  -0.0015618737
       -0.0023249046  -0.0022821154   0.0004814687   0.0003004963   0.0005490411
       -0.0000390174  -0.0000187300  -0.0000126047   0.0000445844   0.0000055988
        0.0000344500   0.0000310505  -0.0000084838   0.0000098575   0.0000253654
       -0.0000171157   0.0000179822  -0.0000421882   0.0000417693   0.0000152323
       -0.0016412453  -0.0011420665   0.0046587831   0.0056142680  -0.0822530685
        0.0849852837  -0.0021960540   0.0059253714  -0.0173650809  -0.0004730726
        0.0007582260  -0.0001043838   0.0005548137  -0.0003607529  -0.0003894699
        0.0005579591  -0.0001026771   0.0002229421  -0.0001528347  -0.0000090126
        0.0001106239   0.0000218820   0.0000177458   0.0000341170  -0.0012066517
        0.0007851222   0.0001528552   0.0003149970   0.0004314547  -0.0007337902
       -0.0001306352  -0.0002168007   0.0002052552  -0.0026570887   0.0927629571
       -0.0959489017   0.0038008424  -0.0157848299   0.0276455466  -0.0024414523
       -0.0014136902  -0.0028352777   0.0000455779   0.0006121773  -0.0005844680
       -0.0000170751   0.0000179325  -0.0000180771   0.0000127130  -0.0000116587
       -0.0000148718  -0.0000056947  -0.0000031058  -0.0000175399  -0.0000219638
       -0.0000141433  -0.0000018994   0.0000207151   0.0000008190  -0.0000016464
        0.0034176056   0.0059787590  -0.0127121358  -0.0066067043   0.0840978246
       -0.2373823106  -0.0053959380   0.0042622451  -0.0224872409  -0.0001609148
        0.0008469591  -0.0010186622   0.0004379710  -0.0002294647   0.0010726547
       -0.0000212583  -0.0000402230  -0.0000366537   0.0001703787  -0.0000340485
       -0.0000166091   0.0000173219   0.0000176827   0.0000389026   0.0032369569
        0.0004424047  -0.0007783972  -0.0004319106  -0.0002091811   0.0001337976
       -0.0003272508   0.0000205303   0.0005125146   0.0085418730  -0.0959489017
        0.2770286156  -0.0010953880   0.0033761253  -0.0018597168  -0.0021537367
       -0.0029599511  -0.0027635406   0.0003297590   0.0003999901   0.0002433643
        0.0000001763  -0.0000338456   0.0000161496   0.0000375373  -0.0000082784
        0.0000077909   0.0000212740  -0.0000056759  -0.0000027357   0.0000209249
        0.0000048594  -0.0000185653  -0.0000386773   0.0000221895   0.0000227781
       -0.0189730963   0.0251716001   0.0029053666  -0.0883039086   0.0936205522
        0.0035818228   0.0055201640  -0.0144417263  -0.0017812334   0.0005548620
       -0.0009625527  -0.0007248017   0.0001082405   0.0003018886   0.0001045491
        0.0003898069   0.0002613332   0.0001677831  -0.0002097514  -0.0001125183
        0.0000462566  -0.0000322610  -0.0000455760  -0.0000500785   0.0008357145
        0.0002964499  -0.0003475347  -0.0065990438  -0.0001762212   0.0028495904
        0.0002643698   0.0004505069  -0.0002282046  -0.0004314338   0.0038008424
       -0.0010953880   0.1074511746  -0.1059511399  -0.0040667607   0.0004892656
        0.0000176248   0.0003611325  -0.0011203323  -0.0023706754  -0.0017946940
        0.0000251702   0.0000309213  -0.0000086689   0.0000451628   0.0000318563
        0.0000060794   0.0000498770   0.0000316992   0.0000120042  -0.0000644896
        0.0000491656  -0.0000350347   0.0000005089  -0.0000040306   0.0000978144
        0.0011642641   0.0012812016  -0.0002975011   0.0940626188  -0.2258775907
       -0.0059962019   0.0044496310  -0.0215830608  -0.0039845765   0.0011935783
       -0.0008783483  -0.0009437091  -0.0002538551   0.0000295933   0.0009381436
       -0.0005618379   0.0003752514  -0.0002501754   0.0001183008  -0.0001923354
       -0.0001304520   0.0001152036   0.0000960201  -0.0000416482  -0.0003603850
        0.0003774940  -0.0001803491   0.0000220362   0.0009933737  -0.0000997501
       -0.0001359691   0.0004940906   0.0002626924   0.0081942205  -0.0157848299
        0.0033761253  -0.1059511399   0.2626515760   0.0098589188   0.0004406911
        0.0008043631   0.0004570977  -0.0025014361  -0.0027539414  -0.0030197224
        0.0000284822  -0.0000372211  -0.0000319139   0.0000380225  -0.0000185734
        0.0000146707   0.0000630484  -0.0000061144   0.0000047260  -0.0000311153
        0.0000425639  -0.0000314365  -0.0000943591  -0.0000135123   0.0000950620
        0.0067905002  -0.0094318039   0.0000179523   0.0035978693  -0.0045478487
       -0.0460903511   0.0053240681  -0.0183146925  -0.0018512111   0.0005394509
       -0.0001318088   0.0003949628   0.0001744882  -0.0001983868  -0.0001314610
       -0.0000465492   0.0002404004  -0.0002430952   0.0000441935  -0.0000557079
        0.0000277756   0.0000697389   0.0000105489   0.0000639163   0.0002251682
       -0.0006913672   0.0000925388   0.0027055579  -0.0003305635  -0.0001914868
       -0.0005499860   0.0000706207   0.0001545491  -0.0135028536   0.0276455466
       -0.0018597168  -0.0040667607   0.0098589188   0.0510643148   0.0006009207
       -0.0006833015   0.0003516742  -0.0019055442  -0.0034486293  -0.0017042352
        0.0000145662   0.0000125148  -0.0000249636   0.0000068943  -0.0000264031
       -0.0000244467  -0.0000029548  -0.0000035718  -0.0000324717  -0.0000440640
        0.0000147383  -0.0000016449   0.0000252962   0.0000107962  -0.0000125997
        0.0005891597   0.0003368108  -0.0007432134  -0.0026254511   0.0044990989
       -0.0153465928  -0.0455172330   0.0137205540  -0.0274726678   0.0036549631
       -0.0103230376   0.0223280819  -0.0073182576  -0.0024451482   0.0065218130
        0.0006650888  -0.0002053131   0.0006071734  -0.0000994041  -0.0000241323
        0.0002845751   0.0000527683   0.0000103676  -0.0000382526  -0.0003827459
       -0.0004615646   0.0003029825  -0.0000588962   0.0000865549  -0.0000370503
        0.0001169650   0.0000774022   0.0002778739  -0.0015618737  -0.0024414523
       -0.0021537367   0.0004892656   0.0004406911   0.0006009207   0.0529921062
       -0.0115657081   0.0286837316  -0.0013022359   0.0082538693  -0.0136460919
        0.0001757079   0.0000670678  -0.0000703710   0.0000864059   0.0000043102
       -0.0000411142   0.0000512821  -0.0000271619  -0.0000413382  -0.0000355922
        0.0000494623  -0.0000015401   0.0000279772  -0.0000526710  -0.0000151827
        0.0004140039   0.0003035087  -0.0004148003  -0.0028648932   0.0063772907
       -0.0157250859   0.0124547577  -0.0822387300   0.0876965436   0.0003706173
       -0.0027518742   0.0061332068  -0.0019427195   0.0010331659   0.0015684475
        0.0000574235  -0.0005741509  -0.0008353984   0.0001754724   0.0002265640
        0.0000357710   0.0000532814  -0.0000145227  -0.0000402855  -0.0000544251
        0.0001136698   0.0001253567   0.0000358241  -0.0002439233   0.0001490722
        0.0000486670  -0.0000346346   0.0000089293  -0.0023249046  -0.0014136902
       -0.0029599511   0.0000176248   0.0008043631  -0.0006833015  -0.0115657081
        0.0925378747  -0.1000286858   0.0049378252  -0.0140861735   0.0250550891
        0.0001192505   0.0000017805  -0.0000111994   0.0000257112   0.0000285911
       -0.0000341372   0.0000049435  -0.0000385437  -0.0000102075   0.0000299543
        0.0000046131  -0.0000169278   0.0000072936  -0.0000351784  -0.0000124360
        0.0005199483   0.0002520857   0.0009363209  -0.0046889163   0.0044788403
       -0.0200071898  -0.0245765694   0.0876830058  -0.2376540129   0.0004475239
        0.0070611601  -0.0151939431   0.0041731272   0.0016696427  -0.0029966494
       -0.0004252470  -0.0006685248   0.0005912431  -0.0005869907  -0.0000861127
        0.0001574364  -0.0001477422   0.0000307354   0.0000936146  -0.0003152963
       -0.0001987737   0.0002879900  -0.0000187757   0.0000229709  -0.0001709567
        0.0002185764   0.0001230070   0.0001443063  -0.0022821154  -0.0028352777
       -0.0027635406   0.0003611325   0.0004570977   0.0003516742   0.0286837316
       -0.1000286858   0.2764614404  -0.0009826972   0.0021294399  -0.0003459458
       -0.0001721898  -0.0000554344   0.0000480732  -0.0001570834  -0.0000300927
        0.0000583061  -0.0000690079   0.0000241254   0.0000300526   0.0000441055
       -0.0000613021   0.0000433639  -0.0000255141   0.0000320931  -0.0000715833
        0.0012456139  -0.0010412995  -0.0002502015   0.0064506439  -0.0128537439
       -0.0017803204  -0.0913203283   0.1038806679   0.0089290831  -0.0181740117
        0.0241112783   0.0059909208   0.0008605121  -0.0014680194  -0.0022146927
       -0.0043355745  -0.0010633398   0.0007750384  -0.0013430200  -0.0009525507
       -0.0009345947   0.0001702279  -0.0000075654  -0.0000634966  -0.0001100786
        0.0000849812   0.0000259842  -0.0003823827   0.0001314224  -0.0001381928
        0.0000428035   0.0000650607   0.0000339102   0.0004814687   0.0000455779
        0.0003297590  -0.0011203323  -0.0025014361  -0.0019055442  -0.0013022359
        0.0049378252  -0.0009826972   0.1091527328  -0.1132129585  -0.0078303412
       -0.0000643220   0.0000484989  -0.0000119893  -0.0003622765  -0.0000650247
        0.0001084049   0.0000187178  -0.0000602851  -0.0000417768   0.0000495301
       -0.0000742140   0.0000322894   0.0000423117  -0.0000048752  -0.0000715428
        0.0008839198   0.0010275672   0.0004326536   0.0058928713  -0.0221544465
       -0.0058897075   0.1000682774  -0.2178696701  -0.0091958815   0.0018957519
        0.0021762116   0.0000323301  -0.0007974747  -0.0000757602  -0.0001040391
        0.0002113865  -0.0001084536  -0.0003160810  -0.0005793076  -0.0002044722
        0.0000586367   0.0000125316   0.0000439515   0.0000120505   0.0000267341
       -0.0003035570   0.0001103196  -0.0007718298   0.0001917769  -0.0001005285
        0.0003144193   0.0003044149   0.0001579682   0.0003004963   0.0006121773
        0.0003999901  -0.0023706754  -0.0027539414  -0.0034486293   0.0082538693
       -0.0140861735   0.0021294399  -0.1132129585   0.2532062013   0.0157335756
       -0.0000045678   0.0000253466  -0.0000084776  -0.0000636600  -0.0000088791
       -0.0000041340  -0.0000016449   0.0000115073  -0.0000011771  -0.0000452772
        0.0000014439  -0.0000090041  -0.0000128617  -0.0000352448   0.0000106954
        0.0005407817   0.0005839592   0.0003989354   0.0054807876  -0.0181068901
       -0.0024650680   0.0094501293  -0.0100946618  -0.0431369842   0.0054556945
       -0.0117623109   0.0004535872   0.0000051126   0.0018137208  -0.0005871858
        0.0017677353  -0.0000557635  -0.0000703258   0.0000774965   0.0001479070
        0.0004222714   0.0000128105   0.0000116728   0.0000209610  -0.0000920282
        0.0001911063  -0.0001876282  -0.0001715586   0.0000121707   0.0002321227
        0.0002032903   0.0000663767  -0.0000832293   0.0005490411  -0.0005844680
        0.0002433643  -0.0017946940  -0.0030197224  -0.0017042352  -0.0136460919
        0.0250550891  -0.0003459458  -0.0078303412   0.0157335756   0.0468209784
       -0.0000463496  -0.0000333990   0.0000369567   0.0000854801   0.0000362258
       -0.0000388812  -0.0000102256   0.0000068118   0.0000100917   0.0000010106
        0.0000011524  -0.0000178864  -0.0000380810  -0.0000025526  -0.0000018990
        0.0000166398   0.0000568894   0.0000348994   0.0001648200   0.0000049557
       -0.0001259507   0.0000541585   0.0007132526   0.0000972438   0.0005262921
       -0.0021902205   0.0028014413   0.0002103572   0.0006418175  -0.0008614371
       -0.0198959521  -0.0275313839   0.0238827669  -0.0390822240  -0.0040287823
       -0.0005954176   0.0009416202   0.0083750897  -0.0038758584   0.0000163537
        0.0000106881  -0.0000118957   0.0000103623  -0.0000118678   0.0000031150
        0.0000342764   0.0000072329  -0.0000071284  -0.0000390174  -0.0000170751
        0.0000001763   0.0000251702   0.0000284822   0.0000145662   0.0001757079
        0.0001192505  -0.0001721898  -0.0000643220  -0.0000045678  -0.0000463496
        0.0553407400   0.0104887477  -0.0117939222   0.0013280487   0.0116761813
       -0.0103805098   0.0000202597   0.0004292525  -0.0000833813   0.0000766233
        0.0018439257   0.0013174838   0.0001400855  -0.0006118683  -0.0001976522
        0.0000148984   0.0000135995  -0.0000300130   0.0000587654   0.0000683257
        0.0000774331   0.0000459972  -0.0000094099  -0.0000073631   0.0012834317
        0.0003386092   0.0021844713   0.0005913639  -0.0002322334  -0.0016901377
       -0.0102338793  -0.0045885189   0.0069353145  -0.0065078389  -0.1853504941
        0.1068412014   0.0018303216  -0.0260556368   0.0122190793   0.0000186035
       -0.0000019652   0.0000037915   0.0000056083   0.0000154116   0.0000008235
       -0.0000064649  -0.0000125178  -0.0000084072  -0.0000187300   0.0000179325
       -0.0000338456   0.0000309213  -0.0000372211   0.0000125148   0.0000670678
        0.0000017805  -0.0000554344   0.0000484989   0.0000253466  -0.0000333990
        0.0104887477   0.2173490708  -0.1243189800   0.0006987291   0.0022256993
       -0.0001710875  -0.0000803053   0.0003534245   0.0003043900   0.0020688421
       -0.0048430909  -0.0029481247  -0.0004045784   0.0007218879   0.0007177727
       -0.0000089469  -0.0000038800   0.0000098910  -0.0000913603  -0.0000372379
       -0.0000204024   0.0001764584   0.0001914710  -0.0002113783  -0.0012772050
       -0.0003651870   0.0013594027  -0.0004443272  -0.0004345406  -0.0001841145
        0.0125655837   0.0104111918  -0.0098430541   0.0023080806   0.1085549181
       -0.1226857624  -0.0002120262  -0.0110393243   0.0074146327  -0.0000100218
        0.0000009163  -0.0000067646   0.0000099038  -0.0000113447  -0.0000023934
        0.0000019728   0.0000019901   0.0000098909  -0.0000126047  -0.0000180771
        0.0000161496  -0.0000086689  -0.0000319139  -0.0000249636  -0.0000703710
       -0.0000111994   0.0000480732  -0.0000119893  -0.0000084776   0.0000369567
       -0.0117939222  -0.1243189800   0.1421252034  -0.0018717764   0.0210935822
       -0.0185256504  -0.0002688787  -0.0000655344   0.0002214697   0.0009677182
       -0.0032205388  -0.0004694862   0.0000523809  -0.0006878338   0.0007323002
       -0.0000775866  -0.0000490186  -0.0000020515  -0.0000840580   0.0000378375
        0.0001015035  -0.0013355179   0.0011244645  -0.0004221195  -0.0055720547
       -0.0037403464   0.0017185886   0.0010139859  -0.0000269058   0.0002788323
       -0.0319478886  -0.0028483093  -0.0235995584  -0.0945228313  -0.0167211188
       -0.1003828256   0.0044156768   0.0015398798   0.0058057171   0.0000157747
        0.0000087483  -0.0000012481   0.0000261131   0.0000007031   0.0000010285
       -0.0000007420  -0.0000114059  -0.0000023685   0.0000445844   0.0000127130
        0.0000375373   0.0000451628   0.0000380225   0.0000068943   0.0000864059
        0.0000257112  -0.0001570834  -0.0003622765  -0.0000636600   0.0000854801
        0.0013280487   0.0006987291  -0.0018717764   0.1261527040   0.0181791208
        0.1168086081   0.0003132616   0.0002943078   0.0004147905   0.0001660537
       -0.0002816834   0.0000875573   0.0002951841   0.0017822107   0.0010924938
       -0.0000193592  -0.0000048307  -0.0000062296  -0.0000096790   0.0000558707
        0.0000795367  -0.0002506469   0.0002356643  -0.0000653561  -0.0000054077
       -0.0006252438   0.0017613393   0.0008904313   0.0002201131  -0.0005761143
       -0.0054514157   0.0008764196  -0.0035439142  -0.0152728996  -0.0462683400
       -0.0249267342  -0.0103718059  -0.0061329690  -0.0230093611   0.0000067827
        0.0000039479  -0.0000020599   0.0000136735  -0.0000020312   0.0000008128
       -0.0000009453  -0.0000043595  -0.0000012488   0.0000055988  -0.0000116587
       -0.0000082784   0.0000318563  -0.0000185734  -0.0000264031   0.0000043102
        0.0000285911  -0.0000300927  -0.0000650247  -0.0000088791   0.0000362258
        0.0116761813   0.0022256993   0.0210935822   0.0181791208   0.0528081881
        0.0329897106  -0.0003624242   0.0004708182   0.0001724755  -0.0005689491
        0.0004603593  -0.0005207233   0.0015706026  -0.0043087863  -0.0034171673
        0.0000130182   0.0000141465   0.0000183923   0.0000369190   0.0000106700
        0.0000104936   0.0004340286  -0.0002935065   0.0001479239   0.0010118985
        0.0004803295  -0.0015630953  -0.0005377208  -0.0003177929   0.0010950028
        0.0025851520   0.0012222783   0.0075312818  -0.1050398836  -0.0253822363
       -0.2144935656  -0.0061845380  -0.0059969127  -0.0154032803  -0.0000056271
       -0.0000089018   0.0000157026  -0.0000094626   0.0000086036  -0.0000017130
        0.0000020541  -0.0000021783  -0.0000021725   0.0000344500  -0.0000148718
        0.0000077909   0.0000060794   0.0000146707  -0.0000244467  -0.0000411142
       -0.0000341372   0.0000583061   0.0001084049  -0.0000041340  -0.0000388812
       -0.0103805098  -0.0001710875  -0.0185256504   0.1168086081   0.0329897106
        0.2414291813  -0.0000299819   0.0001923803   0.0000350045  -0.0001489983
        0.0007719839   0.0007899774   0.0013372237  -0.0034790143  -0.0010862525
       -0.0000433932  -0.0000093829  -0.0000091360  -0.0000385132   0.0000033945
        0.0000720276  -0.0001575353  -0.0001418981  -0.0001484148   0.0006536659
       -0.0004834158   0.0010697471   0.0001157756   0.0003170822  -0.0003244695
       -0.0019940265   0.0034097702   0.0015888204  -0.0123862327   0.0000666546
        0.0036614866  -0.2737119775  -0.0295648253   0.0556614218   0.0000187331
        0.0000040879  -0.0000015602   0.0000010068   0.0000112457   0.0000046605
       -0.0000046858  -0.0000060174  -0.0000016074   0.0000310505  -0.0000056947
        0.0000212740   0.0000498770   0.0000630484  -0.0000029548   0.0000512821
        0.0000049435  -0.0000690079   0.0000187178  -0.0000016449  -0.0000102256
        0.0000202597  -0.0000803053  -0.0002688787   0.0003132616  -0.0003624242
       -0.0000299819   0.3146534847   0.0331797344  -0.0652459280  -0.0060875802
       -0.0029137666   0.0025183845  -0.0215031705  -0.0034905861   0.0015143423
        0.0000175841   0.0000377437   0.0000246012   0.0001093247   0.0000116128
       -0.0000180433   0.0002201582   0.0002700483   0.0002533258   0.0002088347
        0.0000182547  -0.0010957399  -0.0003074671  -0.0002173998   0.0002714932
        0.0049277300  -0.0040526466  -0.0033630422   0.0212786328   0.0016170035
       -0.0055665385  -0.0307045611  -0.0453342909   0.0081126545  -0.0000013927
       -0.0000056702  -0.0000010368  -0.0000097751   0.0000012627  -0.0000001860
        0.0000061082   0.0000011242   0.0000008309  -0.0000084838  -0.0000031058
       -0.0000056759   0.0000316992  -0.0000061144  -0.0000035718  -0.0000271619
       -0.0000385437   0.0000241254  -0.0000602851   0.0000115073   0.0000068118
        0.0004292525   0.0003534245  -0.0000655344   0.0002943078   0.0004708182
        0.0001923803   0.0331797344   0.0513205361  -0.0070824511  -0.0256171921
       -0.0047166084   0.0075370169  -0.0039670477   0.0002610438   0.0007785800
        0.0000056428   0.0000279964   0.0000422340   0.0000639130  -0.0000034105
       -0.0000255516   0.0001971900   0.0001980411   0.0001854294  -0.0000127322
       -0.0000308580  -0.0007717378  -0.0000654644  -0.0001328355   0.0001864645
        0.0030680052  -0.0032223770  -0.0017179147   0.0138282091   0.0006745122
       -0.0037148996   0.0552185704   0.0077261988  -0.0555960222  -0.0000095421
       -0.0000015052  -0.0000054258  -0.0000061658  -0.0000052563  -0.0000017323
        0.0000093561   0.0000033524  -0.0000007497   0.0000098575  -0.0000175399
       -0.0000027357   0.0000120042   0.0000047260  -0.0000324717  -0.0000413382
       -0.0000102075   0.0000300526  -0.0000417768  -0.0000011771   0.0000100917
       -0.0000833813   0.0003043900   0.0002214697   0.0004147905   0.0001724755
        0.0000350045  -0.0652459280  -0.0070824511   0.0617582750   0.0196300455
        0.0048927984  -0.0054234495  -0.0269512556  -0.0034968726   0.0048236693
        0.0000037592  -0.0000148952   0.0000139174  -0.0000503611   0.0000316329
       -0.0000362280   0.0000346793  -0.0000283439   0.0000155021  -0.0004694436
        0.0004835847  -0.0003593332   0.0000959661  -0.0001841486   0.0002176663
        0.0014314737  -0.0004052764  -0.0008071093   0.0004064204   0.0093743723
       -0.0044454748  -0.0469292395  -0.0227661023   0.0150571643  -0.0000141494
        0.0000024208   0.0000036449   0.0000236399  -0.0000213285  -0.0000052744
        0.0000110531   0.0000082598   0.0000031495   0.0000253654  -0.0000219638
        0.0000209249  -0.0000644896  -0.0000311153  -0.0000440640  -0.0000355922
        0.0000299543   0.0000441055   0.0000495301  -0.0000452772   0.0000010106
        0.0000766233   0.0020688421   0.0009677182   0.0001660537  -0.0005689491
       -0.0001489983  -0.0060875802  -0.0256171921   0.0196300455   0.0496501167
        0.0241915808  -0.0179490718   0.0016761748   0.0135139448  -0.0121792953
       -0.0000293549   0.0000171844  -0.0000036554  -0.0000076010   0.0000196583
       -0.0000065797  -0.0000465048   0.0000374217  -0.0000650973   0.0000769908
       -0.0006583006   0.0001661860  -0.0000496469   0.0003369289  -0.0003236484
       -0.0009475461   0.0019719845   0.0009675459  -0.0003327581  -0.0277760873
        0.0129677860  -0.0220715379  -0.1990886925   0.1150345252  -0.0000012746
        0.0000045918  -0.0000108438  -0.0000052338  -0.0000091196   0.0000012422
       -0.0000127072  -0.0000011307   0.0000032786  -0.0000171157  -0.0000141433
        0.0000048594   0.0000491656   0.0000425639   0.0000147383   0.0000494623
        0.0000046131  -0.0000613021  -0.0000742140   0.0000014439   0.0000011524
        0.0018439257  -0.0048430909  -0.0032205388  -0.0002816834   0.0004603593
        0.0007719839  -0.0029137666  -0.0047166084   0.0048927984   0.0241915808
        0.2327542886  -0.1323339675   0.0005798198   0.0014561350   0.0011995366
        0.0000040923  -0.0000270270  -0.0000050878  -0.0000294929   0.0000659874
        0.0000445171  -0.0000633754  -0.0000976843   0.0000266364   0.0001952036
        0.0002773975  -0.0000688188  -0.0001536419   0.0000853798  -0.0000362826
       -0.0012602348   0.0003715615   0.0003998828  -0.0014485834  -0.0112592735
        0.0085225141   0.0153282300   0.1163521568  -0.1288640134   0.0000076184
        0.0000002932   0.0000096350   0.0000194140  -0.0000035863  -0.0000070504
       -0.0000104805  -0.0000045030  -0.0000072156   0.0000179822  -0.0000018994
       -0.0000185653  -0.0000350347  -0.0000314365  -0.0000016449  -0.0000015401
       -0.0000169278   0.0000433639   0.0000322894  -0.0000090041  -0.0000178864
        0.0013174838  -0.0029481247  -0.0004694862   0.0000875573  -0.0005207233
        0.0007899774   0.0025183845   0.0075370169  -0.0054234495  -0.0179490718
       -0.1323339675   0.1453117120   0.0014231999   0.0225643642  -0.0202287379
        0.0000064217  -0.0000110001  -0.0000004266  -0.0000619872   0.0000363857
       -0.0000120730   0.0000304248  -0.0000337816   0.0000202169  -0.0001262845
        0.0001669690   0.0004671463  -0.0001505433   0.0000519390  -0.0003623476
        0.0014967969  -0.0002774960  -0.0000454219   0.0046786519   0.0012327700
        0.0073088474  -0.1133898450  -0.0160132736  -0.1083323683   0.0000110273
        0.0000023588  -0.0000187821   0.0000239529  -0.0000140386  -0.0000141080
        0.0000078181   0.0000035142  -0.0000005326  -0.0000421882   0.0000207151
       -0.0000386773   0.0000005089  -0.0000943591   0.0000252962   0.0000279772
        0.0000072936  -0.0000255141   0.0000423117  -0.0000128617  -0.0000380810
        0.0001400855  -0.0004045784   0.0000523809   0.0002951841   0.0015706026
        0.0013372237  -0.0215031705  -0.0039670477  -0.0269512556   0.0016761748
        0.0005798198   0.0014231999   0.1268366830   0.0171560690   0.1252052767
       -0.0000318917  -0.0000317299   0.0000048084  -0.0000525892   0.0000925917
        0.0000461384  -0.0001371561  -0.0001254566   0.0000758845   0.0002265650
        0.0004758126  -0.0013902711  -0.0005222072  -0.0001230781   0.0008626149
       -0.0005855357   0.0009468924   0.0015320268  -0.0125036390  -0.0065211276
       -0.0243709064  -0.0147245800  -0.0469207034  -0.0211235051  -0.0000034070
       -0.0000010706   0.0000002175   0.0000259936  -0.0000170743  -0.0000090584
       -0.0000215154  -0.0000010438  -0.0000002715   0.0000417693   0.0000008190
        0.0000221895  -0.0000040306  -0.0000135123   0.0000107962  -0.0000526710
       -0.0000351784   0.0000320931  -0.0000048752  -0.0000352448  -0.0000025526
       -0.0006118683   0.0007218879  -0.0006878338   0.0017822107  -0.0043087863
       -0.0034790143  -0.0034905861   0.0002610438  -0.0034968726   0.0135139448
        0.0014561350   0.0225643642   0.0171560690   0.0541788233   0.0294091523
       -0.0000582761   0.0000198121   0.0000268506  -0.0000122277  -0.0000488405
        0.0000550638  -0.0000296972   0.0000055505  -0.0000407418   0.0004514713
       -0.0005829040  -0.0004636831  -0.0001964235   0.0002230621   0.0003530656
       -0.0006136266   0.0011739894   0.0006101962  -0.0069190395  -0.0073408784
       -0.0170871137  -0.1080545689  -0.0222343427  -0.2136273300   0.0000018963
        0.0000025709  -0.0000235275  -0.0000189290   0.0000021161  -0.0000003765
       -0.0000120655   0.0000003151   0.0000042963   0.0000152323  -0.0000016464
        0.0000227781   0.0000978144   0.0000950620  -0.0000125997  -0.0000151827
       -0.0000124360  -0.0000715833  -0.0000715428   0.0000106954  -0.0000018990
       -0.0001976522   0.0007177727   0.0007323002   0.0010924938  -0.0034171673
       -0.0010862525   0.0015143423   0.0007785800   0.0048236693  -0.0121792953
        0.0011995366  -0.0202287379   0.1252052767   0.0294091523   0.2460156249
