$hessian                                                                        
        0.5234921069  -0.0016025474   0.0032612309  -0.0657722073  -0.0039583142
        0.0018543744  -0.0055285299  -0.0252400201  -0.0029658865   0.0003457860
       -0.0011788526  -0.0008457116  -0.0002056977  -0.0003077869   0.0003855809
        0.0000165197  -0.0002346994   0.0001259079   0.0006038713  -0.0000757750
       -0.0001181255   0.0000238135   0.0001400165   0.0000582172  -0.2194201702
       -0.0560579848  -0.0921099301  -0.1863398741   0.0671800817   0.0939323796
       -0.0447536848   0.0019069815  -0.0036222535   0.0000326122   0.0235911778
        0.0012695304   0.0009003396  -0.0008939461   0.0002555030   0.0007223254
       -0.0002784345   0.0008228889  -0.0039341088  -0.0027774429  -0.0022726100
       -0.0000258351  -0.0000397311  -0.0000135458  -0.0000848768  -0.0000752862
        0.0000009348  -0.0000076309  -0.0000314925   0.0000046807  -0.0000667313
       -0.0000373867  -0.0000024173   0.0000019725  -0.0000285570  -0.0000207482
       -0.0016025474   0.4589533736  -0.0019120434  -0.0039109488  -0.2038577828
       -0.0007870142  -0.0077069069  -0.0151783483  -0.0035253434   0.0007700350
        0.0001497672   0.0006477893  -0.0000777001   0.0000685475  -0.0002627421
       -0.0003329539   0.0002374243  -0.0002871360   0.0001403066  -0.0002104589
       -0.0000595940  -0.0000178893  -0.0000740887   0.0000036508  -0.0565625341
       -0.0596721602  -0.0298452072   0.0674952657  -0.0740871094  -0.0445578830
        0.0017866972  -0.0727832483   0.0801229500   0.0020073454  -0.0174175343
       -0.0021269116  -0.0011026693  -0.0170736196   0.0029506484   0.0008734809
        0.0010020793   0.0004624260  -0.0017756679  -0.0001889769  -0.0008214830
       -0.0000365897   0.0000312412   0.0000086969   0.0000398945   0.0000381672
       -0.0000043157   0.0000103909   0.0000072862   0.0000099648  -0.0000123722
        0.0000077888  -0.0000004385   0.0000153631   0.0000476522  -0.0000160141
        0.0032612309  -0.0019120434   0.5241237370   0.0022347091  -0.0009463589
       -0.0678051020  -0.0036786889  -0.0133345980  -0.0011444193   0.0008865639
        0.0006097571  -0.0012015043   0.0001086016  -0.0002480384   0.0010548559
       -0.0001555479  -0.0001803249   0.0002568760   0.0002412569  -0.0000991713
       -0.0001992434  -0.0000579151  -0.0000000184  -0.0000353297  -0.0920353420
       -0.0295021633  -0.0930382512   0.0937100144  -0.0442175581  -0.1079885276
       -0.0037537511   0.0797878946  -0.2530230420   0.0008106649  -0.0158017173
       -0.0001689364   0.0010178921   0.0286131332  -0.0011419237   0.0000435893
       -0.0012160779   0.0008439854  -0.0026812745  -0.0015870492  -0.0005898915
        0.0000189102  -0.0000064578   0.0000344872   0.0000244335   0.0000573368
       -0.0000031460   0.0000195320   0.0000053818   0.0000119719  -0.0000170198
       -0.0000095104   0.0000110993   0.0000021404  -0.0000124163   0.0000023046
       -0.0657722073  -0.0039109488   0.0022347091   0.4880821749  -0.0238375052
       -0.0355494995  -0.1453903800  -0.0354044542  -0.0522964738  -0.0342587212
       -0.0048820874  -0.0010725888   0.0014077932   0.0021031598  -0.0044744421
       -0.0023303435   0.0002047819   0.0023596969  -0.0008042691   0.0015773520
        0.0000279950   0.0003204427  -0.0000992081  -0.0001135038  -0.0032727573
       -0.0259529014  -0.0015033918   0.0001581157   0.0247860708   0.0013393383
        0.0002627907  -0.0003046788  -0.0000534443  -0.1876331888   0.0684325598
        0.0926847612  -0.0436204272   0.0007015634   0.0039996208  -0.0039185727
       -0.0004024283  -0.0049347162  -0.0028965211  -0.0032617100  -0.0027094411
       -0.0002885789   0.0001025548   0.0001618572  -0.0000802212   0.0000477047
       -0.0001082255  -0.0000057269   0.0000189526   0.0000717881   0.0000505825
        0.0000378081  -0.0000221303  -0.0000099847   0.0000434144  -0.0000419094
       -0.0039583142  -0.2038577828  -0.0009463589  -0.0238375052   0.4698004979
       -0.0128050622  -0.0285184357  -0.0690167029  -0.0151123711   0.0043485944
        0.0034925150   0.0036110599  -0.0003404100   0.0000806332   0.0004395479
        0.0010236754  -0.0011116496  -0.0010113459   0.0004976644  -0.0009303829
       -0.0001649644  -0.0000686916  -0.0000848212   0.0000208252  -0.0029276651
       -0.0122418017  -0.0012406791   0.0024396637  -0.0178599402  -0.0027507167
       -0.0008979229  -0.0169396582   0.0040884550   0.0686859716  -0.0723414373
       -0.0407480155   0.0003845127  -0.0701101906   0.0758531816   0.0081410402
        0.0032925223   0.0047361794  -0.0251118797  -0.0122199049  -0.0139399208
        0.0001278885  -0.0000424420  -0.0000218113   0.0000390293   0.0000419744
       -0.0000119010   0.0000016220   0.0000138022   0.0000102638  -0.0000184513
       -0.0000090702  -0.0000022838  -0.0000103864   0.0000438394  -0.0000040822
        0.0018543744  -0.0007870142  -0.0678051020  -0.0355494995  -0.0128050622
        0.5226287987  -0.0433634284  -0.0147394485  -0.0953291427   0.0035720462
        0.0083243248   0.0103445167   0.0013124651  -0.0007271003  -0.0022414367
        0.0036558509  -0.0029614717   0.0005235685  -0.0000482339  -0.0007127180
        0.0002256189   0.0000543474  -0.0000505235  -0.0000658995  -0.0019231969
       -0.0136380919  -0.0004810964   0.0001679636  -0.0168793400  -0.0004634094
        0.0011040325   0.0296426453  -0.0016309805   0.0920102028  -0.0407843619
       -0.1012584470   0.0049915391   0.0753348601  -0.2474466377  -0.0238093237
       -0.0065161069  -0.0156678767  -0.0041531415  -0.0026285125  -0.0012705123
        0.0002105327  -0.0001355368  -0.0001102185  -0.0000545045   0.0000249586
        0.0000128400  -0.0000076201   0.0000302102   0.0000281295   0.0000310291
       -0.0000160013  -0.0000057265  -0.0000554353   0.0000242907   0.0000130136
       -0.0055285299  -0.0077069069  -0.0036786889  -0.1453903800  -0.0285184357
       -0.0433634284   0.4299303501  -0.0155573464   0.0056928971  -0.1273139774
        0.0149534975   0.0485714569  -0.0046594028   0.0037051392   0.0185305051
       -0.0418323161   0.0244602314   0.0051570165   0.0021529041   0.0034895196
       -0.0022867006  -0.0001782528  -0.0001325770  -0.0000179423   0.0008120775
       -0.0013867260  -0.0001610408   0.0009359422   0.0004577593   0.0001984775
        0.0004243087   0.0007068188   0.0001870145  -0.0275192393  -0.0068076450
       -0.0122260697  -0.0040270801  -0.0005178775  -0.0054708827  -0.0428250590
        0.0067281224  -0.0143551995  -0.0333919077   0.0055456334   0.0022981880
       -0.0013873835   0.0005848434   0.0007589998  -0.0002542440  -0.0000266197
        0.0001243184   0.0000928512   0.0000185611   0.0000157928  -0.0001371494
       -0.0000632004   0.0000311788   0.0000964883   0.0000672085  -0.0000058924
       -0.0252400201  -0.0151783483  -0.0133345980  -0.0354044542  -0.0690167029
       -0.0147394485  -0.0155573464   0.5056816709  -0.0401775686   0.0183827791
       -0.0746448878  -0.0183739607  -0.0027549000   0.0133512585   0.0080598230
        0.0281294315  -0.0058923684  -0.0026153494   0.0026912107   0.0041756380
        0.0034262859   0.0014641583  -0.0004860016  -0.0006790688  -0.0014823636
       -0.0063997454  -0.0008229171  -0.0005603568   0.0012741638   0.0000715557
       -0.0005082149   0.0009077611  -0.0010281961   0.0055741617   0.0023262681
        0.0030295402   0.0071768001   0.0029886686   0.0041905726   0.0082089159
       -0.0842552490   0.0892160781   0.0099132639  -0.2754295810  -0.0162930790
        0.0000057271   0.0000848740  -0.0000016262  -0.0004661602   0.0003096612
        0.0000975890   0.0000141698  -0.0000854071   0.0000160437   0.0004110880
        0.0003873886  -0.0000046296   0.0000021099  -0.0000990614  -0.0000370462
       -0.0029658865  -0.0035253434  -0.0011444193  -0.0522964738  -0.0151123711
       -0.0953291427   0.0056928971  -0.0401775686   0.5177760801   0.0509894428
       -0.0176116607  -0.0973389093   0.0379622909  -0.0032125066  -0.0412476141
       -0.0086092058   0.0039053043   0.0090042040  -0.0011147909   0.0034210239
       -0.0004966611   0.0002711883  -0.0000073549  -0.0001571536   0.0001729381
       -0.0001154308   0.0006299230  -0.0002432595   0.0002313998   0.0001649415
        0.0009844840   0.0007060084   0.0009953309   0.0104987433   0.0029608493
        0.0058017932  -0.0260850749  -0.0079093888  -0.0179490383  -0.0169362103
        0.0904314436  -0.2377143267   0.0027153518  -0.0145649680  -0.0432658121
       -0.0008013927   0.0003449968   0.0004149279  -0.0002658584   0.0003572616
       -0.0001431324   0.0000620401  -0.0000338672   0.0001022856  -0.0000136696
        0.0000128282   0.0000114457  -0.0000175541  -0.0001006558  -0.0001147220
        0.0003457860   0.0007700350   0.0008865639  -0.0342587212   0.0043485944
        0.0035720462  -0.1273139774   0.0183827791   0.0509894428   0.4377006071
       -0.0898252088  -0.1099593263  -0.0905685870  -0.0210459017   0.1107325564
       -0.1435058077   0.0599329558  -0.0477239560  -0.0373712157   0.0246008892
       -0.0078665356   0.0013424009   0.0013878830  -0.0009143220   0.0002779187
        0.0005405054   0.0002010466   0.0004468669  -0.0008570554   0.0000197562
        0.0000470107  -0.0002472304  -0.0003211449  -0.0030729572  -0.0015264824
       -0.0015144110  -0.0003909501   0.0000685089   0.0003870901   0.0022494954
       -0.0007431747   0.0009769952  -0.0024357436   0.0043444315   0.0005351623
       -0.0035402516   0.0010094652   0.0012704832   0.0007717340  -0.0000606935
       -0.0014754105  -0.0006344165  -0.0000023147  -0.0000722959   0.0003677909
       -0.0005780038  -0.0001762423  -0.0004569825  -0.0004999823   0.0004525017
       -0.0011788526   0.0001497672   0.0006097571  -0.0048820874   0.0034925150
        0.0083243248   0.0149534975  -0.0746448878  -0.0176116607  -0.0898252088
        0.2822215729  -0.1394230499  -0.0151053646  -0.0896606770   0.1092113404
        0.0606436098  -0.0977324554   0.0495706995   0.0217340485  -0.0133609135
       -0.0023360386  -0.0026012487   0.0007809763   0.0011520247   0.0001722208
       -0.0005116151  -0.0001021161   0.0000800969  -0.0004352938  -0.0011031319
       -0.0002213202  -0.0002429976   0.0004873049  -0.0028189264  -0.0000430681
       -0.0012201356   0.0014875398   0.0004558575   0.0007446140  -0.0099304161
        0.0026028473   0.0077552814   0.0247899627  -0.0124114474  -0.0174095434
        0.0036621885  -0.0012716747   0.0000595746   0.0003891154   0.0016069224
        0.0013634119   0.0000117210  -0.0001121408  -0.0003824978  -0.0008561463
       -0.0004261195   0.0001192657  -0.0005044298  -0.0004571678   0.0001905748
       -0.0008457116   0.0006477893  -0.0012015043  -0.0010725888   0.0036110599
        0.0103445167   0.0485714569  -0.0183739607  -0.0973389093  -0.1099593263
       -0.1394230499   0.8239174349   0.0931061853   0.1148810757  -0.5919794507
       -0.0548333357   0.0531673373  -0.1355789081  -0.0044653014  -0.0003142828
        0.0188504701   0.0023292638  -0.0009151850  -0.0025198283  -0.0004651850
       -0.0007549127  -0.0001332864   0.0002008382  -0.0009825632   0.0009319236
        0.0005270208   0.0002736889  -0.0006384143  -0.0039285765  -0.0009886547
       -0.0014963640  -0.0022866527   0.0009063548  -0.0005333525   0.0198757466
       -0.0044230977  -0.0191860273   0.0058761347  -0.0035216267  -0.0006630592
        0.0035284627  -0.0020041277  -0.0028845010   0.0022922009  -0.0031996934
       -0.0001587202  -0.0006500069   0.0000210976  -0.0004599802   0.0014274539
        0.0005310175  -0.0000202797   0.0007719213   0.0008617336   0.0007482403
       -0.0002056977  -0.0000777001   0.0001086016   0.0014077932  -0.0003404100
        0.0013124651  -0.0046594028  -0.0027549000   0.0379622909  -0.0905685870
       -0.0151053646   0.0931061853   0.0923775515  -0.0033913142  -0.0971488621
        0.0062782283   0.0206662541  -0.0359706638   0.0006463871  -0.0002370863
       -0.0038305016  -0.0006968163  -0.0003590639  -0.0000578695  -0.0000298498
        0.0000064334  -0.0000602731  -0.0002223272   0.0001088377  -0.0000499791
        0.0000180422   0.0000843047   0.0001672232   0.0002099365   0.0000620803
        0.0000325180   0.0007915550  -0.0000658233   0.0002347416  -0.0055085414
        0.0020298346   0.0048717202  -0.0006830598  -0.0004048407   0.0009445475
        0.0005685934  -0.0005994954  -0.0010434097  -0.0002426574  -0.0005122467
       -0.0007248974   0.0001832367   0.0001220512  -0.0000623705   0.0001310719
        0.0001622696   0.0001138182   0.0002045437   0.0006061797   0.0000947153
       -0.0003077869   0.0000685475  -0.0002480384   0.0021031598   0.0000806332
       -0.0007271003   0.0037051392   0.0133512585  -0.0032125066  -0.0210459017
       -0.0896606770   0.1148810757  -0.0033913142   0.0808285670  -0.1668869636
        0.0219039426  -0.0037412285   0.0537811164  -0.0023803254  -0.0022674965
        0.0013714434  -0.0004272919   0.0001876395   0.0001943617   0.0000119456
       -0.0000508740  -0.0000503188  -0.0001710762   0.0000545739   0.0001178965
        0.0000435519   0.0000207256   0.0000788816   0.0002834896   0.0000188422
        0.0002481170  -0.0003633144  -0.0005297692  -0.0004135190   0.0018261051
        0.0009920984  -0.0007476869  -0.0011752483   0.0010121299   0.0018407652
       -0.0004012691   0.0004752844  -0.0000032522  -0.0004297365  -0.0010071263
       -0.0000991608  -0.0000400524   0.0000153627   0.0000363088  -0.0000946236
       -0.0000529023  -0.0000557803   0.0003506067   0.0002044111  -0.0001056394
        0.0003855809  -0.0002627421   0.0010548559  -0.0044744421   0.0004395479
       -0.0022414367   0.0185305051   0.0080598230  -0.0412476141   0.1107325564
        0.1092113404  -0.5919794507  -0.0971488621  -0.1668869636   0.7208412684
       -0.0338016177   0.0535828593  -0.0863239430   0.0016359640  -0.0043524189
       -0.0003469692  -0.0009724432   0.0003726087   0.0019035290   0.0001330737
        0.0003839511   0.0001391867  -0.0000639540   0.0008956618  -0.0003741217
       -0.0002557915  -0.0002207862   0.0000791970   0.0005505121   0.0000506758
        0.0006526987   0.0005457478  -0.0005274977   0.0010242604   0.0069475829
       -0.0020337499  -0.0048865402  -0.0016579362   0.0008730138  -0.0005508343
        0.0001761929  -0.0002526672   0.0012694435  -0.0004838163   0.0011762553
        0.0011256095   0.0004446974   0.0002297102   0.0002058723  -0.0006169008
       -0.0002174827   0.0000034536  -0.0006066493  -0.0005211390  -0.0003484651
        0.0000165197  -0.0003329539  -0.0001555479  -0.0023303435   0.0010236754
        0.0036558509  -0.0418323161   0.0281294315  -0.0086092058  -0.1435058077
        0.0606436098  -0.0548333357   0.0062782283   0.0219039426  -0.0338016177
        0.3794565018  -0.1498845019   0.0021189130  -0.1219066989   0.0198464852
        0.0554358112  -0.0421370993   0.0028663336   0.0161625220   0.0000543469
       -0.0000274380  -0.0001252952  -0.0001080968  -0.0000799867  -0.0003113722
        0.0000250493   0.0000046584   0.0003324857  -0.0018300340  -0.0002744903
       -0.0003968023   0.0007073331   0.0003531698  -0.0000942033   0.0002564796
       -0.0005466200  -0.0005864996  -0.0034242116   0.0020031444   0.0019842592
       -0.0196340253   0.0127164408   0.0062990120  -0.0080251109   0.0051055084
        0.0136534811   0.0024164468   0.0013666281  -0.0001341915  -0.0064786700
       -0.0056726599  -0.0002809328   0.0020015086   0.0008556228  -0.0003133311
       -0.0002346994   0.0002374243  -0.0001803249   0.0002047819  -0.0011116496
       -0.0029614717   0.0244602314  -0.0058923684   0.0039053043   0.0599329558
       -0.0977324554   0.0531673373   0.0206662541  -0.0037412285   0.0535828593
       -0.1498845019   0.1754302434  -0.0826725149   0.0242136413  -0.0623699138
       -0.0123136913  -0.0149401466   0.0095298433   0.0062249153  -0.0002066420
        0.0001546562   0.0000465757  -0.0000405491   0.0000290723   0.0007049149
        0.0003027597   0.0001093080  -0.0004150397   0.0011531904   0.0001816934
        0.0004525401  -0.0006126369  -0.0001312171  -0.0000191746  -0.0003952581
       -0.0003934308  -0.0002924162   0.0005894456  -0.0004920264  -0.0008631996
        0.0262848106  -0.0109263918  -0.0111228527   0.0110798071  -0.0034378519
       -0.0084488793   0.0007661148   0.0009553196   0.0009269893  -0.0036446054
       -0.0020062172   0.0001320716   0.0003050466   0.0016071903   0.0001460571
        0.0001259079  -0.0002871360   0.0002568760   0.0023596969  -0.0010113459
        0.0005235685   0.0051570165  -0.0026153494   0.0090042040  -0.0477239560
        0.0495706995  -0.1355789081  -0.0359706638   0.0537811164  -0.0863239430
        0.0021189130  -0.0826725149   0.3338616249   0.0452123953  -0.0092763939
       -0.1091356680   0.0058913902   0.0021951979   0.0028599797   0.0001804477
       -0.0000147505  -0.0001095468  -0.0002158709   0.0000406881  -0.0003607817
       -0.0001646224  -0.0000389301   0.0001708065   0.0002289038   0.0002552507
        0.0001604613   0.0004284790   0.0000778888  -0.0001070647   0.0002800170
       -0.0009873918   0.0006896207   0.0009031766  -0.0008386346  -0.0005268015
       -0.0110169415   0.0040624432   0.0068909394   0.0332308298  -0.0127918804
       -0.0229524326  -0.0004075988   0.0003165411   0.0004669312  -0.0003483589
        0.0005714342   0.0007356074  -0.0002691611  -0.0003369324  -0.0005254731
        0.0006038713   0.0001403066   0.0002412569  -0.0008042691   0.0004976644
       -0.0000482339   0.0021529041   0.0026912107  -0.0011147909  -0.0373712157
        0.0217340485  -0.0044653014   0.0006463871  -0.0023803254   0.0016359640
       -0.1219066989   0.0242136413   0.0452123953   0.3941529130  -0.0011413086
        0.0520198232  -0.1152951410  -0.0669913094  -0.0141484905   0.0000961344
       -0.0000116144   0.0000805002  -0.0002818399  -0.0001449847  -0.0002414647
       -0.0001892178  -0.0000292274  -0.0000117876  -0.0000866529  -0.0001494635
       -0.0002608802  -0.0001327169  -0.0000317401   0.0001962455  -0.0001173744
        0.0002165588  -0.0005218804  -0.0015945242   0.0001567338   0.0004156230
       -0.0506090748   0.0483403895  -0.0347993687  -0.0466524204  -0.0075637681
       -0.0420768898  -0.0060401390  -0.0057125534  -0.0036246760  -0.0206309636
       -0.0160444148  -0.0006209784   0.0040600389   0.0022101560   0.0021329345
       -0.0000757750  -0.0002104589  -0.0000991713   0.0015773520  -0.0009303829
       -0.0007127180   0.0034895196   0.0041756380   0.0034210239   0.0246008892
       -0.0133609135  -0.0003142828  -0.0002370863  -0.0022674965  -0.0043524189
        0.0198464852  -0.0623699138  -0.0092763939  -0.0011413086   0.4909585310
       -0.0360448479  -0.0647642210  -0.1408609038  -0.0097098210  -0.0000190292
       -0.0000378699  -0.0000362533  -0.0001276258   0.0000046983  -0.0000743554
       -0.0000013967   0.0000021882   0.0000769150   0.0004461244   0.0001774976
        0.0002566769  -0.0000001343   0.0000461425  -0.0001118852  -0.0000422594
        0.0001609697   0.0001961170  -0.0004554252   0.0002504376   0.0003175090
        0.0466288574  -0.1980763199   0.1013761213  -0.0078838300  -0.0510056912
       -0.0415156561  -0.0084107492  -0.0077927904  -0.0039870839   0.0059534295
        0.0056533667   0.0006273092  -0.0193838167  -0.0245167285  -0.0000367847
       -0.0001181255  -0.0000595940  -0.0001992434   0.0000279950  -0.0001649644
        0.0002256189  -0.0022867006   0.0034262859  -0.0004966611  -0.0078665356
       -0.0023360386   0.0188504701  -0.0038305016   0.0013714434  -0.0003469692
        0.0554358112  -0.0123136913  -0.1091356680   0.0520198232  -0.0360448479
        0.5173875185  -0.0142840767  -0.0104273399  -0.0685851477  -0.0000248506
       -0.0000185640  -0.0000178310  -0.0000724267  -0.0000709512   0.0000793307
        0.0000760973  -0.0000390094   0.0000642089  -0.0001139503   0.0000103487
        0.0000563727   0.0000894209   0.0001119084  -0.0000524471   0.0002369686
       -0.0000784840   0.0002250142  -0.0004395757   0.0003941777   0.0004695957
       -0.0310086887   0.0988890960  -0.1064263533  -0.0447715632  -0.0383462353
       -0.2491523807  -0.0216274427  -0.0229340700  -0.0050118611   0.0079673573
        0.0066255189   0.0004791386   0.0105909644   0.0120050108   0.0015872941
        0.0000238135  -0.0000178893  -0.0000579151   0.0003204427  -0.0000686916
        0.0000543474  -0.0001782528   0.0014641583   0.0002711883   0.0013424009
       -0.0026012487   0.0023292638  -0.0006968163  -0.0004272919  -0.0009724432
       -0.0421370993  -0.0149401466   0.0058913902  -0.1152951410  -0.0647642210
       -0.0142840767   0.4953181256  -0.0387849836  -0.0075035890  -0.0000761944
       -0.0000224467  -0.0000164000   0.0000018288   0.0000590176   0.0000531744
        0.0000224191   0.0000311703  -0.0000118860  -0.0000649430   0.0000005942
        0.0000022748  -0.0000123554  -0.0000113043  -0.0000167695   0.0000454340
        0.0000586332  -0.0001770769  -0.0002868145   0.0000910237   0.0001171688
        0.0033747203   0.0013121807   0.0011233627  -0.0061426183  -0.0077912012
       -0.0036336450  -0.0462103859  -0.0057240995  -0.0279433029  -0.2253698663
        0.0751947890   0.0807137595  -0.0639786977   0.0569419574  -0.0359388255
        0.0001400165  -0.0000740887  -0.0000000184  -0.0000992081  -0.0000848212
       -0.0000505235  -0.0001325770  -0.0004860016  -0.0000073549   0.0013878830
        0.0007809763  -0.0009151850  -0.0003590639   0.0001876395   0.0003726087
        0.0028663336   0.0095298433   0.0021951979  -0.0669913094  -0.1408609038
       -0.0104273399  -0.0387849836   0.4889203808  -0.0010543751  -0.0000294056
        0.0000416292   0.0000125681  -0.0000192523   0.0000390763   0.0000460067
       -0.0000005468   0.0000239938  -0.0000303514  -0.0000101945   0.0000408274
        0.0000020672  -0.0000079073   0.0000198856   0.0000005745  -0.0000066790
       -0.0000225554  -0.0000251380   0.0000855763   0.0000027062  -0.0000334316
       -0.0174923770  -0.0222446163  -0.0006456198  -0.0076606177  -0.0067443112
       -0.0029997594  -0.0051770942  -0.0569485226  -0.0548312603   0.0740995203
       -0.0713554981  -0.0320694454   0.0581918868  -0.2007656397   0.1004607796
        0.0000582172   0.0000036508  -0.0000353297  -0.0001135038   0.0000208252
       -0.0000658995  -0.0000179423  -0.0006790688  -0.0001571536  -0.0009143220
        0.0011520247  -0.0025198283  -0.0000578695   0.0001943617   0.0019035290
        0.0161625220   0.0062249153   0.0028599797  -0.0141484905  -0.0097098210
       -0.0685851477  -0.0075035890  -0.0010543751   0.5284256514   0.0000003988
        0.0000178936   0.0000221703   0.0000155888   0.0000066900  -0.0000041554
       -0.0000223361  -0.0000073800   0.0000166782  -0.0000022323   0.0000151585
        0.0000096644   0.0000095605  -0.0000162686   0.0000274006  -0.0000273734
        0.0000100497   0.0000927431   0.0000785403  -0.0000225528   0.0000002246
        0.0090785791   0.0119388615   0.0017139267  -0.0198048303  -0.0213941236
       -0.0048487290  -0.0271461783  -0.0536968507  -0.2717769919   0.0801796342
       -0.0323880020  -0.0779129221  -0.0358243733   0.0993840114  -0.1091658107
       -0.2194201702  -0.0565625341  -0.0920353420  -0.0032727573  -0.0029276651
       -0.0019231969   0.0008120775  -0.0014823636   0.0001729381   0.0002779187
        0.0001722208  -0.0004651850  -0.0000298498   0.0000119456   0.0001330737
        0.0000543469  -0.0002066420   0.0001804477   0.0000961344  -0.0000190292
       -0.0000248506  -0.0000761944  -0.0000294056   0.0000003988   0.2523797555
        0.0663613139   0.1075147518  -0.0284907316  -0.0054762362  -0.0108417673
       -0.0027165088  -0.0000575251  -0.0031047213   0.0005805347   0.0003500421
       -0.0000050634  -0.0000490777   0.0000145914   0.0002610060   0.0001106228
        0.0000538578   0.0002995764  -0.0003379652  -0.0002131848  -0.0001565104
        0.0000219359  -0.0000084982   0.0000112260   0.0000348113   0.0000108753
       -0.0000175427   0.0000203603   0.0000013563   0.0000074116  -0.0000098683
        0.0000018761   0.0000036844   0.0000146253   0.0000050046  -0.0000103350
       -0.0560579848  -0.0596721602  -0.0295021633  -0.0259529014  -0.0122418017
       -0.0136380919  -0.0013867260  -0.0063997454  -0.0001154308   0.0005405054
       -0.0005116151  -0.0007549127   0.0000064334  -0.0000508740   0.0003839511
       -0.0000274380   0.0001546562  -0.0000147505  -0.0000116144  -0.0000378699
       -0.0000185640  -0.0000224467   0.0000416292   0.0000178936   0.0663613139
        0.0716533117   0.0349518575   0.0096642154   0.0034909085   0.0045450697
        0.0088583726   0.0033825819   0.0050675404  -0.0003648398   0.0005834705
       -0.0002476046  -0.0003660526   0.0005083300  -0.0001257454   0.0002213306
       -0.0000956039   0.0001812184  -0.0014814907  -0.0007826820  -0.0007323391
       -0.0000022218   0.0000043946  -0.0000134201  -0.0000069177  -0.0000198816
        0.0000207923   0.0000131749  -0.0000053359  -0.0000019740  -0.0000017552
        0.0000094297   0.0000053573   0.0000170431  -0.0000111424  -0.0000086840
       -0.0921099301  -0.0298452072  -0.0930382512  -0.0015033918  -0.0012406791
       -0.0004810964  -0.0001610408  -0.0008229171   0.0006299230   0.0002010466
       -0.0001021161  -0.0001332864  -0.0000602731  -0.0000503188   0.0001391867
       -0.0001252952   0.0000465757  -0.0001095468   0.0000805002  -0.0000362533
       -0.0000178310  -0.0000164000   0.0000125681   0.0000221703   0.1075147518
        0.0349518575   0.1039098384   0.0144085251   0.0037201264   0.0069797335
       -0.0283837794  -0.0067107546  -0.0183575945  -0.0001331523  -0.0002071086
       -0.0001808273   0.0003023397   0.0003263669   0.0003214963   0.0001670710
        0.0000735525   0.0001950666  -0.0001747641  -0.0001116639   0.0001024102
        0.0000017853   0.0000089924  -0.0000060794  -0.0000204212  -0.0000086121
        0.0000275963   0.0000137479  -0.0000009034  -0.0000085256  -0.0000097635
        0.0000036818   0.0000057313   0.0000084439  -0.0000071870  -0.0000001140
       -0.1863398741   0.0674952657   0.0937100144   0.0001581157   0.0024396637
        0.0001679636   0.0009359422  -0.0005603568  -0.0002432595   0.0004468669
        0.0000800969   0.0002008382  -0.0002223272  -0.0001710762  -0.0000639540
       -0.0001080968  -0.0000405491  -0.0002158709  -0.0002818399  -0.0001276258
       -0.0000724267   0.0000018288  -0.0000192523   0.0000155888  -0.0284907316
        0.0096642154   0.0144085251   0.2146065530  -0.0793966784  -0.1100896996
       -0.0014398326   0.0000936071   0.0024761094   0.0009596281   0.0004209936
       -0.0002161440  -0.0000068108   0.0000358090  -0.0002567622  -0.0000802617
        0.0000642858   0.0000382926  -0.0001259485  -0.0001053261   0.0000086072
       -0.0000055719   0.0000311014  -0.0000074305  -0.0000564536   0.0000221518
        0.0001071673   0.0000240009   0.0000373286   0.0000195204   0.0000207041
        0.0000171887   0.0000048475   0.0000041090   0.0000191570   0.0000080728
        0.0671800817  -0.0740871094  -0.0442175581   0.0247860708  -0.0178599402
       -0.0168793400   0.0004577593   0.0012741638   0.0002313998  -0.0008570554
       -0.0004352938  -0.0009825632   0.0001088377   0.0000545739   0.0008956618
       -0.0000799867   0.0000290723   0.0000406881  -0.0001449847   0.0000046983
       -0.0000709512   0.0000590176   0.0000390763   0.0000066900  -0.0054762362
        0.0034909085   0.0037201264  -0.0793966784   0.0897335888   0.0527481678
       -0.0076547783   0.0043054860   0.0053083191   0.0004606460  -0.0075891022
       -0.0006099240   0.0003842440   0.0008903396  -0.0003604410   0.0000425245
       -0.0000748916  -0.0000343983   0.0001076645   0.0002945407   0.0001732616
        0.0000785604  -0.0000243506   0.0000164357  -0.0000488657   0.0000160710
        0.0000103092  -0.0000052826  -0.0000092404  -0.0000072282   0.0000241415
        0.0000042974   0.0000004057  -0.0000256799  -0.0000568884   0.0000109387
        0.0939323796  -0.0445578830  -0.1079885276   0.0013393383  -0.0027507167
       -0.0004634094   0.0001984775   0.0000715557   0.0001649415   0.0000197562
       -0.0011031319   0.0009319236  -0.0000499791   0.0001178965  -0.0003741217
       -0.0003113722   0.0007049149  -0.0003607817  -0.0002414647  -0.0000743554
        0.0000793307   0.0000531744   0.0000460067  -0.0000041554  -0.0108417673
        0.0045450697   0.0069797335  -0.1100896996   0.0527481678   0.1210497329
        0.0263743932  -0.0098618283  -0.0211447512  -0.0000553713  -0.0005416191
        0.0009850854  -0.0005459192   0.0005429030   0.0005566120   0.0001861370
       -0.0000396331  -0.0003148255   0.0000077319   0.0001844588  -0.0000438486
       -0.0000481688   0.0000043846  -0.0000554805   0.0000529341  -0.0000393499
        0.0000231065  -0.0000119390  -0.0000162315  -0.0000241739   0.0000229844
        0.0000112324  -0.0000005367   0.0000083748   0.0000081586   0.0000041463
       -0.0447536848   0.0017866972  -0.0037537511   0.0002627907  -0.0008979229
        0.0011040325   0.0004243087  -0.0005082149   0.0009844840   0.0000470107
       -0.0002213202   0.0005270208   0.0000180422   0.0000435519  -0.0002557915
        0.0000250493   0.0003027597  -0.0001646224  -0.0001892178  -0.0000013967
        0.0000760973   0.0000224191  -0.0000005468  -0.0000223361  -0.0027165088
        0.0088583726  -0.0283837794  -0.0014398326  -0.0076547783   0.0263743932
        0.0476232068  -0.0015810332   0.0044565185   0.0000329726   0.0004483647
       -0.0004696637   0.0006723681  -0.0003357030  -0.0000047565  -0.0000220515
       -0.0003346564  -0.0003224996  -0.0000637601   0.0000753259  -0.0000985775
       -0.0000198532   0.0000023813  -0.0000130202   0.0000580753  -0.0000029926
       -0.0000264833  -0.0000102163  -0.0000052820  -0.0000021834   0.0000248641
        0.0000077517  -0.0000040973   0.0000040175   0.0000186421  -0.0000009843
        0.0019069815  -0.0727832483   0.0797878946  -0.0003046788  -0.0169396582
        0.0296426453   0.0007068188   0.0009077611   0.0007060084  -0.0002472304
       -0.0002429976   0.0002736889   0.0000843047   0.0000207256  -0.0002207862
        0.0000046584   0.0001093080  -0.0000389301  -0.0000292274   0.0000021882
       -0.0000390094   0.0000311703   0.0000239938  -0.0000073800  -0.0000575251
        0.0033825819  -0.0067107546   0.0000936071   0.0043054860  -0.0098618283
       -0.0015810332   0.0877357653  -0.0941221240  -0.0000499759   0.0007369693
        0.0005231015  -0.0002946701  -0.0073658806   0.0006404015  -0.0005170634
       -0.0001374564  -0.0005255370   0.0002042077   0.0002841614  -0.0000305475
        0.0000315253  -0.0000007309  -0.0000116599   0.0000111255  -0.0000208462
       -0.0000058994  -0.0000067193  -0.0000005331  -0.0000099621   0.0000134624
        0.0000050567  -0.0000009248   0.0000002619  -0.0000226460   0.0000116031
       -0.0036222535   0.0801229500  -0.2530230420  -0.0000534443   0.0040884550
       -0.0016309805   0.0001870145  -0.0010281961   0.0009953309  -0.0003211449
        0.0004873049  -0.0006384143   0.0001672232   0.0000788816   0.0000791970
        0.0003324857  -0.0004150397   0.0001708065  -0.0000117876   0.0000769150
        0.0000642089  -0.0000118860  -0.0000303514   0.0000166782  -0.0031047213
        0.0050675404  -0.0183575945   0.0024761094   0.0053083191  -0.0211447512
        0.0044565185  -0.0941221240   0.2918092874  -0.0001961994  -0.0002855659
        0.0004780620  -0.0003645700   0.0007430034   0.0009729861   0.0002151712
        0.0001091722   0.0002528001  -0.0000942879  -0.0002043251  -0.0000420411
        0.0000144202  -0.0000037120   0.0000240533  -0.0000467186   0.0000115370
       -0.0000215566  -0.0000048184  -0.0000002957   0.0000150204  -0.0000056806
       -0.0000042208  -0.0000086800  -0.0000114302  -0.0000002479  -0.0000113705
        0.0000326122   0.0020073454   0.0008106649  -0.1876331888   0.0686859716
        0.0920102028  -0.0275192393   0.0055741617   0.0104987433  -0.0030729572
       -0.0028189264  -0.0039285765   0.0002099365   0.0002834896   0.0005505121
       -0.0018300340   0.0011531904   0.0002289038  -0.0000866529   0.0004461244
       -0.0001139503  -0.0000649430  -0.0000101945  -0.0000022323   0.0005805347
       -0.0003648398  -0.0001331523   0.0009596281   0.0004606460  -0.0000553713
        0.0000329726  -0.0000499759  -0.0001961994   0.2195423502  -0.0767643273
       -0.1043464471  -0.0018964753   0.0008395566   0.0038408320   0.0002979139
        0.0003289558   0.0002851911   0.0004449894   0.0001660004   0.0005030734
       -0.0001128794   0.0000609368   0.0000564253   0.0000408172  -0.0000201343
       -0.0000077166   0.0000302201  -0.0000037515   0.0000024647  -0.0000007193
        0.0000137028   0.0000100933   0.0000451144   0.0000120680  -0.0000134607
        0.0235911778  -0.0174175343  -0.0158017173   0.0684325598  -0.0723414373
       -0.0407843619  -0.0068076450   0.0023262681   0.0029608493  -0.0015264824
       -0.0000430681  -0.0009886547   0.0000620803   0.0000188422   0.0000506758
       -0.0002744903   0.0001816934   0.0002552507  -0.0001494635   0.0001774976
        0.0000103487   0.0000005942   0.0000408274   0.0000151585   0.0003500421
        0.0005834705  -0.0002071086   0.0004209936  -0.0075891022  -0.0005416191
        0.0004483647   0.0007369693  -0.0002855659  -0.0767643273   0.0887221236
        0.0496933893  -0.0072026875   0.0042344488   0.0053106004   0.0003012443
       -0.0000411787   0.0000856458  -0.0007966932   0.0004356932   0.0002255586
       -0.0000563952   0.0000068137  -0.0000036223  -0.0000312483  -0.0000345711
        0.0000065804   0.0000027968   0.0000017965   0.0000088221  -0.0000118205
       -0.0000023509  -0.0000006540   0.0000113996   0.0000027983  -0.0000095758
        0.0012695304  -0.0021269116  -0.0001689364   0.0926847612  -0.0407480155
       -0.1012584470  -0.0122260697   0.0030295402   0.0058017932  -0.0015144110
       -0.0012201356  -0.0014963640   0.0000325180   0.0002481170   0.0006526987
       -0.0003968023   0.0004525401   0.0001604613  -0.0002608802   0.0002566769
        0.0000563727   0.0000022748   0.0000020672   0.0000096644  -0.0000050634
       -0.0002476046  -0.0001808273  -0.0002161440  -0.0006099240   0.0009850854
       -0.0004696637   0.0005231015   0.0004780620  -0.1043464471   0.0496933893
        0.1142294978   0.0256179112  -0.0096811683  -0.0199842622  -0.0003253327
        0.0000868202   0.0003413673   0.0002025715   0.0003155575   0.0003493041
       -0.0000396869   0.0000142900   0.0000257240  -0.0000280694   0.0000020605
       -0.0000016580   0.0000124966   0.0000027632   0.0000181266   0.0000068577
        0.0000067348  -0.0000017169  -0.0000003509   0.0000001015  -0.0000159456
        0.0009003396  -0.0011026693   0.0010178921  -0.0436204272   0.0003845127
        0.0049915391  -0.0040270801   0.0071768001  -0.0260850749  -0.0003909501
        0.0014875398  -0.0022866527   0.0007915550  -0.0003633144   0.0005457478
        0.0007073331  -0.0006126369   0.0004284790  -0.0001327169  -0.0000001343
        0.0000894209  -0.0000123554  -0.0000079073   0.0000095605  -0.0000490777
       -0.0003660526   0.0003023397  -0.0000068108   0.0003842440  -0.0005459192
        0.0006723681  -0.0002946701  -0.0003645700  -0.0018964753  -0.0072026875
        0.0256179112   0.0510342927   0.0015986384  -0.0005228966  -0.0044834698
       -0.0012877490  -0.0033116754   0.0004820759   0.0002276280   0.0001018946
        0.0000505673  -0.0000395524   0.0000071353  -0.0000352693   0.0000267656
        0.0000028631   0.0000206290   0.0000006765   0.0000198006   0.0000232114
        0.0000010982   0.0000007091  -0.0000277393  -0.0000105293  -0.0000185041
       -0.0008939461  -0.0170736196   0.0286131332   0.0007015634  -0.0701101906
        0.0753348601  -0.0005178775   0.0029886686  -0.0079093888   0.0000685089
        0.0004558575   0.0009063548  -0.0000658233  -0.0005297692  -0.0005274977
        0.0003531698  -0.0001312171   0.0000778888  -0.0000317401   0.0000461425
        0.0001119084  -0.0000113043   0.0000198856  -0.0000162686   0.0000145914
        0.0005083300   0.0003263669   0.0000358090   0.0008903396   0.0005429030
       -0.0003357030  -0.0073658806   0.0007430034   0.0008395566   0.0042344488
       -0.0096811683   0.0015986384   0.0857333061  -0.0872375625  -0.0016609061
        0.0001300689  -0.0007190562  -0.0000782506   0.0002309808  -0.0005459778
       -0.0000099727  -0.0000163819  -0.0000135777   0.0000047880  -0.0000046450
       -0.0000064457  -0.0000056861  -0.0000062180   0.0000005310  -0.0000037369
       -0.0000081466   0.0000035102  -0.0000016787   0.0000080403  -0.0000035166
        0.0002555030   0.0029506484  -0.0011419237   0.0039996208   0.0758531816
       -0.2474466377  -0.0054708827   0.0041905726  -0.0179490383   0.0003870901
        0.0007446140  -0.0005333525   0.0002347416  -0.0004135190   0.0010242604
       -0.0000942033  -0.0000191746  -0.0001070647   0.0001962455  -0.0001118852
       -0.0000524471  -0.0000167695   0.0000005745   0.0000274006   0.0002610060
       -0.0001257454   0.0003214963  -0.0002567622  -0.0003604410   0.0005566120
       -0.0000047565   0.0006404015   0.0009729861   0.0038408320   0.0053106004
       -0.0199842622  -0.0005228966  -0.0872375625   0.2857826690  -0.0030250316
       -0.0013473670  -0.0014571156   0.0001643172  -0.0000416172  -0.0000470224
        0.0000361280  -0.0000121360  -0.0000042530  -0.0000000337   0.0000006454
        0.0000455048   0.0000223888  -0.0000059022  -0.0000170154   0.0000043412
        0.0000040709   0.0000065594  -0.0000108781  -0.0000199592   0.0000026442
        0.0007223254   0.0008734809   0.0000435893  -0.0039185727   0.0081410402
       -0.0238093237  -0.0428250590   0.0082089159  -0.0169362103   0.0022494954
       -0.0099304161   0.0198757466  -0.0055085414   0.0018261051   0.0069475829
        0.0002564796  -0.0003952581   0.0002800170  -0.0001173744  -0.0000422594
        0.0002369686   0.0000454340  -0.0000066790  -0.0000273734   0.0001106228
        0.0002213306   0.0001670710  -0.0000802617   0.0000425245   0.0001861370
       -0.0000220515  -0.0005170634   0.0002151712   0.0002979139   0.0003012443
       -0.0003253327  -0.0044834698  -0.0016609061  -0.0030250316   0.0517486665
       -0.0077662724   0.0174910144   0.0012587944   0.0007772054  -0.0011000622
        0.0000763570  -0.0000056596  -0.0000404756   0.0001446379  -0.0000831109
       -0.0001368618  -0.0000671248  -0.0000206578  -0.0000317579   0.0000599032
        0.0000173107  -0.0000292364   0.0000518252   0.0000191252   0.0000183677
       -0.0002784345   0.0010020793  -0.0012160779  -0.0004024283   0.0032925223
       -0.0065161069   0.0067281224  -0.0842552490   0.0904314436  -0.0007431747
        0.0026028473  -0.0044230977   0.0020298346   0.0009920984  -0.0020337499
       -0.0005466200  -0.0003934308  -0.0009873918   0.0002165588   0.0001609697
       -0.0000784840   0.0000586332  -0.0000225554   0.0000100497   0.0000538578
       -0.0000956039   0.0000735525   0.0000642858  -0.0000748916  -0.0000396331
       -0.0003346564  -0.0001374564   0.0001091722   0.0003289558  -0.0000411787
        0.0000868202  -0.0012877490   0.0001300689  -0.0013473670  -0.0077662724
        0.0935916532  -0.1026053086   0.0018841391  -0.0167078084   0.0285953518
        0.0000355451  -0.0000009317  -0.0000106659  -0.0000034366  -0.0000111315
       -0.0000268818  -0.0000483280   0.0000055492  -0.0000257934   0.0000138679
       -0.0000051143  -0.0000189031  -0.0000027007  -0.0000324366   0.0000230710
        0.0008228889   0.0004624260   0.0008439854  -0.0049347162   0.0047361794
       -0.0156678767  -0.0143551995   0.0892160781  -0.2377143267   0.0009769952
        0.0077552814  -0.0191860273   0.0048717202  -0.0007476869  -0.0048865402
       -0.0005864996  -0.0002924162   0.0006896207  -0.0005218804   0.0001961170
        0.0002250142  -0.0001770769  -0.0000251380   0.0000927431   0.0002995764
        0.0001812184   0.0001950666   0.0000382926  -0.0000343983  -0.0003148255
       -0.0003224996  -0.0005255370   0.0002528001   0.0002851911   0.0000856458
        0.0003413673  -0.0033116754  -0.0007190562  -0.0014571156   0.0174910144
       -0.1026053086   0.2764760568  -0.0001954464   0.0022031179  -0.0000643567
       -0.0001139099   0.0000406197   0.0000894038  -0.0001660514   0.0000901388
        0.0000835925   0.0000233429   0.0000036725   0.0000561220  -0.0000846000
       -0.0000290423   0.0000044322  -0.0000394665   0.0000080883  -0.0000591359
       -0.0039341088  -0.0017756679  -0.0026812745  -0.0028965211  -0.0251118797
       -0.0041531415  -0.0333919077   0.0099132639   0.0027153518  -0.0024357436
        0.0247899627   0.0058761347  -0.0006830598  -0.0011752483  -0.0016579362
       -0.0034242116   0.0005894456   0.0009031766  -0.0015945242  -0.0004554252
       -0.0004395757  -0.0002868145   0.0000855763   0.0000785403  -0.0003379652
       -0.0014814907  -0.0001747641  -0.0001259485   0.0001076645   0.0000077319
       -0.0000637601   0.0002042077  -0.0000942879   0.0004449894  -0.0007966932
        0.0002025715   0.0004820759  -0.0000782506   0.0001643172   0.0012587944
        0.0018841391  -0.0001954464   0.0468984855  -0.0065155691  -0.0004858898
        0.0000368708  -0.0000553058   0.0000092536   0.0001738528  -0.0000806009
       -0.0001110276  -0.0000337028   0.0000393757  -0.0000339644  -0.0000393918
       -0.0001206678  -0.0000078042  -0.0000474090   0.0000331636   0.0000780348
       -0.0027774429  -0.0001889769  -0.0015870492  -0.0032617100  -0.0122199049
       -0.0026285125   0.0055456334  -0.2754295810  -0.0145649680   0.0043444315
       -0.0124114474  -0.0035216267  -0.0004048407   0.0010121299   0.0008730138
        0.0020031444  -0.0004920264  -0.0008386346   0.0001567338   0.0002504376
        0.0003941777   0.0000910237   0.0000027062  -0.0000225528  -0.0002131848
       -0.0007826820  -0.0001116639  -0.0001053261   0.0002945407   0.0001844588
        0.0000753259   0.0002841614  -0.0002043251   0.0001660004   0.0004356932
        0.0003155575   0.0002276280   0.0002309808  -0.0000416172   0.0007772054
       -0.0167078084   0.0022031179  -0.0065155691   0.3156217402   0.0195074771
       -0.0000582739   0.0000313392  -0.0000272736  -0.0001160612   0.0000084532
        0.0000725265   0.0000232033  -0.0000146148   0.0000337750  -0.0000043745
        0.0000576032   0.0000135862   0.0000464533   0.0000172561  -0.0000494668
       -0.0022726100  -0.0008214830  -0.0005898915  -0.0027094411  -0.0139399208
       -0.0012705123   0.0022981880  -0.0162930790  -0.0432658121   0.0005351623
       -0.0174095434  -0.0006630592   0.0009445475   0.0018407652  -0.0005508343
        0.0019842592  -0.0008631996  -0.0005268015   0.0004156230   0.0003175090
        0.0004695957   0.0001171688  -0.0000334316   0.0000002246  -0.0001565104
       -0.0007323391   0.0001024102   0.0000086072   0.0001732616  -0.0000438486
       -0.0000985775  -0.0000305475  -0.0000420411   0.0005030734   0.0002255586
        0.0003493041   0.0001018946  -0.0005459778  -0.0000470224  -0.0011000622
        0.0285953518  -0.0000643567  -0.0004858898   0.0195074771   0.0461608007
        0.0000174845  -0.0000007841  -0.0000222157  -0.0001050229   0.0000166437
        0.0000280082  -0.0000296749   0.0000032960  -0.0000012180   0.0000177587
        0.0000258190  -0.0000175258   0.0000140216  -0.0000353765  -0.0000052043
       -0.0000258351  -0.0000365897   0.0000189102  -0.0002885789   0.0001278885
        0.0002105327  -0.0013873835   0.0000057271  -0.0008013927  -0.0035402516
        0.0036621885   0.0035284627   0.0005685934  -0.0004012691   0.0001761929
       -0.0196340253   0.0262848106  -0.0110169415  -0.0506090748   0.0466288574
       -0.0310086887   0.0033747203  -0.0174923770   0.0090785791   0.0000219359
       -0.0000022218   0.0000017853  -0.0000055719   0.0000785604  -0.0000481688
       -0.0000198532   0.0000315253   0.0000144202  -0.0001128794  -0.0000563952
       -0.0000396869   0.0000505673  -0.0000099727   0.0000361280   0.0000763570
        0.0000355451  -0.0001139099   0.0000368708  -0.0000582739   0.0000174845
        0.0733839390  -0.0596490120   0.0347878096  -0.0002437775   0.0050773726
       -0.0050373297   0.0005619871   0.0001286914   0.0004175488   0.0003193305
       -0.0003992082   0.0001542802  -0.0025270702  -0.0039558473  -0.0003760161
       -0.0000397311   0.0000312412  -0.0000064578   0.0001025548  -0.0000424420
       -0.0001355368   0.0005848434   0.0000848740   0.0003449968   0.0010094652
       -0.0012716747  -0.0020041277  -0.0005994954   0.0004752844  -0.0002526672
        0.0127164408  -0.0109263918   0.0040624432   0.0483403895  -0.1980763199
        0.0988890960   0.0013121807  -0.0222446163   0.0119388615  -0.0000084982
        0.0000043946   0.0000089924   0.0000311014  -0.0000243506   0.0000043846
        0.0000023813  -0.0000007309  -0.0000037120   0.0000609368   0.0000068137
        0.0000142900  -0.0000395524  -0.0000163819  -0.0000121360  -0.0000056596
       -0.0000009317   0.0000406197  -0.0000553058   0.0000313392  -0.0000007841
       -0.0596490120   0.2312884288  -0.1123340318  -0.0008754921   0.0034068644
       -0.0004257259   0.0006567273   0.0003742622   0.0002303377   0.0003965683
        0.0005149461   0.0000876858  -0.0039408431  -0.0036146089  -0.0004465285
       -0.0000135458   0.0000086969   0.0000344872   0.0001618572  -0.0000218113
       -0.0001102185   0.0007589998  -0.0000016262   0.0004149279   0.0012704832
        0.0000595746  -0.0028845010  -0.0010434097  -0.0000032522   0.0012694435
        0.0062990120  -0.0111228527   0.0068909394  -0.0347993687   0.1013761213
       -0.1064263533   0.0011233627  -0.0006456198   0.0017139267   0.0000112260
       -0.0000134201  -0.0000060794  -0.0000074305   0.0000164357  -0.0000554805
       -0.0000130202  -0.0000116599   0.0000240533   0.0000564253  -0.0000036223
        0.0000257240   0.0000071353  -0.0000135777  -0.0000042530  -0.0000404756
       -0.0000106659   0.0000894038   0.0000092536  -0.0000272736  -0.0000222157
        0.0347878096  -0.1123340318   0.1157295948  -0.0086358620   0.0240185033
       -0.0181842008  -0.0001070291  -0.0008806255   0.0004731852   0.0002323695
        0.0001375818  -0.0000094805  -0.0000577925  -0.0005268745   0.0010370973
       -0.0000848768   0.0000398945   0.0000244335  -0.0000802212   0.0000390293
       -0.0000545045  -0.0002542440  -0.0004661602  -0.0002658584   0.0007717340
        0.0003891154   0.0022922009  -0.0002426574  -0.0004297365  -0.0004838163
       -0.0080251109   0.0110798071   0.0332308298  -0.0466524204  -0.0078838300
       -0.0447715632  -0.0061426183  -0.0076606177  -0.0198048303   0.0000348113
       -0.0000069177  -0.0000204212  -0.0000564536  -0.0000488657   0.0000529341
        0.0000580753   0.0000111255  -0.0000467186   0.0000408172  -0.0000312483
       -0.0000280694  -0.0000352693   0.0000047880  -0.0000000337   0.0001446379
       -0.0000034366  -0.0001660514   0.0001738528  -0.0001160612  -0.0001050229
       -0.0002437775  -0.0008754921  -0.0086358620   0.0628275347   0.0091946142
        0.0397245307  -0.0029151128  -0.0039007424  -0.0005485222   0.0000302700
       -0.0000682015  -0.0003489444   0.0006510290   0.0007329359  -0.0000447106
       -0.0000752862   0.0000381672   0.0000573368   0.0000477047   0.0000419744
        0.0000249586  -0.0000266197   0.0003096612   0.0003572616  -0.0000606935
        0.0016069224  -0.0031996934  -0.0005122467  -0.0010071263   0.0011762553
        0.0051055084  -0.0034378519  -0.0127918804  -0.0075637681  -0.0510056912
       -0.0383462353  -0.0077912012  -0.0067443112  -0.0213941236   0.0000108753
       -0.0000198816  -0.0000086121   0.0000221518   0.0000160710  -0.0000393499
       -0.0000029926  -0.0000208462   0.0000115370  -0.0000201343  -0.0000345711
        0.0000020605   0.0000267656  -0.0000046450   0.0000006454  -0.0000831109
       -0.0000111315   0.0000901388  -0.0000806009   0.0000084532   0.0000166437
        0.0050773726   0.0034068644   0.0240185033   0.0091946142   0.0594145001
        0.0520169100  -0.0039075934  -0.0032269599  -0.0011629559   0.0003913087
        0.0003535673  -0.0000297701   0.0002479463   0.0003168347  -0.0007996302
        0.0000009348  -0.0000043157  -0.0000031460  -0.0001082255  -0.0000119010
        0.0000128400   0.0001243184   0.0000975890  -0.0001431324  -0.0014754105
        0.0013634119  -0.0001587202  -0.0007248974  -0.0000991608   0.0011256095
        0.0136534811  -0.0084488793  -0.0229524326  -0.0420768898  -0.0415156561
       -0.2491523807  -0.0036336450  -0.0029997594  -0.0048487290  -0.0000175427
        0.0000207923   0.0000275963   0.0001071673   0.0000103092   0.0000231065
       -0.0000264833  -0.0000058994  -0.0000215566  -0.0000077166   0.0000065804
       -0.0000016580   0.0000028631  -0.0000064457   0.0000455048  -0.0001368618
       -0.0000268818   0.0000835925  -0.0001110276   0.0000725265   0.0000280082
       -0.0050373297  -0.0004257259  -0.0181842008   0.0397245307   0.0520169100
        0.2923498318  -0.0008148115  -0.0007381604   0.0009095921  -0.0000249360
        0.0002845736   0.0002147085   0.0005824820   0.0004100926   0.0006455662
       -0.0000076309   0.0000103909   0.0000195320  -0.0000057269   0.0000016220
       -0.0000076201   0.0000928512   0.0000141698   0.0000620401  -0.0006344165
        0.0000117210  -0.0006500069   0.0001832367  -0.0000400524   0.0004446974
        0.0024164468   0.0007661148  -0.0004075988  -0.0060401390  -0.0084107492
       -0.0216274427  -0.0462103859  -0.0051770942  -0.0271461783   0.0000203603
        0.0000131749   0.0000137479   0.0000240009  -0.0000052826  -0.0000119390
       -0.0000102163  -0.0000067193  -0.0000048184   0.0000302201   0.0000027968
        0.0000124966   0.0000206290  -0.0000056861   0.0000223888  -0.0000671248
       -0.0000483280   0.0000233429  -0.0000337028   0.0000232033  -0.0000296749
        0.0005619871   0.0006567273  -0.0001070291  -0.0029151128  -0.0039075934
       -0.0008148115   0.0515361284   0.0097843542   0.0338227988   0.0017988555
        0.0071379156   0.0274225816  -0.0007602601  -0.0008206854  -0.0110365066
       -0.0000314925   0.0000072862   0.0000053818   0.0000189526   0.0000138022
        0.0000302102   0.0000185611  -0.0000854071  -0.0000338672  -0.0000023147
       -0.0001121408   0.0000210976   0.0001220512   0.0000153627   0.0002297102
        0.0013666281   0.0009553196   0.0003165411  -0.0057125534  -0.0077927904
       -0.0229340700  -0.0057240995  -0.0569485226  -0.0536968507   0.0000013563
       -0.0000053359  -0.0000009034   0.0000373286  -0.0000092404  -0.0000162315
       -0.0000052820  -0.0000005331  -0.0000002957  -0.0000037515   0.0000017965
        0.0000027632   0.0000006765  -0.0000062180  -0.0000059022  -0.0000206578
        0.0000055492   0.0000036725   0.0000393757  -0.0000146148   0.0000032960
        0.0001286914   0.0003742622  -0.0008806255  -0.0039007424  -0.0032269599
       -0.0007381604   0.0097843542   0.0648587540   0.0645780894   0.0004024661
       -0.0025865553  -0.0125001660   0.0034804523   0.0045561858   0.0256163106
        0.0000046807   0.0000099648   0.0000119719   0.0000717881   0.0000102638
        0.0000281295   0.0000157928   0.0000160437   0.0001022856  -0.0000722959
       -0.0003824978  -0.0004599802  -0.0000623705   0.0000363088   0.0002058723
       -0.0001341915   0.0009269893   0.0004669312  -0.0036246760  -0.0039870839
       -0.0050118611  -0.0279433029  -0.0548312603  -0.2717769919   0.0000074116
       -0.0000019740  -0.0000085256   0.0000195204  -0.0000072282  -0.0000241739
       -0.0000021834  -0.0000099621   0.0000150204   0.0000024647   0.0000088221
        0.0000181266   0.0000198006   0.0000005310  -0.0000170154  -0.0000317579
       -0.0000257934   0.0000561220  -0.0000339644   0.0000337750  -0.0000012180
        0.0004175488   0.0002303377   0.0004731852  -0.0005485222  -0.0011629559
        0.0009095921   0.0338227988   0.0645780894   0.3113668860   0.0009769147
       -0.0041367534  -0.0154319584  -0.0029054564  -0.0013056165  -0.0209223982
       -0.0000667313  -0.0000123722  -0.0000170198   0.0000505825  -0.0000184513
        0.0000310291  -0.0001371494   0.0004110880  -0.0000136696   0.0003677909
       -0.0008561463   0.0014274539   0.0001310719  -0.0000946236  -0.0006169008
       -0.0064786700  -0.0036446054  -0.0003483589  -0.0206309636   0.0059534295
        0.0079673573  -0.2253698663   0.0740995203   0.0801796342  -0.0000098683
       -0.0000017552  -0.0000097635   0.0000207041   0.0000241415   0.0000229844
        0.0000248641   0.0000134624  -0.0000056806  -0.0000007193  -0.0000118205
        0.0000068577   0.0000232114  -0.0000037369   0.0000043412   0.0000599032
        0.0000138679  -0.0000846000  -0.0000393918  -0.0000043745   0.0000177587
        0.0003193305   0.0003965683   0.0002323695   0.0000302700   0.0003913087
       -0.0000249360   0.0017988555   0.0004024661   0.0009769147   0.2606996019
       -0.0841761758  -0.0931534589  -0.0107928261   0.0071182090   0.0034076874
       -0.0000373867   0.0000077888  -0.0000095104   0.0000378081  -0.0000090702
       -0.0000160013  -0.0000632004   0.0003873886   0.0000128282  -0.0005780038
       -0.0004261195   0.0005310175   0.0001622696  -0.0000529023  -0.0002174827
       -0.0056726599  -0.0020062172   0.0005714342  -0.0160444148   0.0056533667
        0.0066255189   0.0751947890  -0.0713554981  -0.0323880020   0.0000018761
        0.0000094297   0.0000036818   0.0000171887   0.0000042974   0.0000112324
        0.0000077517   0.0000050567  -0.0000042208   0.0000137028  -0.0000023509
        0.0000067348   0.0000010982  -0.0000081466   0.0000040709   0.0000173107
       -0.0000051143  -0.0000290423  -0.0001206678   0.0000576032   0.0000258190
       -0.0003992082   0.0005149461   0.0001375818  -0.0000682015   0.0003535673
        0.0002845736   0.0071379156  -0.0025865553  -0.0041367534  -0.0841761758
        0.0809660822   0.0372990749   0.0245682085  -0.0115075524  -0.0087125550
       -0.0000024173  -0.0000004385   0.0000110993  -0.0000221303  -0.0000022838
       -0.0000057265   0.0000311788  -0.0000046296   0.0000114457  -0.0001762423
        0.0001192657  -0.0000202797   0.0001138182  -0.0000557803   0.0000034536
       -0.0002809328   0.0001320716   0.0007356074  -0.0006209784   0.0006273092
        0.0004791386   0.0807137595  -0.0320694454  -0.0779129221   0.0000036844
        0.0000053573   0.0000057313   0.0000048475   0.0000004057  -0.0000005367
       -0.0000040973  -0.0000009248  -0.0000086800   0.0000100933  -0.0000006540
       -0.0000017169   0.0000007091   0.0000035102   0.0000065594  -0.0000292364
       -0.0000189031   0.0000044322  -0.0000078042   0.0000135862  -0.0000175258
        0.0001542802   0.0000876858  -0.0000094805  -0.0003489444  -0.0000297701
        0.0002147085   0.0274225816  -0.0125001660  -0.0154319584  -0.0931534589
        0.0372990749   0.0860769131  -0.0138087104   0.0063947289   0.0058597375
        0.0000019725   0.0000153631   0.0000021404  -0.0000099847  -0.0000103864
       -0.0000554353   0.0000964883   0.0000021099  -0.0000175541  -0.0004569825
       -0.0005044298   0.0007719213   0.0002045437   0.0003506067  -0.0006066493
        0.0020015086   0.0003050466  -0.0002691611   0.0040600389  -0.0193838167
        0.0105909644  -0.0639786977   0.0581918868  -0.0358243733   0.0000146253
        0.0000170431   0.0000084439   0.0000041090  -0.0000256799   0.0000083748
        0.0000040175   0.0000002619  -0.0000114302   0.0000451144   0.0000113996
       -0.0000003509  -0.0000277393  -0.0000016787  -0.0000108781   0.0000518252
       -0.0000027007  -0.0000394665  -0.0000474090   0.0000464533   0.0000140216
       -0.0025270702  -0.0039408431  -0.0000577925   0.0006510290   0.0002479463
        0.0005824820  -0.0007602601   0.0034804523  -0.0029054564  -0.0107928261
        0.0245682085  -0.0138087104   0.0714656972  -0.0633672429   0.0416289098
       -0.0000285570   0.0000476522  -0.0000124163   0.0000434144   0.0000438394
        0.0000242907   0.0000672085  -0.0000990614  -0.0001006558  -0.0004999823
       -0.0004571678   0.0008617336   0.0006061797   0.0002044111  -0.0005211390
        0.0008556228   0.0016071903  -0.0003369324   0.0022101560  -0.0245167285
        0.0120050108   0.0569419574  -0.2007656397   0.0993840114   0.0000050046
       -0.0000111424  -0.0000071870   0.0000191570  -0.0000568884   0.0000081586
        0.0000186421  -0.0000226460  -0.0000002479   0.0000120680   0.0000027983
        0.0000001015  -0.0000105293   0.0000080403  -0.0000199592   0.0000191252
       -0.0000324366   0.0000080883   0.0000331636   0.0000172561  -0.0000353765
       -0.0039558473  -0.0036146089  -0.0005268745   0.0007329359   0.0003168347
        0.0004100926  -0.0008206854   0.0045561858  -0.0013056165   0.0071182090
       -0.0115075524   0.0063947289  -0.0633672429   0.2342796638  -0.1162298114
       -0.0000207482  -0.0000160141   0.0000023046  -0.0000419094  -0.0000040822
        0.0000130136  -0.0000058924  -0.0000370462  -0.0001147220   0.0004525017
        0.0001905748   0.0007482403   0.0000947153  -0.0001056394  -0.0003484651
       -0.0003133311   0.0001460571  -0.0005254731   0.0021329345  -0.0000367847
        0.0015872941  -0.0359388255   0.1004607796  -0.1091658107  -0.0000103350
       -0.0000086840  -0.0000001140   0.0000080728   0.0000109387   0.0000041463
       -0.0000009843   0.0000116031  -0.0000113705  -0.0000134607  -0.0000095758
       -0.0000159456  -0.0000185041  -0.0000035166   0.0000026442   0.0000183677
        0.0000230710  -0.0000591359   0.0000780348  -0.0000494668  -0.0000052043
       -0.0003760161  -0.0004465285   0.0010370973  -0.0000447106  -0.0007996302
        0.0006455662  -0.0110365066   0.0256163106  -0.0209223982   0.0034076874
       -0.0087125550   0.0058597375   0.0416289098  -0.1162298114   0.1212685954
