           1           2  0.991975749267681     
           2           3  0.960585441607343     
           2           4  0.962785628555807     
           4           5   1.30241411632117     
           5           6   1.55379537453510     
           6           7   1.28122342120416     
           7           8   1.27880597069698     
           8           9   1.47834137778559     
           9          10   1.24442390052131     
           8          11  0.105141206483692     
          10          11   1.58877435712373     
           7          12   1.25000356379973     
          11          12   1.26020458121946     
           4          13   1.51287801182349     
           6          13  0.113673867067175     
          12          13   1.29413586398348     
           9          14   1.05792743211962     
          14          15  0.971941386132279     
           2          16  0.958247712042360     
          16          17   1.68936806919786     
          16          18   1.19080844438609     
          17          18  0.171638082326148     
           1          19  0.985185879693502     
           1          20  0.982025123005555     
           1          21  0.984516180884297     
           5          22  0.967385663073691     
           6          23  0.967144232095474     
           8          24  0.962787941323364     
          10          25  0.967097109201576     
          11          26  0.966259431787442     
          13          27  0.962490348653897     
          15          28  0.976516178225900     
          15          29  0.977838739346007     
          15          30  0.976439039146774     
          18          31  0.801876276506228     
