           1           2   1.02087719364617     
           2           3  0.997421077021077     
           3           4  0.979367428963755     
           4           5   1.69763143503126     
           4           6   1.16121508875644     
           5           6  0.169149677159649     
           6           7  0.920004840915388     
           7           8   1.01363232664885     
           1           9  0.986164807775236     
           1          10  0.987877845112407     
           1          11  0.986561734048155     
           2          12  0.976273281117893     
           2          13  0.976396172263002     
           3          14  0.967361349663016     
           3          15  0.939634966404004     
           7          16  0.969235238082570     
           7          17  0.970238172288617     
           8          18  0.985865197639138     
           8          19  0.984503384585771     
           8          20  0.980276914928394     
