           1           2   1.01926417660347     
           2           3   1.00738675250681     
           3           4  0.997326206038697     
           4           5  0.981559810392589     
           5           6   1.70066749828539     
           5           7   1.15787919687435     
           6           7  0.168899397135952     
           7           8  0.938059574798940     
           1           9  0.986524345710834     
           1          10  0.987636303343799     
           1          11  0.987532113439268     
           2          12  0.977804419824401     
           2          13  0.977731926447177     
           3          14  0.975442630515594     
           3          15  0.977429699212925     
           4          16  0.966441171230405     
           4          17  0.937921304091438     
           8          18  0.976317145959557     
           8          19  0.976726163891049     
           8          20  0.976514505245757     
