           1           2   1.00301510576274     
           2           3  0.995550341862364     
           2           4   1.00508297745033     
           4           5   1.00006012593971     
           5           6   1.00813040663448     
           5           7   1.00232062756737     
           1           8  0.985876776677686     
           1           9  0.985768624076032     
           1          10  0.986150624902945     
           2          11  0.964375321348212     
           3          12  0.986244796539543     
           3          13  0.984208238552356     
           3          14  0.985940338769053     
           4          15  0.950089467968705     
           5          16  0.957737258461128     
           6          17  0.985145882578302     
           6          18  0.985680446009499     
           6          19  0.985591372843858     
           7          20  0.986093992524296     
           7          21  0.983578229934484     
           7          22  0.985961344427491     
