           1           2   1.02079669882955     
           2           3   1.00817958720649     
           3           4   1.02378875296965     
           4           5  0.946068860301019     
           1           6  0.986699723192722     
           1           7  0.985233993217053     
           1           8  0.986017225591888     
           2           9  0.977282309981029     
           2          10  0.976539834269426     
           3          11  0.973309595883473     
           3          12  0.963283670798474     
           4          13  0.979590601228838     
           4          14  0.982110704808639     
