           1           2   1.97636944672355     
           2           3   1.01245905017602     
           3           4   1.02514562457745     
           4           5   1.97885080968053     
           1           6  0.976970737159149     
           1           7  0.973919471203817     
           2           8  0.966526992617623     
           3           9  0.947741099316301     
           3          10  0.953027811486477     
           4          11  0.966093101722736     
           5          12  0.977098728680122     
           5          13  0.975122140604767     
