           1           2  0.988235411623900     
           2           3  0.958297741882276     
           2           4  0.972166795222623     
           4           5   1.40399478966074     
           5           6   1.45449793793771     
           4           7  0.100480153358595     
           6           7   1.38290663747574     
           7           8   1.35288910244226     
           4           9   1.40188094577552     
           6           9  0.105961414946133     
           8           9   1.41952673632397     
           8          10  0.919518057898554     
           7          11   1.04331557106095     
          11          12   1.38733258870591     
          12          13   1.45269349739292     
          11          14  0.105626949748811     
          13          14   1.43330394114942     
          12          15  0.109328613895599     
          14          15   1.43747344725329     
          11          16   1.39323411607535     
          13          16  0.108975869702740     
          15          16   1.44792557296430     
           2          17  0.952628766048482     
          17          18   1.70835251888950     
          17          19   1.18406119103288     
          18          19  0.174223218602491     
           1          20  0.984294932139809     
           1          21  0.983795116645314     
           1          22  0.983826719723318     
           5          23  0.964060455578776     
           6          24  0.964601725734439     
           9          25  0.962425732913930     
          12          26  0.968029191239899     
          13          27  0.969744501082977     
          14          28  0.970700724298786     
          15          29  0.970215288927566     
          16          30  0.970178270335082     
          19          31  0.798508389227112     
