           1           2   1.02083087628024     
           2           3   1.00402619144298     
           3           4  0.981398176886587     
           4           5   1.70440035173787     
           4           6   1.15315965481540     
           5           6  0.167389376922569     
           6           7  0.920847056393185     
           7           8   1.01387854231975     
           1           9  0.986502643813166     
           1          10  0.987060407303671     
           1          11  0.986466587138668     
           2          12  0.976682400459007     
           2          13  0.977796164208442     
           3          14  0.939242890088074     
           3          15  0.957958309636564     
           7          16  0.969607994024982     
           7          17  0.970497317991687     
           8          18  0.985504054348804     
           8          19  0.984773739236592     
           8          20  0.980405079440125     
