$hessian                                                                        
        0.4952947151   0.0250744227   0.0193926851  -0.1115098969   0.0498649310
        0.0401447888  -0.0172520553   0.0175197930   0.0070758787   0.0006017139
       -0.0004370477  -0.0002192805  -0.0003021597  -0.0000859951   0.0002867281
       -0.1727432432   0.0481977893  -0.1090868051  -0.1080132022  -0.1015493582
       -0.0345123086  -0.0807944032  -0.0420981946   0.0750361450  -0.0097449809
        0.0094056661   0.0101133620   0.0078225064  -0.0084403864  -0.0068032620
       -0.0030756663   0.0022270228  -0.0022032140   0.0009778267  -0.0007881330
        0.0007774109  -0.0012456226   0.0008035878  -0.0000872740  -0.0000033271
        0.0002584739   0.0000944388   0.0000105190  -0.0000033380   0.0000239561
       -0.0000227237   0.0000507664  -0.0000332492
        0.0250744227   0.4971310334  -0.0187779903   0.0484831085  -0.1242685444
       -0.0437633726   0.0113031161  -0.0098853499  -0.0021144200   0.0000895529
       -0.0002681516   0.0000364100  -0.0000105256  -0.0001206199  -0.0001430324
        0.0483507081  -0.0618890827   0.0428477515  -0.1015224867  -0.1986195268
       -0.0518973264  -0.0420338359  -0.0889097789   0.0840600518  -0.0051797035
        0.0070962330   0.0047638981   0.0138379918  -0.0210159405  -0.0151333018
        0.0021747945  -0.0002985460   0.0013219895   0.0000889284   0.0003933781
       -0.0009095491  -0.0006652540   0.0004446572  -0.0002452531  -0.0000987298
        0.0000383335  -0.0000382585   0.0001096336   0.0001621228   0.0000624875
       -0.0000017211   0.0000097826  -0.0000700843
        0.0193926851  -0.0187779903   0.5079900634   0.0387031016  -0.0430664718
       -0.0991930083  -0.0075920042   0.0096435107   0.0071505219   0.0006006804
       -0.0001574987  -0.0003755019  -0.0003075224   0.0000332776   0.0002491166
       -0.1088485981   0.0426130962  -0.1341442695  -0.0344477461  -0.0521158733
       -0.0622235525   0.0750178681   0.0840108885  -0.1994655058   0.0167731754
       -0.0158200910  -0.0150972275   0.0059356209  -0.0097206653  -0.0056094830
       -0.0032054860   0.0023677995  -0.0011045712  -0.0012260709   0.0004875165
        0.0013594215  -0.0006550619   0.0005545375   0.0002666864  -0.0001509116
        0.0001429175   0.0001624004  -0.0000287251  -0.0001381436  -0.0000237811
        0.0000389949  -0.0000568100   0.0000586905
       -0.1115098969   0.0484831085   0.0387031016   0.4799568975   0.0362116838
       -0.0159581044  -0.1275276851   0.0347959051  -0.0520657469  -0.0194335103
        0.0024377494  -0.0141691950   0.0000249037  -0.0001170983  -0.0001463433
       -0.0166238458   0.0171814927   0.0098777465   0.0094369203  -0.0084629804
       -0.0064160635  -0.0099559536   0.0083410572   0.0100284205  -0.0805717256
       -0.0435728110   0.0744095296  -0.1142708725  -0.1005697726  -0.0381517102
       -0.0137149698   0.0093191321  -0.0092397873   0.0065614457  -0.0029334880
        0.0044083375   0.0006927162   0.0009848350   0.0004303607  -0.0025915405
       -0.0024426326  -0.0013018018  -0.0006339417  -0.0000084653  -0.0004298016
        0.0001610584   0.0003522843   0.0000210576
        0.0498649310  -0.1242685444  -0.0430664718   0.0362116838   0.5040622070
       -0.0078936579   0.0309028553  -0.0844316602   0.0283753219  -0.0119049278
        0.0080548666  -0.0101164342   0.0001970573   0.0002626140   0.0000924597
        0.0083947007  -0.0079427174  -0.0043249084   0.0136223813  -0.0206553936
       -0.0143337003  -0.0055487535   0.0077824633   0.0042680913  -0.0433224423
       -0.0885371188   0.0799994243  -0.1005809128  -0.1765104594  -0.0528587639
        0.0177374578  -0.0110929658   0.0123450853   0.0087036727  -0.0054952088
        0.0101876876   0.0000107075   0.0009509004  -0.0002284566  -0.0037551126
       -0.0021000270  -0.0020326847  -0.0004606794  -0.0001376392  -0.0003424366
       -0.0000726191   0.0000586832  -0.0000705558
        0.0401447888  -0.0437633726  -0.0991930083  -0.0159581044  -0.0078936579
        0.4980887184  -0.0511896511   0.0307628189  -0.1116082843  -0.0104120500
       -0.0009518588  -0.0065762139  -0.0000966241   0.0003412261  -0.0003799670
       -0.0105510947   0.0108867611   0.0076249560   0.0048519242  -0.0086470303
       -0.0053023332   0.0173904410  -0.0154448719  -0.0159317683   0.0741274106
        0.0801650781  -0.1882835863  -0.0383819910  -0.0530251732  -0.0659760430
        0.0077984669  -0.0055551224   0.0069112082  -0.0177416874   0.0132038928
       -0.0203995559   0.0001929282   0.0004553651   0.0002083896  -0.0013862963
       -0.0011428828   0.0003631717   0.0009908044   0.0006710751   0.0005389341
        0.0002207348  -0.0000622472  -0.0000846178
       -0.0172520553   0.0113031161  -0.0075920042  -0.1275276851   0.0309028553
       -0.0511896511   0.4805237844  -0.0135605425  -0.0403152414  -0.1199350641
       -0.0521539822  -0.0239464082  -0.0204236159  -0.0175978873   0.0021193656
       -0.0021796074   0.0028335004   0.0015024255   0.0003748311  -0.0005023070
       -0.0002386446   0.0004584693  -0.0000322069  -0.0009581392   0.0074358237
       -0.0026151674   0.0044331864  -0.0176510707   0.0052616867  -0.0149026147
       -0.0902281529   0.0787000152   0.0537484036  -0.0816858009  -0.0333433157
        0.0816032304   0.0074324259   0.0053218698   0.0019135603  -0.0172718149
       -0.0135523395  -0.0089654070  -0.0000934947   0.0006126364  -0.0005870145
       -0.0019769726  -0.0015779314   0.0033749531
        0.0175197930  -0.0098853499   0.0096435107   0.0347959051  -0.0844316602
        0.0307628189  -0.0135605425   0.4855836048   0.0074775917  -0.0550401890
       -0.1225708831  -0.0250674473  -0.0126914069  -0.0077988989   0.0028744966
        0.0028704434  -0.0026009633  -0.0015733788  -0.0001707152   0.0004481194
        0.0004956276  -0.0008092452   0.0007360763   0.0003485715   0.0098820063
       -0.0056483618   0.0111133345  -0.0154410690   0.0059882064  -0.0131494936
        0.0789818641  -0.1707333344  -0.0845283491  -0.0337442519  -0.0728972980
        0.0680991610  -0.0168807911  -0.0224750703  -0.0108757224   0.0058118707
        0.0062372249   0.0031265093  -0.0004418310   0.0002146045  -0.0003012819
       -0.0010818407  -0.0001660164   0.0015540513
        0.0070758787  -0.0021144200   0.0071505219  -0.0520657469   0.0283753219
       -0.1116082843  -0.0403152414   0.0074775917   0.5150066814  -0.0250358176
       -0.0240260995  -0.0754066174   0.0192350634   0.0158073330   0.0056947296
        0.0026060096  -0.0024809186  -0.0003749820  -0.0001762911   0.0000508599
        0.0004299903   0.0009341151  -0.0007891667   0.0011276616  -0.0173591068
        0.0115444928  -0.0189899112  -0.0101567142   0.0030074981  -0.0073518280
        0.0538252021  -0.0839018789  -0.1000589064   0.0807623562   0.0673098857
       -0.2023770347  -0.0078948247  -0.0105981425  -0.0033505699  -0.0157763949
       -0.0127317636  -0.0072045075   0.0001340868   0.0007172096   0.0009164222
        0.0042074256   0.0023521972  -0.0036033655
        0.0006017139   0.0000895529   0.0006006804  -0.0194335103  -0.0119049278
       -0.0104120500  -0.1199350641  -0.0550401890  -0.0250358176   0.4727754378
       -0.0261529908   0.0298973588  -0.1218914129  -0.0301408339   0.0633504744
        0.0001410274  -0.0001671287   0.0001073891  -0.0010763616   0.0002212912
       -0.0004833880  -0.0002195191  -0.0000589760  -0.0001259668   0.0006259551
       -0.0005248937   0.0009212646  -0.0029354503   0.0012755950  -0.0026190729
        0.0071219135   0.0063315387   0.0023911385  -0.0112789813  -0.0116454225
       -0.0019492873  -0.0745823923   0.0658436741   0.0242981079  -0.1221682400
        0.0587724435  -0.0893705018   0.0104847275   0.0055691041  -0.0126075014
       -0.0182298434  -0.0024678371   0.0210371720
       -0.0004370477  -0.0002681516  -0.0001574987   0.0024377494   0.0080548666
       -0.0009518588  -0.0521539822  -0.1225708831  -0.0240260995  -0.0261529908
        0.4778458220  -0.0113879182  -0.0075362803  -0.0615535561   0.0101601763
        0.0003722772   0.0000131787  -0.0000328180   0.0009510615  -0.0001100423
        0.0004129151   0.0000832928  -0.0000250723  -0.0000235422  -0.0000658191
        0.0006490606   0.0001198415   0.0023105968   0.0003594727   0.0020886926
       -0.0163529677  -0.0221430775  -0.0094849384  -0.0093100861  -0.0085391853
       -0.0015573887   0.0706184584  -0.1757172037  -0.0601195373   0.0594304015
       -0.0842030061   0.0615262313  -0.0081119055  -0.0052058144   0.0159588150
       -0.0160827583  -0.0065864082   0.0174749283
       -0.0002192805   0.0000364100  -0.0003755019  -0.0141691950  -0.0101164342
       -0.0065762139  -0.0239464082  -0.0250674473  -0.0754066174   0.0298973588
       -0.0113879182   0.4747423347   0.0592457068   0.0380510046  -0.1617698943
       -0.0000310311  -0.0002216814  -0.0000931877   0.0004362061  -0.0004740269
        0.0004853664   0.0000225186   0.0000415401  -0.0000633303   0.0001635324
       -0.0003426825   0.0003204102  -0.0034317233   0.0010112296  -0.0019720419
       -0.0098437124  -0.0139165946  -0.0045965597   0.0165598451   0.0173640876
        0.0035436761   0.0253727106  -0.0556152188  -0.0666448950  -0.0917683864
        0.0621188605  -0.1405029870   0.0148562913   0.0031541796  -0.0255053601
       -0.0031444328  -0.0046353081   0.0044148018
       -0.0003021597  -0.0000105256  -0.0003075224   0.0000249037   0.0001970573
       -0.0000966241  -0.0204236159  -0.0126914069   0.0192350634  -0.1218914129
       -0.0075362803   0.0592457068   0.5065468735   0.1176094061   0.1158655023
       -0.0000900355  -0.0000698879  -0.0001778066   0.0001727048  -0.0002605667
        0.0001806864   0.0001614629   0.0000546029   0.0000672373  -0.0009508196
       -0.0003326351   0.0004066194  -0.0000865329  -0.0002483347   0.0001869693
        0.0011669862   0.0011196314  -0.0000541965  -0.0038073099  -0.0038980577
       -0.0004994124  -0.0180095928   0.0019102842   0.0276064391   0.0094570605
        0.0021165639  -0.0103375896  -0.1524786007   0.0889094246  -0.1228883950
       -0.1994899120  -0.1868692754  -0.0884326776
       -0.0000859951  -0.0001206199   0.0000332776  -0.0001170983   0.0002626140
        0.0003412261  -0.0175978873  -0.0077988989   0.0158073330  -0.0301408339
       -0.0615535561   0.0380510046   0.1176094061   0.3500542819  -0.0915974641
        0.0000416468   0.0000660057   0.0000697690  -0.0001909136   0.0003844676
        0.0001331582   0.0000000902   0.0000046027   0.0000173975   0.0003328388
       -0.0000195341  -0.0002819720   0.0003778727   0.0001396080   0.0001221329
        0.0009783748   0.0018967808   0.0009539252  -0.0038772207  -0.0029135479
       -0.0003476021   0.0111740486   0.0080090841  -0.0168451850  -0.0075574184
       -0.0038554851   0.0150102825   0.0748792304  -0.1057507862   0.1015535928
       -0.1458261411  -0.1788050167  -0.0630208764
        0.0002867281  -0.0001430324   0.0002491166  -0.0001463433   0.0000924597
       -0.0003799670   0.0021193656   0.0028744966   0.0056947296   0.0633504744
        0.0101601763  -0.1617698943   0.1158655023  -0.0915974641   0.4865462386
        0.0001587162   0.0000661321   0.0001678268  -0.0001891740   0.0004073872
       -0.0001665804  -0.0002274171  -0.0000642831   0.0000432722  -0.0009536868
       -0.0008502334   0.0003937816  -0.0001067529   0.0000150741   0.0000923723
       -0.0005246305   0.0003034034   0.0007110995  -0.0013651513  -0.0014351154
        0.0009274825   0.0241782133  -0.0037338148  -0.0275835987   0.0128890748
        0.0108777675  -0.0299147987  -0.1444396318   0.1373643662  -0.1969349877
       -0.0708952869  -0.0643373198  -0.0780760928
       -0.1727432432   0.0483507081  -0.1088485981  -0.0166238458   0.0083947007
       -0.0105510947  -0.0021796074   0.0028704434   0.0026060096   0.0001410274
        0.0003722772  -0.0000310311  -0.0000900355   0.0000416468   0.0001587162
        0.2002289764  -0.0592259995   0.1260711344  -0.0169223148   0.0023457722
       -0.0148669480   0.0082059872  -0.0030252822   0.0062144259  -0.0001577048
       -0.0002864731  -0.0001960282   0.0007538804  -0.0003125479  -0.0002673135
       -0.0009312398   0.0006650096  -0.0005950415   0.0000635007  -0.0001485588
        0.0002523383   0.0001811002   0.0000304420   0.0001353137   0.0000612928
       -0.0000158823   0.0000426030  -0.0000380099  -0.0000201278  -0.0000938325
        0.0000502362  -0.0000361286  -0.0000306536
        0.0481977893  -0.0618890827   0.0426130962   0.0171814927  -0.0079427174
        0.0108867611   0.0028335004  -0.0026009633  -0.0024809186  -0.0001671287
        0.0000131787  -0.0002216814  -0.0000698879   0.0000660057   0.0000661321
       -0.0592259995   0.0717492070  -0.0476514122  -0.0204323426   0.0055831070
       -0.0168847617   0.0107078171  -0.0047898448   0.0124388133  -0.0003168162
        0.0003925464   0.0002106934   0.0002937226   0.0000020681   0.0006101906
        0.0010141880  -0.0006874087   0.0005148906  -0.0001553814   0.0000702288
       -0.0002410123   0.0001492593  -0.0000660385   0.0000779081  -0.0000512914
        0.0001022363   0.0000707553   0.0000310301  -0.0000183172  -0.0000254900
        0.0000100482   0.0000157946   0.0000160357
       -0.1090868051   0.0428477515  -0.1341442695   0.0098777465  -0.0043249084
        0.0076249560   0.0015024255  -0.0015733788  -0.0003749820   0.0001073891
       -0.0000328180  -0.0000931877  -0.0001778066   0.0000697690   0.0001678268
        0.1260711344  -0.0476514122   0.1542199923  -0.0094628886   0.0013365090
       -0.0073581457  -0.0197792221   0.0096246440  -0.0214332298   0.0001483694
       -0.0001783853   0.0004682822   0.0002849789   0.0002949396   0.0004468962
        0.0003711360  -0.0003689232   0.0003960943   0.0000272858  -0.0001994089
        0.0000637088   0.0000238526   0.0001780530   0.0000205796   0.0000408489
        0.0000490232   0.0000123728   0.0000327364  -0.0000591628  -0.0000176475
        0.0000188189  -0.0000122914   0.0000007533
       -0.1080132022  -0.1015224867  -0.0344477461   0.0094369203   0.0136223813
        0.0048519242   0.0003748311  -0.0001707152  -0.0001762911  -0.0010763616
        0.0009510615   0.0004362061   0.0001727048  -0.0001909136  -0.0001891740
       -0.0169223148  -0.0204323426  -0.0094628886   0.1264454908   0.1169717756
        0.0401256334  -0.0085700009  -0.0127387115  -0.0021903186   0.0007070450
        0.0002002239  -0.0002969538  -0.0010430298   0.0033473688   0.0019711247
       -0.0000890185  -0.0001942422  -0.0000011814  -0.0000671622  -0.0000698683
        0.0000043193  -0.0013655610   0.0002677617  -0.0008381263   0.0002300385
       -0.0001813838  -0.0000304806  -0.0001068521   0.0000972794   0.0002019960
       -0.0001135274   0.0000428114   0.0000419567
       -0.1015493582  -0.1986195268  -0.0521158733  -0.0084629804  -0.0206553936
       -0.0086470303  -0.0005023070   0.0004481194   0.0000508599   0.0002212912
       -0.0001100423  -0.0004740269  -0.0002605667   0.0003844676   0.0004073872
        0.0023457722   0.0055831070   0.0013365090   0.1169717756   0.2303630337
        0.0635128488  -0.0118696410  -0.0154388475  -0.0018930135  -0.0003705507
        0.0008519061   0.0004691147   0.0030328954  -0.0034257343  -0.0031585410
       -0.0002355807   0.0001437995   0.0001057272  -0.0001737921  -0.0002597890
        0.0000257570   0.0008603820   0.0007760364   0.0005984506  -0.0001655343
        0.0001352566   0.0000549011   0.0001322997  -0.0000642220  -0.0002182960
        0.0000258948  -0.0001121710  -0.0000547744
       -0.0345123086  -0.0518973264  -0.0622235525  -0.0064160635  -0.0143337003
       -0.0053023332  -0.0002386446   0.0004956276   0.0004299903  -0.0004833880
        0.0004129151   0.0004853664   0.0001806864   0.0001331582  -0.0001665804
       -0.0148669480  -0.0168847617  -0.0073581457   0.0401256334   0.0635128488
        0.0702722305   0.0151919562   0.0220398124   0.0055433994  -0.0005638952
       -0.0003165509   0.0000654715   0.0020221719  -0.0031590373  -0.0014223962
       -0.0001110982   0.0000134770  -0.0000758639   0.0001143379   0.0000685086
       -0.0001191744  -0.0006074455   0.0000234022   0.0001796316   0.0000022606
       -0.0000317799  -0.0001036016   0.0001401191  -0.0000243129  -0.0001809445
        0.0000226262  -0.0000522806  -0.0000234972
       -0.0807944032  -0.0420338359   0.0750178681  -0.0099559536  -0.0055487535
        0.0173904410   0.0004584693  -0.0008092452   0.0009341151  -0.0002195191
        0.0000832928   0.0000225186   0.0001614629   0.0000000902  -0.0002274171
        0.0082059872   0.0107078171  -0.0197792221  -0.0085700009  -0.0118696410
        0.0151919562   0.0925017716   0.0465032978  -0.0903182417  -0.0021837607
        0.0029932312   0.0029077127   0.0005120305  -0.0003595962  -0.0005555293
        0.0002381279  -0.0001153043  -0.0001350717  -0.0002777457   0.0005960676
       -0.0004534897  -0.0001145916  -0.0002662795   0.0000830442  -0.0000277282
        0.0000276992  -0.0000053804   0.0000295540   0.0001024330  -0.0000320012
        0.0000362996  -0.0000112732  -0.0000413028
       -0.0420981946  -0.0889097789   0.0840108885   0.0083410572   0.0077824633
       -0.0154448719  -0.0000322069   0.0007360763  -0.0007891667  -0.0000589760
       -0.0000250723   0.0000415401   0.0000546029   0.0000046027  -0.0000642831
       -0.0030252822  -0.0047898448   0.0096246440  -0.0127387115  -0.0154388475
        0.0220398124   0.0465032978   0.1018449906  -0.0966871445   0.0030814861
       -0.0017188830  -0.0026374266   0.0002170480   0.0007054889  -0.0003134821
       -0.0001202405   0.0000452084  -0.0000431965   0.0000341013  -0.0000165799
        0.0002075625  -0.0001678632  -0.0001447250   0.0001038399  -0.0000544277
        0.0000126126  -0.0000385536   0.0000354773  -0.0000738044  -0.0000543220
        0.0000288322  -0.0000139070   0.0000441598
        0.0750361450   0.0840600518  -0.1994655058   0.0100284205   0.0042680913
       -0.0159317683  -0.0009581392   0.0003485715   0.0011276616  -0.0001259668
       -0.0000235422  -0.0000633303   0.0000672373   0.0000173975   0.0000432722
        0.0062144259   0.0124388133  -0.0214332298  -0.0021903186  -0.0018930135
        0.0055433994  -0.0903182417  -0.0966871445   0.2318164853   0.0024890651
       -0.0028440771  -0.0020109927  -0.0002534950   0.0003049504  -0.0000477240
       -0.0003090595   0.0001204921  -0.0000426855   0.0002644657  -0.0001377834
        0.0004428611   0.0001629923   0.0000795984   0.0000022914  -0.0000328494
        0.0000125706   0.0000165072  -0.0000607704  -0.0000984432  -0.0000251090
       -0.0000139114   0.0000334671   0.0000278670
       -0.0097449809  -0.0051797035   0.0167731754  -0.0805717256  -0.0433224423
        0.0741274106   0.0074358237   0.0098820063  -0.0173591068   0.0006259551
       -0.0000658191   0.0001635324  -0.0009508196   0.0003328388  -0.0009536868
       -0.0001577048  -0.0003168162   0.0001483694   0.0007070450  -0.0003705507
       -0.0005638952  -0.0021837607   0.0030814861   0.0024890651   0.0972749513
        0.0475651885  -0.0871535947  -0.0096380432  -0.0125863617   0.0152340158
        0.0003744338  -0.0001208522  -0.0000758783  -0.0024547752   0.0020924688
       -0.0036260925  -0.0000501123   0.0000374970   0.0001527868   0.0000762681
        0.0000440724   0.0003513903  -0.0009674332  -0.0011368846   0.0001035538
        0.0002248783   0.0000638723   0.0001889546
        0.0094056661   0.0070962330  -0.0158200910  -0.0435728110  -0.0885371188
        0.0801650781  -0.0026151674  -0.0056483618   0.0115444928  -0.0005248937
        0.0006490606  -0.0003426825  -0.0003326351  -0.0000195341  -0.0008502334
       -0.0002864731   0.0003925464  -0.0001783853   0.0002002239   0.0008519061
       -0.0003165509   0.0029932312  -0.0017188830  -0.0028440771   0.0475651885
        0.1031543940  -0.0935523444  -0.0144029892  -0.0153357585   0.0202364632
       -0.0001532105  -0.0003066920   0.0001826033   0.0021923326  -0.0007098911
        0.0017984517   0.0000467666  -0.0001497167  -0.0000683424  -0.0001217591
       -0.0001112357   0.0000040570  -0.0003796988   0.0005179011   0.0000962164
       -0.0000137711  -0.0001248494  -0.0000546556
        0.0101133620   0.0047638981  -0.0150972275   0.0744095296   0.0799994243
       -0.1882835863   0.0044331864   0.0111133345  -0.0189899112   0.0009212646
        0.0001198415   0.0003204102   0.0004066194  -0.0002819720   0.0003937816
       -0.0001960282   0.0002106934   0.0004682822  -0.0002969538   0.0004691147
        0.0000654715   0.0029077127  -0.0026374266  -0.0020109927  -0.0871535947
       -0.0935523444   0.2195783042  -0.0020414821  -0.0021935608   0.0058205863
        0.0002349756  -0.0000643338   0.0002840800  -0.0032006528   0.0026165300
       -0.0030918544   0.0000319195  -0.0000732873  -0.0002979002   0.0003495983
       -0.0000771361   0.0000466327  -0.0009309929  -0.0007989782   0.0005641209
        0.0000115364   0.0003862028   0.0002298027
        0.0078225064   0.0138379918   0.0059356209  -0.1142708725  -0.1005809128
       -0.0383819910  -0.0176510707  -0.0154410690  -0.0101567142  -0.0029354503
        0.0023105968  -0.0034317233  -0.0000865329   0.0003778727  -0.0001067529
        0.0007538804   0.0002937226   0.0002849789  -0.0010430298   0.0030328954
        0.0020221719   0.0005120305   0.0002170480  -0.0002534950  -0.0096380432
       -0.0144029892  -0.0020414821   0.1369994671   0.1115299548   0.0462628220
       -0.0003401150  -0.0005028339   0.0000532400   0.0004866524  -0.0001775296
        0.0002431500   0.0000272243   0.0002885985   0.0001682211  -0.0011199710
       -0.0007703128  -0.0005226431   0.0003111462   0.0000700544  -0.0000583916
        0.0001721778  -0.0000830878  -0.0000170115
       -0.0084403864  -0.0210159405  -0.0097206653  -0.1005697726  -0.1765104594
       -0.0530251732   0.0052616867   0.0059882064   0.0030074981   0.0012755950
        0.0003594727   0.0010112296  -0.0002483347   0.0001396080   0.0000150741
       -0.0003125479   0.0000020681   0.0002949396   0.0033473688  -0.0034257343
       -0.0031590373  -0.0003595962   0.0007054889   0.0003049504  -0.0125863617
       -0.0153357585  -0.0021935608   0.1115299548   0.2078497706   0.0631112790
        0.0003485050   0.0008258474   0.0004702549   0.0001525235   0.0001842097
       -0.0002217523   0.0001104784   0.0000190424   0.0001097584   0.0002405040
        0.0001932621   0.0001198161   0.0001597433   0.0000438297  -0.0000802042
        0.0000906400  -0.0000229133  -0.0000444073
       -0.0068032620  -0.0151333018  -0.0056094830  -0.0381517102  -0.0528587639
       -0.0659760430  -0.0149026147  -0.0131494936  -0.0073518280  -0.0026190729
        0.0020886926  -0.0019720419   0.0001869693   0.0001221329   0.0000923723
       -0.0002673135   0.0006101906   0.0004468962   0.0019711247  -0.0031585410
       -0.0014223962  -0.0005555293  -0.0003134821  -0.0000477240   0.0152340158
        0.0202364632   0.0058205863   0.0462628220   0.0631112790   0.0759759172
        0.0004570640  -0.0002776242   0.0006709115  -0.0000541660  -0.0004615188
       -0.0001332627   0.0002058845   0.0000891559  -0.0000313226  -0.0008455076
       -0.0006861534  -0.0005140831  -0.0001815884  -0.0002285629  -0.0000821390
        0.0000628841   0.0000095277   0.0001336401
       -0.0030756663   0.0021747945  -0.0032054860  -0.0137149698   0.0177374578
        0.0077984669  -0.0902281529   0.0789818641   0.0538252021   0.0071219135
       -0.0163529677  -0.0098437124   0.0011669862   0.0009783748  -0.0005246305
       -0.0009312398   0.0010141880   0.0003711360  -0.0000890185  -0.0002355807
       -0.0001110982   0.0002381279  -0.0001202405  -0.0003090595   0.0003744338
       -0.0001532105   0.0002349756  -0.0003401150   0.0003485050   0.0004570640
        0.1081220723  -0.0909536461  -0.0574472329  -0.0069272084   0.0104168963
        0.0101927759  -0.0023644426  -0.0037358702  -0.0012244387   0.0005194867
       -0.0001893678   0.0000264181  -0.0000165014   0.0001446538  -0.0000632781
        0.0001442944  -0.0000558508  -0.0001771024
        0.0022270228  -0.0002985460   0.0023677995   0.0093191321  -0.0110929658
       -0.0055551224   0.0787000152  -0.1707333344  -0.0839018789   0.0063315387
       -0.0221430775  -0.0139165946   0.0011196314   0.0018967808   0.0003034034
        0.0006650096  -0.0006874087  -0.0003689232  -0.0001942422   0.0001437995
        0.0000134770  -0.0001153043   0.0000452084   0.0001204921  -0.0001208522
       -0.0003066920  -0.0000643338  -0.0005028339   0.0008258474  -0.0002776242
       -0.0909536461   0.1987890625   0.0994219055  -0.0035038604   0.0071262353
        0.0039472164  -0.0038700717  -0.0039232385  -0.0022249617   0.0003694510
        0.0003635628   0.0000830753   0.0000646131  -0.0004569704  -0.0000393057
        0.0004643969   0.0004517365   0.0000913754
       -0.0022032140   0.0013219895  -0.0011045712  -0.0092397873   0.0123450853
        0.0069112082   0.0537484036  -0.0845283491  -0.1000589064   0.0023911385
       -0.0094849384  -0.0045965597  -0.0000541965   0.0009539252   0.0007110995
       -0.0005950415   0.0005148906   0.0003960943  -0.0000011814   0.0001057272
       -0.0000758639  -0.0001350717  -0.0000431965  -0.0000426855  -0.0000758783
        0.0001826033   0.0002840800   0.0000532400   0.0004702549   0.0006709115
       -0.0574472329   0.0994219055   0.1153030709   0.0149776016  -0.0198713152
       -0.0175722368  -0.0017326718  -0.0015448553  -0.0002227010   0.0001213720
       -0.0001494311  -0.0003929223  -0.0000091936   0.0001417972  -0.0001163855
        0.0002017132   0.0001639067  -0.0000936321
        0.0009778267   0.0000889284  -0.0012260709   0.0065614457   0.0087036727
       -0.0177416874  -0.0816858009  -0.0337442519   0.0807623562  -0.0112789813
       -0.0093100861   0.0165598451  -0.0038073099  -0.0038772207  -0.0013651513
        0.0000635007  -0.0001553814   0.0000272858  -0.0000671622  -0.0001737921
        0.0001143379  -0.0002777457   0.0000341013   0.0002644657  -0.0024547752
        0.0021923326  -0.0032006528   0.0004866524   0.0001525235  -0.0000541660
       -0.0069272084  -0.0035038604   0.0149776016   0.0996565258   0.0402965674
       -0.0904681345   0.0002005674   0.0001710847   0.0000062550  -0.0004759486
       -0.0001495774   0.0007066691  -0.0000810991   0.0000675698  -0.0003491141
       -0.0008904873  -0.0007926104   0.0009861606
       -0.0007881330   0.0003933781   0.0004875165  -0.0029334880  -0.0054952088
        0.0132038928  -0.0333433157  -0.0728972980   0.0673098857  -0.0116454225
       -0.0085391853   0.0173640876  -0.0038980577  -0.0029135479  -0.0014351154
       -0.0001485588   0.0000702288  -0.0001994089  -0.0000698683  -0.0002597890
        0.0000685086   0.0005960676  -0.0000165799  -0.0001377834   0.0020924688
       -0.0007098911   0.0026165300  -0.0001775296   0.0001842097  -0.0004615188
        0.0104168963   0.0071262353  -0.0198713152   0.0402965674   0.0831930601
       -0.0803584297   0.0000856711  -0.0002905817   0.0001421531   0.0002906961
        0.0006497119   0.0004045828   0.0000658322  -0.0000479703  -0.0001938450
       -0.0008398260  -0.0004467720   0.0010602594
        0.0007774109  -0.0009095491   0.0013594215   0.0044083375   0.0101876876
       -0.0203995559   0.0816032304   0.0680991610  -0.2023770347  -0.0019492873
       -0.0015573887   0.0035436761  -0.0004994124  -0.0003476021   0.0009274825
        0.0002523383  -0.0002410123   0.0000637088   0.0000043193   0.0000257570
       -0.0001191744  -0.0004534897   0.0002075625   0.0004428611  -0.0036260925
        0.0017984517  -0.0030918544   0.0002431500  -0.0002217523  -0.0001332627
        0.0101927759   0.0039472164  -0.0175722368  -0.0904681345  -0.0803584297
        0.2362644166  -0.0001026322   0.0001326467   0.0000955982  -0.0001608424
       -0.0004863948   0.0007892417  -0.0000904778  -0.0002876885   0.0000797348
       -0.0001311935   0.0000113345   0.0001269776
       -0.0012456226  -0.0006652540  -0.0006550619   0.0006927162   0.0000107075
        0.0001929282   0.0074324259  -0.0168807911  -0.0078948247  -0.0745823923
        0.0706184584   0.0253727106  -0.0180095928   0.0111740486   0.0241782133
        0.0001811002   0.0001492593   0.0000238526  -0.0013655610   0.0008603820
       -0.0006074455  -0.0001145916  -0.0001678632   0.0001629923  -0.0000501123
        0.0000467666   0.0000319195   0.0000272243   0.0001104784   0.0002058845
       -0.0023644426  -0.0038700717  -0.0017326718   0.0002005674   0.0000856711
       -0.0001026322   0.0985810913  -0.0814185487  -0.0419917286  -0.0107035904
        0.0208337546   0.0039816813   0.0008152218  -0.0009535904  -0.0013287108
        0.0005055585   0.0000665928   0.0001628930
        0.0008035878   0.0004446572   0.0005545375   0.0009848350   0.0009509004
        0.0004553651   0.0053218698  -0.0224750703  -0.0105981425   0.0658436741
       -0.1757172037  -0.0556152188   0.0019102842   0.0080090841  -0.0037338148
        0.0000304420  -0.0000660385   0.0001780530   0.0002677617   0.0007760364
        0.0000234022  -0.0002662795  -0.0001447250   0.0000795984   0.0000374970
       -0.0001497167  -0.0000732873   0.0002885985   0.0000190424   0.0000891559
       -0.0037358702  -0.0039232385  -0.0015448553   0.0001710847  -0.0002905817
        0.0001326467  -0.0814185487   0.2059865595   0.0727159704   0.0107058293
       -0.0165413466  -0.0033980458  -0.0006539495   0.0016023115   0.0002079150
       -0.0002908162   0.0015193295   0.0005267205
       -0.0000872740  -0.0002452531   0.0002666864   0.0004303607  -0.0002284566
        0.0002083896   0.0019135603  -0.0108757224  -0.0033505699   0.0242981079
       -0.0601195373  -0.0666448950   0.0276064391  -0.0168451850  -0.0275835987
        0.0001353137   0.0000779081   0.0000205796  -0.0008381263   0.0005984506
        0.0001796316   0.0000830442   0.0001038399   0.0000022914   0.0001527868
       -0.0000683424  -0.0002979002   0.0001682211   0.0001097584  -0.0000313226
       -0.0012244387  -0.0022249617  -0.0002227010   0.0000062550   0.0001421531
        0.0000955982  -0.0419917286   0.0727159704   0.0890663645  -0.0096914238
        0.0169773981   0.0064599287   0.0003505015  -0.0005024897   0.0012542212
       -0.0013115990   0.0003844695   0.0005772961
       -0.0000033271  -0.0000987298  -0.0001509116  -0.0025915405  -0.0037551126
       -0.0013862963  -0.0172718149   0.0058118707  -0.0157763949  -0.1221682400
        0.0594304015  -0.0917683864   0.0094570605  -0.0075574184   0.0128890748
        0.0000612928  -0.0000512914   0.0000408489   0.0002300385  -0.0001655343
        0.0000022606  -0.0000277282  -0.0000544277  -0.0000328494   0.0000762681
       -0.0001217591   0.0003495983  -0.0011199710   0.0002405040  -0.0008455076
        0.0005194867   0.0003694510   0.0001213720  -0.0004759486   0.0002906961
       -0.0001608424  -0.0107035904   0.0107058293  -0.0096914238   0.1437467226
       -0.0632553015   0.1019742054  -0.0007486207  -0.0012160036   0.0038514209
        0.0010199123  -0.0005731742   0.0005838317
        0.0002584739   0.0000383335   0.0001429175  -0.0024426326  -0.0021000270
       -0.0011428828  -0.0135523395   0.0062372249  -0.0127317636   0.0587724435
       -0.0842030061   0.0621188605   0.0021165639  -0.0038554851   0.0108777675
       -0.0000158823   0.0001022363   0.0000490232  -0.0001813838   0.0001352566
       -0.0000317799   0.0000276992   0.0000126126   0.0000125706   0.0000440724
       -0.0001112357  -0.0000771361  -0.0007703128   0.0001932621  -0.0006861534
       -0.0001893678   0.0003635628  -0.0001494311  -0.0001495774   0.0006497119
       -0.0004863948   0.0208337546  -0.0165413466   0.0169773981  -0.0632553015
        0.0988818060  -0.0774849392  -0.0017825025   0.0003955690   0.0019471861
        0.0002862926  -0.0001984752   0.0006647572
        0.0000944388  -0.0000382585   0.0001624004  -0.0013018018  -0.0020326847
        0.0003631717  -0.0089654070   0.0031265093  -0.0072045075  -0.0893705018
        0.0615262313  -0.1405029870  -0.0103375896   0.0150102825  -0.0299147987
        0.0000426030   0.0000707553   0.0000123728  -0.0000304806   0.0000549011
       -0.0001036016  -0.0000053804  -0.0000385536   0.0000165072   0.0003513903
        0.0000040570   0.0000466327  -0.0005226431   0.0001198161  -0.0005140831
        0.0000264181   0.0000830753  -0.0003929223   0.0007066691   0.0004045828
        0.0007892417   0.0039816813  -0.0033980458   0.0064599287   0.1019742054
       -0.0774849392   0.1759966407   0.0041934014   0.0027140259  -0.0054024032
       -0.0008370030  -0.0001217548   0.0001884076
        0.0000105190   0.0001096336  -0.0000287251  -0.0006339417  -0.0004606794
        0.0009908044  -0.0000934947  -0.0004418310   0.0001340868   0.0104847275
       -0.0081119055   0.0148562913  -0.1524786007   0.0748792304  -0.1444396318
       -0.0000380099   0.0000310301   0.0000327364  -0.0001068521   0.0001322997
        0.0001401191   0.0000295540   0.0000354773  -0.0000607704  -0.0009674332
       -0.0003796988  -0.0009309929   0.0003111462   0.0001597433  -0.0001815884
       -0.0000165014   0.0000646131  -0.0000091936  -0.0000810991   0.0000658322
       -0.0000904778   0.0008152218  -0.0006539495   0.0003505015  -0.0007486207
       -0.0017825025   0.0041934014   0.1612409245  -0.0766411313   0.1454159940
       -0.0177275393   0.0129938381  -0.0203725550
       -0.0000033380   0.0001621228  -0.0001381436  -0.0000084653  -0.0001376392
        0.0006710751   0.0006126364   0.0002146045   0.0007172096   0.0055691041
       -0.0052058144   0.0031541796   0.0889094246  -0.1057507862   0.1373643662
       -0.0000201278  -0.0000183172  -0.0000591628   0.0000972794  -0.0000642220
       -0.0000243129   0.0001024330  -0.0000738044  -0.0000984432  -0.0011368846
        0.0005179011  -0.0007989782   0.0000700544   0.0000438297  -0.0002285629
        0.0001446538  -0.0004569704   0.0001417972   0.0000675698  -0.0000479703
       -0.0002876885  -0.0009535904   0.0016023115  -0.0005024897  -0.0012160036
        0.0003955690   0.0027140259  -0.0766411313   0.1006784118  -0.1253563898
       -0.0155936146   0.0081407737  -0.0172684818
        0.0000239561   0.0000624875  -0.0000237811  -0.0004298016  -0.0003424366
        0.0005389341  -0.0005870145  -0.0003012819   0.0009164222  -0.0126075014
        0.0159588150  -0.0255053601  -0.1228883950   0.1015535928  -0.1969349877
       -0.0000938325  -0.0000254900  -0.0000176475   0.0002019960  -0.0002182960
       -0.0001809445  -0.0000320012  -0.0000543220  -0.0000251090   0.0001035538
        0.0000962164   0.0005641209  -0.0000583916  -0.0000802042  -0.0000821390
       -0.0000632781  -0.0000393057  -0.0001163855  -0.0003491141  -0.0001938450
        0.0000797348  -0.0013287108   0.0002079150   0.0012542212   0.0038514209
        0.0019471861  -0.0054024032   0.1454159940  -0.1253563898   0.2345221498
       -0.0111588801   0.0067853585  -0.0095868256
       -0.0000227237  -0.0000017211   0.0000389949   0.0001610584  -0.0000726191
        0.0002207348  -0.0019769726  -0.0010818407   0.0042074256  -0.0182298434
       -0.0160827583  -0.0031444328  -0.1994899120  -0.1458261411  -0.0708952869
        0.0000502362   0.0000100482   0.0000188189  -0.0001135274   0.0000258948
        0.0000226262   0.0000362996   0.0000288322  -0.0000139114   0.0002248783
       -0.0000137711   0.0000115364   0.0001721778   0.0000906400   0.0000628841
        0.0001442944   0.0004643969   0.0002017132  -0.0008904873  -0.0008398260
       -0.0001311935   0.0005055585  -0.0002908162  -0.0013115990   0.0010199123
        0.0002862926  -0.0008370030  -0.0177275393  -0.0155936146  -0.0111588801
        0.2361365902   0.1788970035   0.0827075727
        0.0000507664   0.0000097826  -0.0000568100   0.0003522843   0.0000586832
       -0.0000622472  -0.0015779314  -0.0001660164   0.0023521972  -0.0024678371
       -0.0065864082  -0.0046353081  -0.1868692754  -0.1788050167  -0.0643373198
       -0.0000361286   0.0000157946  -0.0000122914   0.0000428114  -0.0001121710
       -0.0000522806  -0.0000112732  -0.0000139070   0.0000334671   0.0000638723
       -0.0001248494   0.0003862028  -0.0000830878  -0.0000229133   0.0000095277
       -0.0000558508   0.0004517365   0.0001639067  -0.0007926104  -0.0004467720
        0.0000113345   0.0000665928   0.0015193295   0.0003844695  -0.0005731742
       -0.0001984752  -0.0001217548   0.0129938381   0.0081407737   0.0067853585
        0.1788970035   0.1762804290   0.0591515480
       -0.0000332492  -0.0000700843   0.0000586905   0.0000210576  -0.0000705558
       -0.0000846178   0.0033749531   0.0015540513  -0.0036033655   0.0210371720
        0.0174749283   0.0044148018  -0.0884326776  -0.0630208764  -0.0780760928
       -0.0000306536   0.0000160357   0.0000007533   0.0000419567  -0.0000547744
       -0.0000234972  -0.0000413028   0.0000441598   0.0000278670   0.0001889546
       -0.0000546556   0.0002298027  -0.0000170115  -0.0000444073   0.0001336401
       -0.0001771024   0.0000913754  -0.0000936321   0.0009861606   0.0010602594
        0.0001269776   0.0001628930   0.0005267205   0.0005772961   0.0005838317
        0.0006647572   0.0001884076  -0.0203725550  -0.0172684818  -0.0095868256
        0.0827075727   0.0591515480   0.0857097944
