$hessian                                                                        
        0.5151857022   0.0122796704  -0.0067422364  -0.0692439306   0.0202467818
       -0.0104162996  -0.0079076457   0.0222733765  -0.0153094616   0.0007826548
       -0.0008151459   0.0004141636  -0.0004061367  -0.0000100718   0.0001337566
       -0.1219660033  -0.0072473399   0.1117580478  -0.0517302468  -0.0332064065
       -0.0237863369  -0.2634948362   0.0006050576  -0.0634679336   0.0012175845
       -0.0015553398   0.0009959298   0.0025214346  -0.0157602550   0.0100487968
       -0.0048996487   0.0015072314  -0.0033557103   0.0007767001   0.0007060682
        0.0006461795   0.0000505795   0.0001223095  -0.0000187053  -0.0002041121
        0.0002611250  -0.0000757073  -0.0001189694   0.0002551832  -0.0001267141
       -0.0005631265   0.0003377552  -0.0006977692
        0.0122796704   0.4753818957   0.0275728996   0.0184334329  -0.1657735475
        0.0563161791   0.0055020812  -0.0034618490   0.0037709482  -0.0005467317
       -0.0005988704  -0.0001434405   0.0001443681   0.0002635707  -0.0002245439
       -0.0074394992  -0.0433661169   0.0087505364  -0.0334406861  -0.1896406937
       -0.1118143018   0.0009319478  -0.0422125596  -0.0013370454   0.0043174604
       -0.0274444379   0.0115982496   0.0002695242  -0.0059085010   0.0060330664
        0.0001703674   0.0009620971  -0.0001828816  -0.0007833651   0.0012617732
       -0.0006156811  -0.0000286121   0.0002390470   0.0000148093   0.0001324191
        0.0001898363   0.0001652485   0.0000673391   0.0000249028  -0.0000597052
       -0.0000097164   0.0000834532   0.0001556625
       -0.0067422364   0.0275728996   0.5086128721  -0.0094639884   0.0568113431
       -0.1009484474  -0.0062695251   0.0104318915  -0.0077041285   0.0004457759
       -0.0001802164  -0.0001337880  -0.0004646200   0.0000001199  -0.0005486907
        0.1113080244   0.0081429685  -0.2026846346  -0.0238494828  -0.1117381499
       -0.1280813870  -0.0636839620  -0.0013563402  -0.0623620331   0.0022662189
       -0.0139432376   0.0080246367  -0.0018379435   0.0229625146  -0.0153473399
       -0.0025997310   0.0004484106  -0.0005201886   0.0003114494   0.0007572595
        0.0004478512  -0.0000348991  -0.0000738504   0.0001410921   0.0002440413
       -0.0002721820   0.0003829836  -0.0000847257   0.0000264880   0.0000463993
        0.0004556041   0.0004100811   0.0006748029
       -0.0692439306   0.0184334329  -0.0094639884   0.4740722865   0.0037830305
       -0.0258137906  -0.1691975939   0.0024577920  -0.0496862963  -0.0261637932
        0.0019380210  -0.0022579437  -0.0011559978   0.0000666874   0.0004523152
        0.0032523580  -0.0149105683   0.0093807012   0.0010685526  -0.0031624859
        0.0021490922  -0.0082583100   0.0252965439  -0.0157722138  -0.0460142200
       -0.0190017779  -0.0125454616  -0.1419689686  -0.0131332201   0.1131143619
       -0.0071641521   0.0018542190  -0.0046627817  -0.0075559734  -0.0022424093
       -0.0051805972  -0.0029084135  -0.0004758793   0.0020347666   0.0008843921
       -0.0002105032  -0.0019082525   0.0001148038  -0.0004540931  -0.0000989327
        0.0002389600  -0.0002387895   0.0002590214
        0.0202467818  -0.1657735475   0.0568113431   0.0037830305   0.4930266178
        0.0227048299  -0.0012154564  -0.0659507684  -0.0004502075  -0.0000847897
       -0.0002740964  -0.0012825133  -0.0000219011  -0.0000368460   0.0004832973
       -0.0011184846  -0.0041976402   0.0050413109   0.0043674532  -0.0274546888
        0.0104115849   0.0021839491  -0.0028678546   0.0026801130  -0.0188448575
       -0.1780461379  -0.1095115217  -0.0135377560  -0.0456103206   0.0114374105
        0.0233655449  -0.0030205938   0.0135587602  -0.0208616817  -0.0005523792
       -0.0116775240   0.0009170580   0.0005139038  -0.0005416050   0.0011113247
        0.0007180331   0.0000547503   0.0000253967  -0.0001176965  -0.0000336857
       -0.0003156118  -0.0003559847   0.0003136573
       -0.0104162996   0.0563161791  -0.1009484474  -0.0258137906   0.0227048299
        0.5152581188  -0.0469361449  -0.0002576816  -0.0884161728   0.0156699757
       -0.0012257029   0.0073500341   0.0009567747   0.0001533010  -0.0002698590
       -0.0026780369   0.0230541729  -0.0159864690   0.0025828897  -0.0136714095
        0.0085889211  -0.0039458981   0.0095250115  -0.0058587147  -0.0125482286
       -0.1090117945  -0.1311690194   0.1131139739   0.0114296219  -0.1692038720
       -0.0164288461   0.0026968744  -0.0086405392  -0.0188592135  -0.0016091031
       -0.0099544848   0.0035932246  -0.0007130383  -0.0017198001   0.0017094554
        0.0003560360   0.0012539297   0.0000279689   0.0003404933  -0.0001906982
       -0.0000278047  -0.0000877902  -0.0000929272
       -0.0079076457   0.0055020812  -0.0062695251  -0.1691975939  -0.0012154564
       -0.0469361449   0.4523766031   0.0110510465   0.0078308260  -0.1277337825
        0.0031418140   0.0565827307  -0.0126315198  -0.0077881646   0.0121589321
        0.0003421877  -0.0001246188   0.0002690845   0.0007193210  -0.0005654331
        0.0004319182   0.0006865792   0.0009330184  -0.0005748814  -0.0081247116
       -0.0021627705  -0.0057434186  -0.0258976093  -0.0003981270  -0.0071139023
       -0.0402485390   0.0129386567  -0.0087381803  -0.0447772184  -0.0216586692
       -0.0175617282  -0.0215326335   0.0021306800   0.0169351404   0.0036635832
        0.0004755017  -0.0013557978   0.0001782966  -0.0025551265   0.0008064850
        0.0000846828   0.0002955677  -0.0007215382
        0.0222733765  -0.0034618490   0.0104318915   0.0024577920  -0.0659507684
       -0.0002576816   0.0110510465   0.5418497895   0.0034189174   0.0033456691
       -0.0653417825  -0.0024492916  -0.0247083643  -0.0040514648   0.0198868620
        0.0001175748   0.0005654570  -0.0002374803   0.0009879493   0.0011569750
        0.0006226060   0.0021182769  -0.0041633836   0.0033724198  -0.0215427077
       -0.0013362194  -0.0109485469  -0.0016568775   0.0005743199  -0.0005379135
        0.0133745042  -0.2092966782   0.1027224914  -0.0222222877  -0.1868740863
       -0.1105613552   0.0105009055  -0.0003823017  -0.0086838485   0.0075849791
        0.0010690707  -0.0090309246  -0.0033305305  -0.0054543766   0.0017190207
       -0.0003513063   0.0010972984   0.0005328331
       -0.0153094616   0.0037709482  -0.0077041285  -0.0496862963  -0.0004502075
       -0.0884161728   0.0078308260   0.0034189174   0.4835783835   0.0593573875
       -0.0034687183  -0.1221039037   0.0083675342   0.0063737386  -0.0054608532
       -0.0002586436  -0.0003524351   0.0001690700   0.0006766598  -0.0007476838
        0.0008342990  -0.0009327603   0.0025602485  -0.0013132340  -0.0198243957
       -0.0025565684  -0.0102065035   0.0193737713   0.0003984062   0.0065380975
       -0.0090093323   0.1033928344  -0.1083708004  -0.0174151928  -0.1115036375
       -0.1293519566  -0.0036038761   0.0015603278   0.0045275839   0.0193421902
       -0.0035395896  -0.0233332666   0.0006292809   0.0011561521   0.0000713832
        0.0004623087  -0.0000127330   0.0005420023
        0.0007826548  -0.0005467317   0.0004457759  -0.0261637932  -0.0000847897
        0.0156699757  -0.1277337825   0.0033456691   0.0593573875   0.4902369012
       -0.0301236708   0.0232768188  -0.0935661239  -0.0481992412   0.0136968719
       -0.0001391842   0.0003884610  -0.0001482628  -0.0001423818   0.0002059805
       -0.0000434950   0.0002063237   0.0000104081   0.0000235273   0.0008810400
        0.0005360934   0.0009026832  -0.0051738428   0.0002026824  -0.0016765404
       -0.0022994377  -0.0001622223   0.0023196776   0.0008280716   0.0008714418
        0.0018411521  -0.1717325854   0.0921497516  -0.0598234405  -0.0623475389
       -0.0167051831  -0.0526007238  -0.0121581181  -0.0247277518  -0.0000413868
        0.0085217972   0.0228391026  -0.0032000206
       -0.0008151459  -0.0005988704  -0.0001802164   0.0019380210  -0.0002740964
       -0.0012257029   0.0031418140  -0.0653417825  -0.0034687183  -0.0301236708
        0.4579539278  -0.0048540363  -0.0404344354  -0.1955575452   0.0265163579
        0.0003172955   0.0006292255   0.0003345068   0.0003517895  -0.0001106854
       -0.0004488791  -0.0002354243   0.0000976200  -0.0000961419  -0.0010908635
        0.0001989013   0.0004780311   0.0002968854   0.0008983172  -0.0001487419
       -0.0163233857  -0.0018459974   0.0186564765   0.0153744454  -0.0012516540
       -0.0171494310   0.0939225931  -0.1043523103   0.0401511362  -0.0167669322
       -0.0608698866  -0.0539917765  -0.0029653142  -0.0036224826  -0.0037351248
       -0.0065876720  -0.0259526810  -0.0008377394
        0.0004141636  -0.0001434405  -0.0001337880  -0.0022579437  -0.0012825133
        0.0073500341   0.0565827307  -0.0024492916  -0.1221039037   0.0232768188
       -0.0048540363   0.4686124853   0.0007570492  -0.0049723027  -0.0558626710
       -0.0005609800   0.0003556219   0.0000991178   0.0000763529  -0.0000475310
       -0.0000586421  -0.0001183985   0.0000793350   0.0000246326  -0.0014071943
       -0.0001320414   0.0009252287  -0.0030434737  -0.0002768316   0.0000493909
        0.0130103112   0.0019698391  -0.0124765512   0.0160146315  -0.0032464795
       -0.0178356046  -0.0600891516   0.0390844509  -0.0706500477  -0.0562704467
       -0.0592819024  -0.1906548401   0.0109964989   0.0217847105  -0.0043084365
        0.0026190319   0.0134124127  -0.0029764046
       -0.0004061367   0.0001443681  -0.0004646200  -0.0011559978  -0.0000219011
        0.0009567747  -0.0126315198  -0.0247083643   0.0083675342  -0.0935661239
       -0.0404344354   0.0007570492   0.5563211816  -0.0884469962  -0.1125917567
       -0.0009111215  -0.0001441855   0.0001820247  -0.0000318392  -0.0001741455
       -0.0001213755  -0.0001737482  -0.0001975669   0.0001654951   0.0001573195
        0.0000202073   0.0001217751  -0.0005217084   0.0002004744   0.0000540684
       -0.0029859553  -0.0013256957   0.0029827742   0.0011145778  -0.0003037524
       -0.0014135614   0.0077730006   0.0211512515  -0.0021087609  -0.0060375892
       -0.0216338020  -0.0036409710  -0.2188374684   0.0189642642   0.2024251781
       -0.2281068712   0.1369102794  -0.0956716283
       -0.0000100718   0.0002635707   0.0000001199   0.0000666874  -0.0000368460
        0.0001533010  -0.0077881646  -0.0040514648   0.0063737386  -0.0481992412
       -0.1955575452  -0.0049723027  -0.0884469962   0.4682322091  -0.0987972468
        0.0002809412  -0.0001539126  -0.0000202481  -0.0000904958   0.0001269550
        0.0001104162  -0.0001101140  -0.0000707545  -0.0000180366   0.0004759626
        0.0001672787   0.0001259203  -0.0001332941   0.0000179229   0.0001643720
       -0.0007214717   0.0004458558  -0.0001773990   0.0007640344   0.0011187197
       -0.0008011079  -0.0027639296  -0.0321364237   0.0060916650  -0.0179549131
       -0.0356420818  -0.0100152109   0.0080656217  -0.0450172118   0.0050818850
        0.1565654447  -0.1577062713   0.0967001339
        0.0001337566  -0.0002245439  -0.0005486907   0.0004523152   0.0004832973
       -0.0002698590   0.0121589321   0.0198868620  -0.0054608532   0.0136968719
        0.0265163579  -0.0558626710  -0.1125917567  -0.0987972468   0.3219450763
       -0.0001753290  -0.0001597365   0.0006561726  -0.0001213305   0.0001350815
        0.0000177109  -0.0001064880   0.0000478762   0.0001540909   0.0003881423
        0.0002593955   0.0000134869   0.0000498349  -0.0000681263   0.0003077372
        0.0030871873   0.0009476515  -0.0027655070  -0.0012779913   0.0009979479
        0.0016585344   0.0027955842   0.0125576658  -0.0003760219  -0.0084967842
       -0.0251109759   0.0043805627   0.1604703372  -0.0044757717  -0.1927129723
       -0.0704632819   0.0670042656  -0.0711367969
       -0.1219660033  -0.0074394992   0.1113080244   0.0032523580  -0.0011184846
       -0.0026780369   0.0003421877   0.0001175748  -0.0002586436  -0.0001391842
        0.0003172955  -0.0005609800  -0.0009111215   0.0002809412  -0.0001753290
        0.1422270175   0.0087709750  -0.1304810489   0.0028054831   0.0004685297
       -0.0033285731  -0.0251207991  -0.0009864340   0.0270526641   0.0000918349
       -0.0003030305  -0.0000392194   0.0008198980   0.0004882210  -0.0005824772
       -0.0001294400  -0.0000038909   0.0000758114  -0.0000482790  -0.0000583178
        0.0000228960   0.0000598462  -0.0001027036   0.0001057617  -0.0000573770
        0.0003714784   0.0000390376  -0.0003062033   0.0000096123  -0.0000540122
       -0.0009202182  -0.0008122673  -0.0004458749
       -0.0072473399  -0.0433661169   0.0081429685  -0.0149105683  -0.0041976402
        0.0230541729  -0.0001246188   0.0005654570  -0.0003524351   0.0003884610
        0.0006292255   0.0003556219  -0.0001441855  -0.0001539126  -0.0001597365
        0.0087709750   0.0508577994  -0.0131030191   0.0147839767  -0.0004082481
       -0.0221993682  -0.0008613840   0.0008003676   0.0002166822  -0.0005923653
        0.0007514939   0.0004645383   0.0005371102  -0.0049364658   0.0042751829
       -0.0000773357   0.0000499227  -0.0001325290   0.0000143962  -0.0001390425
       -0.0000797027  -0.0002095286  -0.0001783336  -0.0001449577   0.0003213105
       -0.0006660957  -0.0002770827   0.0000759709   0.0000171707   0.0000511133
       -0.0007248744   0.0003744185  -0.0001114490
        0.1117580478   0.0087505364  -0.2026846346   0.0093807012   0.0050413109
       -0.0159864690   0.0002690845  -0.0002374803   0.0001690700  -0.0001482628
        0.0003345068   0.0000991178   0.0001820247  -0.0000202481   0.0006561726
       -0.1304810489  -0.0131030191   0.2334841919   0.0133414164  -0.0025746754
       -0.0204418766  -0.0025757689  -0.0005532902   0.0055049931  -0.0001219156
       -0.0006577350   0.0009103019  -0.0005020277   0.0039793907  -0.0017226511
        0.0001030309  -0.0001967707   0.0001057498   0.0001790704  -0.0000259983
       -0.0002230406   0.0001597292  -0.0000350110   0.0000737390  -0.0002121914
        0.0002322007   0.0002700585   0.0001026663  -0.0002221094  -0.0002696811
       -0.0014345561  -0.0007116081   0.0000549584
       -0.0517302468  -0.0334406861  -0.0238494828   0.0010685526   0.0043674532
        0.0025828897   0.0007193210   0.0009879493   0.0006766598  -0.0001423818
        0.0003517895   0.0000763529  -0.0000318392  -0.0000904958  -0.0001213305
        0.0028054831   0.0147839767   0.0133414164   0.0569485671   0.0381305989
        0.0287424473  -0.0092891005  -0.0256244389  -0.0211250962   0.0004726788
        0.0013208984  -0.0004831258  -0.0001162763  -0.0004767717  -0.0000062622
       -0.0000717847  -0.0001296496  -0.0000100648   0.0000084882   0.0000377512
       -0.0003345234  -0.0000081840  -0.0001222540  -0.0000043336   0.0000216783
       -0.0001341733  -0.0000676264   0.0001237157  -0.0000941378  -0.0000740192
       -0.0007786715   0.0001321902   0.0006560989
       -0.0332064065  -0.1896406937  -0.1117381499  -0.0031624859  -0.0274546888
       -0.0136714095  -0.0005654331   0.0011569750  -0.0007476838   0.0002059805
       -0.0001106854  -0.0000475310  -0.0001741455   0.0001269550   0.0001350815
        0.0004685297  -0.0004082481  -0.0025746754   0.0381305989   0.2232184700
        0.1285802076  -0.0024593272  -0.0017610570  -0.0028802698   0.0007672100
       -0.0061815589   0.0031900615  -0.0002121869   0.0004292174  -0.0004296218
       -0.0003036363   0.0003210617  -0.0001272257   0.0005534137   0.0001523912
        0.0005504989  -0.0001117551  -0.0000788240  -0.0000238490  -0.0001144736
       -0.0001063416   0.0000837771  -0.0001184077   0.0000829647   0.0001966813
        0.0003025249   0.0002540626  -0.0004958922
       -0.0237863369  -0.1118143018  -0.1280813870   0.0021490922   0.0104115849
        0.0085889211   0.0004319182   0.0006226060   0.0008342990  -0.0000434950
       -0.0004488791  -0.0000586421  -0.0001213755   0.0001104162   0.0000177109
       -0.0033285731  -0.0221993682  -0.0204418766   0.0287424473   0.1285802076
        0.1462049661  -0.0039179968  -0.0086939723  -0.0068860008  -0.0007349186
        0.0031368809  -0.0003438817  -0.0000410909   0.0002901294   0.0005351153
        0.0000470309   0.0000004936  -0.0000199415  -0.0000018341  -0.0000610025
        0.0000164388   0.0000380131   0.0000794574   0.0000088889   0.0000092814
        0.0000845427  -0.0000699294  -0.0001227861   0.0001056864   0.0000686591
        0.0006806238  -0.0002044811  -0.0003733401
       -0.2634948362   0.0009319478  -0.0636839620  -0.0082583100   0.0021839491
       -0.0039458981   0.0006865792   0.0021182769  -0.0009327603   0.0002063237
       -0.0002354243  -0.0001183985  -0.0001737482  -0.0001101140  -0.0001064880
       -0.0251207991  -0.0008613840  -0.0025757689  -0.0092891005  -0.0024593272
       -0.0039179968   0.3050266939  -0.0018655292   0.0750825905  -0.0000335668
        0.0000944393   0.0003226591   0.0007900100  -0.0004660395   0.0000301163
       -0.0006071888   0.0002667819  -0.0003766602   0.0002072465   0.0000775457
        0.0002636319   0.0000367711   0.0000399653   0.0000051661   0.0000392782
       -0.0001280252   0.0000461559   0.0000193643   0.0001014256   0.0000881316
       -0.0000347174   0.0003115118  -0.0001805187
        0.0006050576  -0.0422125596  -0.0013563402   0.0252965439  -0.0028678546
        0.0095250115   0.0009330184  -0.0041633836   0.0025602485   0.0000104081
        0.0000976200   0.0000793350  -0.0001975669  -0.0000707545   0.0000478762
       -0.0009864340   0.0008003676  -0.0005532902  -0.0256244389  -0.0017610570
       -0.0086939723  -0.0018655292   0.0494766530  -0.0019429577   0.0003562823
        0.0002414745  -0.0000580936   0.0003398786   0.0007584491  -0.0002836007
        0.0012739879  -0.0002564601   0.0008871077  -0.0001353371  -0.0001125274
        0.0000271638  -0.0000472443   0.0000009421  -0.0000633982  -0.0000553929
       -0.0000034242  -0.0000402955  -0.0000610102   0.0000509006   0.0000387701
        0.0001577767   0.0000216141  -0.0001735646
       -0.0634679336  -0.0013370454  -0.0623620331  -0.0157722138   0.0026801130
       -0.0058587147  -0.0005748814   0.0033724198  -0.0013132340   0.0000235273
       -0.0000961419   0.0000246326   0.0001654951  -0.0000180366   0.0001540909
        0.0270526641   0.0002166822   0.0055049931  -0.0211250962  -0.0028802698
       -0.0068860008   0.0750825905  -0.0019429577   0.0710838835   0.0001917555
       -0.0003085830   0.0002383396  -0.0006574128  -0.0001679143  -0.0000841406
       -0.0008946542   0.0003573267  -0.0005169632   0.0002206775   0.0000573642
        0.0001193055  -0.0000136631   0.0000419673   0.0000623649  -0.0000506277
        0.0001332535  -0.0000236794  -0.0000103712  -0.0000014780  -0.0000065967
       -0.0001698559  -0.0001067000  -0.0001362475
        0.0012175845   0.0043174604   0.0022662189  -0.0460142200  -0.0188448575
       -0.0125482286  -0.0081247116  -0.0215427077  -0.0198243957   0.0008810400
       -0.0010908635  -0.0014071943   0.0001573195   0.0004759626   0.0003881423
        0.0000918349  -0.0005923653  -0.0001219156   0.0004726788   0.0007672100
       -0.0007349186  -0.0000335668   0.0003562823   0.0001917555   0.0551550383
        0.0208482704   0.0186056261   0.0012531705   0.0160624244   0.0156531396
        0.0006253902  -0.0002597430   0.0001784468  -0.0054583122  -0.0004790950
       -0.0033684057   0.0002482922  -0.0000306559  -0.0000553221  -0.0003968071
       -0.0000002215   0.0008407169  -0.0000243959   0.0000271990   0.0000001580
       -0.0000503354  -0.0000142998  -0.0000638235
       -0.0015553398  -0.0274444379  -0.0139432376  -0.0190017779  -0.1780461379
       -0.1090117945  -0.0021627705  -0.0013362194  -0.0025565684   0.0005360934
        0.0001989013  -0.0001320414   0.0000202073   0.0001672787   0.0002593955
       -0.0003030305   0.0007514939  -0.0006577350   0.0013208984  -0.0061815589
        0.0031368809   0.0000944393   0.0002414745  -0.0003085830   0.0208482704
        0.2105136560   0.1253183956   0.0008582332   0.0000995705  -0.0021689454
        0.0002461310   0.0005136258   0.0002842270  -0.0005293963   0.0006577839
       -0.0006045357   0.0001306403  -0.0000107487   0.0001209066  -0.0004895260
        0.0000725183   0.0004637454  -0.0000351914  -0.0000381219  -0.0000252759
        0.0000221191  -0.0001590784  -0.0001748340
        0.0009959298   0.0115982496   0.0080246367  -0.0125454616  -0.1095115217
       -0.1311690194  -0.0057434186  -0.0109485469  -0.0102065035   0.0009026832
        0.0004780311   0.0009252287   0.0001217751   0.0001259203   0.0000134869
       -0.0000392194   0.0004645383   0.0009103019  -0.0004831258   0.0031900615
       -0.0003438817   0.0003226591  -0.0000580936   0.0002383396   0.0186056261
        0.1253183956   0.1530407080   0.0007749081  -0.0207569612  -0.0201472308
        0.0000741633  -0.0001032769  -0.0002706878  -0.0032313685   0.0001025926
       -0.0011955958   0.0001480236   0.0000288782  -0.0001439345   0.0000938288
       -0.0000171043   0.0003777738   0.0000193744   0.0000491136   0.0000166208
       -0.0000163776   0.0000397237  -0.0000702431
        0.0025214346   0.0002695242  -0.0018379435  -0.1419689686  -0.0135377560
        0.1131139739  -0.0258976093  -0.0016568775   0.0193737713  -0.0051738428
        0.0002968854  -0.0030434737  -0.0005217084  -0.0001332941   0.0000498349
        0.0008198980   0.0005371102  -0.0005020277  -0.0001162763  -0.0002121869
       -0.0000410909   0.0007900100   0.0003398786  -0.0006574128   0.0012531705
        0.0008582332   0.0007749081   0.1688965295   0.0130680855  -0.1287226761
        0.0001405640   0.0003292856   0.0005020616   0.0004357749  -0.0002462295
        0.0004964380  -0.0013525754   0.0002187147   0.0008147155   0.0001035443
       -0.0001661703  -0.0004835577   0.0000492000  -0.0001509595   0.0001117179
        0.0000208548   0.0001857563   0.0000507612
       -0.0157602550  -0.0059085010   0.0229625146  -0.0131332201  -0.0456103206
        0.0114296219  -0.0003981270   0.0005743199   0.0003984062   0.0002026824
        0.0008983172  -0.0002768316   0.0002004744   0.0000179229  -0.0000681263
        0.0004882210  -0.0049364658   0.0039793907  -0.0004767717   0.0004292174
        0.0002901294  -0.0004660395   0.0007584491  -0.0001679143   0.0160624244
        0.0000995705  -0.0207569612   0.0130680855   0.0537161523  -0.0182081979
        0.0007546459   0.0000429959  -0.0001966953  -0.0004399742  -0.0000313129
        0.0002047361  -0.0000889652   0.0000119861   0.0001850268  -0.0000401648
       -0.0000521987   0.0001764448   0.0000262911   0.0000222901   0.0000127330
        0.0000006930  -0.0000324224   0.0000357229
        0.0100487968   0.0060330664  -0.0153473399   0.1131143619   0.0114374105
       -0.1692038720  -0.0071139023  -0.0005379135   0.0065380975  -0.0016765404
       -0.0001487419   0.0000493909   0.0000540684   0.0001643720   0.0003077372
       -0.0005824772   0.0042751829  -0.0017226511  -0.0000062622  -0.0004296218
        0.0005351153   0.0000301163  -0.0002836007  -0.0000841406   0.0156531396
       -0.0021689454  -0.0201472308  -0.1287226761  -0.0182081979   0.1978032563
       -0.0002385442  -0.0003108154   0.0005498252  -0.0001746507   0.0001982055
        0.0004171815  -0.0001633892   0.0000579945   0.0002429926  -0.0000751585
        0.0000801115   0.0001273026  -0.0000838832  -0.0000703227   0.0000312197
       -0.0000629989  -0.0000881840  -0.0000968843
       -0.0048996487   0.0001703674  -0.0025997310  -0.0071641521   0.0233655449
       -0.0164288461  -0.0402485390   0.0133745042  -0.0090093323  -0.0022994377
       -0.0163233857   0.0130103112  -0.0029859553  -0.0007214717   0.0030871873
       -0.0001294400  -0.0000773357   0.0001030309  -0.0000717847  -0.0003036363
        0.0000470309  -0.0006071888   0.0012739879  -0.0008946542   0.0006253902
        0.0002461310   0.0000741633   0.0001405640   0.0007546459  -0.0002385442
        0.0576302748  -0.0161491394   0.0088151021   0.0015316845  -0.0031488755
        0.0014849161  -0.0001845086  -0.0016055926   0.0013933339  -0.0006026533
        0.0000150530   0.0006327465  -0.0006449818  -0.0009884499   0.0004493472
       -0.0000896237   0.0001176525   0.0000739385
        0.0015072314   0.0009620971   0.0004484106   0.0018542190  -0.0030205938
        0.0026968744   0.0129386567  -0.2092966782   0.1033928344  -0.0001622223
       -0.0018459974   0.0019698391  -0.0013256957   0.0004458558   0.0009476515
       -0.0000038909   0.0000499227  -0.0001967707  -0.0001296496   0.0003210617
        0.0000004936   0.0002667819  -0.0002564601   0.0003573267  -0.0002597430
        0.0005136258  -0.0001032769   0.0003292856   0.0000429959  -0.0003108154
       -0.0161491394   0.2394109779  -0.1205731962   0.0016391344  -0.0283467143
        0.0121420919  -0.0000289077   0.0011237008  -0.0006798388  -0.0001481174
       -0.0002567177  -0.0000765416  -0.0002806745  -0.0002161060   0.0002813850
       -0.0000472684   0.0003690297  -0.0002964677
       -0.0033557103  -0.0001828816  -0.0005201886  -0.0046627817   0.0135587602
       -0.0086405392  -0.0087381803   0.1027224914  -0.1083708004   0.0023196776
        0.0186564765  -0.0124765512   0.0029827742  -0.0001773990  -0.0027655070
        0.0000758114  -0.0001325290   0.0001057498  -0.0000100648  -0.0001272257
       -0.0000199415  -0.0003766602   0.0008871077  -0.0005169632   0.0001784468
        0.0002842270  -0.0002706878   0.0005020616  -0.0001966953   0.0005498252
        0.0088151021  -0.1205731962   0.1241454102   0.0012267558  -0.0158468162
        0.0093244758  -0.0002347707   0.0006358351   0.0010001316   0.0007325820
       -0.0003735299  -0.0012797907   0.0004887416   0.0010712628  -0.0001576224
        0.0000562149  -0.0002058879  -0.0001070007
        0.0007767001  -0.0007833651   0.0003114494  -0.0075559734  -0.0208616817
       -0.0188592135  -0.0447772184  -0.0222222877  -0.0174151928   0.0008280716
        0.0153744454   0.0160146315   0.0011145778   0.0007640344  -0.0012779913
       -0.0000482790   0.0000143962   0.0001790704   0.0000084882   0.0005534137
       -0.0000018341   0.0002072465  -0.0001353371   0.0002206775  -0.0054583122
       -0.0005293963  -0.0032313685   0.0004357749  -0.0004399742  -0.0001746507
        0.0015316845   0.0016391344   0.0012267558   0.0560806006   0.0262405701
        0.0197857400  -0.0007125041   0.0000290740   0.0004481267  -0.0028443078
        0.0001200942   0.0026599442   0.0002287446   0.0002132620  -0.0000122836
        0.0001847060   0.0000236179   0.0001261388
        0.0007060682   0.0012617732   0.0007572595  -0.0022424093  -0.0005523792
       -0.0016091031  -0.0216586692  -0.1868740863  -0.1115036375   0.0008714418
       -0.0012516540  -0.0032464795  -0.0003037524   0.0011187197   0.0009979479
       -0.0000583178  -0.0001390425  -0.0000259983   0.0000377512   0.0001523912
       -0.0000610025   0.0000775457  -0.0001125274   0.0000573642  -0.0004790950
        0.0006577839   0.0001025926  -0.0002462295  -0.0000313129   0.0001982055
       -0.0031488755  -0.0283467143  -0.0158468162   0.0262405701   0.2145198690
        0.1294386414   0.0001434798  -0.0002546419  -0.0001940144   0.0004608806
       -0.0001531253   0.0003731476  -0.0003654858  -0.0001126680   0.0003552116
       -0.0000349030   0.0001176148   0.0002066813
        0.0006461795  -0.0006156811   0.0004478512  -0.0051805972  -0.0116775240
       -0.0099544848  -0.0175617282  -0.1105613552  -0.1293519566   0.0018411521
       -0.0171494310  -0.0178356046  -0.0014135614  -0.0008011079   0.0016585344
        0.0000228960  -0.0000797027  -0.0002230406  -0.0003345234   0.0005504989
        0.0000164388   0.0002636319   0.0000271638   0.0001193055  -0.0033684057
       -0.0006045357  -0.0011955958   0.0004964380   0.0002047361   0.0004171815
        0.0014849161   0.0121420919   0.0093244758   0.0197857400   0.1294386414
        0.1513038154   0.0002940673  -0.0002056990  -0.0007975804   0.0035991254
       -0.0008190816  -0.0036788298  -0.0005227648  -0.0000879481   0.0006406413
       -0.0000525656   0.0002389342  -0.0008911516
        0.0000505795  -0.0000286121  -0.0000348991  -0.0029084135   0.0009170580
        0.0035932246  -0.0215326335   0.0105009055  -0.0036038761  -0.1717325854
        0.0939225931  -0.0600891516   0.0077730006  -0.0027639296   0.0027955842
        0.0000598462  -0.0002095286   0.0001597292  -0.0000081840  -0.0001117551
        0.0000380131   0.0000367711  -0.0000472443  -0.0000136631   0.0002482922
        0.0001306403   0.0001480236  -0.0013525754  -0.0000889652  -0.0001633892
       -0.0001845086  -0.0000289077  -0.0002347707  -0.0007125041   0.0001434798
        0.0002940673   0.1998246628  -0.1062686951   0.0654805018  -0.0114823872
        0.0065337777  -0.0089581730   0.0008082982  -0.0004091354   0.0005038770
        0.0011123409  -0.0021916811   0.0000849020
        0.0001223095   0.0002390470  -0.0000738504  -0.0004758793   0.0005139038
       -0.0007130383   0.0021306800  -0.0003823017   0.0015603278   0.0921497516
       -0.1043523103   0.0390844509   0.0211512515  -0.0321364237   0.0125576658
       -0.0001027036  -0.0001783336  -0.0000350110  -0.0001222540  -0.0000788240
        0.0000794574   0.0000399653   0.0000009421   0.0000419673  -0.0000306559
       -0.0000107487   0.0000288782   0.0002187147   0.0000119861   0.0000579945
       -0.0016055926   0.0011237008   0.0006358351   0.0000290740  -0.0002546419
       -0.0002056990  -0.1062686951   0.1372206767  -0.0521353275  -0.0053567473
        0.0058231460  -0.0031134174   0.0010247757   0.0001149659   0.0000819190
       -0.0029039942  -0.0076547847   0.0021478474
       -0.0000187053   0.0000148093   0.0001410921   0.0020347666  -0.0005416050
       -0.0017198001   0.0169351404  -0.0086838485   0.0045275839  -0.0598234405
        0.0401511362  -0.0706500477  -0.0021087609   0.0060916650  -0.0003760219
        0.0001057617  -0.0001449577   0.0000737390  -0.0000043336  -0.0000238490
        0.0000088889   0.0000051661  -0.0000633982   0.0000623649  -0.0000553221
        0.0001209066  -0.0001439345   0.0008147155   0.0001850268   0.0002429926
        0.0013933339  -0.0006798388   0.0010001316   0.0004481267  -0.0001940144
       -0.0007975804   0.0654805018  -0.0521353275   0.0820989991  -0.0256625978
        0.0140387637  -0.0152220969  -0.0002599340   0.0006368696  -0.0001446660
        0.0007155816   0.0012276620   0.0008983554
       -0.0002041121   0.0001324191   0.0002440413   0.0008843921   0.0011113247
        0.0017094554   0.0036635832   0.0075849791   0.0193421902  -0.0623475389
       -0.0167669322  -0.0562704467  -0.0060375892  -0.0179549131  -0.0084967842
       -0.0000573770   0.0003213105  -0.0002121914   0.0000216783  -0.0001144736
        0.0000092814   0.0000392782  -0.0000553929  -0.0000506277  -0.0003968071
       -0.0004895260   0.0000938288   0.0001035443  -0.0000401648  -0.0000751585
       -0.0006026533  -0.0001481174   0.0007325820  -0.0028443078   0.0004608806
        0.0035991254  -0.0114823872  -0.0053567473  -0.0256625978   0.0785585621
        0.0305513503   0.0640754842   0.0002868462  -0.0002342404  -0.0001254358
        0.0004148881   0.0009982434   0.0010872533
        0.0002611250   0.0001898363  -0.0002721820  -0.0002105032   0.0007180331
        0.0003560360   0.0004755017   0.0010690707  -0.0035395896  -0.0167051831
       -0.0608698866  -0.0592819024  -0.0216338020  -0.0356420818  -0.0251109759
        0.0003714784  -0.0006660957   0.0002322007  -0.0001341733  -0.0001063416
        0.0000845427  -0.0001280252  -0.0000034242   0.0001332535  -0.0000002215
        0.0000725183  -0.0000171043  -0.0001661703  -0.0000521987   0.0000801115
        0.0000150530  -0.0002567177  -0.0003735299   0.0001200942  -0.0001531253
       -0.0008190816   0.0065337777   0.0058231460   0.0140387637   0.0305513503
        0.0875348144   0.0744913993   0.0012437460   0.0008189448   0.0002340568
       -0.0005940478   0.0015235080  -0.0002359982
       -0.0000757073   0.0001652485   0.0003829836  -0.0019082525   0.0000547503
        0.0012539297  -0.0013557978  -0.0090309246  -0.0233332666  -0.0526007238
       -0.0539917765  -0.1906548401  -0.0036409710  -0.0100152109   0.0043805627
        0.0000390376  -0.0002770827   0.0002700585  -0.0000676264   0.0000837771
       -0.0000699294   0.0000461559  -0.0000402955  -0.0000236794   0.0008407169
        0.0004637454   0.0003777738  -0.0004835577   0.0001764448   0.0001273026
        0.0006327465  -0.0000765416  -0.0012797907   0.0026599442   0.0003731476
       -0.0036788298  -0.0089581730  -0.0031134174  -0.0152220969   0.0640754842
        0.0744913993   0.2242246554   0.0003607538   0.0004561334   0.0017398245
        0.0004359703   0.0002806029   0.0015053422
       -0.0001189694   0.0000673391  -0.0000847257   0.0001148038   0.0000253967
        0.0000279689   0.0001782966  -0.0033305305   0.0006292809  -0.0121581181
       -0.0029653142   0.0109964989  -0.2188374684   0.0080656217   0.1604703372
       -0.0003062033   0.0000759709   0.0001026663   0.0001237157  -0.0001184077
       -0.0001227861   0.0000193643  -0.0000610102  -0.0000103712  -0.0000243959
       -0.0000351914   0.0000193744   0.0000492000   0.0000262911  -0.0000838832
       -0.0006449818  -0.0002806745   0.0004887416   0.0002287446  -0.0003654858
       -0.0005227648   0.0008082982   0.0010247757  -0.0002599340   0.0002868462
        0.0012437460   0.0003607538   0.2542117823  -0.0073765272  -0.1933412919
       -0.0239309147   0.0040040003   0.0213301349
        0.0002551832   0.0000249028   0.0000264880  -0.0004540931  -0.0001176965
        0.0003404933  -0.0025551265  -0.0054543766   0.0011561521  -0.0247277518
       -0.0036224826   0.0217847105   0.0189642642  -0.0450172118  -0.0044757717
        0.0000096123   0.0000171707  -0.0002221094  -0.0000941378   0.0000829647
        0.0001056864   0.0001014256   0.0000509006  -0.0000014780   0.0000271990
       -0.0000381219   0.0000491136  -0.0001509595   0.0000222901  -0.0000703227
       -0.0009884499  -0.0002161060   0.0010712628   0.0002132620  -0.0001126680
       -0.0000879481  -0.0004091354   0.0001149659   0.0006368696  -0.0002342404
        0.0008189448   0.0004561334  -0.0073765272   0.0541165033  -0.0059630568
        0.0174194753  -0.0006699798  -0.0148062230
       -0.0001267141  -0.0000597052   0.0000463993  -0.0000989327  -0.0000336857
       -0.0001906982   0.0008064850   0.0017190207   0.0000713832  -0.0000413868
       -0.0037351248  -0.0043084365   0.2024251781   0.0050818850  -0.1927129723
       -0.0000540122   0.0000511133  -0.0002696811  -0.0000740192   0.0001966813
        0.0000686591   0.0000881316   0.0000387701  -0.0000065967   0.0000001580
       -0.0000252759   0.0000166208   0.0001117179   0.0000127330   0.0000312197
        0.0004493472   0.0002813850  -0.0001576224  -0.0000122836   0.0003552116
        0.0006406413   0.0005038770   0.0000819190  -0.0001446660  -0.0001254358
        0.0002340568   0.0017398245  -0.1933412919  -0.0059630568   0.1889936665
       -0.0105108186   0.0017640726   0.0061822589
       -0.0005631265  -0.0000097164   0.0004556041   0.0002389600  -0.0003156118
       -0.0000278047   0.0000846828  -0.0003513063   0.0004623087   0.0085217972
       -0.0065876720   0.0026190319  -0.2281068712   0.1565654447  -0.0704632819
       -0.0009202182  -0.0007248744  -0.0014345561  -0.0007786715   0.0003025249
        0.0006806238  -0.0000347174   0.0001577767  -0.0001698559  -0.0000503354
        0.0000221191  -0.0000163776   0.0000208548   0.0000006930  -0.0000629989
       -0.0000896237  -0.0000472684   0.0000562149   0.0001847060  -0.0000349030
       -0.0000525656   0.0011123409  -0.0029039942   0.0007155816   0.0004148881
       -0.0005940478   0.0004359703  -0.0239309147   0.0174194753  -0.0105108186
        0.2438962488  -0.1628986396   0.0773129242
        0.0003377552   0.0000834532   0.0004100811  -0.0002387895  -0.0003559847
       -0.0000877902   0.0002955677   0.0010972984  -0.0000127330   0.0228391026
       -0.0259526810   0.0134124127   0.1369102794  -0.1577062713   0.0670042656
       -0.0008122673   0.0003744185  -0.0007116081   0.0001321902   0.0002540626
       -0.0002044811   0.0003115118   0.0000216141  -0.0001067000  -0.0000142998
       -0.0001590784   0.0000397237   0.0001857563  -0.0000324224  -0.0000881840
        0.0001176525   0.0003690297  -0.0002058879   0.0000236179   0.0001176148
        0.0002389342  -0.0021916811  -0.0076547847   0.0012276620   0.0009982434
        0.0015235080   0.0002806029   0.0040040003  -0.0006699798   0.0017640726
       -0.1628986396   0.1886902030  -0.0829603704
       -0.0006977692   0.0001556625   0.0006748029   0.0002590214   0.0003136573
       -0.0000929272  -0.0007215382   0.0005328331   0.0005420023  -0.0032000206
       -0.0008377394  -0.0029764046  -0.0956716283   0.0967001339  -0.0711367969
       -0.0004458749  -0.0001114490   0.0000549584   0.0006560989  -0.0004958922
       -0.0003733401  -0.0001805187  -0.0001735646  -0.0001362475  -0.0000638235
       -0.0001748340  -0.0000702431   0.0000507612   0.0000357229  -0.0000968843
        0.0000739385  -0.0002964677  -0.0001070007   0.0001261388   0.0002066813
       -0.0008911516   0.0000849020   0.0021478474   0.0008983554   0.0010872533
       -0.0002359982   0.0015053422   0.0213301349  -0.0148062230   0.0061822589
        0.0773129242  -0.0829603704   0.0660232759
