           1           2   1.02005815385034     
           2           3   1.00929762841963     
           3           4   1.00221925404489     
           4           5   1.02346092981665     
           1           6  0.984782902468030     
           1           7  0.986747009635140     
           1           8  0.986657009004008     
           2           9  0.977991167753932     
           2          10  0.978115683324861     
           3          11  0.978284181109041     
           3          12  0.974451221464805     
           4          13  0.978101485402490     
           4          14  0.968787485416972     
           5          15  0.961848178138465     
           5          16  0.958159964897155     
