           1           2   1.42101518541538     
           2           3   1.44481780570311     
           3           4   1.39223717956888     
           4           5   1.32674376793449     
           1           6   1.44827889560093     
           5           6   1.38411783928359     
           5           7   1.05010960217308     
           7           8   1.70172549048479     
           7           9   1.04852268729953     
           9          10   1.43661130347383     
          10          11   1.34975880165238     
          11          12   1.53533785233214     
          12          13   1.24694240718377     
           9          14   1.27826944418378     
          13          14   1.23168355272659     
           4          15   1.03970960798842     
          14          15   1.15127734729793     
          15          16   1.59950266474704     
          13          17   1.32621973255729     
          17          18   1.00275173810539     
          18          19  0.994009629452707     
          19          20  0.995519887578866     
           1          21  0.967181210391741     
           2          22  0.967107063867939     
           3          23  0.963640387268493     
           6          24  0.964821519805548     
          10          25  0.964868604892227     
          11          26  0.966376763202788     
          12          27  0.958704997636793     
          17          28  0.872204579874450     
          18          29  0.960457592476850     
          18          30  0.957747093830535     
          19          31  0.967406932437924     
          19          32  0.968682875535939     
          20          33  0.854435708716198     
