           1           2   1.02075566653301     
           2           3   1.00488955446933     
           3           4   1.00512710675284     
           4           5   1.02362034776838     
           1           6  0.983511945931979     
           1           7  0.987844823639045     
           1           8  0.987329942366021     
           2           9  0.977443581566537     
           2          10  0.980622426853763     
           3          11  0.978402953403045     
           3          12  0.975674568779510     
           4          13  0.976709068247700     
           4          14  0.969052712284895     
           5          15  0.961278596220850     
           5          16  0.959421593601184     
