           1           2   1.01920248245280     
           2           3   1.00797760342719     
           3           4  0.983526553090479     
           4           5   1.67381034837630     
           4           6   1.17881673832679     
           5           6  0.170033426776110     
           6           7  0.917825707804473     
           7           8   1.01902453572541     
           1           9  0.986155488674829     
           1          10  0.987061723711208     
           1          11  0.987053824786323     
           2          12  0.976652039995931     
           2          13  0.976984243328992     
           3          14  0.947044255370777     
           3          15  0.943248930950092     
           7          16  0.969244646126212     
           7          17  0.967634055750293     
           8          18  0.984151498575348     
           8          19  0.979972624617238     
           8          20  0.983155043563716     
