           1           2   1.02150438330993     
           2           3  0.985341337951510     
           3           4  0.978462441083163     
           4           5   1.68990433034081     
           4           6   1.17135366101152     
           5           6  0.170060224275313     
           6           7  0.920124190534259     
           7           8   1.01960686965091     
           1           9  0.985656399651196     
           1          10  0.986682764095754     
           1          11  0.987381970930902     
           2          12  0.976475805010380     
           2          13  0.975288794712252     
           3          14  0.950713176440686     
           3          15  0.972849392296288     
           7          16  0.968888513272377     
           7          17  0.969069481082296     
           8          18  0.980179631867701     
           8          19  0.983587447828803     
           8          20  0.983550873059935     
