           1           2   1.02142997336719     
           2           3  0.986562354061109     
           3           4  0.977337704452415     
           4           5   1.68589303952751     
           4           6   1.17460346998140     
           5           6  0.171728811740814     
           6           7  0.919066460847110     
           7           8   1.01619672177338     
           1           9  0.986708403197155     
           1          10  0.985717294830883     
           1          11  0.987352652274840     
           2          12  0.975406173463108     
           2          13  0.976380206246150     
           3          14  0.972903376767905     
           3          15  0.950114754802159     
           7          16  0.969022022579620     
           7          17  0.966431326935965     
           8          18  0.983240489098123     
           8          19  0.985208440930134     
           8          20  0.979873094983601     
