$hessian                                                                        
        0.5218890505   0.0045432304   0.0009635523  -0.0707833549   0.0250648435
        0.0006259022   0.0030525721  -0.0212925328  -0.0000760670   0.0003928575
        0.0005733424   0.0002288961  -0.0011326203  -0.0012432457   0.0000748889
       -0.0607062006   0.0154289611   0.0567205426  -0.1708934519   0.0471343751
       -0.1106217254  -0.2128969180  -0.0976103928   0.0498213726  -0.0003483812
        0.0063253936   0.0012897719  -0.0064608687   0.0252690434   0.0000122921
        0.0005488674  -0.0002796051  -0.0007407583  -0.0025396044  -0.0039001403
        0.0017646831  -0.0001113104  -0.0001538332  -0.0000622362  -0.0000106373
        0.0001405604  -0.0000011148
        0.0045432304   0.4616109693  -0.0056258420   0.0273548585  -0.1974733880
       -0.0088921580  -0.0027784098  -0.0223642796   0.0014630334   0.0006963941
        0.0006740158   0.0000424387  -0.0001331373  -0.0001997058   0.0000054122
        0.0155289921  -0.0575768605  -0.0554823731   0.0471210233  -0.0599875318
        0.0413225595  -0.0984842812  -0.0974226449   0.0288730295   0.0032331918
       -0.0136618217  -0.0039193340   0.0049900986  -0.0135132920   0.0015578428
        0.0006457739   0.0011886177  -0.0005279563  -0.0025358501  -0.0016872526
        0.0010706677  -0.0000951039   0.0001946372  -0.0000123587  -0.0000867803
        0.0002185368   0.0001250383
        0.0009635523  -0.0056258420   0.5234747705   0.0006397143  -0.0085773357
       -0.0686680011  -0.0009950260   0.0092678156   0.0002871703  -0.0000298354
       -0.0002714501   0.0000382281   0.0005333903   0.0004856204   0.0000307018
        0.0569746029  -0.0555509893  -0.2521837351  -0.1108937200   0.0411435212
       -0.1412726011   0.0500044179   0.0288364385  -0.0595535858   0.0061814619
       -0.0291511130  -0.0039910575  -0.0049461122   0.0167307755   0.0011385199
       -0.0002822016   0.0010981210   0.0007624295   0.0017170002   0.0018862638
       -0.0000787622   0.0000883901  -0.0001840418  -0.0000391492   0.0000443654
       -0.0000877840   0.0000550720
       -0.0707833549   0.0273548585   0.0006397143   0.4872162831  -0.0141724916
        0.0202251889  -0.1341495963  -0.0525004397   0.0364896124  -0.0262236830
       -0.0138993644   0.0035129661   0.0001419499  -0.0003704018   0.0000389923
       -0.0012744250   0.0081381686   0.0016378672  -0.0050344418   0.0237807110
       -0.0000096959   0.0025172558  -0.0250412407  -0.0009575091  -0.0511774698
        0.0102160570   0.0351017861  -0.1950756810   0.0402298223  -0.1012488804
       -0.0070453316  -0.0043527869   0.0065409075   0.0029917423   0.0013200762
       -0.0013754718   0.0013816101  -0.0001280965   0.0014031467  -0.0034848577
       -0.0005748722  -0.0019986243
        0.0250648435  -0.1974733880  -0.0085773357  -0.0141724916   0.4674902715
        0.0063980407  -0.0482447587  -0.1023818248   0.0258855346  -0.0025201441
        0.0008563241  -0.0027358828   0.0000102353   0.0000548071   0.0000730498
        0.0025971676  -0.0126291275  -0.0048473940   0.0052606338  -0.0123307143
        0.0016557414   0.0006416169  -0.0202781979  -0.0000431222   0.0100458534
       -0.0554370668  -0.0540369695   0.0400944202  -0.0506820383   0.0247925950
        0.0029049398   0.0036332750  -0.0013069351  -0.0217659136  -0.0220786141
        0.0123277033   0.0002037478   0.0003399905   0.0001678140  -0.0001201502
        0.0009163037   0.0002471605
        0.0006259022  -0.0088921580  -0.0686680011   0.0202251889   0.0063980407
        0.5300577115   0.0361611784   0.0263628684  -0.0853474391  -0.0101525180
       -0.0086253738   0.0045230105  -0.0007587122   0.0003693375   0.0001022954
        0.0057873491  -0.0293547374  -0.0040667548  -0.0037614384   0.0189032329
        0.0006843207  -0.0006001027   0.0081423278   0.0006300783   0.0344701918
       -0.0541348917  -0.2504075295  -0.1006343656   0.0252962208  -0.1131639656
        0.0228034349   0.0157851900  -0.0145817736   0.0008692007   0.0010312164
        0.0004609353  -0.0016332795  -0.0005806079   0.0012612923  -0.0034020296
       -0.0007006657  -0.0014841804
        0.0030525721  -0.0027784098  -0.0009950260  -0.1341495963  -0.0482447587
        0.0361611784   0.4510765184  -0.0137231158  -0.0131679687  -0.1499668429
       -0.0034048307  -0.0624819769  -0.0142883454   0.0091567762  -0.0029480586
        0.0006912880   0.0005864892  -0.0001879441   0.0003090782   0.0002426693
       -0.0002752036   0.0009531281   0.0013327241  -0.0000449661  -0.0074979088
       -0.0048104889   0.0058925852  -0.0248479428  -0.0140865105   0.0081926537
       -0.0487016569   0.0102592130   0.0401265161  -0.0604722258   0.0664750861
        0.0016665092   0.0023070060   0.0003856167  -0.0014868708  -0.0184650719
       -0.0013904603  -0.0104514278
       -0.0212925328  -0.0223642796   0.0092678156  -0.0525004397  -0.1023818248
        0.0263628684  -0.0137231158   0.4968963503   0.0251913760   0.0037817060
       -0.0585492118   0.0060457743   0.0163610904  -0.0067642662   0.0046173230
       -0.0005820739   0.0011078070   0.0007870371  -0.0003854589   0.0005410378
        0.0000288130   0.0004967402  -0.0063527900   0.0002503819   0.0028721248
        0.0027442238  -0.0006658278   0.0015108509   0.0015058469  -0.0009449340
        0.0122268812  -0.0589928425  -0.0572254541   0.0672142285  -0.2476388897
       -0.0037511157   0.0020823837   0.0015664068   0.0027279777  -0.0180623846
       -0.0013175681  -0.0126920354
       -0.0000760670   0.0014630334   0.0002871703   0.0364896124   0.0258855346
       -0.0853474391  -0.0131679687   0.0251913760   0.5089544167  -0.0557406566
       -0.0001356054  -0.1061123025   0.0016104588   0.0021722645   0.0029236987
       -0.0008333833  -0.0009515157   0.0009499923  -0.0000218035   0.0001914984
       -0.0000844920  -0.0002713257  -0.0007022267   0.0005736127   0.0242887680
        0.0155349551  -0.0152141174  -0.0120851472  -0.0066570716   0.0047474093
        0.0414425012  -0.0591734639  -0.2510818495   0.0016405027  -0.0050958587
       -0.0433907926  -0.0235484408   0.0010308608  -0.0194351934   0.0002729498
        0.0012462191   0.0022298866
        0.0003928575   0.0006963941  -0.0000298354  -0.0262236830  -0.0025201441
       -0.0101525180  -0.1499668429   0.0037817060  -0.0557406566   0.3795493198
        0.1034355313   0.0047121332  -0.0346278670   0.0231087626   0.0123420492
       -0.0000924022  -0.0002880319  -0.0000714191  -0.0002051271  -0.0002862815
       -0.0000231245   0.0002914341   0.0001251733  -0.0001091799   0.0008257350
        0.0000765409  -0.0011859989  -0.0038267483  -0.0031655787   0.0013704669
        0.0005699302   0.0020131751  -0.0013109380  -0.0137731788   0.0054140824
       -0.0092330096  -0.0479303332  -0.0123483757   0.0465916181  -0.1049830943
       -0.1200429538   0.0128404127
        0.0005733424   0.0006740158  -0.0002714501  -0.0138993644   0.0008563241
       -0.0086253738  -0.0034048307  -0.0585492118  -0.0001356054   0.1034355313
        0.3719904062  -0.0544342817   0.0244172665  -0.0507716710  -0.0147699210
       -0.0001279377  -0.0000563675  -0.0004426841   0.0000366503  -0.0002427694
        0.0005088558   0.0001091165  -0.0000728624   0.0000542816   0.0003062878
        0.0005276849  -0.0002158385  -0.0035532847  -0.0009136405   0.0008284206
       -0.0042232371  -0.0000419252  -0.0038489468   0.0213288366  -0.0056051738
        0.0141102019  -0.0119086837  -0.0429287785   0.0418395801  -0.1130896932
       -0.2148660308   0.0254027615
        0.0002288961   0.0000424387   0.0000382281   0.0035129661  -0.0027358828
        0.0045230105  -0.0624819769   0.0060457743  -0.1061123025   0.0047121332
       -0.0544342817   0.4662567072   0.0144737489  -0.0172889283  -0.0244304035
       -0.0001915899  -0.0000925315  -0.0003339983   0.0001745902   0.0001116586
        0.0003413442   0.0001251520   0.0000635005  -0.0000245856   0.0016908142
        0.0001503672   0.0010210521   0.0018801596   0.0008602917   0.0000632112
       -0.0253925792   0.0023239943  -0.0205327721  -0.0041069498   0.0015288772
       -0.0012020367   0.0497347524   0.0368470967  -0.2744779292   0.0156398831
        0.0265776250  -0.0451295254
       -0.0011326203  -0.0001331373   0.0005333903   0.0001419499   0.0000102353
       -0.0007587122  -0.0142883454   0.0163610904   0.0016104588  -0.0346278670
        0.0244172665   0.0144737489   0.0663447030  -0.0552058233  -0.0213779148
       -0.0003704643  -0.0003794117  -0.0003009729  -0.0026010962  -0.0013668102
        0.0009236346  -0.0003591793   0.0000560550   0.0000142343  -0.0001178728
        0.0004685627   0.0003710699  -0.0003368099   0.0000839247  -0.0000419315
       -0.0002472832   0.0000920327   0.0000541039  -0.0046978703   0.0010020874
       -0.0014429623  -0.0076976276   0.0113315421   0.0049597903  -0.0000096165
        0.0032623859   0.0009820627
       -0.0012432457  -0.0001997058   0.0004856204  -0.0003704018   0.0000548071
        0.0003693375   0.0091567762  -0.0067642662   0.0021722645   0.0231087626
       -0.0507716710  -0.0172889283  -0.0552058233   0.0839978056   0.0264264506
       -0.0001841299   0.0001501351   0.0002677551  -0.0014371647   0.0004705041
       -0.0002268043  -0.0002829756   0.0000315881  -0.0001185095   0.0000417017
       -0.0004678730  -0.0003507026   0.0001379648  -0.0001823773   0.0000068639
        0.0002771939   0.0009141860   0.0004839313   0.0029645755   0.0000028877
        0.0008663517   0.0055795772  -0.0064787249  -0.0034514467   0.0174571890
       -0.0207572955  -0.0096421835
        0.0000748889   0.0000054122   0.0000307018   0.0000389923   0.0000730498
        0.0001022954  -0.0029480586   0.0046173230   0.0029236987   0.0123420492
       -0.0147699210  -0.0244304035  -0.0213779148   0.0264264506   0.0249639159
       -0.0001829416   0.0000768474   0.0000891179   0.0008769526   0.0004505726
       -0.0000447876  -0.0000393937   0.0000203482  -0.0000297400  -0.0000925138
       -0.0001614096  -0.0000890866   0.0000751346  -0.0000984027   0.0000508406
       -0.0011062700   0.0012944345   0.0010136755  -0.0013305863   0.0005750185
       -0.0002220577   0.0119685816  -0.0161851323  -0.0045863028   0.0017010795
       -0.0023245912   0.0002281325
       -0.0607062006   0.0155289921   0.0569746029  -0.0012744250   0.0025971676
        0.0057873491   0.0006912880  -0.0005820739  -0.0008333833  -0.0000924022
       -0.0001279377  -0.0001915899  -0.0003704643  -0.0001841299  -0.0001829416
        0.0668366280  -0.0186006060  -0.0673642493   0.0049322483  -0.0048477495
       -0.0236417563  -0.0101721022   0.0048125250   0.0287083979   0.0003944386
        0.0013271494   0.0001453724  -0.0001868836   0.0001192599   0.0003985488
        0.0002214929  -0.0000780392   0.0000751531  -0.0001402111  -0.0000711788
        0.0000422031  -0.0000471983   0.0000733564   0.0000294903  -0.0000862085
        0.0000332646   0.0000528028
        0.0154289611  -0.0575768605  -0.0555509893   0.0081381686  -0.0126291275
       -0.0293547374   0.0005864892   0.0011078070  -0.0009515157  -0.0002880319
       -0.0000563675  -0.0000925315  -0.0003794117   0.0001501351   0.0000768474
       -0.0186006060   0.0692740427   0.0660447589  -0.0018817997   0.0024396830
        0.0067152002  -0.0046785135   0.0038401459   0.0141374300   0.0016983015
       -0.0070276077  -0.0014276627  -0.0001283698   0.0005880006  -0.0002728765
       -0.0003457358  -0.0003377191   0.0005579425   0.0001563996   0.0003833178
        0.0000873685   0.0001739607  -0.0001286588   0.0000762823   0.0001201876
       -0.0000267911  -0.0000455167
        0.0567205426  -0.0554823731  -0.2521837351   0.0016378672  -0.0048473940
       -0.0040667548  -0.0001879441   0.0007870371   0.0009499923  -0.0000714191
       -0.0004426841  -0.0003339983  -0.0003009729   0.0002677551   0.0000891179
       -0.0673642493   0.0660447589   0.2909035657   0.0035017717  -0.0041477975
       -0.0254616234   0.0053515092  -0.0011495571  -0.0113515332   0.0006893972
       -0.0013074836   0.0008015121   0.0000706541   0.0003018673   0.0003920640
       -0.0002043160  -0.0002842882   0.0003034545   0.0000332719   0.0002183789
       -0.0000002662   0.0000997001   0.0000239279  -0.0000371709   0.0000241873
        0.0000178524  -0.0000046245
       -0.1708934519   0.0471210233  -0.1108937200  -0.0050344418   0.0052606338
       -0.0037614384   0.0003090782  -0.0003854589  -0.0000218035  -0.0002051271
        0.0000366503   0.0001745902  -0.0026010962  -0.0014371647   0.0008769526
        0.0049322483  -0.0018817997   0.0035017717   0.1997936633  -0.0553602542
        0.1288140364  -0.0267158609   0.0048661227  -0.0190018645   0.0000661155
       -0.0001418965   0.0000596897   0.0004319570   0.0020511679   0.0001481416
       -0.0001338552   0.0000319848   0.0000779338  -0.0000916873  -0.0001361776
       -0.0000193165   0.0001972021  -0.0000297466  -0.0000348068  -0.0000547440
        0.0000049153   0.0000798336
        0.0471343751  -0.0599875318   0.0411435212   0.0237807110  -0.0123307143
        0.0189032329   0.0002426693   0.0005410378   0.0001914984  -0.0002862815
       -0.0002427694   0.0001116586  -0.0013668102   0.0004705041   0.0004505726
       -0.0048477495   0.0024396830  -0.0041477975  -0.0553602542   0.0714512337
       -0.0474969476  -0.0118349862   0.0040287860  -0.0091490231   0.0001076732
        0.0010312655   0.0005479329   0.0021748188  -0.0069542467   0.0002603518
        0.0001179932  -0.0000907593  -0.0000109491  -0.0000327650   0.0002240804
       -0.0000839877  -0.0001023171  -0.0005601243  -0.0005284247   0.0002729232
       -0.0000204448  -0.0001916387
       -0.1106217254   0.0413225595  -0.1412726011  -0.0000096959   0.0016557414
        0.0006843207  -0.0002752036   0.0000288130  -0.0000844920  -0.0000231245
        0.0005088558   0.0003413442   0.0009236346  -0.0002268043  -0.0000447876
       -0.0236417563   0.0067152002  -0.0254616234   0.1288140364  -0.0474969476
        0.1596150763   0.0040986020  -0.0016319071   0.0043779093   0.0006684498
       -0.0005025304   0.0007914392   0.0002163288  -0.0001394048   0.0011037710
       -0.0001963466   0.0000123852  -0.0002062536   0.0000357476  -0.0001373507
       -0.0000174161  -0.0000157231  -0.0000709921   0.0001886808   0.0000267762
       -0.0000376181  -0.0000153678
       -0.2128969180  -0.0984842812   0.0500044179   0.0025172558   0.0006416169
       -0.0006001027   0.0009531281   0.0004967402  -0.0002713257   0.0002914341
        0.0001091165   0.0001251520  -0.0003591793  -0.0002829756  -0.0000393937
       -0.0101721022  -0.0046785135   0.0053515092  -0.0267158609  -0.0118349862
        0.0040986020   0.2454312185   0.1132733072  -0.0583763912   0.0000228732
       -0.0000598040  -0.0003134414   0.0009521781   0.0004996689   0.0001040480
        0.0000135776   0.0001204093  -0.0002083440  -0.0000111419  -0.0000406101
       -0.0000681149  -0.0000460934   0.0001474379   0.0001253030   0.0000196303
        0.0000928738   0.0000680815
       -0.0976103928  -0.0974226449   0.0288364385  -0.0250412407  -0.0202781979
        0.0081423278   0.0013327241  -0.0063527900  -0.0007022267   0.0001251733
       -0.0000728624   0.0000635005   0.0000560550   0.0000315881   0.0000203482
        0.0048125250   0.0038401459  -0.0011495571   0.0048661227   0.0040287860
       -0.0016319071   0.1132733072   0.1166814153  -0.0342374230  -0.0002992490
        0.0002617649  -0.0000831479  -0.0006385742   0.0005939379   0.0003597210
        0.0002560256   0.0000330861  -0.0002391501  -0.0011473996  -0.0014192937
        0.0006442837   0.0000155400  -0.0000367865   0.0000143804  -0.0000006167
        0.0001118513  -0.0000375881
        0.0498213726   0.0288730295  -0.0595535858  -0.0009575091  -0.0000431222
        0.0006300783  -0.0000449661   0.0002503819   0.0005736127  -0.0001091799
        0.0000542816  -0.0000245856   0.0000142343  -0.0001185095  -0.0000297400
        0.0287083979   0.0141374300  -0.0113515332  -0.0190018645  -0.0091490231
        0.0043779093  -0.0583763912  -0.0342374230   0.0650084304  -0.0002520866
       -0.0002771048   0.0000758065   0.0002204670   0.0004622919   0.0000081977
       -0.0000723300  -0.0001352504   0.0001165795   0.0000195414   0.0001095844
        0.0001169160   0.0000102115   0.0000785074   0.0000364234   0.0000201027
       -0.0000050735   0.0000154909
       -0.0003483812   0.0032331918   0.0061814619  -0.0511774698   0.0100458534
        0.0344701918  -0.0074979088   0.0028721248   0.0242887680   0.0008257350
        0.0003062878   0.0016908142  -0.0001178728   0.0000417017  -0.0000925138
        0.0003944386   0.0016983015   0.0006893972   0.0000661155   0.0001076732
        0.0006684498   0.0000228732  -0.0002992490  -0.0002520866   0.0590535075
       -0.0101802877  -0.0431203145   0.0024019679  -0.0054515048  -0.0264514505
       -0.0036692538  -0.0028367214   0.0028258931   0.0004662587   0.0003754982
       -0.0002306588  -0.0006578214   0.0000149198  -0.0006222958   0.0002378114
        0.0000722107  -0.0000456560
        0.0063253936  -0.0136618217  -0.0291511130   0.0102160570  -0.0554370668
       -0.0541348917  -0.0048104889   0.0027442238   0.0155349551   0.0000765409
        0.0005276849   0.0001503672   0.0004685627  -0.0004678730  -0.0001614096
        0.0013271494  -0.0070276077  -0.0013074836  -0.0001418965   0.0010312655
       -0.0005025304  -0.0000598040   0.0002617649  -0.0002771048  -0.0101802877
        0.0702896693   0.0624030060  -0.0004949796   0.0024440322   0.0053362184
       -0.0029254916  -0.0012785095   0.0015544817  -0.0000400135   0.0003051236
        0.0005321174   0.0001399863   0.0002686179  -0.0001263383   0.0000992720
        0.0000004966   0.0001497256
        0.0012897719  -0.0039193340  -0.0039910575   0.0351017861  -0.0540369695
       -0.2504075295   0.0058925852  -0.0006658278  -0.0152141174  -0.0011859989
       -0.0002158385   0.0010210521   0.0003710699  -0.0003507026  -0.0000890866
        0.0001453724  -0.0014276627   0.0008015121   0.0000596897   0.0005479329
        0.0007914392  -0.0003134414  -0.0000831479   0.0000758065  -0.0431203145
        0.0624030060   0.2906018355  -0.0005738980  -0.0043962352  -0.0231132509
        0.0025091435   0.0021329850  -0.0009571913  -0.0002559108   0.0001090777
       -0.0000016779   0.0003546479  -0.0000752325   0.0004880392  -0.0002745028
       -0.0000220511  -0.0000057736
       -0.0064608687   0.0049900986  -0.0049461122  -0.1950756810   0.0400944202
       -0.1006343656  -0.0248479428   0.0015108509  -0.0120851472  -0.0038267483
       -0.0035532847   0.0018801596  -0.0003368099   0.0001379648   0.0000751346
       -0.0001868836  -0.0001283698   0.0000706541   0.0004319570   0.0021748188
        0.0002163288   0.0009521781  -0.0006385742   0.0002204670   0.0024019679
       -0.0004949796  -0.0005738980   0.2276655271  -0.0443804704   0.1167088761
        0.0000210033   0.0005351955  -0.0002145064   0.0003105891  -0.0000261736
       -0.0005257296   0.0001434088   0.0000051571   0.0005076726  -0.0011916970
       -0.0002266537  -0.0006995340
        0.0252690434  -0.0135132920   0.0167307755   0.0402298223  -0.0506820383
        0.0252962208  -0.0140865105   0.0015058469  -0.0066570716  -0.0031655787
       -0.0009136405   0.0008602917   0.0000839247  -0.0001823773  -0.0000984027
        0.0001192599   0.0005880006   0.0003018673   0.0020511679  -0.0069542467
       -0.0001394048   0.0004996689   0.0005939379   0.0004622919  -0.0054515048
        0.0024440322  -0.0043962352  -0.0443804704   0.0669396153  -0.0315943330
        0.0003128698   0.0002435906  -0.0002175593  -0.0009864081   0.0001679439
       -0.0004684935   0.0000465566  -0.0000851494   0.0002199730  -0.0005418412
       -0.0001522232  -0.0002999201
        0.0000122921   0.0015578428   0.0011385199  -0.1012488804   0.0247925950
       -0.1131639656   0.0081926537  -0.0009449340   0.0047474093   0.0013704669
        0.0008284206   0.0000632112  -0.0000419315   0.0000068639   0.0000508406
        0.0003985488  -0.0002728765   0.0003920640   0.0001481416   0.0002603518
        0.0011037710   0.0001040480   0.0003597210   0.0000081977  -0.0264514505
        0.0053362184  -0.0231132509   0.1167088761  -0.0315943330   0.1275639442
        0.0003974559  -0.0000040738   0.0004437896  -0.0000226150  -0.0004140044
        0.0002568318   0.0001514728   0.0000359732   0.0001439048   0.0002809214
        0.0000522350   0.0003647325
        0.0005488674   0.0006457739  -0.0002822016  -0.0070453316   0.0029049398
        0.0228034349  -0.0487016569   0.0122268812   0.0414425012   0.0005699302
       -0.0042232371  -0.0253925792  -0.0002472832   0.0002771939  -0.0011062700
        0.0002214929  -0.0003457358  -0.0002043160  -0.0001338552   0.0001179932
       -0.0001963466   0.0000135776   0.0002560256  -0.0000723300  -0.0036692538
       -0.0029254916   0.0025091435   0.0000210033   0.0003128698   0.0003974559
        0.0632934726  -0.0134021532  -0.0459942439  -0.0009620781   0.0048301218
        0.0097973059  -0.0035208779  -0.0006346430  -0.0033265462  -0.0003880073
       -0.0000405385  -0.0003750080
       -0.0002796051   0.0011886177   0.0010981210  -0.0043527869   0.0036332750
        0.0157851900   0.0102592130  -0.0589928425  -0.0591734639   0.0020131751
       -0.0000419252   0.0023239943   0.0000920327   0.0009141860   0.0012944345
       -0.0000780392  -0.0003377191  -0.0002842882   0.0000319848  -0.0000907593
        0.0000123852   0.0001204093   0.0000330861  -0.0001352504  -0.0028367214
       -0.0012785095   0.0021329850   0.0005351955   0.0002435906  -0.0000040738
       -0.0134021532   0.0667583109   0.0656415830   0.0076323504  -0.0125535787
       -0.0301135781   0.0003732417   0.0004947382   0.0013565846  -0.0001082967
        0.0000295298   0.0000653767
       -0.0007407583  -0.0005279563   0.0007624295   0.0065409075  -0.0013069351
       -0.0145817736   0.0401265161  -0.0572254541  -0.2510818495  -0.0013109380
       -0.0038489468  -0.0205327721   0.0000541039   0.0004839313   0.0010136755
        0.0000751531   0.0005579425   0.0003034545   0.0000779338  -0.0000109491
       -0.0002062536  -0.0002083440  -0.0002391501   0.0001165795   0.0028258931
        0.0015544817  -0.0009571913  -0.0002145064  -0.0002175593   0.0004437896
       -0.0459942439   0.0656415830   0.2911523159   0.0019318349  -0.0038312374
       -0.0036638013  -0.0030967208  -0.0007584100  -0.0022285402  -0.0000668311
       -0.0002713403  -0.0005400631
       -0.0025396044  -0.0025358501   0.0017170002   0.0029917423  -0.0217659136
        0.0008692007  -0.0604722258   0.0672142285   0.0016405027  -0.0137731788
        0.0213288366  -0.0041069498  -0.0046978703   0.0029645755  -0.0013305863
       -0.0001402111   0.0001563996   0.0000332719  -0.0000916873  -0.0000327650
        0.0000357476  -0.0000111419  -0.0011473996   0.0000195414   0.0004662587
       -0.0000400135  -0.0002559108   0.0003105891  -0.0009864081  -0.0000226150
       -0.0009620781   0.0076323504   0.0019318349   0.0798149835  -0.0744074480
       -0.0002493199  -0.0004562673   0.0000160204  -0.0003244097  -0.0004393086
        0.0016033869   0.0000426921
       -0.0039001403  -0.0016872526   0.0018862638   0.0013200762  -0.0220786141
        0.0010312164   0.0664750861  -0.2476388897  -0.0050958587   0.0054140824
       -0.0056051738   0.0015288772   0.0010020874   0.0000028877   0.0005750185
       -0.0000711788   0.0003833178   0.0002183789  -0.0001361776   0.0002240804
       -0.0001373507  -0.0000406101  -0.0014192937   0.0001095844   0.0003754982
        0.0003051236   0.0001090777  -0.0000261736   0.0001679439  -0.0004140044
        0.0048301218  -0.0125535787  -0.0038312374  -0.0744074480   0.2883617700
        0.0043838861   0.0001203428  -0.0000788532   0.0001345382  -0.0009555664
        0.0016165324  -0.0004983899
        0.0017646831   0.0010706677  -0.0000787622  -0.0013754718   0.0123277033
        0.0004609353   0.0016665092  -0.0037511157  -0.0433907926  -0.0092330096
        0.0141102019  -0.0012020367  -0.0014429623   0.0008663517  -0.0002220577
        0.0000422031   0.0000873685  -0.0000002662  -0.0000193165  -0.0000839877
       -0.0000174161  -0.0000681149   0.0006442837   0.0001169160  -0.0002306588
        0.0005321174  -0.0000016779  -0.0005257296  -0.0004684935   0.0002568318
        0.0097973059  -0.0301135781  -0.0036638013  -0.0002493199   0.0043838861
        0.0475870312  -0.0001813303  -0.0002604387  -0.0008210506   0.0000552122
        0.0006550336   0.0009761471
       -0.0001113104  -0.0000951039   0.0000883901   0.0013816101   0.0002037478
       -0.0016332795   0.0023070060   0.0020823837  -0.0235484408  -0.0479303332
       -0.0119086837   0.0497347524  -0.0076976276   0.0055795772   0.0119685816
       -0.0000471983   0.0001739607   0.0000997001   0.0001972021  -0.0001023171
       -0.0000157231  -0.0000460934   0.0000155400   0.0000102115  -0.0006578214
        0.0001399863   0.0003546479   0.0001434088   0.0000465566   0.0001514728
       -0.0035208779   0.0003732417  -0.0030967208  -0.0004562673   0.0001203428
       -0.0001813303   0.0599929537   0.0087781732  -0.0502391838  -0.0035546511
       -0.0054074053   0.0163069219
       -0.0001538332   0.0001946372  -0.0001840418  -0.0001280965   0.0003399905
       -0.0005806079   0.0003856167   0.0015664068   0.0010308608  -0.0123483757
       -0.0429287785   0.0368470967   0.0113315421  -0.0064787249  -0.0161851323
        0.0000733564  -0.0001286588   0.0000239279  -0.0000297466  -0.0005601243
       -0.0000709921   0.0001474379  -0.0000367865   0.0000785074   0.0000149198
        0.0002686179  -0.0000752325   0.0000051571  -0.0000851494   0.0000359732
       -0.0006346430   0.0004947382  -0.0007584100   0.0000160204  -0.0000788532
       -0.0002604387   0.0087781732   0.0529408942  -0.0463925526  -0.0074575287
       -0.0055082092   0.0264910418
       -0.0000622362  -0.0000123587  -0.0000391492   0.0014031467   0.0001678140
        0.0012612923  -0.0014868708   0.0027279777  -0.0194351934   0.0465916181
        0.0418395801  -0.2744779292   0.0049597903  -0.0034514467  -0.0045863028
        0.0000294903   0.0000762823  -0.0000371709  -0.0000348068  -0.0005284247
        0.0001886808   0.0001253030   0.0000143804   0.0000364234  -0.0006222958
       -0.0001263383   0.0004880392   0.0005076726   0.0002199730   0.0001439048
       -0.0033265462   0.0013565846  -0.0022285402  -0.0003244097   0.0001345382
       -0.0008210506  -0.0502391838  -0.0463925526   0.3056718959   0.0024793284
        0.0039739907  -0.0061649001
       -0.0000106373  -0.0000867803   0.0000443654  -0.0034848577  -0.0001201502
       -0.0034020296  -0.0184650719  -0.0180623846   0.0002729498  -0.1049830943
       -0.1130896932   0.0156398831  -0.0000096165   0.0174571890   0.0017010795
       -0.0000862085   0.0001201876   0.0000241873  -0.0000547440   0.0002729232
        0.0000267762   0.0000196303  -0.0000006167   0.0000201027   0.0002378114
        0.0000992720  -0.0002745028  -0.0011916970  -0.0005418412   0.0002809214
       -0.0003880073  -0.0001082967  -0.0000668311  -0.0004393086  -0.0009555664
        0.0000552122  -0.0035546511  -0.0074575287   0.0024793284   0.1324104526
        0.1224732861  -0.0168014424
        0.0001405604   0.0002185368  -0.0000877840  -0.0005748722   0.0009163037
       -0.0007006657  -0.0013904603  -0.0013175681   0.0012462191  -0.1200429538
       -0.2148660308   0.0265776250   0.0032623859  -0.0207572955  -0.0023245912
        0.0000332646  -0.0000267911   0.0000178524   0.0000049153  -0.0000204448
       -0.0000376181   0.0000928738   0.0001118513  -0.0000050735   0.0000722107
        0.0000004966  -0.0000220511  -0.0002266537  -0.0001522232   0.0000522350
       -0.0000405385   0.0000295298  -0.0002713403   0.0016033869   0.0016165324
        0.0006550336  -0.0054074053  -0.0055082092   0.0039739907   0.1224732861
        0.2397553123  -0.0290738320
       -0.0000011148   0.0001250383   0.0000550720  -0.0019986243   0.0002471605
       -0.0014841804  -0.0104514278  -0.0126920354   0.0022298866   0.0128404127
        0.0254027615  -0.0451295254   0.0009820627  -0.0096421835   0.0002281325
        0.0000528028  -0.0000455167  -0.0000046245   0.0000798336  -0.0001916387
       -0.0000153678   0.0000680815  -0.0000375881   0.0000154909  -0.0000456560
        0.0001497256  -0.0000057736  -0.0006995340  -0.0002999201   0.0003647325
       -0.0003750080   0.0000653767  -0.0005400631   0.0000426921  -0.0004983899
        0.0009761471   0.0163069219   0.0264910418  -0.0061649001  -0.0168014424
       -0.0290738320   0.0494749732
