$hessian                                                                        
        0.5200050454   0.0089810388  -0.0106672121  -0.0711440582   0.0209728018
       -0.0193632527  -0.0122455469   0.0214593411  -0.0110486572   0.0012453783
        0.0016435879   0.0006191353  -0.0005100932  -0.0000779261  -0.0009106295
        0.0000186509   0.0005562504  -0.0004119682  -0.0525062337  -0.0144019927
       -0.0411000243  -0.2083527550   0.0875234091   0.0747110910  -0.1771409947
       -0.1175390136   0.0012666481   0.0045090861  -0.0168112466   0.0120366331
       -0.0010590405   0.0054147082  -0.0055441694  -0.0036135185   0.0028388664
        0.0010529372   0.0007940800  -0.0005598246  -0.0006405314
        0.0089810388   0.4864908328   0.0282503644   0.0205938949  -0.1499579001
        0.0631382860   0.0122138536  -0.0159352048   0.0067027354  -0.0015067232
       -0.0008525959  -0.0005397174  -0.0001049587   0.0004614849   0.0006307154
        0.0002892760   0.0001103977  -0.0003529531  -0.0141049281  -0.0655543860
       -0.0690354219   0.0877681064  -0.0899926976  -0.0412767659  -0.1182363151
       -0.1483861135  -0.0001389276   0.0023408489  -0.0204615307   0.0138790513
       -0.0002491246   0.0045844460  -0.0013213854   0.0026816024  -0.0009763002
       -0.0005304729  -0.0006665712   0.0004695674   0.0005944917
       -0.0106672121   0.0282503644   0.5059209545  -0.0194601848   0.0630176344
       -0.1150368522   0.0004264083  -0.0047197931   0.0046458653  -0.0007625227
       -0.0006269517  -0.0017202231   0.0003358898   0.0004180821   0.0013820596
        0.0001280853  -0.0004092562   0.0007009672  -0.0408529419  -0.0697510526
       -0.2544799675   0.0740260312  -0.0406458025  -0.0765755279   0.0016067137
        0.0000051563  -0.0449486962   0.0001779414   0.0037732995  -0.0010956218
       -0.0077243736   0.0227340317  -0.0202777535   0.0021432369  -0.0012178248
        0.0002146083   0.0006229283  -0.0008278877   0.0012701873
       -0.0711440582   0.0205938949  -0.0194601848   0.4828123154   0.0511199512
        0.0192540965  -0.1243633873   0.0530589170   0.0321077214  -0.0419942885
       -0.0010819868   0.0053862098   0.0009584686   0.0000470740   0.0059750418
       -0.0011749696  -0.0024195720  -0.0018971461  -0.0019261231   0.0053296296
       -0.0051873084  -0.0080641278   0.0201592403  -0.0130806296   0.0051736392
       -0.0180334451   0.0131011442  -0.1816099173  -0.1208364413   0.0005817917
       -0.0510728922  -0.0159229748  -0.0418417971  -0.0077529563   0.0071343890
        0.0024019573   0.0001582973   0.0008513241   0.0026591034
        0.0209728018  -0.1499579001   0.0630176344   0.0511199512   0.4812610036
        0.0142619162   0.0400094278  -0.0871183766  -0.0256267607  -0.0073489025
        0.0170764765   0.0056441941  -0.0011671681  -0.0016049458  -0.0021622667
       -0.0023049827  -0.0064796564   0.0035829599  -0.0005280878   0.0054259127
       -0.0016518663   0.0060670836  -0.0130161581   0.0080483389   0.0031856713
       -0.0219231101   0.0141341874  -0.1202147424  -0.1405293697   0.0009860505
       -0.0172245241  -0.0657937123  -0.0684585461   0.0205254477  -0.0140320943
       -0.0068470821   0.0069080242  -0.0033080693  -0.0049287595
       -0.0193632527   0.0631382860  -0.1150368522   0.0192540965   0.0142619162
        0.5101061695   0.0299221556  -0.0288407098  -0.0811230530   0.0093268309
        0.0086606167   0.0017650770  -0.0025294831  -0.0023611586  -0.0025557206
       -0.0014176770  -0.0002700542   0.0025739253  -0.0082372200   0.0233622686
       -0.0222471613   0.0021280682  -0.0067189353   0.0050615994   0.0006593374
        0.0037391710  -0.0011822603   0.0016343231   0.0005042656  -0.0431987226
       -0.0432950454  -0.0689584468  -0.2466375675  -0.0101083223   0.0067406542
        0.0048487339   0.0220261887  -0.0132578736  -0.0123741676
       -0.0122455469   0.0122138536   0.0004264083  -0.1243633873   0.0400094278
        0.0299221556   0.3832580811  -0.0132875592   0.0164217066  -0.1078526762
       -0.0193158329  -0.0042154269  -0.0129871387  -0.0223811240  -0.0211011806
       -0.0235704416  -0.0336478743   0.0173493707   0.0004804867  -0.0003950923
        0.0004386938  -0.0000701533   0.0028054459  -0.0017437686   0.0006498714
       -0.0005788560   0.0001167996  -0.0241149269   0.0096899399   0.0110104247
       -0.0002861771   0.0000790703   0.0026282164  -0.0376155684   0.0295790623
       -0.0255752039  -0.0412824230  -0.0047704612  -0.0256781957
        0.0214593411  -0.0159352048  -0.0047197931   0.0530589170  -0.0871183766
       -0.0288407098  -0.0132875592   0.4700928922  -0.0156340582  -0.0298485942
       -0.1102665363  -0.0032799850  -0.0243502137  -0.0021572831  -0.0171207194
       -0.0324081796   0.0014795927   0.0099347933  -0.0003920324   0.0006540913
       -0.0006912143   0.0018723845  -0.0040138361   0.0026335262   0.0003692134
        0.0008134001  -0.0006069822  -0.0119162365   0.0058151996   0.0050520401
        0.0101770319  -0.0064475149  -0.0067493451   0.0301539435  -0.1992403989
        0.1086446570  -0.0048880158  -0.0536760252  -0.0486222096
       -0.0110486572   0.0067027354   0.0046458653   0.0321077214  -0.0256267607
       -0.0811230530   0.0164217066  -0.0156340582   0.5841534262  -0.0174185278
       -0.0111664769  -0.0772386017  -0.0389438994  -0.0315063136  -0.0210121512
        0.0406454119   0.0265388594  -0.0098050724  -0.0010209486   0.0009342148
        0.0011979738  -0.0015808197   0.0029880558  -0.0009749466  -0.0000976660
       -0.0002743094   0.0004679036   0.0006893773  -0.0001006247  -0.0000779612
        0.0237253984  -0.0156283709  -0.0142680003  -0.0257618294   0.1058526587
       -0.1157800171  -0.0177172675  -0.0430796096  -0.2701853654
        0.0012453783  -0.0015067232  -0.0007625227  -0.0419942885  -0.0073489025
        0.0093268309  -0.1078526762  -0.0298485942  -0.0174185278   0.4789565493
        0.1756957864  -0.0496265890  -0.1264399786  -0.0504558075  -0.1159718779
       -0.1966042414  -0.0812429108   0.1734408996  -0.0002956464   0.0004510817
        0.0001091401   0.0004645918  -0.0010774681   0.0002100672   0.0001402773
        0.0004963073  -0.0003201189  -0.0038947400   0.0022778859   0.0011706235
        0.0007739001  -0.0004593803  -0.0007366218   0.0006707382  -0.0029020923
        0.0059406405  -0.0051698641  -0.0040791823  -0.0053619435
        0.0016435879  -0.0008525959  -0.0006269517  -0.0010819868   0.0170764765
        0.0086606167  -0.0193158329  -0.1102665363  -0.0111664769   0.1756957864
        0.3538497553   0.0148770680  -0.0489973257  -0.1126084045  -0.1087074968
       -0.0806715717  -0.1167177341   0.1012663236  -0.0002441483  -0.0001364715
        0.0000077601   0.0003908691  -0.0009331070   0.0006881097   0.0006476813
       -0.0008354682   0.0003113828   0.0046756556  -0.0021165473  -0.0028467404
       -0.0000452436   0.0013075049  -0.0003003360  -0.0254384879  -0.0221565835
        0.0026377510  -0.0072589834  -0.0056102884  -0.0048010100
        0.0006191353  -0.0005397174  -0.0017202231   0.0053862098   0.0056441941
        0.0017650770  -0.0042154269  -0.0032799850  -0.0772386017  -0.0496265890
        0.0148770680   0.9074347023  -0.1164503403  -0.1156080292  -0.4478435937
        0.1747565764   0.1070505011  -0.3737040110  -0.0009603825  -0.0003792448
       -0.0007426323   0.0005271144  -0.0002746960  -0.0000879926  -0.0004361786
        0.0009915233   0.0017772547   0.0022249501  -0.0013729907  -0.0006069844
        0.0026643558  -0.0001678936  -0.0019215715   0.0119908793   0.0131582248
        0.0023565384  -0.0264803037  -0.0200989547  -0.0094679621
       -0.0005100932  -0.0001049587   0.0003358898   0.0009584686  -0.0011671681
       -0.0025294831  -0.0129871387  -0.0243502137  -0.0389438994  -0.1264399786
       -0.0489973257  -0.1164503403   0.1198900145   0.0766230775   0.1317819971
        0.0257759661   0.0039522730   0.0299648525   0.0000762822  -0.0001340172
       -0.0001718051  -0.0000117984   0.0002206966  -0.0000398560   0.0000194501
        0.0001689619  -0.0000101133  -0.0000609077   0.0000184581  -0.0002262047
        0.0001772442  -0.0000296375  -0.0001950295  -0.0007425663  -0.0001864435
       -0.0017757918  -0.0061449428  -0.0060137028  -0.0017402161
       -0.0000779261   0.0004614849   0.0004180821   0.0000470740  -0.0016049458
       -0.0023611586  -0.0223811240  -0.0021572831  -0.0315063136  -0.0504558075
       -0.1126084045  -0.1156080292   0.0766230775   0.0907751684   0.1380422199
        0.0018230934   0.0253530366   0.0128096525   0.0001478272   0.0000156203
        0.0001631755  -0.0001527207   0.0001636770  -0.0001080894  -0.0000058909
        0.0000272403  -0.0004413931  -0.0006280225   0.0006097327   0.0006210547
        0.0002321147  -0.0004783771   0.0005022488   0.0013485548   0.0019425502
       -0.0008968698  -0.0065202499  -0.0024994998  -0.0016345799
       -0.0009106295   0.0006307154   0.0013820596   0.0059750418  -0.0021622667
       -0.0025557206  -0.0211011806  -0.0171207194  -0.0210121512  -0.1159718779
       -0.1087074968  -0.4478435937   0.1317819971   0.1380422199   0.5852881673
        0.0031392654  -0.0090229178  -0.1148107913   0.0004086287  -0.0000758834
        0.0000107669  -0.0000396060   0.0006073943  -0.0002068784   0.0001602302
        0.0003517228  -0.0008082364  -0.0004255602   0.0006596928   0.0006163316
       -0.0006491716   0.0007721737   0.0014278964   0.0013380113  -0.0003155004
       -0.0016818600  -0.0037051486  -0.0036591344   0.0001940097
        0.0000186509   0.0002892760   0.0001280853  -0.0011749696  -0.0023049827
       -0.0014176770  -0.0235704416  -0.0324081796   0.0406454119  -0.1966042414
       -0.0806715717   0.1747565764   0.0257759661   0.0018230934   0.0031392654
        0.2023071596   0.1150786705  -0.2196121425   0.0001017553  -0.0002235312
       -0.0000867806   0.0000953893   0.0002673479   0.0000116507  -0.0004862923
        0.0005718347  -0.0000609006  -0.0012208027   0.0006148598   0.0003845451
        0.0001063012  -0.0001880478   0.0002039087  -0.0059195354  -0.0040014962
        0.0002177936   0.0005710606   0.0011527271   0.0016902637
        0.0005562504   0.0001103977  -0.0004092562  -0.0024195720  -0.0064796564
       -0.0002700542  -0.0336478743   0.0014795927   0.0265388594  -0.0812429108
       -0.1167177341   0.1070505011   0.0039522730   0.0253530366  -0.0090229178
        0.1150786705   0.0963201208  -0.1259276140  -0.0000814906  -0.0001033633
       -0.0001127246   0.0000503170   0.0000813275  -0.0001590836   0.0000653470
        0.0002431466   0.0003375850  -0.0020564040   0.0014077382   0.0011823569
        0.0002879707  -0.0001835861  -0.0002076134  -0.0017060244  -0.0017029640
       -0.0003018590   0.0011634475   0.0001919439   0.0013018204
       -0.0004119682  -0.0003529531   0.0007009672  -0.0018971461   0.0035829599
        0.0025739253   0.0173493707   0.0099347933  -0.0098050724   0.1734408996
        0.1012663236  -0.3737040110   0.0299648525   0.0128096525  -0.1148107913
       -0.2196121425  -0.1259276140   0.4933744394   0.0004528322   0.0002832917
        0.0003649964  -0.0003985172  -0.0003175622   0.0001882994   0.0001430181
       -0.0009635714  -0.0005761262   0.0012002138  -0.0006648482  -0.0007748630
       -0.0005396590   0.0002321807  -0.0000524833   0.0008952894   0.0002836665
        0.0013704021  -0.0005870433  -0.0001663193   0.0011503171
       -0.0525062337  -0.0141049281  -0.0408529419  -0.0019261231  -0.0005280878
       -0.0082372200   0.0004804867  -0.0003920324  -0.0010209486  -0.0002956464
       -0.0002441483  -0.0009603825   0.0000762822   0.0001478272   0.0004086287
        0.0001017553  -0.0000814906   0.0004528322   0.0570211109   0.0148505229
        0.0489657152   0.0032511067   0.0096806539   0.0257200954  -0.0066437129
       -0.0110883503  -0.0242937417   0.0002746537  -0.0002102428   0.0007026673
        0.0003533892   0.0014193627  -0.0011743686   0.0000446925  -0.0000285503
        0.0001731835  -0.0002317610   0.0005794638   0.0001164809
       -0.0144019927  -0.0655543860  -0.0697510526   0.0053296296   0.0054259127
        0.0233622686  -0.0003950923   0.0006540913   0.0009342148   0.0004510817
       -0.0001364715  -0.0003792448  -0.0001340172   0.0000156203  -0.0000758834
       -0.0002235312  -0.0001033633   0.0002832917   0.0148505229   0.0760171813
        0.0780106330  -0.0012659691  -0.0050196181  -0.0149695973  -0.0061779359
       -0.0085903381  -0.0212058040   0.0002099001   0.0007251380   0.0003344402
        0.0015804763  -0.0033192246   0.0037414272  -0.0001208715  -0.0000048602
       -0.0000744958   0.0002977995  -0.0001096818  -0.0002101975
       -0.0411000243  -0.0690354219  -0.2544799675  -0.0051873084  -0.0016518663
       -0.0222471613   0.0004386938  -0.0006912143   0.0011979738   0.0001091401
        0.0000077601  -0.0007426323  -0.0001718051   0.0001631755   0.0000107669
       -0.0000867806  -0.0001127246   0.0003649964   0.0489657152   0.0780106330
        0.2956499318  -0.0000553966  -0.0071471879  -0.0154199971  -0.0020104301
       -0.0030429635  -0.0027019735   0.0001620961  -0.0004560883   0.0002688227
       -0.0009154687   0.0039072950  -0.0024174712   0.0003002537  -0.0002314896
        0.0001439170  -0.0004486851   0.0002800929   0.0003727943
       -0.2083527550   0.0877681064   0.0740260312  -0.0080641278   0.0060670836
        0.0021280682  -0.0000701533   0.0018723845  -0.0015808197   0.0004645918
        0.0003908691   0.0005271144  -0.0000117984  -0.0001527207  -0.0000396060
        0.0000953893   0.0000503170  -0.0003985172   0.0032511067  -0.0012659691
       -0.0000553966   0.2391573985  -0.1031613158  -0.0859037648  -0.0264816101
        0.0088131834   0.0112175109   0.0005766737  -0.0003057584   0.0002158437
       -0.0001104626  -0.0001656593  -0.0000517191  -0.0005529417   0.0002814265
        0.0001765107   0.0000986890  -0.0001919472  -0.0002612557
        0.0875234091  -0.0899926976  -0.0406458025   0.0201592403  -0.0130161581
       -0.0067189353   0.0028054459  -0.0040138361   0.0029880558  -0.0010774681
       -0.0009331070  -0.0002746960   0.0002206966   0.0001636770   0.0006073943
        0.0002673479   0.0000813275  -0.0003175622   0.0096806539  -0.0050196181
       -0.0071471879  -0.1031613158   0.1041662387   0.0448225954  -0.0177667527
        0.0085001151   0.0074254493   0.0003356844   0.0000248390  -0.0004872541
        0.0000620137   0.0005100266  -0.0002767913   0.0011428914  -0.0005906945
       -0.0002844086  -0.0001918467   0.0001198875   0.0003091434
        0.0747110910  -0.0412767659  -0.0765755279  -0.0130806296   0.0080483389
        0.0050615994  -0.0017437686   0.0026335262  -0.0009749466   0.0002100672
        0.0006881097  -0.0000879926  -0.0000398560  -0.0001080894  -0.0002068784
        0.0000116507  -0.0001590836   0.0001882994   0.0257200954  -0.0149695973
       -0.0154199971  -0.0859037648   0.0448225954   0.0867464611   0.0013343774
       -0.0001902340   0.0002442827  -0.0001567532  -0.0002720765   0.0003247657
       -0.0003844358   0.0001945260   0.0004051253  -0.0006336779   0.0004309883
        0.0002875637  -0.0000443958   0.0001577623   0.0000072451
       -0.1771409947  -0.1182363151   0.0016067137   0.0051736392   0.0031856713
        0.0006593374   0.0006498714   0.0003692134  -0.0000976660   0.0001402773
        0.0006476813  -0.0004361786   0.0000194501  -0.0000058909   0.0001602302
       -0.0004862923   0.0000653470   0.0001430181  -0.0066437129  -0.0061779359
       -0.0020104301  -0.0264816101  -0.0177667527   0.0013343774   0.2039238713
        0.1366172168  -0.0009982419   0.0008707146   0.0011889981  -0.0005559384
        0.0001850339   0.0001475261   0.0002732760  -0.0001249910   0.0000368649
       -0.0000880575  -0.0000852569  -0.0000716242   0.0000095597
       -0.1175390136  -0.1483861135   0.0000051563  -0.0180334451  -0.0219231101
        0.0037391710  -0.0005788560   0.0008134001  -0.0002743094   0.0004963073
       -0.0008354682   0.0009915233   0.0001689619   0.0000272403   0.0003517228
        0.0005718347   0.0002431466  -0.0009635714  -0.0110883503  -0.0085903381
       -0.0030429635   0.0088131834   0.0085001151  -0.0001902340   0.1366172168
        0.1737761249  -0.0036902660   0.0010184530  -0.0045242599   0.0038185363
       -0.0001152143   0.0007862537  -0.0005693031  -0.0002018505   0.0003293172
       -0.0001223648  -0.0001292272  -0.0002163081  -0.0000530974
        0.0012666481  -0.0001389276  -0.0449486962   0.0131011442   0.0141341874
       -0.0011822603   0.0001167996  -0.0006069822   0.0004679036  -0.0003201189
        0.0003113828   0.0017772547  -0.0000101133  -0.0004413931  -0.0008082364
       -0.0000609006   0.0003375850  -0.0005761262  -0.0242937417  -0.0212058040
       -0.0027019735   0.0112175109   0.0074254493   0.0002442827  -0.0009982419
       -0.0036902660   0.0492046343  -0.0006425925   0.0037952510  -0.0016488167
        0.0006728157   0.0003444633   0.0003901816   0.0000623644  -0.0001357370
       -0.0000810155  -0.0001115740  -0.0001292087  -0.0001371323
        0.0045090861   0.0023408489   0.0001779414  -0.1816099173  -0.1202147424
        0.0016343231  -0.0241149269  -0.0119162365   0.0006893773  -0.0038947400
        0.0046756556   0.0022249501  -0.0000609077  -0.0006280225  -0.0004255602
       -0.0012208027  -0.0020564040   0.0012002138   0.0002746537   0.0002099001
        0.0001620961   0.0005766737   0.0003356844  -0.0001567532   0.0008707146
        0.0010184530  -0.0006425925   0.2108989255   0.1341662156  -0.0020778647
       -0.0061742168  -0.0069490337  -0.0024762964  -0.0001788401  -0.0006095979
       -0.0003206704   0.0001242980  -0.0003727204   0.0000108354
       -0.0168112466  -0.0204615307   0.0037732995  -0.1208364413  -0.1405293697
        0.0005042656   0.0096899399   0.0058151996  -0.0001006247   0.0022778859
       -0.0021165473  -0.0013729907   0.0000184581   0.0006097327   0.0006596928
        0.0006148598   0.0014077382  -0.0006648482  -0.0002102428   0.0007251380
       -0.0004560883  -0.0003057584   0.0000248390  -0.0002720765   0.0011889981
       -0.0045242599   0.0037952510   0.1341662156   0.1658803929  -0.0033247945
       -0.0105648806  -0.0077960535  -0.0025634814   0.0006636112   0.0008013300
       -0.0001214051   0.0001086012   0.0001633908   0.0001438005
        0.0120366331   0.0138790513  -0.0010956218   0.0005817917   0.0009860505
       -0.0431987226   0.0110104247   0.0050520401  -0.0000779612   0.0011706235
       -0.0028467404  -0.0006069844  -0.0002262047   0.0006210547   0.0006163316
        0.0003845451   0.0011823569  -0.0007748630   0.0007026673   0.0003344402
        0.0002688227   0.0002158437  -0.0004872541   0.0003247657  -0.0005559384
        0.0038185363  -0.0016488167  -0.0020778647  -0.0033247945   0.0479880984
       -0.0230599996  -0.0196589089  -0.0022435154  -0.0005233414   0.0001894336
        0.0004358895   0.0003408197   0.0002547345   0.0000125771
       -0.0010590405  -0.0002491246  -0.0077243736  -0.0510728922  -0.0172245241
       -0.0432950454  -0.0002861771   0.0101770319   0.0237253984   0.0007739001
       -0.0000452436   0.0026643558   0.0001772442   0.0002321147  -0.0006491716
        0.0001063012   0.0002879707  -0.0005396590   0.0003533892   0.0015804763
       -0.0009154687  -0.0001104626   0.0000620137  -0.0003844358   0.0001850339
       -0.0001152143   0.0006728157  -0.0061742168  -0.0105648806  -0.0230599996
        0.0604765904   0.0139506255   0.0470993005   0.0005829465  -0.0001400429
        0.0000817535  -0.0039526162   0.0020487973   0.0023245296
        0.0054147082   0.0045844460   0.0227340317  -0.0159229748  -0.0657937123
       -0.0689584468   0.0000790703  -0.0064475149  -0.0156283709  -0.0004593803
        0.0013075049  -0.0001678936  -0.0000296375  -0.0004783771   0.0007721737
       -0.0001880478  -0.0001835861   0.0002321807   0.0014193627  -0.0033192246
        0.0039072950  -0.0001656593   0.0005100266   0.0001945260   0.0001475261
        0.0007862537   0.0003444633  -0.0069490337  -0.0077960535  -0.0196589089
        0.0139506255   0.0777873602   0.0777624820  -0.0000518814  -0.0001221875
       -0.0005807539   0.0027553222  -0.0008349355  -0.0009527783
       -0.0055441694  -0.0013213854  -0.0202777535  -0.0418417971  -0.0684585461
       -0.2466375675   0.0026282164  -0.0067493451  -0.0142680003  -0.0007366218
       -0.0003003360  -0.0019215715  -0.0001950295   0.0005022488   0.0014278964
        0.0002039087  -0.0002076134  -0.0000524833  -0.0011743686   0.0037414272
       -0.0024174712  -0.0000517191  -0.0002767913   0.0004051253   0.0002732760
       -0.0005693031   0.0003901816  -0.0024762964  -0.0025634814  -0.0022435154
        0.0470993005   0.0777624820   0.2857476445  -0.0002603102   0.0000512090
        0.0003775334   0.0020756105  -0.0016105651  -0.0005300186
       -0.0036135185   0.0026816024   0.0021432369  -0.0077529563   0.0205254477
       -0.0101083223  -0.0376155684   0.0301539435  -0.0257618294   0.0006707382
       -0.0254384879   0.0119908793  -0.0007425663   0.0013485548   0.0013380113
       -0.0059195354  -0.0017060244   0.0008952894   0.0000446925  -0.0001208715
        0.0003002537  -0.0005529417   0.0011428914  -0.0006336779  -0.0001249910
       -0.0002018505   0.0000623644  -0.0001788401   0.0006636112  -0.0005233414
        0.0005829465  -0.0000518814  -0.0002603102   0.0543163264  -0.0317977809
        0.0228225682   0.0008862140   0.0028008456  -0.0022651220
        0.0028388664  -0.0009763002  -0.0012178248   0.0071343890  -0.0140320943
        0.0067406542   0.0295790623  -0.1992403989   0.1058526587  -0.0029020923
       -0.0221565835   0.0131582248  -0.0001864435   0.0019425502  -0.0003155004
       -0.0040014962  -0.0017029640   0.0002836665  -0.0000285503  -0.0000048602
       -0.0002314896   0.0002814265  -0.0005906945   0.0004309883   0.0000368649
        0.0003293172  -0.0001357370  -0.0006095979   0.0008013300   0.0001894336
       -0.0001400429  -0.0001221875   0.0000512090  -0.0317977809   0.2313012781
       -0.1239937103  -0.0002046050   0.0044516077  -0.0008125730
        0.0010529372  -0.0005304729   0.0002146083   0.0024019573  -0.0068470821
        0.0048487339  -0.0255752039   0.1086446570  -0.1157800171   0.0059406405
        0.0026377510   0.0023565384  -0.0017757918  -0.0008968698  -0.0016818600
        0.0002177936  -0.0003018590   0.0013704021   0.0001731835  -0.0000744958
        0.0001439170   0.0001765107  -0.0002844086   0.0002875637  -0.0000880575
       -0.0001223648  -0.0000810155  -0.0003206704  -0.0001214051   0.0004358895
        0.0000817535  -0.0005807539   0.0003775334   0.0228225682  -0.1239937103
        0.1257698118  -0.0051076209   0.0224710143  -0.0182621055
        0.0007940800  -0.0006665712   0.0006229283   0.0001582973   0.0069080242
        0.0220261887  -0.0412824230  -0.0048880158  -0.0177172675  -0.0051698641
       -0.0072589834  -0.0264803037  -0.0061449428  -0.0065202499  -0.0037051486
        0.0005710606   0.0011634475  -0.0005870433  -0.0002317610   0.0002977995
       -0.0004486851   0.0000986890  -0.0001918467  -0.0000443958  -0.0000852569
       -0.0001292272  -0.0001115740   0.0001242980   0.0001086012   0.0003408197
       -0.0039526162   0.0027553222   0.0020756105   0.0008862140  -0.0002046050
       -0.0051076209   0.0542342251   0.0086263047   0.0291364918
       -0.0005598246   0.0004695674  -0.0008278877   0.0008513241  -0.0033080693
       -0.0132578736  -0.0047704612  -0.0536760252  -0.0430796096  -0.0040791823
       -0.0056102884  -0.0200989547  -0.0060137028  -0.0024994998  -0.0036591344
        0.0011527271   0.0001919439  -0.0001663193   0.0005794638  -0.0001096818
        0.0002800929  -0.0001919472   0.0001198875   0.0001577623  -0.0000716242
       -0.0002163081  -0.0001292087  -0.0003727204   0.0001633908   0.0002547345
        0.0020487973  -0.0008349355  -0.0016105651   0.0028008456   0.0044516077
        0.0224710143   0.0086263047   0.0608584107   0.0596659492
       -0.0006405314   0.0005944917   0.0012701873   0.0026591034  -0.0049287595
       -0.0123741676  -0.0256781957  -0.0486222096  -0.2701853654  -0.0053619435
       -0.0048010100  -0.0094679621  -0.0017402161  -0.0016345799   0.0001940097
        0.0016902637   0.0013018204   0.0011503171   0.0001164809  -0.0002101975
        0.0003727943  -0.0002612557   0.0003091434   0.0000072451   0.0000095597
       -0.0000530974  -0.0001371323   0.0000108354   0.0001438005   0.0000125771
        0.0023245296  -0.0009527783  -0.0005300186  -0.0022651220  -0.0008125730
       -0.0182621055   0.0291364918   0.0596659492   0.3079496210
