$hessian                                                                        
        0.4498692615  -0.0204793455  -0.0243200718  -0.0864230973  -0.0579955420
        0.0060818538  -0.0270898801  -0.0151884578  -0.0076366312  -0.1630477751
        0.0102563627  -0.0540658557  -0.0207972567   0.0139979540   0.0052857572
       -0.0430028563  -0.0068254683   0.0209083564  -0.0913346861   0.0740956734
        0.0638352397   0.0056338975   0.0070407439  -0.0007463856  -0.0036331479
       -0.0069634087   0.0020026915  -0.0018913822   0.0019205816  -0.0033681674
       -0.0182830773   0.0001409069  -0.0079767868
       -0.0204793455   0.4885533425   0.0026274049  -0.0563761741  -0.1668269118
        0.0006566386  -0.0004275661   0.0051417530  -0.0008356289   0.0166133723
       -0.0637576539   0.0138498410   0.0190344170  -0.0076088797  -0.0008391812
       -0.0065556414  -0.0723650583   0.0766746132   0.0757243514  -0.1480692736
       -0.0899265044  -0.0104726404  -0.0225411820  -0.0026839441  -0.0077884043
       -0.0125826237   0.0029638355   0.0114931423  -0.0020762931   0.0072891983
       -0.0207655110   0.0021327804  -0.0097762729
       -0.0243200718   0.0026274049   0.5374286915   0.0063782104  -0.0003662035
       -0.0674398544  -0.0112255982  -0.0062871296  -0.0007866365  -0.0498764931
        0.0109359945  -0.0875557152   0.0144743428  -0.0054721668   0.0041518721
        0.0218442009   0.0751870868  -0.2498784117   0.0642297201  -0.0896795738
       -0.1208768866  -0.0082058101  -0.0164537653  -0.0002604959   0.0134440719
        0.0236594686  -0.0014334939  -0.0242553363   0.0055566992  -0.0129086874
       -0.0024872364   0.0002921851  -0.0004403821
       -0.0864230973  -0.0563761741   0.0063782104   0.3274875160   0.0017380719
       -0.0720710199  -0.0972908066   0.0200177705  -0.0303627918  -0.0253459751
       -0.0195112442  -0.0051451658  -0.0014461000  -0.0012598629  -0.0003002927
       -0.0035852400  -0.0059265465   0.0014700964   0.0057661626   0.0090090653
       -0.0004996065  -0.0757689149   0.0665701287   0.0629111356  -0.0401253786
       -0.0138164080   0.0389230437   0.0007407505  -0.0003970591   0.0006524482
       -0.0040089166  -0.0000477416  -0.0019560577
       -0.0579955420  -0.1668269118  -0.0003662035   0.0017380719   0.4567464491
        0.0137493772   0.0211332701  -0.0301248348   0.0085971057  -0.0053629215
        0.0025596682  -0.0018763001   0.0009812323   0.0004314533  -0.0000141795
       -0.0091624809  -0.0139392788   0.0033311051  -0.0117510572  -0.0243409881
       -0.0032571556   0.0699435351  -0.1540738152  -0.0982269041  -0.0117615567
       -0.0718539019   0.0776369948   0.0009963414   0.0006540390  -0.0002108630
        0.0012411074   0.0007681210   0.0006370230
        0.0060818538   0.0006566386  -0.0674398544  -0.0720710199   0.0137493772
        0.4888207552  -0.0298783743   0.0081258096  -0.0405881983  -0.0079940131
       -0.0083818522  -0.0013673618  -0.0000403390   0.0004194951   0.0006571609
        0.0146379764   0.0250992760  -0.0016577298  -0.0085188300  -0.0160197099
       -0.0003952007   0.0647657233  -0.0994684697  -0.1304347096   0.0360321134
        0.0766752749  -0.2480007499  -0.0007611896  -0.0010472420   0.0004985525
       -0.0022539010   0.0001914024  -0.0000926643
       -0.0270898801  -0.0004275661  -0.0112255982  -0.0972908066   0.0211332701
       -0.0298783743   0.1577705738  -0.0274627002   0.0568951559  -0.0024894827
       -0.0048645026   0.0008685164   0.0013823833  -0.0004768575  -0.0005206442
        0.0004047299   0.0000145995   0.0011491313   0.0012833427  -0.0004764150
       -0.0002842607  -0.0233928737   0.0083414136  -0.0075575461  -0.0095590130
        0.0040990432  -0.0089972959   0.0002993215  -0.0000219077   0.0002082314
       -0.0013182953   0.0001416227  -0.0006573155
       -0.0151884578   0.0051417530  -0.0062871296   0.0200177705  -0.0301248348
        0.0081258096  -0.0274627002   0.0295581248  -0.0121800287  -0.0025193991
       -0.0024808773  -0.0004785642  -0.0000673167   0.0000611377   0.0000426336
        0.0000186935   0.0006184332  -0.0004534178  -0.0002628167   0.0008358519
        0.0000616884   0.0167173435  -0.0026453762   0.0068273790   0.0097010529
       -0.0009080500   0.0047004220  -0.0001016014  -0.0001120843   0.0000322932
       -0.0008525685   0.0000559219  -0.0003910856
       -0.0076366312  -0.0008356289  -0.0007866365  -0.0303627918   0.0085971057
       -0.0405881983   0.0568951559  -0.0121800287   0.0445343079  -0.0004745297
       -0.0012775798   0.0008802389   0.0005275637  -0.0001290454  -0.0001683952
        0.0003881223  -0.0003788690   0.0007047221   0.0002496166  -0.0000841250
       -0.0002994954   0.0051294457  -0.0002005884   0.0055989036  -0.0246155304
        0.0064908565  -0.0099341972   0.0002863785   0.0000271427   0.0001390960
       -0.0003867996  -0.0000292395  -0.0000803458
       -0.1630477751   0.0166133723  -0.0498764931  -0.0253459751  -0.0053629215
       -0.0079940131  -0.0024894827  -0.0025193991  -0.0004745297   0.3929525497
        0.0841932788   0.0402088857  -0.0426415331   0.0220714370   0.0244915488
       -0.0022630274   0.0022346783  -0.0028995679  -0.0172822185   0.0065143518
       -0.0039902917   0.0008276811   0.0008784041   0.0002747195   0.0006503893
        0.0002947440  -0.0001088145  -0.0386511706  -0.0106157460   0.0087138068
       -0.1027094377  -0.1143021996  -0.0083452508
        0.0102563627  -0.0637576539   0.0109359945  -0.0195112442   0.0025596682
       -0.0083818522  -0.0048645026  -0.0024808773  -0.0012775798   0.0841932788
        0.4357833251  -0.0765227935   0.0234295168  -0.0582563557  -0.0311719631
        0.0106002333  -0.0019866909   0.0052939412   0.0177459284  -0.0047076711
        0.0051020260  -0.0002973300  -0.0000848004  -0.0006022372  -0.0006265075
        0.0005161521  -0.0004170144  -0.0100810214  -0.0891207882   0.1023602655
       -0.1108447142  -0.2184643078  -0.0053187871
       -0.0540658557   0.0138498410  -0.0875557152  -0.0051451658  -0.0018763001
       -0.0013673618   0.0008685164  -0.0004785642   0.0008802389   0.0402088857
       -0.0765227935   0.4303864962   0.0265623244  -0.0323445442  -0.0599428900
       -0.0270905955   0.0064101662  -0.0148428400   0.0124720290  -0.0032494993
        0.0047077454   0.0001545842  -0.0003262626  -0.0002527991   0.0008848464
        0.0001779190   0.0008286143   0.0114219447   0.0992850110  -0.2324358430
       -0.0062715137  -0.0049249732  -0.0404056457
       -0.0207972567   0.0190344170   0.0144743428  -0.0014461000   0.0009812323
       -0.0000403390   0.0013823833  -0.0000673167   0.0005275637  -0.0426415331
        0.0234295168   0.0265623244   0.0698798246  -0.0513947103  -0.0478402121
        0.0009830575  -0.0002150387  -0.0002495214  -0.0054940646   0.0011262805
       -0.0018411970  -0.0011394043  -0.0007312182  -0.0005527790  -0.0000098631
        0.0000846873   0.0004676418  -0.0045337834   0.0060248933   0.0092478303
        0.0038167397   0.0017272568  -0.0007556546
        0.0139979540  -0.0076088797  -0.0054721668  -0.0012598629   0.0004314533
        0.0004194951  -0.0004768575   0.0000611377  -0.0001290454   0.0220714370
       -0.0582563557  -0.0323445442  -0.0513947103   0.0813855664   0.0577629984
       -0.0005250781  -0.0001266324   0.0004320933   0.0024729616  -0.0000356299
        0.0010839603  -0.0003037715   0.0009255392   0.0007092110   0.0000432123
       -0.0000861433  -0.0003146628   0.0012362812   0.0021879978  -0.0034104545
        0.0141384342  -0.0188780533  -0.0187368844
        0.0052857572  -0.0008391812   0.0041518721  -0.0003002927  -0.0000141795
        0.0006571609  -0.0005206442   0.0000426336  -0.0001683952   0.0244915488
       -0.0311719631  -0.0599428900  -0.0478402121   0.0577629984   0.0770195573
       -0.0002734286   0.0003357040   0.0014139595  -0.0007396906   0.0002828426
        0.0007989526  -0.0000118331   0.0008213233   0.0005734919  -0.0001009026
       -0.0000598489  -0.0004476882   0.0154305755  -0.0178593832  -0.0186866822
        0.0045791225  -0.0093009461  -0.0053693387
       -0.0430028563  -0.0065556414   0.0218442009  -0.0035852400  -0.0091624809
        0.0146379764   0.0004047299   0.0000186935   0.0003881223  -0.0022630274
        0.0106002333  -0.0270905955   0.0009830575  -0.0005250781  -0.0002734286
        0.0533071437   0.0103163989  -0.0215327734  -0.0008441171  -0.0034767436
        0.0152279949   0.0004252322   0.0006343310  -0.0000379109  -0.0012202021
       -0.0033223450  -0.0000243161  -0.0047428390   0.0010867636  -0.0028649296
        0.0005381187   0.0003858686  -0.0002743402
       -0.0068254683  -0.0723650583   0.0751870868  -0.0059265465  -0.0139392788
        0.0250992760   0.0000145995   0.0006184332  -0.0003788690   0.0022346783
       -0.0019866909   0.0064101662  -0.0002150387  -0.0001266324   0.0003357040
        0.0103163989   0.0847732028  -0.0897081684   0.0026321847   0.0062997088
       -0.0189189094   0.0002069151   0.0005914563   0.0009224190  -0.0030166304
       -0.0046746021   0.0004849624   0.0009139817   0.0005153569   0.0010739829
       -0.0003350741   0.0002941046  -0.0005076505
        0.0209083564   0.0766746132  -0.2498784117   0.0014700964   0.0033311051
       -0.0016577298   0.0011491313  -0.0004534178   0.0007047221  -0.0028995679
        0.0052939412  -0.0148428400  -0.0002495214   0.0004320933   0.0014139595
       -0.0215327734  -0.0897081684   0.2852853809   0.0041990687   0.0042882826
       -0.0216959344  -0.0004017978  -0.0004117539   0.0005670247  -0.0001901075
        0.0005014855   0.0007672299  -0.0027069347   0.0001850186  -0.0006062889
        0.0002540499  -0.0001331995  -0.0000571121
       -0.0913346861   0.0757243514   0.0642297201   0.0057661626  -0.0117510572
       -0.0085188300   0.0012833427  -0.0002628167   0.0002496166  -0.0172822185
        0.0177459284   0.0124720290  -0.0054940646   0.0024729616  -0.0007396906
       -0.0008441171   0.0026321847   0.0041990687   0.1088162504  -0.0841999156
       -0.0719448304  -0.0013052138  -0.0030395645  -0.0002506245   0.0004004852
        0.0002091511  -0.0003955565   0.0002505821   0.0001879530   0.0001762836
       -0.0002565228   0.0002808237   0.0005228140
        0.0740956734  -0.1480692736  -0.0896795738   0.0090090653  -0.0243409881
       -0.0160197099  -0.0004764150   0.0008358519  -0.0000841250   0.0065143518
       -0.0047076711  -0.0032494993   0.0011262805  -0.0000356299   0.0002828426
       -0.0034767436   0.0062997088   0.0042882826  -0.0841999156   0.1740987573
        0.1049037883  -0.0028425017  -0.0049354937  -0.0001042733   0.0007515086
        0.0004489175  -0.0004698399  -0.0000311935  -0.0001163274   0.0001181330
       -0.0004701102   0.0005221484   0.0000139746
        0.0638352397  -0.0899265044  -0.1208768866  -0.0004996065  -0.0032571556
       -0.0003952007  -0.0002842607   0.0000616884  -0.0002994954  -0.0039902917
        0.0051020260   0.0047077454  -0.0018411970   0.0010839603   0.0007989526
        0.0152279949  -0.0189189094  -0.0216959344  -0.0719448304   0.1049037883
        0.1354327757  -0.0002477118  -0.0003951765   0.0010632373  -0.0000475564
        0.0007937436   0.0006692972  -0.0002640472   0.0002508045   0.0002227112
        0.0000562670   0.0003017348   0.0003727976
        0.0056338975  -0.0104726404  -0.0082058101  -0.0757689149   0.0699435351
        0.0647657233  -0.0233928737   0.0167173435   0.0051294457   0.0008276811
       -0.0002973300   0.0001545842  -0.0011394043  -0.0003037715  -0.0000118331
        0.0004252322   0.0002069151  -0.0004017978  -0.0013052138  -0.0028425017
       -0.0002477118   0.0956251845  -0.0765223030  -0.0670142178  -0.0007399515
        0.0034407790   0.0056094482  -0.0000254508   0.0000126127   0.0000876775
       -0.0001401864   0.0001173613   0.0001344917
        0.0070407439  -0.0225411820  -0.0164537653   0.0665701287  -0.1540738152
       -0.0994684697   0.0083414136  -0.0026453762  -0.0002005884   0.0008784041
       -0.0000848004  -0.0003262626  -0.0007312182   0.0009255392   0.0008213233
        0.0006343310   0.0005914563  -0.0004117539  -0.0030395645  -0.0049354937
       -0.0003951765  -0.0765223030   0.1762864222   0.1118443082  -0.0034454977
        0.0065345192   0.0046822614   0.0000376765  -0.0001670229  -0.0001119924
        0.0002358855   0.0001097534   0.0000201161
       -0.0007463856  -0.0026839441  -0.0002604959   0.0629111356  -0.0982269041
       -0.1304347096  -0.0075575461   0.0068273790   0.0055989036   0.0002747195
       -0.0006022372  -0.0002527991  -0.0005527790   0.0007092110   0.0005734919
       -0.0000379109   0.0009224190   0.0005670247  -0.0002506245  -0.0001042733
        0.0010632373  -0.0670142178   0.1118443082   0.1443559183   0.0127151406
       -0.0185545662  -0.0208575195   0.0001172339  -0.0001908700  -0.0002396346
        0.0001412344   0.0000594777  -0.0001134171
       -0.0036331479  -0.0077884043   0.0134440719  -0.0401253786  -0.0117615567
        0.0360321134  -0.0095590130   0.0097010529  -0.0246155304   0.0006503893
       -0.0006265075   0.0008848464  -0.0000098631   0.0000432123  -0.0001009026
       -0.0012202021  -0.0030166304  -0.0001901075   0.0004004852   0.0007515086
       -0.0000475564  -0.0007399515  -0.0034454977   0.0127151406   0.0547457496
        0.0160708314  -0.0374553041  -0.0005365796  -0.0000925740  -0.0004940588
        0.0000275117   0.0001645655  -0.0001727125
       -0.0069634087  -0.0125826237   0.0236594686  -0.0138164080  -0.0718539019
        0.0766752749   0.0040990432  -0.0009080500   0.0064908565   0.0002947440
        0.0005161521   0.0001779190   0.0000846873  -0.0000861433  -0.0000598489
       -0.0033223450  -0.0046746021   0.0005014855   0.0002091511   0.0004489175
        0.0007937436   0.0034407790   0.0065345192  -0.0185545662   0.0160708314
        0.0823247155  -0.0893053237  -0.0003178140   0.0002286963  -0.0002574287
        0.0002207396   0.0000523203  -0.0001215807
        0.0020026915   0.0029638355  -0.0014334939   0.0389230437   0.0776369948
       -0.2480007499  -0.0089972959   0.0047004220  -0.0099341972  -0.0001088145
       -0.0004170144   0.0008286143   0.0004676418  -0.0003146628  -0.0004476882
       -0.0000243161   0.0004849624   0.0007672299  -0.0003955565  -0.0004698399
        0.0006692972   0.0056094482   0.0046822614  -0.0208575195  -0.0374553041
       -0.0893053237   0.2780974424   0.0001831036   0.0000778859   0.0002271586
       -0.0002046417  -0.0000395213   0.0000839063
       -0.0018913822   0.0114931423  -0.0242553363   0.0007407505   0.0009963414
       -0.0007611896   0.0002993215  -0.0001016014   0.0002863785  -0.0386511706
       -0.0100810214   0.0114219447  -0.0045337834   0.0012362812   0.0154305755
       -0.0047428390   0.0009139817  -0.0027069347   0.0002505821  -0.0000311935
       -0.0002640472  -0.0000254508   0.0000376765   0.0001172339  -0.0005365796
       -0.0003178140   0.0001831036   0.0495201345   0.0050976532  -0.0129892504
       -0.0004295830  -0.0092434461   0.0135375221
        0.0019205816  -0.0020762931   0.0055566992  -0.0003970591   0.0006540390
       -0.0010472420  -0.0000219077  -0.0001120843   0.0000271427  -0.0106157460
       -0.0891207882   0.0992850110   0.0060248933   0.0021879978  -0.0178593832
        0.0010867636   0.0005153569   0.0001850186   0.0001879530  -0.0001163274
        0.0002508045   0.0000126127  -0.0001670229  -0.0001908700  -0.0000925740
        0.0002286963   0.0000778859   0.0050976532   0.1019381580  -0.1097931055
       -0.0032031707  -0.0139317321   0.0235080388
       -0.0033681674   0.0072891983  -0.0129086874   0.0006524482  -0.0002108630
        0.0004985525   0.0002082314   0.0000322932   0.0001390960   0.0087138068
        0.1023602655  -0.2324358430   0.0092478303  -0.0034104545  -0.0186866822
       -0.0028649296   0.0010739829  -0.0006062889   0.0001762836   0.0001181330
        0.0002227112   0.0000876775  -0.0001119924  -0.0002396346  -0.0004940588
       -0.0002574287   0.0002271586  -0.0129892504  -0.1097931055   0.2641526094
        0.0006301284   0.0029099711  -0.0003629915
       -0.0182830773  -0.0207655110  -0.0024872364  -0.0040089166   0.0012411074
       -0.0022539010  -0.0013182953  -0.0008525685  -0.0003867996  -0.1027094377
       -0.1108447142  -0.0062715137   0.0038167397   0.0141384342   0.0045791225
        0.0005381187  -0.0003350741   0.0002540499  -0.0002565228  -0.0004701102
        0.0000562670  -0.0001401864   0.0002358855   0.0001412344   0.0000275117
        0.0002207396  -0.0002046417  -0.0004295830  -0.0032031707   0.0006301284
        0.1227636489   0.1206349820   0.0059432904
        0.0001409069   0.0021327804   0.0002921851  -0.0000477416   0.0007681210
        0.0001914024   0.0001416227   0.0000559219  -0.0000292395  -0.1143021996
       -0.2184643078  -0.0049249732   0.0017272568  -0.0188780533  -0.0093009461
        0.0003858686   0.0002941046  -0.0001331995   0.0002808237   0.0005221484
        0.0003017348   0.0001173613   0.0001097534   0.0000594777   0.0001645655
        0.0000523203  -0.0000395213  -0.0092434461  -0.0139317321   0.0029099711
        0.1206349820   0.2473389433   0.0106731085
       -0.0079767868  -0.0097762729  -0.0004403821  -0.0019560577   0.0006370230
       -0.0000926643  -0.0006573155  -0.0003910856  -0.0000803458  -0.0083452508
       -0.0053187871  -0.0404056457  -0.0007556546  -0.0187368844  -0.0053693387
       -0.0002743402  -0.0005076505  -0.0000571121   0.0005228140   0.0000139746
        0.0003727976   0.0001344917   0.0000201161  -0.0001134171  -0.0001727125
       -0.0001215807   0.0000839063   0.0135375221   0.0235080388  -0.0003629915
        0.0059432904   0.0106731085   0.0464651933
