$hessian                                                                        
        0.4849276222   0.0280559440   0.0129916954  -0.1460322726   0.0611276313
        0.0285792912  -0.0206399110   0.0135086652  -0.0004682837  -0.0021085058
        0.0004023755  -0.0029050898  -0.0000231446   0.0001048584  -0.0000139612
        0.0000889803   0.0000883697  -0.0000076921  -0.0705993549  -0.0737298649
       -0.0219416763  -0.1300023739   0.0125164088  -0.1150316976  -0.1048126913
       -0.0505081007   0.0912395709  -0.0167059837   0.0103337662   0.0077309017
        0.0053824494  -0.0025825205  -0.0014537528   0.0003245277   0.0004796064
        0.0006397168   0.0010481779  -0.0002814016   0.0008372054  -0.0008043950
        0.0007425237   0.0000683269  -0.0001168909  -0.0001817153  -0.0001185045
        0.0001438291  -0.0000532152  -0.0000966198  -0.0000700628  -0.0000233310
       -0.0000494305
        0.0280559440   0.4981568982  -0.0095250556   0.0606367272  -0.1153112612
       -0.0210648138   0.0070298644  -0.0040265118   0.0015911091   0.0004907121
        0.0000479321   0.0008346496  -0.0002236337  -0.0002158807  -0.0001610731
        0.0001174714   0.0002951942   0.0000753197  -0.0739534494  -0.2363262662
       -0.0571437976   0.0125988282  -0.0456512963   0.0191000323  -0.0501969595
       -0.0832256763   0.0731852477  -0.0066281968   0.0061364910   0.0024647429
        0.0221684047  -0.0212485035  -0.0087202046  -0.0007438333   0.0009714529
       -0.0002063048   0.0001872172   0.0001858754  -0.0005489076   0.0002985304
       -0.0000555027   0.0000001549  -0.0000102143   0.0003414183   0.0000813139
        0.0001493002  -0.0001065652   0.0000507279   0.0000232872   0.0000322018
       -0.0000131408
        0.0129916954  -0.0095250556   0.5194127797   0.0278794315  -0.0205544702
       -0.0739822935  -0.0170027764   0.0121425529   0.0026150885  -0.0030483825
        0.0006540428  -0.0032836477   0.0000643305  -0.0000389065  -0.0001955596
        0.0000759678   0.0001677565   0.0001254324  -0.0218353558  -0.0572804986
       -0.0622792390  -0.1147502870   0.0188726773  -0.1939613855   0.0913726705
        0.0732445385  -0.1811176342   0.0205162421  -0.0130390037  -0.0076010338
        0.0066386924  -0.0066849488  -0.0017132760  -0.0002048867   0.0007276074
        0.0004766407  -0.0014011121   0.0004126049   0.0011889523  -0.0010619909
        0.0008669697   0.0000011750   0.0000053144   0.0000653063  -0.0000298018
       -0.0002100262   0.0000320645   0.0001262489  -0.0000295270  -0.0000632373
        0.0002175538
       -0.1460322726   0.0606367272   0.0278794315   0.4741827362   0.0323473198
       -0.0215479535  -0.1098562818   0.0024286605  -0.0615724595  -0.0183572990
        0.0069216097  -0.0166539825   0.0002922400  -0.0000209003   0.0000804509
       -0.0003197322  -0.0002414123  -0.0001060877   0.0063986455  -0.0024061645
       -0.0013348203  -0.0181967341   0.0130550336   0.0027952388  -0.0166186052
        0.0097462669   0.0081101175  -0.0961198131  -0.0496808852   0.0858584637
       -0.0699691583  -0.0731409618  -0.0195989102  -0.0099614691  -0.0012039376
       -0.0131229926   0.0073867441  -0.0004717979   0.0095474016  -0.0031430058
        0.0026729482   0.0001158467   0.0010612633  -0.0011420865  -0.0000811209
       -0.0008168553   0.0004012568  -0.0002319222   0.0000695973   0.0000983235
       -0.0001367014
        0.0611276313  -0.1153112612  -0.0205544702   0.0323473198   0.5186958761
       -0.0051060756   0.0022144895  -0.0672702031   0.0093435877   0.0130373134
       -0.0046898710   0.0131719701  -0.0000256930  -0.0001022870   0.0001049909
        0.0000210970   0.0001088118   0.0000896967   0.0218448926  -0.0219008948
       -0.0089282623   0.0049637290  -0.0029401561  -0.0002323263  -0.0071103947
        0.0068051772   0.0017325142  -0.0493165394  -0.0852921941   0.0723781906
       -0.0735672978  -0.2263795131  -0.0529236946  -0.0163314274   0.0003864250
       -0.0215389100   0.0063814728  -0.0009529223   0.0111575373   0.0037715009
       -0.0021598693  -0.0000500572   0.0009920146   0.0007679416   0.0010903450
       -0.0004090383   0.0002348747   0.0001902132   0.0000589299   0.0000000656
        0.0000747505
        0.0285792912  -0.0210648138  -0.0739822935  -0.0215479535  -0.0051060756
        0.4979245179  -0.0602126243   0.0093050599  -0.1492574857  -0.0015292731
        0.0020639928   0.0033859404  -0.0004838157  -0.0002155543  -0.0001455606
        0.0002095033   0.0002315741   0.0001022463   0.0063327860  -0.0069456042
       -0.0023481516  -0.0186077152   0.0136414968   0.0044663409   0.0199530574
       -0.0129368135  -0.0082235435   0.0858479092   0.0732213936  -0.1774394212
       -0.0198190624  -0.0530835498  -0.0611405693  -0.0080062036  -0.0017713356
       -0.0089585820  -0.0138546699   0.0045443289  -0.0260547921   0.0011728138
       -0.0012670825   0.0009964417   0.0009215587  -0.0002250653   0.0006019560
        0.0008344996  -0.0004063334   0.0000927196   0.0002098987   0.0000143820
       -0.0000197632
       -0.0206399110   0.0070298644  -0.0170027764  -0.1098562818   0.0022144895
       -0.0602126243   0.4808674612   0.0351788037  -0.0185107778  -0.1312507704
        0.0605363037   0.0140800000  -0.0214733935   0.0095332244   0.0095579936
       -0.0002191538   0.0012325124   0.0004726216   0.0009346304  -0.0008112920
       -0.0001770687  -0.0038985529   0.0030762840   0.0003702453   0.0005672338
       -0.0000436975  -0.0011655149   0.0078984854  -0.0008743775   0.0089734853
       -0.0100092459  -0.0014368953  -0.0124873209  -0.0772409591  -0.0804519800
       -0.0195636475  -0.1053365081  -0.0443250312   0.0942083873  -0.0149185158
        0.0131141545   0.0004077911   0.0060790506  -0.0034491821  -0.0009031963
        0.0006011237   0.0001626503  -0.0008923518  -0.0021046927  -0.0006858313
        0.0028447544
        0.0135086652  -0.0040265118   0.0121425529   0.0024286605  -0.0672702031
        0.0093050599   0.0351788037   0.5124189964  -0.0050714051   0.0592181776
       -0.1223972135  -0.0144859745  -0.0031665087   0.0064319171  -0.0015610062
       -0.0009055059   0.0007390181   0.0003587508   0.0007463573   0.0006992759
        0.0009012358   0.0036694694  -0.0018099563  -0.0001002457  -0.0005864376
        0.0003947524   0.0001951730   0.0071524064  -0.0013345219   0.0116448024
       -0.0167733701   0.0001572386  -0.0217895016  -0.0808582251  -0.2252429093
       -0.0470358335  -0.0438738725  -0.0718169333   0.0608504147   0.0071205802
       -0.0050145552  -0.0001347684   0.0192486847  -0.0225909161  -0.0069250165
       -0.0001035590   0.0003741042  -0.0001788565  -0.0020043262   0.0002884178
        0.0018846188
       -0.0004682837   0.0015911091   0.0026150885  -0.0615724595   0.0093435877
       -0.1492574857  -0.0185107778  -0.0050714051   0.4924176153   0.0172934979
       -0.0163200015  -0.0695390655   0.0178160646  -0.0115612956  -0.0057605773
       -0.0004396981  -0.0006059664   0.0003364850   0.0007159993  -0.0001722693
        0.0005149299   0.0018458088  -0.0010485106   0.0008201803   0.0010773072
       -0.0007139901   0.0011115193  -0.0143455446   0.0045681695  -0.0243245386
       -0.0087881106  -0.0018053911  -0.0095657016  -0.0202087402  -0.0475853492
       -0.0570716741   0.0934279547   0.0612928376  -0.1810462840  -0.0179573226
        0.0163080618   0.0022314220   0.0069577838  -0.0087471595  -0.0016117525
       -0.0001062096  -0.0005312423   0.0005524627   0.0032627302   0.0010588151
       -0.0024226237
       -0.0021085058   0.0004907121  -0.0030483825  -0.0183572990   0.0130373134
       -0.0015292731  -0.1312507704   0.0592181776   0.0172934979   0.4696862342
        0.0121687181   0.0375320420  -0.1160712663  -0.0192480388   0.0583195838
       -0.0137658363  -0.0167559081   0.0030688391  -0.0001385429  -0.0000822980
       -0.0000954130  -0.0009630146   0.0008127790   0.0000941890   0.0002090253
        0.0000038594  -0.0002099567   0.0003673259  -0.0000543678   0.0003845579
        0.0004738644   0.0006963790   0.0007317607   0.0066777634  -0.0036955101
       -0.0010597674  -0.0163782271   0.0124356237   0.0065579263  -0.0942381016
        0.0194519432  -0.0960528506  -0.0745239307  -0.0758937364  -0.0330536623
        0.0077094609   0.0023849622  -0.0057488098  -0.0173281791  -0.0049706083
        0.0168157188
        0.0004023755   0.0000479321   0.0006540428   0.0069216097  -0.0046898710
        0.0020639928   0.0605363037  -0.1223972135  -0.0163200015   0.0121687181
        0.4911547861   0.0151391482  -0.0238848467  -0.0715048197   0.0340484961
       -0.0206354856  -0.0186179840   0.0072574694   0.0000025799   0.0003370626
        0.0001182405   0.0001882804   0.0000432400  -0.0001406846  -0.0000988054
       -0.0000336436   0.0001809382  -0.0000181614   0.0000862904  -0.0001294608
       -0.0012248596   0.0011652644  -0.0003148206   0.0206391032  -0.0234677968
       -0.0072618135  -0.0049403821   0.0048058087   0.0020005556   0.0191205202
       -0.0513978583   0.0361743583  -0.0758638334  -0.2079667789  -0.0694700588
       -0.0051323875  -0.0025953432   0.0081388803   0.0118192711   0.0050309247
       -0.0121392825
       -0.0029050898   0.0008346496  -0.0032836477  -0.0166539825   0.0131719701
        0.0033859404   0.0140800000  -0.0144859745  -0.0695390655   0.0375320420
        0.0151391482   0.5105862341   0.0566746419   0.0287700164  -0.1292414781
       -0.0034966644  -0.0010582015   0.0070315523   0.0000078788   0.0000556972
       -0.0000263006  -0.0011757547   0.0007193994   0.0001880489  -0.0000424689
       -0.0000573128  -0.0000097436   0.0002440487   0.0002055815   0.0004823443
       -0.0003192865   0.0008078652   0.0006115308   0.0057975158  -0.0069336845
       -0.0012472406   0.0183933794  -0.0141593446  -0.0064158659  -0.0971756595
        0.0354375495  -0.2148788928  -0.0326653008  -0.0700879793  -0.0721562673
        0.0159450108   0.0099654143  -0.0211222756   0.0057596896   0.0016752058
       -0.0043648730
       -0.0000231446  -0.0002236337   0.0000643305   0.0002922400  -0.0000256930
       -0.0004838157  -0.0214733935  -0.0031665087   0.0178160646  -0.1160712663
       -0.0238848467   0.0566746419   0.4355300736  -0.1007835158   0.0002675868
       -0.0410914790  -0.0266705286  -0.0152984417  -0.0000248390  -0.0000514169
       -0.0000016930  -0.0000193899   0.0000593445  -0.0000034380  -0.0000821182
        0.0001424728   0.0000256348  -0.0012535113   0.0002194740   0.0006119604
       -0.0003463351   0.0000354450   0.0001306729   0.0009127122  -0.0013195088
       -0.0005523552  -0.0037913285   0.0028361537   0.0013287598   0.0071387792
        0.0026527980  -0.0065235146  -0.0104100153  -0.0086687756   0.0082883737
       -0.0858518847   0.0343136301  -0.0895373552  -0.1634350997   0.1245351097
        0.0271925880
        0.0001048584  -0.0002158807  -0.0000389065  -0.0000209003  -0.0001022870
       -0.0002155543   0.0095332244   0.0064319171  -0.0115612956  -0.0192480388
       -0.0715048197   0.0287700164  -0.1007835158   0.3644509333  -0.0485517837
       -0.0261180515  -0.0783980912  -0.0261783636  -0.0000261838   0.0001385711
       -0.0000132726  -0.0000624871   0.0000762854   0.0000348131  -0.0000129705
        0.0000493745  -0.0000051216   0.0004466502   0.0000622303  -0.0000522725
       -0.0001365157   0.0001203877   0.0000847221   0.0002191150   0.0001328387
       -0.0007475773   0.0035871273  -0.0018834643  -0.0016668446  -0.0050170628
       -0.0032475675   0.0064823660  -0.0177836328  -0.0125373210   0.0145746051
        0.0342850444  -0.0552342318   0.0615646212   0.1210333395  -0.1483388751
       -0.0224801514
       -0.0000139612  -0.0001610731  -0.0001955596   0.0000804509   0.0001049909
       -0.0001455606   0.0095579936  -0.0015610062  -0.0057605773   0.0583195838
        0.0340484961  -0.1292414781   0.0002675868  -0.0485517837   0.4600706668
       -0.0164487750  -0.0279951392  -0.0396565662   0.0000311025   0.0000584450
        0.0000376770  -0.0001107743   0.0000305232  -0.0000026846  -0.0001416774
        0.0000713780   0.0000840368  -0.0008022900   0.0003399821   0.0004718417
       -0.0000447585  -0.0000529396   0.0000295889  -0.0001683670   0.0001437674
        0.0001813938   0.0013799792  -0.0010289741   0.0005702500   0.0181337590
        0.0125783577  -0.0248834588  -0.0038778048  -0.0021806753   0.0046318696
       -0.0913093615   0.0578505982  -0.2190381390   0.0251473141  -0.0236949475
       -0.0471533002
        0.0000889803   0.0001174714   0.0000759678  -0.0003197322   0.0000210970
        0.0002095033  -0.0002191538  -0.0009055059  -0.0004396981  -0.0137658363
       -0.0206354856  -0.0034966644  -0.0410914790  -0.0261180515  -0.0164487750
        0.0587207992   0.0601618862   0.0233303791   0.0000386409   0.0000418157
        0.0000295941   0.0001107719  -0.0000772657  -0.0000329320   0.0000852975
       -0.0001010736  -0.0000238859  -0.0000337360   0.0000939298  -0.0003698949
        0.0002355580  -0.0000677851  -0.0001447306  -0.0013101067   0.0003457722
        0.0006259700   0.0004081071  -0.0002108701  -0.0000344863   0.0009455082
        0.0006763903   0.0000996572  -0.0029554150  -0.0020364529   0.0030138051
       -0.0077055507  -0.0151003869  -0.0088958844   0.0067673466   0.0037945147
        0.0025020750
        0.0000883697   0.0002951942   0.0001677565  -0.0002414123   0.0001088118
        0.0002315741   0.0012325124   0.0007390181  -0.0006059664  -0.0167559081
       -0.0186179840  -0.0010582015  -0.0266705286  -0.0783980912  -0.0279951392
        0.0601618862   0.1262344839   0.0449441277  -0.0000152897  -0.0000044519
        0.0000299662   0.0001776139  -0.0001428667   0.0000010531   0.0001276981
       -0.0001372622  -0.0000915475  -0.0001280275   0.0000772505  -0.0005793573
        0.0003896593  -0.0001205372  -0.0000954447   0.0000623390   0.0014626247
        0.0005676745   0.0005995717  -0.0000394060  -0.0000455957   0.0010956920
        0.0004259435   0.0002917105  -0.0028570031  -0.0013098040   0.0029224793
       -0.0058601422  -0.0047215289  -0.0064956746  -0.0114070309  -0.0258513946
       -0.0121894149
       -0.0000076921   0.0000753197   0.0001254324  -0.0001060877   0.0000896967
        0.0001022463   0.0004726216   0.0003587508   0.0003364850   0.0030688391
        0.0072574694   0.0070315523  -0.0152984417  -0.0261783636  -0.0396565662
        0.0233303791   0.0449441277   0.0428630900  -0.0000093849   0.0000183960
       -0.0000144513   0.0000864905  -0.0000470097   0.0000008273   0.0000421934
       -0.0000496232  -0.0000342331  -0.0000318174  -0.0000691417  -0.0001983811
        0.0002077354   0.0000356880  -0.0000773027   0.0005007587   0.0006685328
        0.0001125504   0.0000463344   0.0001429190  -0.0000129832   0.0003176139
        0.0005009348   0.0011250242   0.0022316801   0.0014400977  -0.0007915044
       -0.0115609048  -0.0203346010  -0.0088271330  -0.0032903175  -0.0088531934
       -0.0020846529
       -0.0705993549  -0.0739534494  -0.0218353558   0.0063986455   0.0218448926
        0.0063327860   0.0009346304   0.0007463573   0.0007159993  -0.0001385429
        0.0000025799   0.0000078788  -0.0000248390  -0.0000261838   0.0000311025
        0.0000386409  -0.0000152897  -0.0000093849   0.0817683089   0.0833275108
        0.0247036527  -0.0086212158  -0.0188890059  -0.0077729265  -0.0071034328
       -0.0170911857  -0.0031080507   0.0008099340   0.0003002606  -0.0002214502
       -0.0030965164   0.0040750021   0.0013494268  -0.0003187778  -0.0000354362
       -0.0001039296  -0.0000980192  -0.0001481819   0.0000022045   0.0000239310
       -0.0000553936  -0.0000059185  -0.0000110934  -0.0001021596  -0.0000433905
        0.0000223426   0.0000345117  -0.0000246193   0.0000153588  -0.0000148291
       -0.0000180246
       -0.0737298649  -0.2363262662  -0.0572804986  -0.0024061645  -0.0219008948
       -0.0069456042  -0.0008112920   0.0006992759  -0.0001722693  -0.0000822980
        0.0003370626   0.0000556972  -0.0000514169   0.0001385711   0.0000584450
        0.0000418157  -0.0000044519   0.0000183960   0.0833275108   0.2755952409
        0.0687394028  -0.0015496182   0.0002901595  -0.0012641824  -0.0086737909
       -0.0165990417  -0.0019706935  -0.0005105663   0.0007227836   0.0001243792
        0.0040178155  -0.0028270355  -0.0017673519   0.0007789166   0.0001515181
        0.0002590529  -0.0001152345  -0.0003345964   0.0001177387  -0.0000182017
        0.0000306035   0.0000614892  -0.0001320969   0.0000918562   0.0000026199
       -0.0000141314  -0.0000657672  -0.0000290942  -0.0000713825   0.0000009821
       -0.0000075267
       -0.0219416763  -0.0571437976  -0.0622792390  -0.0013348203  -0.0089282623
       -0.0023481516  -0.0001770687   0.0009012358   0.0005149299  -0.0000954130
        0.0001182405  -0.0000263006  -0.0000016930  -0.0000132726   0.0000376770
        0.0000295941   0.0000299662  -0.0000144513   0.0247036527   0.0687394028
        0.0689223344  -0.0124296653  -0.0247369388  -0.0098793344   0.0099771600
        0.0230737793   0.0052533791  -0.0002763811  -0.0004749432  -0.0001709554
        0.0015980120  -0.0016026243   0.0000299700  -0.0001240882  -0.0000152091
        0.0001800978   0.0001295948   0.0000951369  -0.0001133492  -0.0000157350
        0.0000287467   0.0000025548  -0.0000359457  -0.0000238221  -0.0000631157
        0.0000043949  -0.0000559306  -0.0000162367  -0.0000099219   0.0000082924
       -0.0000298092
       -0.1300023739   0.0125988282  -0.1147502870  -0.0181967341   0.0049637290
       -0.0186077152  -0.0038985529   0.0036694694   0.0018458088  -0.0009630146
        0.0001882804  -0.0011757547  -0.0000193899  -0.0000624871  -0.0001107743
        0.0001107719   0.0001776139   0.0000864905  -0.0086212158  -0.0015496182
       -0.0124296653   0.1519357763  -0.0178155310   0.1333920993   0.0090494201
       -0.0017505809   0.0119354618   0.0000496709  -0.0003679532  -0.0003732296
        0.0006333960  -0.0002716432  -0.0001784158   0.0002528698   0.0000365197
        0.0001507879   0.0000273664  -0.0000542703   0.0002387485  -0.0003564113
        0.0002988349   0.0000015353   0.0000382309  -0.0000193233  -0.0000153923
       -0.0000300630  -0.0000148735  -0.0000313610  -0.0000097469  -0.0000269948
        0.0000216632
        0.0125164088  -0.0456512963   0.0188726773   0.0130550336  -0.0029401561
        0.0136414968   0.0030762840  -0.0018099563  -0.0010485106   0.0008127790
        0.0000432400   0.0007193994   0.0000593445   0.0000762854   0.0000305232
       -0.0000772657  -0.0001428667  -0.0000470097  -0.0188890059   0.0002901595
       -0.0247369388  -0.0178155310   0.0513460470  -0.0213008017   0.0074130705
       -0.0014566651   0.0133174951  -0.0004895492   0.0003615669   0.0001234115
        0.0001440887   0.0000766322   0.0005325375   0.0001027327  -0.0000358598
       -0.0000075002  -0.0000851637  -0.0000332012  -0.0001599877   0.0002163332
       -0.0002033090   0.0000085021  -0.0000524952   0.0000569334   0.0000384052
        0.0000019703   0.0000115567   0.0000256711   0.0000109655   0.0000108893
       -0.0000093704
       -0.1150316976   0.0191000323  -0.1939613855   0.0027952388  -0.0002323263
        0.0044663409   0.0003702453  -0.0001002457   0.0008201803   0.0000941890
       -0.0001406846   0.0001880489  -0.0000034380   0.0000348131  -0.0000026846
       -0.0000329320   0.0000010531   0.0000008273  -0.0077729265  -0.0012641824
       -0.0098793344   0.1333920993  -0.0213008017   0.2230301887  -0.0145409103
        0.0040228825  -0.0257917883   0.0001717377  -0.0002556261   0.0005756454
        0.0002007222   0.0002989510   0.0002060925   0.0002651616   0.0000679824
        0.0000267931   0.0000754049  -0.0002454137   0.0002386601   0.0000737863
       -0.0000262147   0.0000092093  -0.0000177045   0.0000563695   0.0000102936
       -0.0000287027  -0.0000131622   0.0000352134  -0.0000102736  -0.0000034265
        0.0000276994
       -0.1048126913  -0.0501969595   0.0913726705  -0.0166186052  -0.0071103947
        0.0199530574   0.0005672338  -0.0005864376   0.0010773072   0.0002090253
       -0.0000988054  -0.0000424689  -0.0000821182  -0.0000129705  -0.0001416774
        0.0000852975   0.0001276981   0.0000421934  -0.0071034328  -0.0086737909
        0.0099771600   0.0090494201   0.0074130705  -0.0145409103   0.1226589702
        0.0558528680  -0.1088146831  -0.0044186733   0.0034688203   0.0021843496
        0.0007840986  -0.0005349409  -0.0002950363  -0.0000992165  -0.0001416924
        0.0000254032  -0.0003914329   0.0006115436  -0.0007043376   0.0000174187
       -0.0000475743  -0.0000454095   0.0000300038  -0.0000417023   0.0000624092
        0.0001122685  -0.0000356778  -0.0000546014   0.0000124337   0.0000069459
       -0.0000554261
       -0.0505081007  -0.0832256763   0.0732445385   0.0097462669   0.0068051772
       -0.0129368135  -0.0000436975   0.0003947524  -0.0007139901   0.0000038594
       -0.0000336436  -0.0000573128   0.0001424728   0.0000493745   0.0000713780
       -0.0001010736  -0.0001372622  -0.0000496232  -0.0170911857  -0.0165990417
        0.0230737793  -0.0017505809  -0.0014566651   0.0040228825   0.0558528680
        0.0946998250  -0.0849154224   0.0036489373  -0.0011581995  -0.0014511545
        0.0002706733   0.0007508283  -0.0005011089  -0.0001283171  -0.0002469043
        0.0001102265  -0.0000043022   0.0001204470   0.0001144525  -0.0000337674
        0.0000404700  -0.0000150330   0.0000253719   0.0000017490  -0.0000396631
       -0.0000454325  -0.0000085887   0.0000210137   0.0000160080   0.0000033582
        0.0000218504
        0.0912395709   0.0731852477  -0.1811176342   0.0081101175   0.0017325142
       -0.0082235435  -0.0011655149   0.0001951730   0.0011115193  -0.0002099567
        0.0001809382  -0.0000097436   0.0000256348  -0.0000051216   0.0000840368
       -0.0000238859  -0.0000915475  -0.0000342331  -0.0031080507  -0.0019706935
        0.0052533791   0.0119354618   0.0133174951  -0.0257917883  -0.1088146831
       -0.0849154224   0.2090878190   0.0021049687  -0.0017160815  -0.0003466839
       -0.0001953377   0.0000853730  -0.0001300984   0.0000628526   0.0000058141
       -0.0001202155   0.0000939373  -0.0000194348   0.0002720029  -0.0000095483
        0.0000209332   0.0000253403   0.0000177340  -0.0000391585  -0.0000702715
       -0.0000730533   0.0000373972   0.0000071309   0.0000097531  -0.0000034258
        0.0000029836
       -0.0167059837  -0.0066281968   0.0205162421  -0.0961198131  -0.0493165394
        0.0858479092   0.0078984854   0.0071524064  -0.0143455446   0.0003673259
       -0.0000181614   0.0002440487  -0.0012535113   0.0004466502  -0.0008022900
       -0.0000337360  -0.0001280275  -0.0000318174   0.0008099340  -0.0005105663
       -0.0002763811   0.0000496709  -0.0004895492   0.0001717377  -0.0044186733
        0.0036489373   0.0021049687   0.1182359464   0.0524158322  -0.1004048323
       -0.0066887369  -0.0083718408   0.0096995762   0.0007327066   0.0003159806
        0.0000891521  -0.0015666580   0.0008837413  -0.0035431550  -0.0000617123
       -0.0001349956   0.0001223398  -0.0000550930  -0.0000309442   0.0000417400
       -0.0013472944   0.0007791619   0.0004198184   0.0001571428  -0.0000138889
        0.0001464876
        0.0103337662   0.0061364910  -0.0130390037  -0.0496808852  -0.0852921941
        0.0732213936  -0.0008743775  -0.0013345219   0.0045681695  -0.0000543678
        0.0000862904   0.0002055815   0.0002194740   0.0000622303   0.0003399821
        0.0000939298   0.0000772505  -0.0000691417   0.0003002606   0.0007227836
       -0.0004749432  -0.0003679532   0.0003615669  -0.0002556261   0.0034688203
       -0.0011581995  -0.0017160815   0.0524158322   0.0960706317  -0.0841950254
       -0.0174949576  -0.0169711547   0.0223001704   0.0000791704   0.0005159214
       -0.0008752439   0.0009046704   0.0007958417   0.0006385116  -0.0001166628
       -0.0000254040  -0.0001629694  -0.0002171282  -0.0002497731   0.0001316982
        0.0011494409   0.0002248266  -0.0004349899  -0.0001590326  -0.0000225871
       -0.0001824820
        0.0077309017   0.0024647429  -0.0076010338   0.0858584637   0.0723781906
       -0.1774394212   0.0089734853   0.0116448024  -0.0243245386   0.0003845579
       -0.0001294608   0.0004823443   0.0006119604  -0.0000522725   0.0004718417
       -0.0003698949  -0.0005793573  -0.0001983811  -0.0002214502   0.0001243792
       -0.0001709554  -0.0003732296   0.0001234115   0.0005756454   0.0021843496
       -0.0014511545  -0.0003466839  -0.1004048323  -0.0841950254   0.2080087289
       -0.0020168133  -0.0014548387   0.0047774051   0.0007375302   0.0000752533
        0.0004629771  -0.0032478836   0.0008577157  -0.0054827946   0.0002124854
        0.0000221458   0.0000724950   0.0000422273   0.0000923206  -0.0001582242
       -0.0002703583   0.0000776945   0.0008262540   0.0001685006   0.0000014527
        0.0000443414
        0.0053824494   0.0221684047   0.0066386924  -0.0699691583  -0.0735672978
       -0.0198190624  -0.0100092459  -0.0167733701  -0.0087881106   0.0004738644
       -0.0012248596  -0.0003192865  -0.0003463351  -0.0001365157  -0.0000447585
        0.0002355580   0.0003896593   0.0002077354  -0.0030965164   0.0040178155
        0.0015980120   0.0006333960   0.0001440887   0.0002007222   0.0007840986
        0.0002706733  -0.0001953377  -0.0066887369  -0.0174949576  -0.0020168133
        0.0846510335   0.0811754637   0.0258316695  -0.0022646400   0.0002385694
       -0.0041193962   0.0005687408   0.0000876881   0.0006383267   0.0002161329
        0.0000630847   0.0001469678  -0.0004329826   0.0008747054  -0.0001098709
       -0.0001230266  -0.0002811910   0.0001449751  -0.0000146319   0.0000480389
        0.0000055349
       -0.0025825205  -0.0212485035  -0.0066849488  -0.0731409618  -0.2263795131
       -0.0530835498  -0.0014368953   0.0001572386  -0.0018053911   0.0006963790
        0.0011652644   0.0008078652   0.0000354450   0.0001203877  -0.0000529396
       -0.0000677851  -0.0001205372   0.0000356880   0.0040750021  -0.0028270355
       -0.0016026243  -0.0002716432   0.0000766322   0.0002989510  -0.0005349409
        0.0007508283   0.0000853730  -0.0083718408  -0.0169711547  -0.0014548387
        0.0811754637   0.2645515218   0.0638768038   0.0003138567   0.0004763865
       -0.0005942301   0.0002883818   0.0003099608  -0.0000186735   0.0001108736
       -0.0000069746   0.0000524472  -0.0001322878   0.0001640491   0.0000279808
       -0.0001844463  -0.0002145342   0.0000901402   0.0000279199  -0.0000040166
        0.0000219468
       -0.0014537528  -0.0087202046  -0.0017132760  -0.0195989102  -0.0529236946
       -0.0611405693  -0.0124873209  -0.0217895016  -0.0095657016   0.0007317607
       -0.0003148206   0.0006115308   0.0001306729   0.0000847221   0.0000295889
       -0.0001447306  -0.0000954447  -0.0000773027   0.0013494268  -0.0017673519
        0.0000299700  -0.0001784158   0.0005325375   0.0002060925  -0.0002950363
       -0.0005011089  -0.0001300984   0.0096995762   0.0223001704   0.0047774051
        0.0258316695   0.0638768038   0.0707195724  -0.0037152908  -0.0004132642
       -0.0043812504   0.0000640935  -0.0006858658   0.0002922970   0.0002577149
       -0.0000680963   0.0000028442  -0.0002737464   0.0003751332   0.0002610644
        0.0000037667   0.0001254757   0.0000694014   0.0000785227  -0.0000154895
        0.0000084317
        0.0003245277  -0.0007438333  -0.0002048867  -0.0099614691  -0.0163314274
       -0.0080062036  -0.0772409591  -0.0808582251  -0.0202087402   0.0066777634
        0.0206391032   0.0057975158   0.0009127122   0.0002191150  -0.0001683670
       -0.0013101067   0.0000623390   0.0005007587  -0.0003187778   0.0007789166
       -0.0001240882   0.0002528698   0.0001027327   0.0002651616  -0.0000992165
       -0.0001283171   0.0000628526   0.0007327066   0.0000791704   0.0007375302
       -0.0022646400   0.0003138567  -0.0037152908   0.0927731033   0.0908214038
        0.0253969389  -0.0080402917  -0.0184435042  -0.0014709033   0.0003199190
       -0.0000172765   0.0001352516  -0.0028206425   0.0036735571   0.0013447423
        0.0000235390  -0.0000319644  -0.0000699202   0.0000389626  -0.0001356466
       -0.0002723517
        0.0004796064   0.0009714529   0.0007276074  -0.0012039376   0.0003864250
       -0.0017713356  -0.0804519800  -0.2252429093  -0.0475853492  -0.0036955101
       -0.0234677968  -0.0069336845  -0.0013195088   0.0001328387   0.0001437674
        0.0003457722   0.0014626247   0.0006685328  -0.0000354362   0.0001515181
       -0.0000152091   0.0000365197  -0.0000358598   0.0000679824  -0.0001416924
       -0.0002469043   0.0000058141   0.0003159806   0.0005159214   0.0000752533
        0.0002385694   0.0004763865  -0.0004132642   0.0908214038   0.2629863299
        0.0562566664  -0.0082872240  -0.0142975190  -0.0004940994  -0.0002000175
       -0.0001226747   0.0001358254   0.0035668650  -0.0034389559  -0.0008912444
       -0.0000298714  -0.0002121309  -0.0001064728  -0.0004395389  -0.0000187465
        0.0001292099
        0.0006397168  -0.0002063048   0.0004766407  -0.0131229926  -0.0215389100
       -0.0089585820  -0.0195636475  -0.0470358335  -0.0570716741  -0.0010597674
       -0.0072618135  -0.0012472406  -0.0005523552  -0.0007475773   0.0001813938
        0.0006259700   0.0005676745   0.0001125504  -0.0001039296   0.0002590529
        0.0001800978   0.0001507879  -0.0000075002   0.0000267931   0.0000254032
        0.0001102265  -0.0001202155   0.0000891521  -0.0008752439   0.0004629771
       -0.0041193962  -0.0005942301  -0.0043812504   0.0253969389   0.0562566664
        0.0663820596   0.0110248772   0.0225255267   0.0040394975  -0.0001011662
        0.0003488383   0.0000744845   0.0008892340  -0.0016548978   0.0001653143
       -0.0000217752  -0.0001932041  -0.0002580029  -0.0001970503   0.0000475302
       -0.0000648431
        0.0010481779   0.0001872172  -0.0014011121   0.0073867441   0.0063814728
       -0.0138546699  -0.1053365081  -0.0438738725   0.0934279547  -0.0163782271
       -0.0049403821   0.0183933794  -0.0037913285   0.0035871273   0.0013799792
        0.0004081071   0.0005995717   0.0000463344  -0.0000980192  -0.0001152345
        0.0001295948   0.0000273664  -0.0000851637   0.0000754049  -0.0003914329
       -0.0000043022   0.0000939373  -0.0015666580   0.0009046704  -0.0032478836
        0.0005687408   0.0002883818   0.0000640935  -0.0080402917  -0.0082872240
        0.0110248772   0.1271881769   0.0463338146  -0.1071832487  -0.0003831285
       -0.0004438538   0.0004546901   0.0003747688  -0.0002564951  -0.0000166151
        0.0000115848   0.0000613821  -0.0003387473  -0.0010280729  -0.0003371098
        0.0009520313
       -0.0002814016   0.0001858754   0.0004126049  -0.0004717979  -0.0009529223
        0.0045443289  -0.0443250312  -0.0718169333   0.0612928376   0.0124356237
        0.0048058087  -0.0141593446   0.0028361537  -0.0018834643  -0.0010289741
       -0.0002108701  -0.0000394060   0.0001429190  -0.0001481819  -0.0003345964
        0.0000951369  -0.0000542703  -0.0000332012  -0.0002454137   0.0006115436
        0.0001204470  -0.0000194348   0.0008837413   0.0007958417   0.0008577157
        0.0000876881   0.0003099608  -0.0006858658  -0.0184435042  -0.0142975190
        0.0225255267   0.0463338146   0.0820823218  -0.0723502345  -0.0000602876
        0.0006947887  -0.0004710708   0.0001234251   0.0002697277  -0.0002314959
        0.0000025946  -0.0001165833  -0.0000135155   0.0006807602   0.0002098540
       -0.0006657199
        0.0008372054  -0.0005489076   0.0011889523   0.0095474016   0.0111575373
       -0.0260547921   0.0942083873   0.0608504147  -0.1810462840   0.0065579263
        0.0020005556  -0.0064158659   0.0013287598  -0.0016668446   0.0005702500
       -0.0000344863  -0.0000455957  -0.0000129832   0.0000022045   0.0001177387
       -0.0001133492   0.0002387485  -0.0001599877   0.0002386601  -0.0007043376
        0.0001144525   0.0002720029  -0.0035431550   0.0006385116  -0.0054827946
        0.0006383267  -0.0000186735   0.0002922970  -0.0014709033  -0.0004940994
        0.0040394975  -0.1071832487  -0.0723502345   0.2122570688  -0.0005285882
        0.0002766641   0.0008498349  -0.0000346157  -0.0000149287  -0.0003116662
       -0.0002147257  -0.0000294966   0.0001495757   0.0003551005   0.0001728938
       -0.0004204039
       -0.0008043950   0.0002985304  -0.0010619909  -0.0031430058   0.0037715009
        0.0011728138  -0.0149185158   0.0071205802  -0.0179573226  -0.0942381016
        0.0191205202  -0.0971756595   0.0071387792  -0.0050170628   0.0181337590
        0.0009455082   0.0010956920   0.0003176139   0.0000239310  -0.0000182017
       -0.0000157350  -0.0003564113   0.0002163332   0.0000737863   0.0000174187
       -0.0000337674  -0.0000095483  -0.0000617123  -0.0001166628   0.0002124854
        0.0002161329   0.0001108736   0.0002577149   0.0003199190  -0.0002000175
       -0.0001011662  -0.0003831285  -0.0000602876  -0.0005285882   0.1130779146
       -0.0243379689   0.1067263876  -0.0065405714   0.0000556515  -0.0135141203
       -0.0019371360  -0.0016603856   0.0032084861   0.0006433740  -0.0003453277
        0.0002610841
        0.0007425237  -0.0000555027   0.0008669697   0.0026729482  -0.0021598693
       -0.0012670825   0.0131141545  -0.0050145552   0.0163080618   0.0194519432
       -0.0513978583   0.0354375495   0.0026527980  -0.0032475675   0.0125783577
        0.0006763903   0.0004259435   0.0005009348  -0.0000553936   0.0000306035
        0.0000287467   0.0002988349  -0.0002033090  -0.0000262147  -0.0000475743
        0.0000404700   0.0000209332  -0.0001349956  -0.0000254040   0.0000221458
        0.0000630847  -0.0000069746  -0.0000680963  -0.0000172765  -0.0001226747
        0.0003488383  -0.0004438538   0.0006947887   0.0002766641  -0.0243379689
        0.0580703572  -0.0432037875  -0.0134225236   0.0028110088  -0.0236501468
       -0.0014312978  -0.0000315814   0.0024214862   0.0002182065   0.0001921249
       -0.0005953600
        0.0000683269   0.0000001549   0.0000011750   0.0001158467  -0.0000500572
        0.0009964417   0.0004077911  -0.0001347684   0.0022314220  -0.0960528506
        0.0361743583  -0.2148788928  -0.0065235146   0.0064823660  -0.0248834588
        0.0000996572   0.0002917105   0.0011250242  -0.0000059185   0.0000614892
        0.0000025548   0.0000015353   0.0000085021   0.0000092093  -0.0000454095
       -0.0000150330   0.0000253403   0.0001223398  -0.0001629694   0.0000724950
        0.0001469678   0.0000524472   0.0000028442   0.0001352516   0.0001358254
        0.0000744845   0.0004546901  -0.0004710708   0.0008498349   0.1067263876
       -0.0432037875   0.2507412647  -0.0086806022  -0.0004633767  -0.0132683223
        0.0035285719   0.0014801892  -0.0031624995  -0.0004990708  -0.0001859798
        0.0000610829
       -0.0001168909  -0.0000102143   0.0000053144   0.0010612633   0.0009920146
        0.0009215587   0.0060790506   0.0192486847   0.0069577838  -0.0745239307
       -0.0758638334  -0.0326653008  -0.0104100153  -0.0177836328  -0.0038778048
       -0.0029554150  -0.0028570031   0.0022316801  -0.0000110934  -0.0001320969
       -0.0000359457   0.0000382309  -0.0000524952  -0.0000177045   0.0000300038
        0.0000253719   0.0000177340  -0.0000550930  -0.0002171282   0.0000422273
       -0.0004329826  -0.0001322878  -0.0002737464  -0.0028206425   0.0035668650
        0.0008892340   0.0003747688   0.0001234251  -0.0000346157  -0.0065405714
       -0.0134225236  -0.0086806022   0.0903599969   0.0869391049   0.0350087835
        0.0002705077  -0.0000285836  -0.0002388608  -0.0003471871  -0.0003956671
       -0.0002497349
       -0.0001817153   0.0003414183   0.0000653063  -0.0011420865   0.0007679416
       -0.0002250653  -0.0034491821  -0.0225909161  -0.0087471595  -0.0758937364
       -0.2079667789  -0.0700879793  -0.0086687756  -0.0125373210  -0.0021806753
       -0.0020364529  -0.0013098040   0.0014400977  -0.0001021596   0.0000918562
       -0.0000238221  -0.0000193233   0.0000569334   0.0000563695  -0.0000417023
        0.0000017490  -0.0000391585  -0.0000309442  -0.0002497731   0.0000923206
        0.0008747054   0.0001640491   0.0003751332   0.0036735571  -0.0034389559
       -0.0016548978  -0.0002564951   0.0002697277  -0.0000149287   0.0000556515
        0.0028110088  -0.0004633767   0.0869391049   0.2432304650   0.0816174832
        0.0001775443  -0.0000816834   0.0000275447   0.0001020101   0.0004400832
       -0.0002371920
       -0.0001185045   0.0000813139  -0.0000298018  -0.0000811209   0.0010903450
        0.0006019560  -0.0009031963  -0.0069250165  -0.0016117525  -0.0330536623
       -0.0694700588  -0.0721562673   0.0082883737   0.0145746051   0.0046318696
        0.0030138051   0.0029224793  -0.0007915044  -0.0000433905   0.0000026199
       -0.0000631157  -0.0000153923   0.0000384052   0.0000102936   0.0000624092
       -0.0000396631  -0.0000702715   0.0000417400   0.0001316982  -0.0001582242
       -0.0001098709   0.0000279808   0.0002610644   0.0013447423  -0.0008912444
        0.0001653143  -0.0000166151  -0.0002314959  -0.0003116662  -0.0135141203
       -0.0236501468  -0.0132683223   0.0350087835   0.0816174832   0.0821249343
        0.0001033292   0.0003243029   0.0001962764  -0.0000073099   0.0003963920
        0.0004692173
        0.0001438291   0.0001493002  -0.0002100262  -0.0008168553  -0.0004090383
        0.0008344996   0.0006011237  -0.0001035590  -0.0001062096   0.0077094609
       -0.0051323875   0.0159450108  -0.0858518847   0.0342850444  -0.0913093615
       -0.0077055507  -0.0058601422  -0.0115609048   0.0000223426  -0.0000141314
        0.0000043949  -0.0000300630   0.0000019703  -0.0000287027   0.0001122685
       -0.0000454325  -0.0000730533  -0.0013472944   0.0011494409  -0.0002703583
       -0.0001230266  -0.0001844463   0.0000037667   0.0000235390  -0.0000298714
       -0.0000217752   0.0000115848   0.0000025946  -0.0002147257  -0.0019371360
       -0.0014312978   0.0035285719   0.0002705077   0.0001775443   0.0001033292
        0.1003148061  -0.0323667473   0.1024493529  -0.0113976518   0.0098111588
       -0.0190738088
       -0.0000532152  -0.0001065652   0.0000320645   0.0004012568   0.0002348747
       -0.0004063334   0.0001626503   0.0003741042  -0.0005312423   0.0023849622
       -0.0025953432   0.0099654143   0.0343136301  -0.0552342318   0.0578505982
       -0.0151003869  -0.0047215289  -0.0203346010   0.0000345117  -0.0000657672
       -0.0000559306  -0.0000148735   0.0000115567  -0.0000131622  -0.0000356778
       -0.0000085887   0.0000373972   0.0007791619   0.0002248266   0.0000776945
       -0.0002811910  -0.0002145342   0.0001254757  -0.0000319644  -0.0002121309
       -0.0001932041   0.0000613821  -0.0001165833  -0.0000294966  -0.0016603856
       -0.0000315814   0.0014801892  -0.0000285836  -0.0000816834   0.0003243029
       -0.0323667473   0.0691724074  -0.0661611475   0.0114354700  -0.0066292313
        0.0178319812
       -0.0000966198   0.0000507279   0.0001262489  -0.0002319222   0.0001902132
        0.0000927196  -0.0008923518  -0.0001788565   0.0005524627  -0.0057488098
        0.0081388803  -0.0211222756  -0.0895373552   0.0615646212  -0.2190381390
       -0.0088958844  -0.0064956746  -0.0088271330  -0.0000246193  -0.0000290942
       -0.0000162367  -0.0000313610   0.0000256711   0.0000352134  -0.0000546014
        0.0000210137   0.0000071309   0.0004198184  -0.0004349899   0.0008262540
        0.0001449751   0.0000901402   0.0000694014  -0.0000699202  -0.0001064728
       -0.0002580029  -0.0003387473  -0.0000135155   0.0001495757   0.0032084861
        0.0024214862  -0.0031624995  -0.0002388608   0.0000275447   0.0001962764
        0.1024493529  -0.0661611475   0.2479849757  -0.0000615793   0.0008894527
        0.0023840277
       -0.0000700628   0.0000232872  -0.0000295270   0.0000695973   0.0000589299
        0.0002098987  -0.0021046927  -0.0020043262   0.0032627302  -0.0173281791
        0.0118192711   0.0057596896  -0.1634350997   0.1210333395   0.0251473141
        0.0067673466  -0.0114070309  -0.0032903175   0.0000153588  -0.0000713825
       -0.0000099219  -0.0000097469   0.0000109655  -0.0000102736   0.0000124337
        0.0000160080   0.0000097531   0.0001571428  -0.0001590326   0.0001685006
       -0.0000146319   0.0000279199   0.0000785227   0.0000389626  -0.0004395389
       -0.0001970503  -0.0010280729   0.0006807602   0.0003551005   0.0006433740
        0.0002182065  -0.0004990708  -0.0003471871   0.0001020101  -0.0000073099
       -0.0113976518   0.0114354700  -0.0000615793   0.1880311091  -0.1313448570
       -0.0308864594
       -0.0000233310   0.0000322018  -0.0000632373   0.0000983235   0.0000000656
        0.0000143820  -0.0006858313   0.0002884178   0.0010588151  -0.0049706083
        0.0050309247   0.0016752058   0.1245351097  -0.1483388751  -0.0236949475
        0.0037945147  -0.0258513946  -0.0088531934  -0.0000148291   0.0000009821
        0.0000082924  -0.0000269948   0.0000108893  -0.0000034265   0.0000069459
        0.0000033582  -0.0000034258  -0.0000138889  -0.0000225871   0.0000014527
        0.0000480389  -0.0000040166  -0.0000154895  -0.0001356466  -0.0000187465
        0.0000475302  -0.0003371098   0.0002098540   0.0001728938  -0.0003453277
        0.0001921249  -0.0001859798  -0.0003956671   0.0004400832   0.0003963920
        0.0098111588  -0.0066292313   0.0008894527  -0.1313448570   0.1746559494
        0.0285552831
       -0.0000494305  -0.0000131408   0.0002175538  -0.0001367014   0.0000747505
       -0.0000197632   0.0028447544   0.0018846188  -0.0024226237   0.0168157188
       -0.0121392825  -0.0043648730   0.0271925880  -0.0224801514  -0.0471533002
        0.0025020750  -0.0121894149  -0.0020846529  -0.0000180246  -0.0000075267
       -0.0000298092   0.0000216632  -0.0000093704   0.0000276994  -0.0000554261
        0.0000218504   0.0000029836   0.0001464876  -0.0001824820   0.0000443414
        0.0000055349   0.0000219468   0.0000084317  -0.0002723517   0.0001292099
       -0.0000648431   0.0009520313  -0.0006657199  -0.0004204039   0.0002610841
       -0.0005953600   0.0000610829  -0.0002497349  -0.0002371920   0.0004692173
       -0.0190738088   0.0178319812   0.0023840277  -0.0308864594   0.0285552831
        0.0533449315
