           1           2   1.00050051974485     
           2           3  0.955140239309891     
           2           4  0.969669745399091     
           4           5   1.40230365514041     
           5           6   1.45571139872534     
           4           7  0.100054083913803     
           6           7   1.38264338196956     
           7           8   1.35305648350329     
           4           9   1.40050367908784     
           6           9  0.105537562094374     
           8           9   1.41932565669948     
           8          10  0.920755299665772     
           7          11   1.04282989867708     
          11          12   1.39351201297688     
          12          13   1.44784381777855     
          11          14  0.105683429294788     
          13          14   1.43749980676882     
          12          15  0.109010329084905     
          14          15   1.43338717839634     
          11          16   1.38744460359313     
          13          16  0.109382610026441     
          15          16   1.45259159508012     
           2          17  0.943032316638762     
          17          18   1.70981190874029     
          17          19   1.18209481867607     
          18          19  0.173034866138514     
           1          20  0.984912248068397     
           1          21  0.981889335052108     
           1          22  0.982900995053858     
           5          23  0.962787099963936     
           6          24  0.965353972606680     
           9          25  0.962464574564440     
          12          26  0.970193901711150     
          13          27  0.970208378434045     
          14          28  0.970708604573493     
          15          29  0.969761063838783     
          16          30  0.968146252336176     
          19          31  0.799246711016326     
