           1           2  0.955621604286270     
           2           3  0.981375655866066     
           3           4  0.968332370867395     
           4           5  0.953435419425017     
           3           6  0.989974359186604     
           6           7  0.945138519182060     
           1           8  0.978337229598319     
           1           9  0.976126319278141     
           1          10  0.980093881510664     
           3          11  0.933509292486464     
           5          12  0.980008817974468     
           5          13  0.980327491709337     
           5          14  0.978123025083363     
           7          15  0.976285191054098     
           7          16  0.979235215034430     
           7          17  0.980114058072110     
