           1           2   1.01968730804647     
           2           3   1.00697162783076     
           3           4  0.982008331154756     
           4           5   1.70018169025168     
           4           6   1.15670287813169     
           5           6  0.167578013490523     
           6           7  0.919798351900593     
           7           8   1.01375433537943     
           1           9  0.986895400807881     
           1          10  0.986842410254096     
           1          11  0.986291719754849     
           2          12  0.977713071468494     
           2          13  0.977219869408823     
           3          14  0.943796470764839     
           3          15  0.950090646922952     
           7          16  0.969151821446257     
           7          17  0.970347546504821     
           8          18  0.984550524228120     
           8          19  0.980243411791917     
           8          20  0.985762287941690     
