           1           2   1.02095501035879     
           2           3  0.995415179066488     
           3           4  0.979226587845872     
           4           5   1.69250082098606     
           4           6   1.16655943024539     
           5           6  0.169880369592807     
           6           7  0.918501504698667     
           7           8   1.01960071039213     
           1           9  0.987817738619340     
           1          10  0.986425492443728     
           1          11  0.986109214235942     
           2          12  0.976070139769955     
           2          13  0.976561158349086     
           3          14  0.968398108600294     
           3          15  0.940588068019718     
           7          16  0.968573673012135     
           7          17  0.969476167639817     
           8          18  0.983379714267816     
           8          19  0.980104663096391     
           8          20  0.983844865327312     
