           1           2   1.01903548682782     
           2           3   1.00690878903083     
           3           4  0.990669130828113     
           4           5  0.980004404690893     
           5           6   1.69364655327180     
           5           7   1.16492610895431     
           6           7  0.171798339475733     
           7           8  0.936079343325555     
           1           9  0.987651238750044     
           1          10  0.986393630174469     
           1          11  0.987467361277337     
           2          12  0.977692253510582     
           2          13  0.977768543644199     
           3          14  0.977674485021220     
           3          15  0.975747685496867     
           4          16  0.942131182795705     
           4          17  0.970969668871663     
           8          18  0.976847958855133     
           8          19  0.975020860356390     
           8          20  0.973181171836642     
