           1           2   1.01916460229762     
           2           3   1.00824719991153     
           3           4  0.983373239014184     
           4           5   1.67869838284398     
           4           6   1.17444993204927     
           5           6  0.169481070838294     
           6           7  0.919509792581614     
           7           8   1.01340084568064     
           1           9  0.986213083021320     
           1          10  0.987076176618360     
           1          11  0.987037264234003     
           2          12  0.976847909238284     
           2          13  0.976900112016798     
           3          14  0.945468053468877     
           3          15  0.945139474598888     
           7          16  0.970055804608938     
           7          17  0.968783846028301     
           8          18  0.980186947910602     
           8          19  0.984444688217878     
           8          20  0.985833585599554     
