$hessian                                                                        
        0.5051686527   0.0179997495  -0.0229313578  -0.0945295689   0.0347489434
       -0.0447979353  -0.0186325893   0.0119066317  -0.0210610401   0.0006415403
       -0.0000903037   0.0003200130  -0.0001480745   0.0001226609  -0.0002238132
       -0.0438489107  -0.0008154967   0.0011374889  -0.2565677909  -0.0744732071
       -0.0112209251  -0.0907585753   0.0132895200   0.0954739777  -0.0013249249
        0.0035569982  -0.0027829845   0.0058289165  -0.0063913485   0.0084930699
       -0.0054757318  -0.0011610704  -0.0018489254   0.0009830307   0.0010850899
        0.0002351124  -0.0002007195   0.0001859548  -0.0001443958  -0.0010272368
        0.0001022891  -0.0006735988  -0.0000985168  -0.0000893684  -0.0000513259
       -0.0000095007   0.0000229571   0.0000766399
        0.0179997495   0.5055995590   0.0234637236   0.0338317571  -0.1053683197
        0.0504248522  -0.0017189308   0.0040029011  -0.0047689626   0.0001087154
       -0.0002108434  -0.0001693266   0.0000734675   0.0001029896   0.0000072856
       -0.0010241719  -0.2691546236  -0.0558828619  -0.0742413552  -0.0692309061
       -0.0055360723   0.0132487538  -0.0484887280  -0.0286777710   0.0152094222
       -0.0202855862   0.0218307079   0.0000359306   0.0009713930   0.0012078576
       -0.0024577996   0.0002930785  -0.0010790448  -0.0009708603   0.0013742352
       -0.0007323851  -0.0001030739   0.0002450270   0.0001115068   0.0000843814
        0.0001870153  -0.0001868503  -0.0000612821  -0.0000252963  -0.0000427281
       -0.0000147035  -0.0000118953   0.0000300691
       -0.0229313578   0.0234637236   0.4941560244  -0.0431650857   0.0505669299
       -0.1361207364  -0.0079241270   0.0016875801  -0.0052019079  -0.0003967649
        0.0000567183  -0.0001867305  -0.0000144748  -0.0000600091  -0.0000188682
        0.0010565840  -0.0557897745  -0.0573725746  -0.0115969404  -0.0056984997
       -0.0433920876   0.0957393859  -0.0291133108  -0.2317662458   0.0014778144
       -0.0012386127   0.0037373506  -0.0120947385   0.0158738268  -0.0254463939
       -0.0012184920  -0.0002885812   0.0007582039   0.0003486338   0.0004083745
        0.0003002026  -0.0000127103  -0.0000823057   0.0001473604   0.0006178474
        0.0001947728   0.0004236108   0.0000986951   0.0000448767  -0.0000150454
        0.0000157307  -0.0000257089  -0.0000021624
       -0.0945295689   0.0338317571  -0.0431650857   0.4675777132  -0.0093498113
       -0.0245930794  -0.1732052167  -0.0413354809  -0.0207969862  -0.0226841223
       -0.0052400421   0.0019632091  -0.0026450060   0.0004326793   0.0032818195
       -0.0010447995   0.0031123660  -0.0014014218  -0.0178323773   0.0147062729
       -0.0218496757   0.0065833179  -0.0063098394   0.0080152705  -0.0430201861
        0.0092947893   0.0045856074  -0.1002404433   0.0100235982   0.1009414339
       -0.0162586847  -0.0042731392  -0.0050953266  -0.0031004694  -0.0038784957
       -0.0010514467   0.0007863802  -0.0005074669  -0.0006766808   0.0004285188
       -0.0001479060  -0.0003078087   0.0001886430  -0.0000201718   0.0003408599
       -0.0010036988  -0.0003391094  -0.0001906886
        0.0347489434  -0.1053683197   0.0505669299  -0.0093498113   0.5100049435
        0.0200842231  -0.0419187150  -0.0827125452  -0.0085724063   0.0008197329
        0.0006775659   0.0018306800   0.0013175707   0.0004373961  -0.0006377482
        0.0153123925  -0.0210065077   0.0214444367  -0.0038818326   0.0044261289
       -0.0053376073  -0.0016477945   0.0014731912   0.0001123110   0.0087930932
       -0.2518035611  -0.0593968376   0.0098632155  -0.0472044007  -0.0176144089
        0.0121382611   0.0043112092   0.0035997766  -0.0281057939  -0.0142120047
       -0.0058772959   0.0015876764   0.0007826540  -0.0002644030  -0.0000058587
        0.0001153465   0.0000794287  -0.0000387492  -0.0000853760   0.0000631499
        0.0003676693   0.0001642798  -0.0000802285
       -0.0447979353   0.0504248522  -0.1361207364  -0.0245930794   0.0200842231
        0.5050488824  -0.0170505984  -0.0078127583  -0.0681895012   0.0189271497
        0.0060693632   0.0034489719   0.0039028398   0.0000173684  -0.0035385360
        0.0018292553  -0.0004956112   0.0040378908  -0.0039072136   0.0021429196
       -0.0035086865  -0.0121749459   0.0151608855  -0.0248996428   0.0041644433
       -0.0588216464  -0.0607726243   0.1010087230  -0.0176575430  -0.2096493781
       -0.0233742475  -0.0068042633  -0.0060918060  -0.0062017403  -0.0032581618
       -0.0005503800   0.0006074677   0.0005456917   0.0004601190   0.0000941825
        0.0003557823   0.0004043490   0.0000848870  -0.0001250154  -0.0002770064
        0.0014808122   0.0001739135   0.0001980846
       -0.0186325893  -0.0017189308  -0.0079241270  -0.1732052167  -0.0419187150
       -0.0170505984   0.4655588591  -0.0089139058   0.0163002759  -0.0999637600
        0.0161597514   0.0529326237  -0.0317621254   0.0010066985   0.0239114430
        0.0007159608  -0.0006456643   0.0005493029  -0.0011626334   0.0014512329
       -0.0024743448   0.0004914384  -0.0001563228   0.0003664624  -0.0032757812
       -0.0042425921  -0.0015198989  -0.0216811992  -0.0073608433   0.0000161052
       -0.0715132707   0.0403479699  -0.0671228797  -0.0418349561   0.0062267834
       -0.0001662252  -0.0024281193   0.0035607037   0.0050984941   0.0044957181
       -0.0017752413  -0.0038402290   0.0008288210  -0.0003629996   0.0014369035
       -0.0066311462  -0.0016579250  -0.0005133077
        0.0119066317   0.0040029011   0.0016875801  -0.0413354809  -0.0827125452
       -0.0078127583  -0.0089139058   0.5333621062  -0.0121807586   0.0163592209
       -0.0728159384  -0.0182212683  -0.0073374230   0.0029327992   0.0074060704
        0.0013481633   0.0010965377   0.0004427472   0.0025936091  -0.0009437461
        0.0026039535  -0.0000521928   0.0003618524  -0.0002341773  -0.0284301572
       -0.0146063536  -0.0059266412   0.0010579734   0.0012074334   0.0000867988
        0.0401459102  -0.0962037091   0.0842595890   0.0052578346  -0.2682723839
       -0.0387897173   0.0179237395  -0.0102697019  -0.0254872805  -0.0084530453
        0.0027379132   0.0124706308   0.0004475218   0.0001191421  -0.0002025215
       -0.0025183995   0.0000036929  -0.0001022468
       -0.0210610401  -0.0047689626  -0.0052019079  -0.0207969862  -0.0085724063
       -0.0681895012   0.0163002759  -0.0121807586   0.4869794657   0.0588613258
       -0.0179953188  -0.1475823565   0.0016499370   0.0016505544   0.0037030030
        0.0003431475  -0.0006159650   0.0006128466  -0.0028480990   0.0019200143
       -0.0028361196  -0.0000896738  -0.0004676464   0.0004466411  -0.0077450501
       -0.0044928856  -0.0009027528   0.0236709904   0.0086095254   0.0015501840
       -0.0662322671   0.0843071147  -0.1871629982  -0.0001394419  -0.0395807780
       -0.0515978559   0.0062204516  -0.0051691569  -0.0081293410   0.0148985437
       -0.0022955985  -0.0241417580  -0.0011506831   0.0003516726   0.0015480739
       -0.0018814306  -0.0006994048   0.0009043769
        0.0006415403   0.0001087154  -0.0003967649  -0.0226841223   0.0008197329
        0.0189271497  -0.0999637600   0.0163592209   0.0588613258   0.4453298319
       -0.0152406752   0.0144904596  -0.1857565474  -0.0332978149  -0.0283092388
       -0.0002718780  -0.0000214210  -0.0000047517   0.0000802595   0.0000943719
        0.0002440257  -0.0010805231   0.0000028726   0.0002337732   0.0006549311
        0.0010051686   0.0005207195  -0.0047129751  -0.0014288804  -0.0001856103
        0.0044571088  -0.0016653284  -0.0053095301  -0.0020492373   0.0024021411
        0.0037482663  -0.0382460863   0.0134073278   0.0020359488  -0.0582513188
        0.0370173841  -0.0523143877  -0.0150819088  -0.0067343035  -0.0083054836
       -0.0230653145  -0.0128285120  -0.0042359015
       -0.0000903037  -0.0002108434   0.0000567183  -0.0052400421   0.0006775659
        0.0060693632   0.0161597514  -0.0728159384  -0.0179953188  -0.0152406752
        0.4819162274  -0.0307378039  -0.0677187890  -0.0757018873  -0.0102263866
        0.0000134324  -0.0000822660  -0.0001138716  -0.0001881757   0.0000490844
        0.0000211839   0.0004183872   0.0003508619   0.0002135347  -0.0014460462
        0.0005823984   0.0009830757  -0.0025849135  -0.0001276081   0.0000749079
       -0.0076728677   0.0029799043   0.0126214280   0.0184259035  -0.0093552929
       -0.0251628814   0.0064841019  -0.2207013293  -0.0335251394   0.0354317837
       -0.1090176126   0.0935310116   0.0169213244   0.0029919438   0.0045029009
        0.0063271287  -0.0015352080  -0.0003127224
        0.0003200130  -0.0001693266  -0.0001867305   0.0019632091   0.0018306800
        0.0034489719   0.0529326237  -0.0182212683  -0.1475823565   0.0144904596
       -0.0307378039   0.5023395407  -0.0345663345  -0.0044161945  -0.0832245420
       -0.0000567890   0.0001118957   0.0001197507  -0.0003280728   0.0001602260
       -0.0000964361  -0.0007367839  -0.0002709067   0.0001019597  -0.0009351681
       -0.0000025958   0.0006357229  -0.0017318699  -0.0006994514   0.0011671074
        0.0150454750  -0.0024699355  -0.0274962697   0.0061074898  -0.0045657870
       -0.0073086401   0.0002711419  -0.0334188760  -0.0535816548  -0.0505937846
        0.0952730697  -0.1834788304  -0.0261562317  -0.0108271601  -0.0091448395
        0.0239746225   0.0084234343   0.0042872463
       -0.0001480745   0.0000734675  -0.0000144748  -0.0026450060   0.0013175707
        0.0039028398  -0.0317621254  -0.0073374230   0.0016499370  -0.1857565474
       -0.0677187890  -0.0345663345   0.5114029054  -0.0267334596  -0.0277000237
        0.0000333784  -0.0000907545   0.0000404367  -0.0000131455  -0.0000246182
        0.0000848100   0.0002877892  -0.0000953563   0.0002658428   0.0004413855
        0.0003314899   0.0000117485  -0.0014414824  -0.0003676870   0.0001572499
        0.0018351101  -0.0004295049  -0.0010720936   0.0010572821  -0.0001206695
       -0.0010923704  -0.0182913193  -0.0221925941  -0.0079822191  -0.0188789350
       -0.0025446621  -0.0098792715  -0.0871190632   0.0674581387  -0.0841287043
       -0.1690021518   0.0584748513   0.1603226271
        0.0001226609   0.0001029896  -0.0000600091   0.0004326793   0.0004373961
        0.0000173684   0.0010066985   0.0029327992   0.0016505544  -0.0332978149
       -0.0757018873  -0.0044161945  -0.0267334596   0.2369725204  -0.0818785471
       -0.0001222094   0.0002000613   0.0000488673   0.0000018049   0.0000245779
       -0.0000319697   0.0000261260  -0.0002117316   0.0000624499   0.0004989042
        0.0003589191  -0.0000514396  -0.0001792055   0.0001682631   0.0001831241
       -0.0000362499  -0.0001462585  -0.0005085180  -0.0004720520   0.0009329137
        0.0005348077  -0.0372927487  -0.0191454586  -0.0119350871   0.0124139106
        0.0056420517   0.0031622236   0.0532933069  -0.1192837340   0.1280571559
        0.0303376487  -0.0332834220  -0.0348347862
       -0.0002238132   0.0000072856  -0.0000188682   0.0032818195  -0.0006377482
       -0.0035385360   0.0239114430   0.0074060704   0.0037030030  -0.0283092388
       -0.0102263866  -0.0832245420  -0.0277000237  -0.0818785471   0.5947820000
       -0.0000151375   0.0000023022  -0.0000263176   0.0000094450  -0.0000348830
        0.0001789251   0.0001766641   0.0000368673   0.0002144102   0.0001127418
        0.0000562194  -0.0001968449   0.0013318035   0.0004442030  -0.0000449716
        0.0011165012  -0.0002250170   0.0010629664  -0.0004741456   0.0005695048
        0.0007106111  -0.0111827314  -0.0085267925  -0.0004320963  -0.0284481841
       -0.0068165241  -0.0102963808  -0.0904148014   0.1690258770  -0.2488076467
        0.1568276574  -0.0692024312  -0.2540657117
       -0.0438489107  -0.0010241719   0.0010565840  -0.0010447995   0.0153123925
        0.0018292553   0.0007159608   0.0013481633   0.0003431475  -0.0002718780
        0.0000134324  -0.0000567890   0.0000333784  -0.0001222094  -0.0000151375
        0.0484455939  -0.0005762709   0.0012269998  -0.0029875723  -0.0318065356
       -0.0080758008  -0.0000665220   0.0153708310   0.0058982097  -0.0010434918
        0.0024233019  -0.0024917369   0.0001778104  -0.0004607010   0.0003975712
        0.0000882667  -0.0001729361   0.0001062750  -0.0003341139  -0.0002480217
       -0.0004217368   0.0001515604  -0.0001981226   0.0000011298  -0.0000632049
        0.0001293427   0.0001856556   0.0000207462   0.0000026884   0.0000327315
        0.0000271763   0.0000088169  -0.0000163584
       -0.0008154967  -0.2691546236  -0.0557897745   0.0031123660  -0.0210065077
       -0.0004956112  -0.0006456643   0.0010965377  -0.0006159650  -0.0000214210
       -0.0000822660   0.0001118957  -0.0000907545   0.0002000613   0.0000023022
       -0.0005762709   0.3135017925   0.0627011700  -0.0034045978  -0.0150032903
       -0.0043682801   0.0006808729  -0.0078692369  -0.0047436433   0.0019881686
       -0.0024112807   0.0036429996  -0.0003678829   0.0002803529  -0.0002729698
       -0.0003430795   0.0001146107  -0.0001192070   0.0005107824   0.0004044106
        0.0001719168  -0.0001935951   0.0000756979  -0.0000095569   0.0002259600
       -0.0000983375  -0.0001880343  -0.0000271859  -0.0000206200  -0.0000377688
       -0.0000322016  -0.0000273009   0.0000105266
        0.0011374889  -0.0558828619  -0.0573725746  -0.0014014218   0.0214444367
        0.0040378908   0.0005493029   0.0004427472   0.0006128466  -0.0000047517
       -0.0001138716   0.0001197507   0.0000404367   0.0000488673  -0.0000263176
        0.0012269998   0.0627011700   0.0651705290  -0.0002485842  -0.0023206024
       -0.0000056198   0.0010775856  -0.0299319909  -0.0103320517  -0.0025301372
        0.0034368910  -0.0025758476   0.0000701844   0.0004948158   0.0005751056
        0.0001943990  -0.0000077003   0.0000368410  -0.0002008704  -0.0001863799
        0.0000498032  -0.0000103499   0.0000861533  -0.0001623398   0.0001017260
       -0.0001985979  -0.0001164790  -0.0000208000   0.0000047448  -0.0000107341
        0.0000187920  -0.0000178213  -0.0000008025
       -0.2565677909  -0.0742413552  -0.0115969404  -0.0178323773  -0.0038818326
       -0.0039072136  -0.0011626334   0.0025936091  -0.0028480990   0.0000802595
       -0.0001881757  -0.0003280728  -0.0000131455   0.0000018049   0.0000094450
       -0.0029875723  -0.0034045978  -0.0002485842   0.2977440643   0.0855942169
        0.0158022976  -0.0191929827  -0.0064091774   0.0029918525  -0.0000359033
        0.0000792676   0.0003768033   0.0006827910  -0.0004249307   0.0001842936
       -0.0011240228  -0.0001397391  -0.0003973550   0.0002404863   0.0002864887
        0.0001317946  -0.0000403947   0.0000298095  -0.0000423684   0.0001650642
        0.0000626128  -0.0001639771   0.0000326326   0.0000110497  -0.0000031478
        0.0000115250   0.0000309493   0.0000392720
       -0.0744732071  -0.0692309061  -0.0056984997   0.0147062729   0.0044261289
        0.0021429196   0.0014512329  -0.0009437461   0.0019200143   0.0000943719
        0.0000490844   0.0001602260  -0.0000246182   0.0000245779  -0.0000348830
       -0.0318065356  -0.0150032903  -0.0023206024   0.0855942169   0.0779874130
        0.0040624281   0.0033966616   0.0017639378  -0.0000318198   0.0003784839
        0.0002811405  -0.0000151725  -0.0000032675   0.0003335779  -0.0004577756
        0.0006841256   0.0003115020   0.0002710243   0.0000665254   0.0000157190
        0.0001405428  -0.0000479938   0.0000188682  -0.0000018362  -0.0000127040
       -0.0000507056  -0.0001076621  -0.0000182844   0.0000227460  -0.0000196616
        0.0000147193  -0.0000060476  -0.0000092422
       -0.0112209251  -0.0055360723  -0.0433920876  -0.0218496757  -0.0053376073
       -0.0035086865  -0.0024743448   0.0026039535  -0.0028361196   0.0002440257
        0.0000211839  -0.0000964361   0.0000848100  -0.0000319697   0.0001789251
       -0.0080758008  -0.0043682801  -0.0000056198   0.0158022976   0.0040624281
        0.0506069070   0.0291872492   0.0094878133  -0.0010487472   0.0001997408
       -0.0002928825   0.0003127911  -0.0006640561  -0.0004533847   0.0002793303
       -0.0012699430  -0.0001880243  -0.0004658273   0.0002084283   0.0001615333
       -0.0000576618   0.0000022455   0.0000222683  -0.0000262690  -0.0002070885
       -0.0001497489  -0.0000077283   0.0000719586  -0.0000319869   0.0000211863
       -0.0000389217   0.0000307762   0.0000460434
       -0.0907585753   0.0132487538   0.0957393859   0.0065833179  -0.0016477945
       -0.0121749459   0.0004914384  -0.0000521928  -0.0000896738  -0.0010805231
        0.0004183872  -0.0007367839   0.0002877892   0.0000261260   0.0001766641
       -0.0000665220   0.0006808729   0.0010775856  -0.0191929827   0.0033966616
        0.0291872492   0.1055771046  -0.0166741137  -0.1107132140   0.0003933302
       -0.0004985947   0.0000771830  -0.0003735935   0.0014340355  -0.0028179954
       -0.0000594547   0.0000125843   0.0002086817  -0.0000489039  -0.0000317234
        0.0000186658   0.0000303317   0.0001149804   0.0000198172  -0.0018265715
       -0.0003615327  -0.0000221927   0.0000775122  -0.0000560978   0.0000439135
       -0.0000336976  -0.0000103521   0.0000056599
        0.0132895200  -0.0484887280  -0.0291133108  -0.0063098394   0.0014731912
        0.0151608855  -0.0001563228   0.0003618524  -0.0004676464   0.0000028726
        0.0003508619  -0.0002709067  -0.0000953563  -0.0002117316   0.0000368673
        0.0153708310  -0.0078692369  -0.0299319909  -0.0064091774   0.0017639378
        0.0094878133  -0.0166741137   0.0534342022   0.0307725360  -0.0005338982
        0.0004659088   0.0006276378   0.0015456395  -0.0011563097   0.0035489460
       -0.0000444921  -0.0000722338  -0.0000151175   0.0000831591  -0.0001834097
       -0.0001246447   0.0001601890  -0.0003685880   0.0001388978  -0.0002633382
        0.0004619394   0.0001160244   0.0000372584   0.0000037830   0.0000391926
       -0.0000029316   0.0000345608  -0.0000051836
        0.0954739777  -0.0286777710  -0.2317662458   0.0080152705   0.0001123110
       -0.0248996428   0.0003664624  -0.0002341773   0.0004466411   0.0002337732
        0.0002135347   0.0001019597   0.0002658428   0.0000624499   0.0002144102
        0.0058982097  -0.0047436433  -0.0103320517   0.0029918525  -0.0000318198
       -0.0010487472  -0.1107132140   0.0307725360   0.2700267362   0.0003862720
       -0.0004051317   0.0008348258  -0.0026140829   0.0033623127  -0.0042718440
        0.0002201216  -0.0001192824   0.0001151731   0.0001100491  -0.0000751475
       -0.0002443380  -0.0001034760   0.0001596456   0.0000411084  -0.0006113364
       -0.0003151901   0.0007339128   0.0000745271  -0.0000800101   0.0000243976
        0.0000057508  -0.0000006167   0.0000237046
       -0.0013249249   0.0152094222   0.0014778144  -0.0430201861   0.0087930932
        0.0041644433  -0.0032757812  -0.0284301572  -0.0077450501   0.0006549311
       -0.0014460462  -0.0009351681   0.0004413855   0.0004989042   0.0001127418
       -0.0010434918   0.0019881686  -0.0025301372  -0.0000359033   0.0003784839
        0.0001997408   0.0003933302  -0.0005338982   0.0003862720   0.0533757589
       -0.0102859803  -0.0013189236  -0.0008993909   0.0164817608   0.0070238742
        0.0004767633  -0.0001665008   0.0000914503  -0.0053598599  -0.0030256020
       -0.0011703344  -0.0004614736   0.0005055041   0.0002901337  -0.0000025418
        0.0001378685  -0.0000520613   0.0000236272  -0.0000953167  -0.0000297838
        0.0000577572  -0.0000097042   0.0000349880
        0.0035569982  -0.0202855862  -0.0012386127   0.0092947893  -0.2518035611
       -0.0588216464  -0.0042425921  -0.0146063536  -0.0044928856   0.0010051686
        0.0005823984  -0.0000025958   0.0003314899   0.0003589191   0.0000562194
        0.0024233019  -0.0024112807   0.0034368910   0.0000792676   0.0002811405
       -0.0002928825  -0.0004985947   0.0004659088  -0.0004051317  -0.0102859803
        0.2948453125   0.0672647827   0.0017706233  -0.0067458989  -0.0046619400
        0.0001954289   0.0002582711  -0.0001294615  -0.0031055628  -0.0010276989
       -0.0010755999  -0.0005794903   0.0003992457   0.0003075058  -0.0000154133
       -0.0002395187   0.0000672313   0.0000434025  -0.0000566043  -0.0000294321
        0.0000271632  -0.0000146937   0.0000175580
       -0.0027829845   0.0218307079   0.0037373506   0.0045856074  -0.0593968376
       -0.0607726243  -0.0015198989  -0.0059266412  -0.0009027528   0.0005207195
        0.0009830757   0.0006357229   0.0000117485  -0.0000514396  -0.0001968449
       -0.0024917369   0.0036429996  -0.0025758476   0.0003768033  -0.0000151725
        0.0003127911   0.0000771830   0.0006276378   0.0008348258  -0.0013189236
        0.0672647827   0.0701418979   0.0038010500  -0.0285416374  -0.0112459342
       -0.0000627055  -0.0002784686  -0.0002698817  -0.0012774599  -0.0002442563
        0.0002809926   0.0000979548  -0.0000012518   0.0001883650  -0.0000002664
        0.0001094500  -0.0001698218  -0.0000574385  -0.0000341429  -0.0000189658
        0.0000403477   0.0000311943   0.0000207274
        0.0058289165   0.0000359306  -0.0120947385  -0.1002404433   0.0098632155
        0.1010087230  -0.0216811992   0.0010579734   0.0236709904  -0.0047129751
       -0.0025849135  -0.0017318699  -0.0014414824  -0.0001792055   0.0013318035
        0.0001778104  -0.0003678829   0.0000701844   0.0006827910  -0.0000032675
       -0.0006640561  -0.0003735935   0.0015456395  -0.0026140829  -0.0008993909
        0.0017706233   0.0038010500   0.1225511244  -0.0116985644  -0.1132864166
        0.0000730879   0.0004384197   0.0005739797   0.0004631298   0.0001017928
        0.0002477122   0.0000699931  -0.0001505557  -0.0002000247   0.0000064712
        0.0000856136  -0.0001870427   0.0000419961   0.0001060778   0.0001397905
       -0.0005462360  -0.0000208966  -0.0000660023
       -0.0063913485   0.0009713930   0.0158738268   0.0100235982  -0.0472044007
       -0.0176575430  -0.0073608433   0.0012074334   0.0086095254  -0.0014288804
       -0.0001276081  -0.0006994514  -0.0003676870   0.0001682631   0.0004442030
       -0.0004607010   0.0002803529   0.0004948158  -0.0004249307   0.0003335779
       -0.0004533847   0.0014340355  -0.0011563097   0.0033623127   0.0164817608
       -0.0067458989  -0.0285416374  -0.0116985644   0.0520207963   0.0179690473
        0.0006461369   0.0002589768   0.0000468363  -0.0002132956   0.0000040470
        0.0003862893  -0.0001694524   0.0000842335   0.0000750501   0.0000889761
       -0.0000832103   0.0000591341   0.0000343146   0.0000018713   0.0000359490
       -0.0001931186  -0.0000135175  -0.0000049734
        0.0084930699   0.0012078576  -0.0254463939   0.1009414339  -0.0176144089
       -0.2096493781   0.0000161052   0.0000867988   0.0015501840  -0.0001856103
        0.0000749079   0.0011671074   0.0001572499   0.0001831241  -0.0000449716
        0.0003975712  -0.0002729698   0.0005751056   0.0001842936  -0.0004577756
        0.0002793303  -0.0028179954   0.0035489460  -0.0042718440   0.0070238742
       -0.0046619400  -0.0112459342  -0.1132864166   0.0179690473   0.2460863684
       -0.0004724885  -0.0002548730   0.0008575945  -0.0000771958   0.0002459344
        0.0000040769  -0.0001409250   0.0001286085   0.0000186729  -0.0002095221
       -0.0000924639   0.0000775570   0.0000156101  -0.0001095232   0.0000009215
       -0.0000390543   0.0000187297   0.0000416034
       -0.0054757318  -0.0024577996  -0.0012184920  -0.0162586847   0.0121382611
       -0.0233742475  -0.0715132707   0.0401459102  -0.0662322671   0.0044571088
       -0.0076728677   0.0150454750   0.0018351101  -0.0000362499   0.0011165012
        0.0000882667  -0.0003430795   0.0001943990  -0.0011240228   0.0006841256
       -0.0012699430  -0.0000594547  -0.0000444921   0.0002201216   0.0004767633
        0.0001954289  -0.0000627055   0.0000730879   0.0006461369  -0.0004724885
        0.0895445459  -0.0456908647   0.0759375503   0.0001013349   0.0024325831
       -0.0021435094   0.0003784226  -0.0005688759  -0.0003614798  -0.0020414995
        0.0002490368   0.0029865210  -0.0006048114   0.0003183029  -0.0002118907
        0.0001228354   0.0000044438  -0.0001535445
       -0.0011610704   0.0002930785  -0.0002885812  -0.0042731392   0.0043112092
       -0.0068042633   0.0403479699  -0.0962037091   0.0843071147  -0.0016653284
        0.0029799043  -0.0024699355  -0.0004295049  -0.0001462585  -0.0002250170
       -0.0001729361   0.0001146107  -0.0000077003  -0.0001397391   0.0003115020
       -0.0001880243   0.0000125843  -0.0000722338  -0.0001192824  -0.0001665008
        0.0002582711  -0.0002784686   0.0004384197   0.0002589768  -0.0002548730
       -0.0456908647   0.1073098934  -0.0985890383   0.0130811253  -0.0211367323
        0.0262630240  -0.0001775986   0.0004803855  -0.0006206938   0.0003678878
        0.0010120198  -0.0007257070  -0.0004460831   0.0004015815   0.0002437871
        0.0000747782  -0.0001724991  -0.0002423411
       -0.0018489254  -0.0010790448   0.0007582039  -0.0050953266   0.0035997766
       -0.0060918060  -0.0671228797   0.0842595890  -0.1871629982  -0.0053095301
        0.0126214280  -0.0274962697  -0.0010720936  -0.0005085180   0.0010629664
        0.0001062750  -0.0001192070   0.0000368410  -0.0003973550   0.0002710243
       -0.0004658273   0.0002086817  -0.0000151175   0.0001151731   0.0000914503
       -0.0001294615  -0.0002698817   0.0005739797   0.0000468363   0.0008575945
        0.0759375503  -0.0985890383   0.2202810490   0.0005207280   0.0004022688
        0.0024803561  -0.0006797048   0.0003230370   0.0004096581   0.0037260623
       -0.0011633278  -0.0052316444   0.0008504516  -0.0002088022   0.0001700237
       -0.0004893638   0.0002885573   0.0005465614
        0.0009830307  -0.0009708603   0.0003486338  -0.0031004694  -0.0281057939
       -0.0062017403  -0.0418349561   0.0052578346  -0.0001394419  -0.0020492373
        0.0184259035   0.0061074898   0.0010572821  -0.0004720520  -0.0004741456
       -0.0003341139   0.0005107824  -0.0002008704   0.0002404863   0.0000665254
        0.0002084283  -0.0000489039   0.0000831591   0.0001100491  -0.0053598599
       -0.0031055628  -0.0012774599   0.0004631298  -0.0002132956  -0.0000771958
        0.0001013349   0.0130811253   0.0005207280   0.0514782962  -0.0056910533
       -0.0014823348  -0.0022670006   0.0009583862   0.0034110350   0.0005749752
       -0.0001000313  -0.0006972245  -0.0001036817   0.0002626738   0.0000431484
        0.0001996875   0.0000122589  -0.0001990993
        0.0010850899   0.0013742352   0.0004083745  -0.0038784957  -0.0142120047
       -0.0032581618   0.0062267834  -0.2682723839  -0.0395807780   0.0024021411
       -0.0093552929  -0.0045657870  -0.0001206695   0.0009329137   0.0005695048
       -0.0002480217   0.0004044106  -0.0001863799   0.0002864887   0.0000157190
        0.0001615333  -0.0000317234  -0.0001834097  -0.0000751475  -0.0030256020
       -0.0010276989  -0.0002442563   0.0001017928   0.0000040470   0.0002459344
        0.0024325831  -0.0211367323   0.0004022688  -0.0056910533   0.3109870243
        0.0475720607   0.0010130652   0.0000455867  -0.0021199075  -0.0003822600
        0.0006172526   0.0003545517   0.0000843721  -0.0003824072  -0.0000239997
       -0.0002544908   0.0001887404   0.0003401896
        0.0002351124  -0.0007323851   0.0003002026  -0.0010514467  -0.0058772959
       -0.0005503800  -0.0001662252  -0.0387897173  -0.0515978559   0.0037482663
       -0.0251628814  -0.0073086401  -0.0010923704   0.0005348077   0.0007106111
       -0.0004217368   0.0001719168   0.0000498032   0.0001317946   0.0001405428
       -0.0000576618   0.0000186658  -0.0001246447  -0.0002443380  -0.0011703344
       -0.0010755999   0.0002809926   0.0002477122   0.0003862893   0.0000040769
       -0.0021435094   0.0262630240   0.0024803561  -0.0014823348   0.0475720607
        0.0598413113   0.0037591441  -0.0025764092  -0.0043344300  -0.0003729529
       -0.0009025122   0.0004863979  -0.0000222605   0.0001320324  -0.0001561274
       -0.0002175242   0.0000407722   0.0000956814
       -0.0002007195  -0.0001030739  -0.0000127103   0.0007863802   0.0015876764
        0.0006074677  -0.0024281193   0.0179237395   0.0062204516  -0.0382460863
        0.0064841019   0.0002711419  -0.0182913193  -0.0372927487  -0.0111827314
        0.0001515604  -0.0001935951  -0.0000103499  -0.0000403947  -0.0000479938
        0.0000022455   0.0000303317   0.0001601890  -0.0001034760  -0.0004614736
       -0.0005794903   0.0000979548   0.0000699931  -0.0001694524  -0.0001409250
        0.0003784226  -0.0001775986  -0.0006797048  -0.0022670006   0.0010130652
        0.0037591441   0.0574151432   0.0017286912   0.0000181019   0.0009933582
        0.0100270520   0.0008569176   0.0011071872  -0.0003133959   0.0010462488
        0.0010027367  -0.0000471664  -0.0007497764
        0.0001859548   0.0002450270  -0.0000823057  -0.0005074669   0.0007826540
        0.0005456917   0.0035607037  -0.0102697019  -0.0051691569   0.0134073278
       -0.2207013293  -0.0334188760  -0.0221925941  -0.0191454586  -0.0085267925
       -0.0001981226   0.0000756979   0.0000861533   0.0000298095   0.0000188682
        0.0000222683   0.0001149804  -0.0003685880   0.0001596456   0.0005055041
        0.0003992457  -0.0000012518  -0.0001505557   0.0000842335   0.0001286085
       -0.0005688759   0.0004803855   0.0003230370   0.0009583862   0.0000455867
       -0.0025764092   0.0017286912   0.2688185616   0.0475197963   0.0028355546
       -0.0244063805   0.0001767742   0.0002601394   0.0022306551   0.0006669447
        0.0000305636   0.0017105431   0.0001458725
       -0.0001443958   0.0001115068   0.0001473604  -0.0006766808  -0.0002644030
        0.0004601190   0.0050984941  -0.0254872805  -0.0081293410   0.0020359488
       -0.0335251394  -0.0535816548  -0.0079822191  -0.0119350871  -0.0004320963
        0.0000011298  -0.0000095569  -0.0001623398  -0.0000423684  -0.0000018362
       -0.0000262690   0.0000198172   0.0001388978   0.0000411084   0.0002901337
        0.0003075058   0.0001883650  -0.0002000247   0.0000750501   0.0000186729
       -0.0003614798  -0.0006206938   0.0004096581   0.0034110350  -0.0021199075
       -0.0043344300   0.0000181019   0.0475197963   0.0620577301  -0.0020167252
        0.0254519542   0.0027698776   0.0001415621  -0.0008348290   0.0003329680
        0.0004076712   0.0011940226   0.0002402715
       -0.0010272368   0.0000843814   0.0006178474   0.0004285188  -0.0000058587
        0.0000941825   0.0044957181  -0.0084530453   0.0148985437  -0.0582513188
        0.0354317837  -0.0505937846  -0.0188789350   0.0124139106  -0.0284481841
       -0.0000632049   0.0002259600   0.0001017260   0.0001650642  -0.0000127040
       -0.0002070885  -0.0018265715  -0.0002633382  -0.0006113364  -0.0000025418
       -0.0000154133  -0.0000002664   0.0000064712   0.0000889761  -0.0002095221
       -0.0020414995   0.0003678878   0.0037260623   0.0005749752  -0.0003822600
       -0.0003729529   0.0009933582   0.0028355546  -0.0020167252   0.0822573325
       -0.0411820300   0.0665076783  -0.0069454536  -0.0019695094  -0.0024024083
        0.0001153238   0.0008357047  -0.0010837718
        0.0001022891   0.0001870153   0.0001947728  -0.0001479060   0.0001153465
        0.0003557823  -0.0017752413   0.0027379132  -0.0022955985   0.0370173841
       -0.1090176126   0.0952730697  -0.0025446621   0.0056420517  -0.0068165241
        0.0001293427  -0.0000983375  -0.0001985979   0.0000626128  -0.0000507056
       -0.0001497489  -0.0003615327   0.0004619394  -0.0003151901   0.0001378685
       -0.0002395187   0.0001094500   0.0000856136  -0.0000832103  -0.0000924639
        0.0002490368   0.0010120198  -0.0011633278  -0.0001000313   0.0006172526
       -0.0009025122   0.0100270520  -0.0244063805   0.0254519542  -0.0411820300
        0.1217543471  -0.1081381777  -0.0020318265   0.0009125217  -0.0012209766
        0.0003320301   0.0004553578  -0.0000919111
       -0.0006735988  -0.0001868503   0.0004236108  -0.0003078087   0.0000794287
        0.0004043490  -0.0038402290   0.0124706308  -0.0241417580  -0.0523143877
        0.0935310116  -0.1834788304  -0.0098792715   0.0031622236  -0.0102963808
        0.0001856556  -0.0001880343  -0.0001164790  -0.0001639771  -0.0001076621
       -0.0000077283  -0.0000221927   0.0001160244   0.0007339128  -0.0000520613
        0.0000672313  -0.0001698218  -0.0001870427   0.0000591341   0.0000775570
        0.0029865210  -0.0007257070  -0.0052316444  -0.0006972245   0.0003545517
        0.0004863979   0.0008569176   0.0001767742   0.0027698776   0.0665076783
       -0.1081381777   0.2178690086  -0.0029870316  -0.0004619390   0.0003592559
        0.0005880531  -0.0002086400   0.0003186734
       -0.0000985168  -0.0000612821   0.0000986951   0.0001886430  -0.0000387492
        0.0000848870   0.0008288210   0.0004475218  -0.0011506831  -0.0150819088
        0.0169213244  -0.0261562317  -0.0871190632   0.0532933069  -0.0904148014
        0.0000207462  -0.0000271859  -0.0000208000   0.0000326326  -0.0000182844
        0.0000719586   0.0000775122   0.0000372584   0.0000745271   0.0000236272
        0.0000434025  -0.0000574385   0.0000419961   0.0000343146   0.0000156101
       -0.0006048114  -0.0004460831   0.0008504516  -0.0001036817   0.0000843721
       -0.0000222605   0.0011071872   0.0002601394   0.0001415621  -0.0069454536
       -0.0020318265  -0.0029870316   0.1008590241  -0.0584444586   0.1008026187
        0.0067732459  -0.0100537703   0.0186689365
       -0.0000893684  -0.0000252963   0.0000448767  -0.0000201718  -0.0000853760
       -0.0001250154  -0.0003629996   0.0001191421   0.0003516726  -0.0067343035
        0.0029919438  -0.0108271601   0.0674581387  -0.1192837340   0.1690258770
        0.0000026884  -0.0000206200   0.0000047448   0.0000110497   0.0000227460
       -0.0000319869  -0.0000560978   0.0000037830  -0.0000800101  -0.0000953167
       -0.0000566043  -0.0000341429   0.0001060778   0.0000018713  -0.0001095232
        0.0003183029   0.0004015815  -0.0002088022   0.0002626738  -0.0003824072
        0.0001320324  -0.0003133959   0.0022306551  -0.0008348290  -0.0019695094
        0.0009125217  -0.0004619390  -0.0584444586   0.1109152164  -0.1505087392
       -0.0000733097   0.0022545770  -0.0063370556
       -0.0000513259  -0.0000427281  -0.0000150454   0.0003408599   0.0000631499
       -0.0002770064   0.0014369035  -0.0002025215   0.0015480739  -0.0083054836
        0.0045029009  -0.0091448395  -0.0841287043   0.1280571559  -0.2488076467
        0.0000327315  -0.0000377688  -0.0000107341  -0.0000031478  -0.0000196616
        0.0000211863   0.0000439135   0.0000391926   0.0000243976  -0.0000297838
       -0.0000294321  -0.0000189658   0.0001397905   0.0000359490   0.0000009215
       -0.0002118907   0.0002437871   0.0001700237   0.0000431484  -0.0000239997
       -0.0001561274   0.0010462488   0.0006669447   0.0003329680  -0.0024024083
       -0.0012209766   0.0003592559   0.1008026187  -0.1505087392   0.2837951910
       -0.0087534702   0.0184767476  -0.0278216524
       -0.0000095007  -0.0000147035   0.0000157307  -0.0010036988   0.0003676693
        0.0014808122  -0.0066311462  -0.0025183995  -0.0018814306  -0.0230653145
        0.0063271287   0.0239746225  -0.1690021518   0.0303376487   0.1568276574
        0.0000271763  -0.0000322016   0.0000187920   0.0000115250   0.0000147193
       -0.0000389217  -0.0000336976  -0.0000029316   0.0000057508   0.0000577572
        0.0000271632   0.0000403477  -0.0005462360  -0.0001931186  -0.0000390543
        0.0001228354   0.0000747782  -0.0004893638   0.0001996875  -0.0002544908
       -0.0002175242   0.0010027367   0.0000305636   0.0004076712   0.0001153238
        0.0003320301   0.0005880531   0.0067732459  -0.0000733097  -0.0087534702
        0.1919814578  -0.0344225458  -0.1719396728
        0.0000229571  -0.0000118953  -0.0000257089  -0.0003391094   0.0001642798
        0.0001739135  -0.0016579250   0.0000036929  -0.0006994048  -0.0128285120
       -0.0015352080   0.0084234343   0.0584748513  -0.0332834220  -0.0692024312
        0.0000088169  -0.0000273009  -0.0000178213   0.0000309493  -0.0000060476
        0.0000307762  -0.0000103521   0.0000345608  -0.0000006167  -0.0000097042
       -0.0000146937   0.0000311943  -0.0000208966  -0.0000135175   0.0000187297
        0.0000044438  -0.0001724991   0.0002885573   0.0000122589   0.0001887404
        0.0000407722  -0.0000471664   0.0017105431   0.0011940226   0.0008357047
        0.0004553578  -0.0002086400  -0.0100537703   0.0022545770   0.0184767476
       -0.0344225458   0.0302528322   0.0414764751
        0.0000766399   0.0000300691  -0.0000021624  -0.0001906886  -0.0000802285
        0.0001980846  -0.0005133077  -0.0001022468   0.0009043769  -0.0042359015
       -0.0003127224   0.0042872463   0.1603226271  -0.0348347862  -0.2540657117
       -0.0000163584   0.0000105266  -0.0000008025   0.0000392720  -0.0000092422
        0.0000460434   0.0000056599  -0.0000051836   0.0000237046   0.0000349880
        0.0000175580   0.0000207274  -0.0000660023  -0.0000049734   0.0000416034
       -0.0001535445  -0.0002423411   0.0005465614  -0.0001990993   0.0003401896
        0.0000956814  -0.0007497764   0.0001458725   0.0002402715  -0.0010837718
       -0.0000919111   0.0003186734   0.0186689365  -0.0063370556  -0.0278216524
       -0.1719396728   0.0414764751   0.2751673548
