           1           2   1.02108756988388     
           2           3  0.991246458719151     
           3           4  0.978355740990135     
           4           5   1.69575619757021     
           4           6   1.16445379002584     
           5           6  0.170169501279958     
           6           7  0.919933683736689     
           7           8   1.01343820558366     
           1           9  0.987528975493932     
           1          10  0.986050530965579     
           1          11  0.986320297177378     
           2          12  0.976887664122976     
           2          13  0.975839215865070     
           3          14  0.944209106829560     
           3          15  0.970956846519415     
           7          16  0.969158883021287     
           7          17  0.970289946971060     
           8          18  0.980304618355000     
           8          19  0.985987808787252     
           8          20  0.984449366341016     
