           1           2  0.988161465495066     
           2           3  0.959533105257060     
           2           4  0.972567545333736     
           4           5   1.39897864041159     
           5           6   1.46103721062463     
           4           7  0.100352204118478     
           6           7   1.37850232330847     
           7           8   1.35743812070265     
           4           9   1.40741710159791     
           6           9  0.104855607362935     
           8           9   1.41261844698978     
           8          10  0.921815724138537     
           7          11   1.04337246015464     
          11          12   1.38742003808975     
          12          13   1.45266395053197     
          11          14  0.105622712597422     
          13          14   1.43333576922948     
          12          15  0.109329811224957     
          14          15   1.43743853043782     
          11          16   1.39312967373406     
          13          16  0.108961481980712     
          15          16   1.44798926091223     
           2          17  0.951503226213266     
          17          18   1.71106407028789     
          17          19   1.18290332981160     
          18          19  0.174443219354601     
           1          20  0.983961043130599     
           1          21  0.984399104675164     
           1          22  0.983088924289389     
           5          23  0.964403190696521     
           6          24  0.965423924753273     
           9          25  0.962031073588339     
          12          26  0.968222551790100     
          13          27  0.969827305984609     
          14          28  0.970691388737393     
          15          29  0.970138999738257     
          16          30  0.970034077255711     
          19          31  0.798124653727414     
