           1           2   1.02046794662754     
           2           3  0.994445793950454     
           3           4   1.02593201756448     
           4           5  0.943764337685959     
           1           6  0.986897775298698     
           1           7  0.986195039816665     
           1           8  0.986504450635557     
           2           9  0.974854755057719     
           2          10  0.977347392237123     
           3          11  0.976724483471011     
           3          12  0.976265662286583     
           4          13  0.980594751247142     
           4          14  0.979326020341475     
