           1           2  0.990857954002248     
           2           3  0.929688611733538     
           2           4  0.990826621520643     
           4           5   1.40787145005897     
           5           6   1.45472007261323     
           4           7  0.101682318220313     
           6           7   1.38318090647367     
           7           8   1.35363706320040     
           4           9   1.40366535929643     
           6           9  0.106310587042242     
           8           9   1.41965719486574     
           8          10  0.919171503760059     
           7          11   1.04352567565738     
          11          12   1.39322916898454     
          12          13   1.44797926311487     
          11          14  0.105646307793390     
          13          14   1.43745199590670     
          12          15  0.108935556601391     
          14          15   1.43326533008891     
          11          16   1.38733191723687     
          13          16  0.109314652246645     
          15          16   1.45276544176978     
           2          17  0.959035785075567     
          17          18   1.69691694107296     
          17          19   1.19459388150218     
          18          19  0.175340151191551     
           1          20  0.984370080328108     
           1          21  0.980918607291860     
           1          22  0.985304849918522     
           5          23  0.964826353035192     
           6          24  0.965092188832826     
           9          25  0.964433877022684     
          12          26  0.970105114168661     
          13          27  0.970176185732768     
          14          28  0.970690444777437     
          15          29  0.969809813082314     
          16          30  0.968158907611137     
          19          31  0.799394219228584     
