$hessian                                                                        
        0.5141627438   0.0072603045   0.0068183125  -0.0580254105   0.0014684965
       -0.0045341887   0.0005597572  -0.0053004559  -0.0041864542  -0.0098745046
        0.0115519671   0.0218439839   0.0006248131  -0.0002080202  -0.0012075592
        0.0002176453  -0.0003288313  -0.0001566289   0.0002235730  -0.0001922023
       -0.0011473547  -0.1265725434   0.0409218483  -0.1066267719  -0.2508481357
        0.0250059004   0.0748815779  -0.0687736244  -0.0671712146   0.0282867807
       -0.0007551562  -0.0125821029  -0.0157542795   0.0005723083  -0.0002255452
       -0.0003007416   0.0002596774  -0.0013931434   0.0004426406   0.0001799449
        0.0006032439   0.0003544792   0.0005652145  -0.0000366217   0.0000350599
       -0.0001007175   0.0000861799   0.0001313368  -0.0002928021   0.0001881806
       -0.0000284743   0.0000127255   0.0000523648  -0.0000015554  -0.0001255283
        0.0002587863   0.0000922239  -0.0016518068  -0.0000990180   0.0006991291
       -0.0003581735   0.0001398833   0.0003584840
        0.0072603045   0.4902055410  -0.0393875550  -0.0061228780  -0.1280231736
       -0.0647428895  -0.0022960419  -0.0262507025  -0.0176813140   0.0058329678
       -0.0002627304  -0.0045071363  -0.0001395547  -0.0002603162  -0.0002321719
       -0.0003463495  -0.0000213521   0.0001514350   0.0000209345  -0.0003427204
       -0.0001372672   0.0407068685  -0.0632892397   0.0530514308   0.0241987549
       -0.0449992375  -0.0072358368  -0.0681907869  -0.2255329049   0.0802199101
        0.0000194596   0.0027555346   0.0011361530   0.0004835105   0.0001720360
       -0.0004853438  -0.0016033905  -0.0057565008   0.0010634792  -0.0001048519
        0.0011121969  -0.0012779159   0.0000645213   0.0001062412   0.0001127606
        0.0000418898   0.0000898994  -0.0000620255   0.0001490920  -0.0001499369
       -0.0000073108   0.0000507571   0.0000009606  -0.0000958171  -0.0001594846
        0.0001222515   0.0000870664   0.0001673286   0.0002896749  -0.0000123136
       -0.0000330509   0.0000344788   0.0000426623
        0.0068183125  -0.0393875550   0.4861779186  -0.0085189137  -0.0692661872
       -0.1342868348  -0.0004784370   0.0028581338   0.0046409946   0.0092777953
       -0.0076613666  -0.0126033204  -0.0007964775   0.0003904262   0.0003007637
        0.0001215779  -0.0001036319  -0.0004372082   0.0006818114   0.0002169746
       -0.0003354581  -0.1062867772   0.0531113039  -0.1793155428   0.0738420323
       -0.0073470751  -0.0689464826   0.0281960966   0.0797062306  -0.0768888684
       -0.0032255660  -0.0162842575  -0.0207540252  -0.0002210017   0.0002413365
        0.0002720059   0.0004863732   0.0024084358   0.0002728259   0.0004848777
        0.0010433414   0.0011752844  -0.0000502300   0.0000655124   0.0002074560
        0.0000582775   0.0000602856  -0.0000826191  -0.0001958699   0.0003183128
        0.0002016602   0.0000378853  -0.0000624044   0.0000560335   0.0000871184
       -0.0000730416  -0.0001035338  -0.0004648701  -0.0003514649   0.0004031307
        0.0001459851   0.0001166905   0.0000458200
       -0.0580254105  -0.0061228780  -0.0085189137   0.3486279483  -0.0041666334
        0.0744420984  -0.0644457046  -0.0212631492   0.0052996048  -0.0680967164
       -0.0004216025   0.0280190460  -0.0088412961   0.0015740661   0.0046640398
        0.0006036953  -0.0002384535   0.0007756478   0.0002463366  -0.0001770209
        0.0004265639  -0.0006204016  -0.0123126473  -0.0147079665  -0.0026953855
        0.0185930988   0.0197257227  -0.0003853427  -0.0070748758  -0.0064336581
       -0.1391660507   0.0391126865  -0.1039023853  -0.0102505882  -0.0250878399
        0.0106915665   0.0000736489   0.0011213413  -0.0008070507   0.0042688310
        0.0163068284  -0.0067968862  -0.0022619863  -0.0000401146  -0.0017916100
       -0.0001043364   0.0001466465  -0.0001830191   0.0002082948   0.0002025012
       -0.0004227809   0.0004412731  -0.0000081887   0.0000100225  -0.0001751531
        0.0001326865  -0.0001656394   0.0001844870  -0.0001714990  -0.0003406704
        0.0004138572  -0.0001049525   0.0000162681
        0.0014684965  -0.1280231736  -0.0692661872  -0.0041666334   0.4410389864
       -0.0099465538  -0.0298865811  -0.1738569611   0.0451615463  -0.0015438869
       -0.0191680553   0.0026813920   0.0021512727  -0.0023211874  -0.0016106340
       -0.0003482111  -0.0002323018  -0.0004608405  -0.0002271902  -0.0003038612
        0.0001545088  -0.0012515816   0.0047910648   0.0026519990   0.0025880927
       -0.0049139513  -0.0065570907  -0.0006419578  -0.0238671824  -0.0194116020
        0.0410361325  -0.0542197205   0.0404363890  -0.0041188392  -0.0041604787
        0.0029771801  -0.0061368150  -0.0241072198   0.0051984159  -0.0001764221
       -0.0109524277   0.0073530884   0.0014006723   0.0003814641   0.0006661622
        0.0002827882  -0.0003497999  -0.0001042553   0.0001302439   0.0003972159
        0.0001883345  -0.0001283853  -0.0000094304   0.0000334197  -0.0001652334
       -0.0001055934   0.0001019232  -0.0003293670   0.0000573877  -0.0001865924
        0.0000634051  -0.0000747745  -0.0000606032
       -0.0045341887  -0.0647428895  -0.1342868348   0.0744420984  -0.0099465538
        0.4573950029   0.0052753478   0.0404911259  -0.0794797827   0.0392055168
        0.0013131740  -0.0726502459  -0.0046584503  -0.0003548874   0.0137896806
        0.0011744088   0.0001613520   0.0002916381   0.0002272463  -0.0004520820
       -0.0002294945  -0.0028114002  -0.0161467608  -0.0223642483   0.0040835897
       -0.0102104099  -0.0110713927   0.0004993976   0.0053013100   0.0066059421
       -0.1124137123   0.0419579601  -0.1480166907   0.0051932378   0.0096527541
       -0.0039737162  -0.0044804916  -0.0198926777   0.0062823495   0.0039054863
        0.0225112219  -0.0109963080  -0.0047207381   0.0006900737  -0.0015241467
        0.0000913174  -0.0000818318  -0.0000614450  -0.0001950700   0.0000284154
        0.0001831905  -0.0000133868  -0.0001923808   0.0000529668  -0.0000081615
       -0.0001374581  -0.0000739094  -0.0001398504   0.0000966563   0.0002045528
       -0.0001221968  -0.0000461113  -0.0000771085
        0.0005597572  -0.0022960419  -0.0004784370  -0.0644457046  -0.0298865811
        0.0052753478   0.5090765555  -0.0235423044   0.0115074021  -0.0160877409
       -0.0159251093   0.0164089668   0.0002511125  -0.0001976951  -0.0002469608
        0.0002200207   0.0001020369  -0.0006694303   0.0000225182   0.0001347745
        0.0000434093   0.0001144474  -0.0005047794   0.0004983791   0.0005109608
        0.0001911454  -0.0000931711   0.0006606245  -0.0002980317  -0.0000083378
        0.0035905067   0.0162139838  -0.0074317726  -0.2576129477   0.0039182644
        0.0697224877  -0.0459057340   0.0158915442   0.0158686322  -0.1296331086
        0.0367518002  -0.1103695435   0.0003911500  -0.0000110565  -0.0000486278
       -0.0002386483  -0.0003169933  -0.0000469201  -0.0011529133  -0.0000475744
        0.0000364172  -0.0002446779  -0.0001209840   0.0001524502   0.0000052605
        0.0000539347   0.0000326204  -0.0000578591  -0.0000570589  -0.0000900317
       -0.0000235795  -0.0000532743  -0.0000628799
       -0.0053004559  -0.0262507025   0.0028581338  -0.0212631492  -0.1738569611
        0.0404911259  -0.0235423044   0.4650204692   0.0225783384  -0.0064265432
        0.0002978312   0.0035196737  -0.0001277764  -0.0003411499   0.0004364368
       -0.0003284587  -0.0003347698  -0.0002158035   0.0001404092   0.0000174485
       -0.0000005743   0.0002417089   0.0011865967   0.0011359180  -0.0004130767
        0.0001409848   0.0004687906  -0.0000570424  -0.0033940591  -0.0029659111
       -0.0013891674  -0.0130609709   0.0075854430   0.0050621328  -0.0413871147
       -0.0020607289   0.0166651009  -0.1505129281  -0.1200107944   0.0369586331
       -0.0582666179   0.0460429941  -0.0002015038   0.0000461732  -0.0000577841
        0.0000643689   0.0002327481   0.0001157738   0.0000203143   0.0001122459
       -0.0000008232  -0.0001402014   0.0001645550   0.0000882231   0.0000412432
        0.0001949194  -0.0000401339  -0.0000195341  -0.0000323377   0.0000390568
        0.0000153023   0.0000236399  -0.0000073548
       -0.0041864542  -0.0176813140   0.0046409946   0.0052996048   0.0451615463
       -0.0794797827   0.0115074021   0.0225783384   0.5184926619   0.0105435514
        0.0090927531  -0.0074730915  -0.0004382571  -0.0001670942  -0.0002027801
        0.0011205247   0.0001411558  -0.0003427505  -0.0000252256   0.0000261446
       -0.0001709671   0.0002507882  -0.0011829265   0.0012416426  -0.0005193123
       -0.0001977134   0.0003926953  -0.0002318028  -0.0042324097  -0.0023468973
        0.0022123529   0.0218200549  -0.0096456191   0.0694085343  -0.0018272324
       -0.0660122260   0.0161654202  -0.1192178661  -0.1747627842  -0.1107151763
        0.0461925146  -0.1850716894  -0.0000513515  -0.0000214535   0.0001432283
        0.0000608791   0.0001605295   0.0002948831  -0.0006243141  -0.0003924675
       -0.0000246502   0.0001803843  -0.0000654283   0.0001619505  -0.0000157324
       -0.0001406696  -0.0000482360   0.0000780097  -0.0000636974   0.0001315123
       -0.0000198256   0.0000172352   0.0000819055
       -0.0098745046   0.0058329678   0.0092777953  -0.0680967164  -0.0015438869
        0.0392055168  -0.0160877409  -0.0064265432   0.0105435514   0.2386379317
       -0.0037075112   0.0000345296  -0.0674399777   0.0032394667  -0.0390519241
       -0.0095836345   0.0068696695  -0.0084812405  -0.0158073082  -0.0050566054
       -0.0113203467   0.0005478388  -0.0005025564  -0.0011096087   0.0001331930
        0.0011183395   0.0019955268   0.0009202247   0.0001533821  -0.0003934971
       -0.0276721995   0.0021820747   0.0076494575  -0.0009670009  -0.0030631046
        0.0020334686   0.0004198044  -0.0004991452  -0.0004286009   0.0007486484
        0.0004401566  -0.0004687376  -0.0276976367   0.0030990277  -0.0076603120
        0.0009147670   0.0001085948   0.0004057114   0.0005371280  -0.0006311181
        0.0010562305   0.0001573989   0.0013191596  -0.0018036263   0.0004015134
       -0.0005528841   0.0003644153   0.0007413443   0.0003793214   0.0005316810
       -0.0009330733  -0.0027588053  -0.0023799904
        0.0115519671  -0.0002627304  -0.0076613666  -0.0004216025  -0.0191680553
        0.0013131740  -0.0159251093   0.0002978312   0.0090927531  -0.0037075112
        0.0453922452  -0.0086999859   0.0029765768  -0.0194754868   0.0052882377
        0.0140491817  -0.0019320390   0.0091223270  -0.0137133723   0.0017214634
       -0.0080877726  -0.0000882952  -0.0000201235   0.0002054566   0.0005829079
       -0.0016835097  -0.0027634432   0.0005483825   0.0005132819  -0.0001189149
        0.0043333788   0.0002915823  -0.0015875681  -0.0018784733  -0.0031660501
        0.0021886151  -0.0004279849   0.0006797152   0.0003774296   0.0001131241
        0.0001866746  -0.0000831736   0.0030732093   0.0002267738   0.0009179977
        0.0005236583   0.0005291515   0.0000728830  -0.0001015805   0.0000411421
       -0.0000912977   0.0006140721  -0.0024689053   0.0030195590  -0.0005067261
        0.0006286454  -0.0004019696   0.0001052823   0.0001757765   0.0002077095
       -0.0017010854  -0.0025073830  -0.0023106501
        0.0218439839  -0.0045071363  -0.0126033204   0.0280190460   0.0026813920
       -0.0726502459   0.0164089668   0.0035196737  -0.0074730915   0.0000345296
       -0.0086999859   0.1865499752  -0.0278090334   0.0039168734  -0.0729883428
       -0.0202537676   0.0058988116  -0.0112215585  -0.0183015157  -0.0024315672
       -0.0091862981  -0.0001310579   0.0004043427  -0.0009395199   0.0005456757
       -0.0033544534  -0.0045040012  -0.0001583074   0.0001752119   0.0009595388
       -0.0100603758   0.0004027104   0.0058737169   0.0011584235   0.0030467587
       -0.0016575130  -0.0006997273  -0.0007802286   0.0008238889  -0.0000434144
        0.0001427409  -0.0008538964   0.0101815159  -0.0010798641   0.0059394619
        0.0002207362  -0.0002254529   0.0009479449   0.0001326077  -0.0002911411
       -0.0009834150  -0.0004322896   0.0036204277  -0.0037372561   0.0006402152
        0.0007520903   0.0008984020   0.0000715497  -0.0000137247  -0.0008445608
       -0.0013677612  -0.0031774790  -0.0023499089
        0.0006248131  -0.0001395547  -0.0007964775  -0.0088412961   0.0021512727
       -0.0046584503   0.0002511125  -0.0001277764  -0.0004382571  -0.0674399777
        0.0029765768  -0.0278090334   0.3501010826   0.0049307408  -0.0754630516
       -0.0581563288  -0.0077760340   0.0083206176  -0.0643023373  -0.0199966864
       -0.0076166916   0.0002026373   0.0001507561   0.0004430931   0.0004418462
       -0.0000093363  -0.0000074004  -0.0001041263   0.0001245636   0.0002000692
       -0.0023263254  -0.0002638118   0.0017644207   0.0004117885  -0.0001019487
       -0.0000242060  -0.0001784823   0.0001110455   0.0001766838   0.0001792120
       -0.0002110632   0.0003176021  -0.1413449285   0.0264460996   0.1080418451
       -0.0004371032  -0.0077231829   0.0054433982  -0.0007839995  -0.0142098981
        0.0132878979  -0.0024806051   0.0207523851  -0.0172382151   0.0000282799
        0.0008525405   0.0008603091   0.0042268605   0.0155618406   0.0089207285
       -0.0100721225  -0.0234985288  -0.0137248823
       -0.0002080202  -0.0002603162   0.0003904262   0.0015740661  -0.0023211874
       -0.0003548874  -0.0001976951  -0.0003411499  -0.0001670942   0.0032394667
       -0.0194754868   0.0039168734   0.0049307408   0.4388624172   0.0077379816
        0.0002002275  -0.1443743898   0.0680211835  -0.0285130649  -0.1620354574
       -0.0556110050   0.0001063702   0.0004211536  -0.0001568150  -0.0001291316
       -0.0000287911  -0.0000459928   0.0002905698  -0.0003684368   0.0000659746
        0.0008225198   0.0005187369  -0.0004072972   0.0000470587  -0.0000879507
        0.0000593914  -0.0001628090  -0.0001101917  -0.0001087909  -0.0003456217
        0.0000473495   0.0001648005   0.0272931116  -0.0456499442  -0.0276035036
       -0.0007386778  -0.0251232653   0.0154898325  -0.0015906917   0.0027507533
        0.0004275280   0.0029983212  -0.0070432201   0.0070899190  -0.0065585711
       -0.0254318594  -0.0091729533   0.0003644044  -0.0073331575  -0.0068973792
       -0.0034225736  -0.0026156061  -0.0028381921
       -0.0012075592  -0.0002321719   0.0003007637   0.0046640398  -0.0016106340
        0.0137896806  -0.0002469608   0.0004364368  -0.0002027801  -0.0390519241
        0.0052882377  -0.0729883428  -0.0754630516   0.0077379816   0.4580836715
        0.0052933711   0.0634241909  -0.1178011200  -0.0086462253  -0.0508547480
       -0.0914452998   0.0002101211   0.0000060450   0.0001669844  -0.0000002614
        0.0001787133   0.0000722013  -0.0000573900   0.0000451703  -0.0000436863
        0.0048491080  -0.0004403430  -0.0015955168   0.0001353624   0.0000415959
       -0.0000632194  -0.0000120824   0.0001342889  -0.0000660962   0.0000992867
       -0.0001157302   0.0002139230   0.1167242383  -0.0291512280  -0.1544105151
       -0.0006580007  -0.0092838628   0.0079100116   0.0028369657   0.0191019380
       -0.0201570327  -0.0036677084   0.0109156112  -0.0091532225   0.0036273302
        0.0159969908   0.0076590510  -0.0037239143  -0.0219070246  -0.0145723729
       -0.0057047451  -0.0097114579  -0.0056970823
        0.0002176453  -0.0003463495   0.0001215779   0.0006036953  -0.0003482111
        0.0011744088   0.0002200207  -0.0003284587   0.0011205247  -0.0095836345
        0.0140491817  -0.0202537676  -0.0581563288   0.0002002275   0.0052933711
        0.5142919165   0.0076415410  -0.0056873960   0.0005209293  -0.0057162824
        0.0034585847  -0.0002952911   0.0001856507   0.0000479389   0.0000135197
        0.0000525697   0.0000065460  -0.0000983798   0.0001015095  -0.0001205279
        0.0005650845  -0.0000321072  -0.0000347543  -0.0003531703   0.0001841838
       -0.0003420191  -0.0001237891   0.0002666585  -0.0000601846  -0.0016482683
       -0.0000158304  -0.0007252864  -0.0009367293  -0.0145899659   0.0142744047
       -0.0680834840  -0.0622887510  -0.0360063731  -0.1287828119   0.0279667636
        0.1114389105  -0.2493983730   0.0339248890  -0.0730850671   0.0002720687
       -0.0013005715  -0.0006070430   0.0001879799   0.0006521535  -0.0002873687
        0.0005674002  -0.0002588007   0.0002735203
       -0.0003288313  -0.0000213521  -0.0001036319  -0.0002384535  -0.0002323018
        0.0001613520   0.0001020369  -0.0003347698   0.0001411558   0.0068696695
       -0.0019320390   0.0058988116  -0.0077760340  -0.1443743898   0.0634241909
        0.0076415410   0.4805822063   0.0387664717  -0.0024817150  -0.0275827335
        0.0136891267   0.0001240997  -0.0001069647  -0.0000269884   0.0000530557
       -0.0000203972   0.0000874374   0.0000465947   0.0000878714   0.0000816847
        0.0000586966   0.0001380755  -0.0001197658  -0.0000131093   0.0000529109
       -0.0000418160  -0.0001452895   0.0001213959  -0.0000624817   0.0001110749
        0.0002445265  -0.0000062219  -0.0003852189   0.0005421930   0.0014783066
       -0.0633010434  -0.2038573584  -0.0965030415   0.0277926617  -0.0521529224
       -0.0371216440   0.0329994216  -0.0471410835   0.0102730664  -0.0015184026
       -0.0052386999  -0.0017559663  -0.0000580514   0.0010791126   0.0012655879
        0.0004472965   0.0001467200   0.0004743659
       -0.0001566289   0.0001514350  -0.0004372082   0.0007756478  -0.0004608405
        0.0002916381  -0.0006694303  -0.0002158035  -0.0003427505  -0.0084812405
        0.0091223270  -0.0112215585   0.0083206176   0.0680211835  -0.1178011200
       -0.0056873960   0.0387664717   0.4956929949   0.0001379164  -0.0068861221
        0.0060119473   0.0002093374  -0.0003535857   0.0001611019  -0.0000314236
        0.0000547485   0.0000753258  -0.0000514754  -0.0000383323  -0.0000811355
        0.0000622866  -0.0000827699   0.0001840618  -0.0001531711  -0.0001129502
        0.0000229903  -0.0001075580   0.0001016889  -0.0001040011   0.0004612807
        0.0003283067   0.0004439494   0.0033847720   0.0187816907  -0.0183942106
       -0.0360422221  -0.0959787579  -0.0992487984   0.1110764054  -0.0371804527
       -0.1882574114  -0.0721522684   0.0103886789  -0.0682456625  -0.0006740599
       -0.0031033449  -0.0002533950  -0.0005032043  -0.0010421650   0.0011980640
        0.0002818146  -0.0002614062   0.0003051783
        0.0002235730   0.0000209345   0.0006818114   0.0002463366  -0.0002271902
        0.0002272463   0.0000225182   0.0001404092  -0.0000252256  -0.0158073082
       -0.0137133723  -0.0183015157  -0.0643023373  -0.0285130649  -0.0086462253
        0.0005209293  -0.0024817150   0.0001379164   0.5093324973  -0.0216959186
       -0.0143260156  -0.0011585981  -0.0000455231  -0.0000533330  -0.0002414607
       -0.0001007564  -0.0001700172  -0.0002393243  -0.0003186956   0.0000038275
        0.0003905761  -0.0000230823   0.0000470649  -0.0000246226  -0.0000594738
        0.0000546909   0.0000051686   0.0000553919  -0.0000260338  -0.0000579347
       -0.0000665630   0.0000814787   0.0035280525   0.0153964598   0.0095196667
        0.0006585933  -0.0003385017  -0.0000057296   0.0001224700  -0.0004507621
       -0.0005692495   0.0005048831   0.0001784126   0.0001163397  -0.0456287710
        0.0165146576  -0.0128061781  -0.1318371590   0.0232905195   0.1146380037
       -0.2562580821   0.0124378340  -0.0705785227
       -0.0001922023  -0.0003427204   0.0002169746  -0.0001770209  -0.0003038612
       -0.0004520820   0.0001347745   0.0000174485   0.0000261446  -0.0050566054
        0.0017214634  -0.0024315672  -0.0199966864  -0.1620354574  -0.0508547480
       -0.0057162824  -0.0275827335  -0.0068861221  -0.0216959186   0.4713127492
       -0.0285929113  -0.0000564921   0.0000618203   0.0000104542  -0.0001151587
        0.0001671476  -0.0000890601   0.0000735044   0.0002662240  -0.0001191786
       -0.0002058877   0.0000318226   0.0000435858   0.0000126284   0.0000259577
       -0.0000005989   0.0000385981   0.0001684170   0.0000638468  -0.0000099111
       -0.0000332327  -0.0000586971  -0.0010394537  -0.0094455540  -0.0075767192
       -0.0001142297  -0.0042542859   0.0027296391   0.0002820862   0.0011802895
       -0.0011413795  -0.0004686060   0.0001786870  -0.0005023945   0.0173122699
       -0.1799254737   0.1195496393   0.0234582709  -0.0489659297  -0.0290780300
        0.0135323228  -0.0422427782   0.0051432041
       -0.0011473547  -0.0001372672  -0.0003354581   0.0004265639   0.0001545088
       -0.0002294945   0.0000434093  -0.0000005743  -0.0001709671  -0.0113203467
       -0.0080877726  -0.0091862981  -0.0076166916  -0.0556110050  -0.0914452998
        0.0034585847   0.0136891267   0.0060119473  -0.0143260156  -0.0285929113
        0.5119677628   0.0006096337   0.0004038486   0.0000280155  -0.0001988875
        0.0000645071   0.0001540332  -0.0000590418  -0.0001702544   0.0002599067
        0.0000283628   0.0000057285   0.0001506719   0.0000191487  -0.0000250238
        0.0000818565   0.0000210381   0.0001654501  -0.0000222413  -0.0000807279
        0.0000433692   0.0001337319  -0.0022118142  -0.0216431711  -0.0131984573
        0.0002454220   0.0039914029  -0.0014862087  -0.0002304676   0.0011727412
        0.0012406999   0.0004680737   0.0001722809   0.0003621040  -0.0130041066
        0.1187461254  -0.1456270032   0.1150048674  -0.0292413781  -0.1921620139
       -0.0701296500   0.0049002686  -0.0665272875
       -0.1265725434   0.0407068685  -0.1062867772  -0.0006204016  -0.0012515816
       -0.0028114002   0.0001144474   0.0002417089   0.0002507882   0.0005478388
       -0.0000882952  -0.0001310579   0.0002026373   0.0001063702   0.0002101211
       -0.0002952911   0.0001240997   0.0002093374  -0.0011585981  -0.0000564921
        0.0006096337   0.1469665056  -0.0470342289   0.1252808927  -0.0240389643
        0.0110108197  -0.0230385303   0.0054899409  -0.0025957812   0.0065112947
        0.0010555621  -0.0004331012  -0.0005602902  -0.0003339116   0.0000039316
       -0.0000986803  -0.0000077513   0.0001139551   0.0001977578   0.0003111531
       -0.0004288995   0.0000463521  -0.0000382557  -0.0000307589  -0.0000849609
        0.0000837499  -0.0000785070  -0.0001293240   0.0000262275   0.0005003308
       -0.0000992369  -0.0000754479   0.0000154729  -0.0000305716   0.0001600994
       -0.0000570519  -0.0001611742  -0.0016848964  -0.0007516710   0.0001677203
       -0.0001321005  -0.0000171887  -0.0000518943
        0.0409218483  -0.0632892397   0.0531113039  -0.0123126473   0.0047910648
       -0.0161467608  -0.0005047794   0.0011865967  -0.0011829265  -0.0005025564
       -0.0000201235   0.0004043427   0.0001507561   0.0004211536   0.0000060450
        0.0001856507  -0.0001069647  -0.0003535857  -0.0000455231   0.0000618203
        0.0004038486  -0.0470342289   0.0720032876  -0.0589282352   0.0033599331
       -0.0006934703   0.0031588528   0.0167187435  -0.0111200496   0.0231261705
       -0.0006643039  -0.0024333186  -0.0038737157   0.0000071062  -0.0000641464
        0.0000410948   0.0000743391   0.0001086743   0.0001125325   0.0001304861
       -0.0004493075   0.0000376829  -0.0000727885  -0.0001413920  -0.0000266269
       -0.0000740712  -0.0000858753   0.0000414134   0.0004833536  -0.0003150656
        0.0001877780  -0.0000913398   0.0000102510   0.0001045310   0.0000484210
       -0.0001321441   0.0000544273  -0.0009331605   0.0003254473  -0.0001105548
        0.0001547613  -0.0000571982  -0.0001676179
       -0.1066267719   0.0530514308  -0.1793155428  -0.0147079665   0.0026519990
       -0.0223642483   0.0004983791   0.0011359180   0.0012416426  -0.0011096087
        0.0002054566  -0.0009395199   0.0004430931  -0.0001568150   0.0001669844
        0.0000479389  -0.0000269884   0.0001611019  -0.0000533330   0.0000104542
        0.0000280155   0.1252808927  -0.0589282352   0.2083370482   0.0042726402
       -0.0019850575   0.0069283435  -0.0084072676   0.0075005379  -0.0117356142
       -0.0003550707  -0.0037004674  -0.0041662448  -0.0000246463   0.0000037715
       -0.0001103457   0.0000925576   0.0003847487   0.0001316814   0.0000926970
       -0.0004674380   0.0003101827  -0.0002001641   0.0000649003  -0.0000004176
        0.0000064600   0.0000106382  -0.0000353908   0.0001532997  -0.0002814878
        0.0004812166  -0.0001089007  -0.0000025868   0.0000655823  -0.0000074680
        0.0000556544  -0.0000759450   0.0009192300   0.0003814326   0.0007457547
       -0.0002059905   0.0000921340   0.0001457153
       -0.2508481357   0.0241987549   0.0738420323  -0.0026953855   0.0025880927
        0.0040835897   0.0005109608  -0.0004130767  -0.0005193123   0.0001331930
        0.0005829079   0.0005456757   0.0004418462  -0.0001291316  -0.0000002614
        0.0000135197   0.0000530557  -0.0000314236  -0.0002414607  -0.0001151587
       -0.0001988875  -0.0240389643   0.0033599331   0.0042726402   0.2899228264
       -0.0285552089  -0.0877134582  -0.0138053519  -0.0013495034   0.0056544524
        0.0008225308  -0.0003790160  -0.0003344479   0.0003240298   0.0000993016
        0.0000029694   0.0000036588  -0.0001496315  -0.0001256007  -0.0003052245
        0.0000687453   0.0000042801   0.0000077505   0.0000131615   0.0000068988
        0.0000009248   0.0000004718   0.0000415172  -0.0000763043  -0.0001033215
        0.0000964024   0.0000003708  -0.0000131551   0.0000035837   0.0000606544
        0.0000809923  -0.0000231337  -0.0001732269   0.0001086142   0.0003144652
       -0.0000582123   0.0000531724   0.0000780180
        0.0250059004  -0.0449992375  -0.0073470751   0.0185930988  -0.0049139513
       -0.0102104099   0.0001911454   0.0001409848  -0.0001977134   0.0011183395
       -0.0016835097  -0.0033544534  -0.0000093363  -0.0000287911   0.0001787133
        0.0000525697  -0.0000203972   0.0000547485  -0.0001007564   0.0001671476
        0.0000645071   0.0110108197  -0.0006934703  -0.0019850575  -0.0285552089
        0.0508271161   0.0118827836  -0.0271963713   0.0012600554   0.0102833564
        0.0002652997   0.0006279989   0.0005911218  -0.0003901647  -0.0006466599
       -0.0001703206  -0.0001349428   0.0001133118   0.0001573169   0.0001220933
       -0.0000947796   0.0000304397  -0.0000275972   0.0000141576   0.0000601081
        0.0000029113   0.0000062948  -0.0000329265   0.0000116832   0.0000241859
       -0.0000025361  -0.0000131883   0.0000040729  -0.0000142587   0.0000892959
       -0.0000452294  -0.0001123042   0.0000130354  -0.0000842690   0.0001252525
       -0.0000486262   0.0000249692  -0.0000012924
        0.0748815779  -0.0072358368  -0.0689464826   0.0197257227  -0.0065570907
       -0.0110713927  -0.0000931711   0.0004687906   0.0003926953   0.0019955268
       -0.0027634432  -0.0045040012  -0.0000074004  -0.0000459928   0.0000722013
        0.0000065460   0.0000874374   0.0000753258  -0.0001700172  -0.0000890601
        0.0001540332  -0.0230385303   0.0031588528   0.0069283435  -0.0877134582
        0.0118827836   0.0809153073   0.0138029349   0.0008669657  -0.0044998305
        0.0008670836   0.0002311447   0.0002358517  -0.0001177962  -0.0002135310
        0.0001440665  -0.0000441625   0.0001428157  -0.0000213098  -0.0000719109
        0.0000070443  -0.0001042748  -0.0000541393   0.0000349691   0.0000591413
       -0.0000364734   0.0000188409  -0.0000161016   0.0000312301  -0.0001111736
        0.0000524846  -0.0000065558   0.0000105506   0.0000331459  -0.0000873795
       -0.0000158853   0.0000151675   0.0001903748   0.0001334549   0.0000113222
       -0.0000600019  -0.0000116371   0.0000743070
       -0.0687736244  -0.0681907869   0.0281960966  -0.0003853427  -0.0006419578
        0.0004993976   0.0006606245  -0.0000570424  -0.0002318028   0.0009202247
        0.0005483825  -0.0001583074  -0.0001041263   0.0002905698  -0.0000573900
       -0.0000983798   0.0000465947  -0.0000514754  -0.0002393243   0.0000735044
       -0.0000590418   0.0054899409   0.0167187435  -0.0084072676  -0.0138053519
       -0.0271963713   0.0138029349   0.0770434383   0.0787178731  -0.0332310569
       -0.0002261059  -0.0002984302   0.0000162476   0.0001057938   0.0001797093
       -0.0000028282   0.0002100437  -0.0000740925   0.0000339847  -0.0000543083
       -0.0000075754  -0.0000328343   0.0000136563  -0.0000697359  -0.0000466696
       -0.0000275706  -0.0000788541   0.0000129655   0.0000824876  -0.0000720007
       -0.0000147125   0.0000005529  -0.0000020193   0.0000372445  -0.0003346233
       -0.0001647982   0.0002866559  -0.0005708146   0.0003748632  -0.0005792786
        0.0000928093  -0.0000965758  -0.0000128624
       -0.0671712146  -0.2255329049   0.0797062306  -0.0070748758  -0.0238671824
        0.0053013100  -0.0002980317  -0.0033940591  -0.0042324097   0.0001533821
        0.0005132819   0.0001752119   0.0001245636  -0.0003684368   0.0000451703
        0.0001015095   0.0000878714  -0.0000383323  -0.0003186956   0.0002662240
       -0.0001702544  -0.0025957812  -0.0111200496   0.0075005379  -0.0013495034
        0.0012600554   0.0008669657   0.0787178731   0.2629995936  -0.0897076128
       -0.0000911637   0.0002853142   0.0002679953   0.0002080566   0.0001004031
       -0.0000408236  -0.0004394331  -0.0015624441   0.0002363380  -0.0001239072
        0.0003800293  -0.0002889168  -0.0000132198   0.0000182440  -0.0000436097
       -0.0000778060  -0.0000569637   0.0000562014  -0.0000938710  -0.0000794678
       -0.0000185354   0.0000055876   0.0000026451  -0.0000157706   0.0001119737
        0.0001261000  -0.0000786237   0.0004404742  -0.0000823170   0.0003938122
       -0.0002159172   0.0000240632   0.0000851159
        0.0282867807   0.0802199101  -0.0768888684  -0.0064336581  -0.0194116020
        0.0066059421  -0.0000083378  -0.0029659111  -0.0023468973  -0.0003934971
       -0.0001189149   0.0009595388   0.0002000692   0.0000659746  -0.0000436863
       -0.0001205279   0.0000816847  -0.0000811355   0.0000038275  -0.0001191786
        0.0002599067   0.0065112947   0.0231261705  -0.0117356142   0.0056544524
        0.0102833564  -0.0044998305  -0.0332310569  -0.0897076128   0.0876632427
       -0.0000496709  -0.0002976168   0.0003643567  -0.0000757252  -0.0000435874
       -0.0001060010  -0.0002732281  -0.0011828754   0.0003714367   0.0001061950
       -0.0000560903  -0.0000765022  -0.0000113048  -0.0000722947  -0.0000628399
       -0.0000216458  -0.0000630207   0.0000026000   0.0001203403  -0.0000482529
       -0.0000423652  -0.0000424225   0.0000354483  -0.0000154451   0.0001154248
       -0.0000134239   0.0001148986  -0.0004414421   0.0003278630  -0.0002589930
        0.0001041325  -0.0000400260  -0.0001837438
       -0.0007551562   0.0000194596  -0.0032255660  -0.1391660507   0.0410361325
       -0.1124137123   0.0035905067  -0.0013891674   0.0022123529  -0.0276721995
        0.0043333788  -0.0100603758  -0.0023263254   0.0008225198   0.0048491080
        0.0005650845   0.0000586966   0.0000622866   0.0003905761  -0.0002058877
        0.0000283628   0.0010555621  -0.0006643039  -0.0003550707   0.0008225308
        0.0002652997   0.0008670836  -0.0002261059  -0.0000911637  -0.0000496709
        0.1643697497  -0.0431913695   0.1171892884   0.0007625956  -0.0005728545
        0.0005935839  -0.0000089335   0.0002604474   0.0001062507   0.0009932004
       -0.0008816924   0.0005824648  -0.0024193106   0.0002314672  -0.0008306807
        0.0000139579  -0.0000158825   0.0000104425  -0.0000410302  -0.0000969102
        0.0001901539   0.0000077748  -0.0000306108   0.0000514532   0.0000232765
        0.0000158803  -0.0000037452   0.0000042749   0.0000873418   0.0001617783
        0.0000160219   0.0000092189   0.0000342122
       -0.0125821029   0.0027555346  -0.0162842575   0.0391126865  -0.0542197205
        0.0419579601   0.0162139838  -0.0130609709   0.0218200549   0.0021820747
        0.0002915823   0.0004027104  -0.0002638118   0.0005187369  -0.0004403430
       -0.0000321072   0.0001380755  -0.0000827699  -0.0000230823   0.0000318226
        0.0000057285  -0.0004331012  -0.0024333186  -0.0037004674  -0.0003790160
        0.0006279989   0.0002311447  -0.0002984302   0.0002853142  -0.0002976168
       -0.0431913695   0.0698509964  -0.0464989054   0.0004847289   0.0008770805
       -0.0000968234   0.0003789841   0.0001585054   0.0002223503  -0.0012458076
       -0.0056599655   0.0027990215   0.0001333441  -0.0000502057  -0.0000081985
       -0.0000779608   0.0000002560   0.0000824620  -0.0000427531  -0.0001373701
       -0.0000808014   0.0000160252   0.0000235142  -0.0000374708  -0.0000053997
        0.0000339334  -0.0000283599   0.0000552177  -0.0000321917   0.0000017925
       -0.0000021027   0.0000003920   0.0000327893
       -0.0157542795   0.0011361530  -0.0207540252  -0.1039023853   0.0404363890
       -0.1480166907  -0.0074317726   0.0075854430  -0.0096456191   0.0076494575
       -0.0015875681   0.0058737169   0.0017644207  -0.0004072972  -0.0015955168
       -0.0000347543  -0.0001197658   0.0001840618   0.0000470649   0.0000435858
        0.0001506719  -0.0005602902  -0.0038737157  -0.0041662448  -0.0003344479
        0.0005911218   0.0002358517   0.0000162476   0.0002679953   0.0003643567
        0.1171892884  -0.0464989054   0.1774401498  -0.0002109808  -0.0001641759
       -0.0000652929   0.0000785502  -0.0003821040   0.0003590911   0.0004646765
        0.0030221821  -0.0007982344   0.0008257500  -0.0000584803   0.0004475427
        0.0000399806   0.0000518873  -0.0000489269   0.0000816053   0.0000088845
       -0.0000041780  -0.0000038599  -0.0000616590   0.0000462244  -0.0000277109
       -0.0000830528   0.0000132903   0.0000874054   0.0000265868  -0.0000593737
        0.0000160344   0.0000664954   0.0000391452
        0.0005723083   0.0004835105  -0.0002210017  -0.0102505882  -0.0041188392
        0.0051932378  -0.2576129477   0.0050621328   0.0694085343  -0.0009670009
       -0.0018784733   0.0011584235   0.0004117885   0.0000470587   0.0001353624
       -0.0003531703  -0.0000131093  -0.0001531711  -0.0000246226   0.0000126284
        0.0000191487  -0.0003339116   0.0000071062  -0.0000246463   0.0003240298
       -0.0003901647  -0.0001177962   0.0001057938   0.0002080566  -0.0000757252
        0.0007625956   0.0004847289  -0.0002109808   0.2979946104  -0.0040770767
       -0.0830150067  -0.0061072063   0.0020342576   0.0037047612  -0.0244449186
        0.0022491018   0.0040491349   0.0000171079  -0.0000019662  -0.0000170158
        0.0000943590  -0.0002008815  -0.0001255695  -0.0001346814   0.0001281023
        0.0002213075  -0.0000577525  -0.0000556218   0.0000526805   0.0000281304
       -0.0000141578   0.0000309936  -0.0000115002   0.0000237412   0.0000068948
       -0.0000124235   0.0000098655  -0.0000195658
       -0.0002255452   0.0001720360   0.0002413365  -0.0250878399  -0.0041604787
        0.0096527541   0.0039182644  -0.0413871147  -0.0018272324  -0.0030631046
       -0.0031660501   0.0030467587  -0.0001019487  -0.0000879507   0.0000415959
        0.0001841838   0.0000529109  -0.0001129502  -0.0000594738   0.0000259577
       -0.0000250238   0.0000039316  -0.0000641464   0.0000037715   0.0000993016
       -0.0006466599  -0.0002135310   0.0001797093   0.0001004031  -0.0000435874
       -0.0005728545   0.0008770805  -0.0001641759  -0.0040770767   0.0489906367
       -0.0001512429   0.0211975243  -0.0012926288  -0.0083489736   0.0076098239
        0.0005551593  -0.0020061510   0.0000131067   0.0000138158  -0.0000676503
       -0.0000982596   0.0000263288   0.0000647475  -0.0000224227  -0.0000629592
       -0.0001174343   0.0000626085   0.0000238339   0.0000061105   0.0000211402
        0.0000273261   0.0000163140   0.0000118946  -0.0000081854  -0.0000021122
        0.0000070369   0.0000106850   0.0000066761
       -0.0003007416  -0.0004853438   0.0002720059   0.0106915665   0.0029771801
       -0.0039737162   0.0697224877  -0.0020607289  -0.0660122260   0.0020334686
        0.0021886151  -0.0016575130  -0.0000242060   0.0000593914  -0.0000632194
       -0.0003420191  -0.0000418160   0.0000229903   0.0000546909  -0.0000005989
        0.0000818565  -0.0000986803   0.0000410948  -0.0001103457   0.0000029694
       -0.0001703206   0.0001440665  -0.0000028282  -0.0000408236  -0.0001060010
        0.0005935839  -0.0000968234  -0.0000652929  -0.0830150067  -0.0001512429
        0.0746443293   0.0247576619  -0.0033816608  -0.0096777172  -0.0240055749
        0.0011243324   0.0064398024  -0.0000323787  -0.0000350775   0.0000279846
        0.0000036874  -0.0000609430  -0.0001882631   0.0000468132   0.0001427740
        0.0001543140  -0.0000722456  -0.0000048709   0.0000744956  -0.0000229412
       -0.0000162830  -0.0000151522  -0.0000110781   0.0000195355  -0.0000041500
        0.0000207710  -0.0000063900   0.0000117519
        0.0002596774  -0.0016033905   0.0004863732   0.0000736489  -0.0061368150
       -0.0044804916  -0.0459057340   0.0166651009   0.0161654202   0.0004198044
       -0.0004279849  -0.0006997273  -0.0001784823  -0.0001628090  -0.0000120824
       -0.0001237891  -0.0001452895  -0.0001075580   0.0000051686   0.0000385981
        0.0000210381  -0.0000077513   0.0000743391   0.0000925576   0.0000036588
       -0.0001349428  -0.0000441625   0.0002100437  -0.0004394331  -0.0002732281
       -0.0000089335   0.0003789841   0.0000785502  -0.0061072063   0.0211975243
        0.0247576619   0.0501148645  -0.0170180007  -0.0194501689   0.0012978714
       -0.0125897604  -0.0166120402   0.0000234771  -0.0000107872   0.0000244681
       -0.0003315424   0.0001237234  -0.0001063812   0.0001584692   0.0000473695
        0.0000157709   0.0000601354   0.0000770904   0.0000976527  -0.0000048014
        0.0000161746  -0.0000002959   0.0000129826   0.0000315661   0.0000210868
        0.0000284381   0.0000187428   0.0000255564
       -0.0013931434  -0.0057565008   0.0024084358   0.0011213413  -0.0241072198
       -0.0198926777   0.0158915442  -0.1505129281  -0.1192178661  -0.0004991452
        0.0006797152  -0.0007802286   0.0001110455  -0.0001101917   0.0001342889
        0.0002666585   0.0001213959   0.0001016889   0.0000553919   0.0001684170
        0.0001654501   0.0001139551   0.0001086743   0.0003847487  -0.0001496315
        0.0001133118   0.0001428157  -0.0000740925  -0.0015624441  -0.0011828754
        0.0002604474   0.0001585054  -0.0003821040   0.0020342576  -0.0012926288
       -0.0033816608  -0.0170180007   0.1775453422   0.1381846597  -0.0007071366
        0.0046580242   0.0032389032   0.0000167883   0.0000154502   0.0000831660
       -0.0001275256   0.0001136512   0.0000150728  -0.0000753302  -0.0001173627
       -0.0000613813   0.0000778020  -0.0000600632   0.0000067882   0.0000145743
       -0.0001588325  -0.0000065527   0.0000904594  -0.0000316429   0.0000171327
       -0.0000102596   0.0000273271   0.0000221962
        0.0004426406   0.0010634792   0.0002728259  -0.0008070507   0.0051984159
        0.0062823495   0.0158686322  -0.1200107944  -0.1747627842  -0.0004286009
        0.0003774296   0.0008238889   0.0001766838  -0.0001087909  -0.0000660962
       -0.0000601846  -0.0000624817  -0.0001040011  -0.0000260338   0.0000638468
       -0.0000222413   0.0001977578   0.0001125325   0.0001316814  -0.0001256007
        0.0001573169  -0.0000213098   0.0000339847   0.0002363380   0.0003714367
        0.0001062507   0.0002223503   0.0003590911   0.0037047612  -0.0083489736
       -0.0096777172  -0.0194501689   0.1381846597   0.1996870770   0.0004783967
       -0.0172458415  -0.0233640543   0.0000061801   0.0000268698   0.0000269132
       -0.0003090792   0.0000816433   0.0001207017   0.0001551876  -0.0000586736
       -0.0000884656   0.0000334018   0.0001028059   0.0000297106   0.0000020058
       -0.0000147148   0.0000250049   0.0000322109   0.0000337637  -0.0000116607
       -0.0000313751  -0.0000111811  -0.0000123503
        0.0001799449  -0.0001048519   0.0004848777   0.0042688310  -0.0001764221
        0.0039054863  -0.1296331086   0.0369586331  -0.1107151763   0.0007486484
        0.0001131241  -0.0000434144   0.0001792120  -0.0003456217   0.0000992867
       -0.0016482683   0.0001110749   0.0004612807  -0.0000579347  -0.0000099111
       -0.0000807279   0.0003111531   0.0001304861   0.0000926970  -0.0003052245
        0.0001220933  -0.0000719109  -0.0000543083  -0.0001239072   0.0001061950
        0.0009932004  -0.0012458076   0.0004646765  -0.0244449186   0.0076098239
       -0.0240055749   0.0012978714  -0.0007071366   0.0004783967   0.1505322199
       -0.0420737929   0.1296867236   0.0000074156   0.0000655502  -0.0000798585
       -0.0005810188   0.0003866023   0.0004873761  -0.0016726468  -0.0008132090
       -0.0010497599  -0.0001680810   0.0000378260  -0.0001888049   0.0000138587
        0.0000947385  -0.0000213052   0.0000443267  -0.0000397102  -0.0000226555
       -0.0000111725   0.0000104180   0.0000121922
        0.0006032439   0.0011121969   0.0010433414   0.0163068284  -0.0109524277
        0.0225112219   0.0367518002  -0.0582666179   0.0461925146   0.0004401566
        0.0001866746   0.0001427409  -0.0002110632   0.0000473495  -0.0001157302
       -0.0000158304   0.0002445265   0.0003283067  -0.0000665630  -0.0000332327
        0.0000433692  -0.0004288995  -0.0004493075  -0.0004674380   0.0000687453
       -0.0000947796   0.0000070443  -0.0000075754   0.0003800293  -0.0000560903
       -0.0008816924  -0.0056599655   0.0030221821   0.0022491018   0.0005551593
        0.0011243324  -0.0125897604   0.0046580242  -0.0172458415  -0.0420737929
        0.0681484172  -0.0555366176   0.0001066788  -0.0000294022  -0.0000217822
        0.0003033342   0.0000007899  -0.0002929414  -0.0007208886   0.0003698457
       -0.0004329777   0.0001501993  -0.0000522162  -0.0001390640   0.0000345460
       -0.0000254611  -0.0000339846  -0.0000420778  -0.0001333611  -0.0000531717
        0.0000235091  -0.0000062418  -0.0000194145
        0.0003544792  -0.0012779159   0.0011752844  -0.0067968862   0.0073530884
       -0.0109963080  -0.1103695435   0.0460429941  -0.1850716894  -0.0004687376
       -0.0000831736  -0.0008538964   0.0003176021   0.0001648005   0.0002139230
       -0.0007252864  -0.0000062219   0.0004439494   0.0000814787  -0.0000586971
        0.0001337319   0.0000463521   0.0000376829   0.0003101827   0.0000042801
        0.0000304397  -0.0001042748  -0.0000328343  -0.0002889168  -0.0000765022
        0.0005824648   0.0027990215  -0.0007982344   0.0040491349  -0.0020061510
        0.0064398024  -0.0166120402   0.0032389032  -0.0233640543   0.1296867236
       -0.0555366176   0.2123025528  -0.0001492828   0.0000055487  -0.0000614946
        0.0006159036  -0.0003581220  -0.0003340338  -0.0002822741   0.0000545864
        0.0006894897  -0.0002992158  -0.0001317340  -0.0000252177  -0.0000160982
       -0.0000174684  -0.0000204988   0.0000183135   0.0000358655   0.0000038914
       -0.0000045333   0.0000020874  -0.0000066031
        0.0005652145   0.0000645213  -0.0000502300  -0.0022619863   0.0014006723
       -0.0047207381   0.0003911500  -0.0002015038  -0.0000513515  -0.0276976367
        0.0030732093   0.0101815159  -0.1413449285   0.0272931116   0.1167242383
       -0.0009367293  -0.0003852189   0.0033847720   0.0035280525  -0.0010394537
       -0.0022118142  -0.0000382557  -0.0000727885  -0.0002001641   0.0000077505
       -0.0000275972  -0.0000541393   0.0000136563  -0.0000132198  -0.0000113048
       -0.0024193106   0.0001333441   0.0008257500   0.0000171079   0.0000131067
       -0.0000323787   0.0000234771   0.0000167883   0.0000061801   0.0000074156
        0.0001066788  -0.0001492828   0.1667324168  -0.0289036282  -0.1217729579
       -0.0002249295  -0.0000921487   0.0000280957   0.0010476561  -0.0007424308
        0.0003147353   0.0008275790   0.0003769476  -0.0008225174  -0.0000077314
        0.0002695148  -0.0000756495   0.0010044933  -0.0007716787  -0.0006621261
        0.0007655383  -0.0004982263  -0.0006506330
       -0.0000366217   0.0001062412   0.0000655124  -0.0000401146   0.0003814641
        0.0006900737  -0.0000110565   0.0000461732  -0.0000214535   0.0030990277
        0.0002267738  -0.0010798641   0.0264460996  -0.0456499442  -0.0291512280
       -0.0145899659   0.0005421930   0.0187816907   0.0153964598  -0.0094455540
       -0.0216431711  -0.0000307589  -0.0001413920   0.0000649003   0.0000131615
        0.0000141576   0.0000349691  -0.0000697359   0.0000182440  -0.0000722947
        0.0002314672  -0.0000502057  -0.0000584803  -0.0000019662   0.0000138158
       -0.0000350775  -0.0000107872   0.0000154502   0.0000268698   0.0000655502
       -0.0000294022   0.0000055487  -0.0289036282   0.0602118184   0.0318444029
       -0.0002976621   0.0002909944   0.0002840536  -0.0005350100  -0.0033733923
        0.0037877149  -0.0004196486   0.0007246498  -0.0001790348   0.0003893527
        0.0001422365  -0.0002439641  -0.0011477076  -0.0048773800  -0.0033132828
        0.0004535447   0.0008330583   0.0002121148
        0.0000350599   0.0001127606   0.0002074560  -0.0017916100   0.0006661622
       -0.0015241467  -0.0000486278  -0.0000577841   0.0001432283  -0.0076603120
        0.0009179977   0.0059394619   0.1080418451  -0.0276035036  -0.1544105151
        0.0142744047   0.0014783066  -0.0183942106   0.0095196667  -0.0075767192
       -0.0131984573  -0.0000849609  -0.0000266269  -0.0000004176   0.0000068988
        0.0000601081   0.0000591413  -0.0000466696  -0.0000436097  -0.0000628399
       -0.0008306807  -0.0000081985   0.0004475427  -0.0000170158  -0.0000676503
        0.0000279846   0.0000244681   0.0000831660   0.0000269132  -0.0000798585
       -0.0000217822  -0.0000614946  -0.1217729579   0.0318444029   0.1847499113
       -0.0000614072  -0.0002818129   0.0003688921   0.0005457310   0.0039628815
       -0.0032140546   0.0002912774  -0.0005303098   0.0001344077  -0.0000354509
        0.0003564336   0.0003750922  -0.0005876430  -0.0035316457  -0.0015885988
        0.0002778427   0.0002674235  -0.0000252959
       -0.0001007175   0.0000418898   0.0000582775  -0.0001043364   0.0002827882
        0.0000913174  -0.0002386483   0.0000643689   0.0000608791   0.0009147670
        0.0005236583   0.0002207362  -0.0004371032  -0.0007386778  -0.0006580007
       -0.0680834840  -0.0633010434  -0.0360422221   0.0006585933  -0.0001142297
        0.0002454220   0.0000837499  -0.0000740712   0.0000064600   0.0000009248
        0.0000029113  -0.0000364734  -0.0000275706  -0.0000778060  -0.0000216458
        0.0000139579  -0.0000779608   0.0000399806   0.0000943590  -0.0000982596
        0.0000036874  -0.0003315424  -0.0001275256  -0.0003090792  -0.0005810188
        0.0003033342   0.0006159036  -0.0002249295  -0.0002976621  -0.0000614072
        0.0762312987   0.0730209207   0.0422807717   0.0054551602   0.0157872968
        0.0105971949  -0.0135832196  -0.0252063225  -0.0171049073   0.0002083519
       -0.0000791601  -0.0000453752  -0.0000536715  -0.0000113084   0.0000319080
        0.0001050789   0.0001768588   0.0000265726
        0.0000861799   0.0000898994   0.0000602856   0.0001466465  -0.0003497999
       -0.0000818318  -0.0003169933   0.0002327481   0.0001605295   0.0001085948
        0.0005291515  -0.0002254529  -0.0077231829  -0.0251232653  -0.0092838628
       -0.0622887510  -0.2038573584  -0.0959787579  -0.0003385017  -0.0042542859
        0.0039914029  -0.0000785070  -0.0000858753   0.0000106382   0.0000004718
        0.0000062948   0.0000188409  -0.0000788541  -0.0000569637  -0.0000630207
       -0.0000158825   0.0000002560   0.0000518873  -0.0002008815   0.0000263288
       -0.0000609430   0.0001237234   0.0001136512   0.0000816433   0.0003866023
        0.0000007899  -0.0003581220  -0.0000921487   0.0002909944  -0.0002818129
        0.0730209207   0.2385548086   0.1090329038  -0.0017131901  -0.0074146770
       -0.0069865494  -0.0006440205   0.0025289963  -0.0000009087  -0.0004655257
       -0.0016498366  -0.0004899089  -0.0001124770   0.0003333206   0.0003373678
        0.0001957767   0.0000848222   0.0000656714
        0.0001313368  -0.0000620255  -0.0000826191  -0.0001830191  -0.0001042553
       -0.0000614450  -0.0000469201   0.0001157738   0.0002948831   0.0004057114
        0.0000728830   0.0009479449   0.0054433982   0.0154898325   0.0079100116
       -0.0360063731  -0.0965030415  -0.0992487984  -0.0000057296   0.0027296391
       -0.0014862087  -0.0001293240   0.0000414134  -0.0000353908   0.0000415172
       -0.0000329265  -0.0000161016   0.0000129655   0.0000562014   0.0000026000
        0.0000104425   0.0000824620  -0.0000489269  -0.0001255695   0.0000647475
       -0.0001882631  -0.0001063812   0.0000150728   0.0001207017   0.0004873761
       -0.0002929414  -0.0003340338   0.0000280957   0.0002840536   0.0003688921
        0.0422807717   0.1090329038   0.1129255749  -0.0065740393  -0.0224349521
       -0.0154072564  -0.0058606202  -0.0096670418  -0.0060019075   0.0002152418
        0.0009352434   0.0004579069  -0.0001210994   0.0001080549  -0.0000269762
        0.0001022183   0.0000689030  -0.0000905877
       -0.0002928021   0.0001490920  -0.0001958699   0.0002082948   0.0001302439
       -0.0001950700  -0.0011529133   0.0000203143  -0.0006243141   0.0005371280
       -0.0001015805   0.0001326077  -0.0007839995  -0.0015906917   0.0028369657
       -0.1287828119   0.0277926617   0.1110764054   0.0001224700   0.0002820862
       -0.0002304676   0.0000262275   0.0004833536   0.0001532997  -0.0000763043
        0.0000116832   0.0000312301   0.0000824876  -0.0000938710   0.0001203403
       -0.0000410302  -0.0000427531   0.0000816053  -0.0001346814  -0.0000224227
        0.0000468132   0.0001584692  -0.0000753302   0.0001551876  -0.0016726468
       -0.0007208886  -0.0002822741   0.0010476561  -0.0005350100   0.0005457310
        0.0054551602  -0.0017131901  -0.0065740393   0.1495622430  -0.0317872105
       -0.1307941418  -0.0242356889   0.0081035575   0.0239023512  -0.0000050791
        0.0001410736  -0.0001829988   0.0003123492  -0.0004223586  -0.0000995046
       -0.0003345280  -0.0000087590   0.0000961430
        0.0001881806  -0.0001499369   0.0003183128   0.0002025012   0.0003972159
        0.0000284154  -0.0000475744   0.0001122459  -0.0003924675  -0.0006311181
        0.0000411421  -0.0002911411  -0.0142098981   0.0027507533   0.0191019380
        0.0279667636  -0.0521529224  -0.0371804527  -0.0004507621   0.0011802895
        0.0011727412   0.0005003308  -0.0003150656  -0.0002814878  -0.0001033215
        0.0000241859  -0.0001111736  -0.0000720007  -0.0000794678  -0.0000482529
       -0.0000969102  -0.0001373701   0.0000088845   0.0001281023  -0.0000629592
        0.0001427740   0.0000473695  -0.0001173627  -0.0000586736  -0.0008132090
        0.0003698457   0.0000545864  -0.0007424308  -0.0033733923   0.0039628815
        0.0157872968  -0.0074146770  -0.0224349521  -0.0317872105   0.0597466936
        0.0403230323   0.0039010764  -0.0004394235  -0.0040344825   0.0000865333
        0.0001698667  -0.0001089173   0.0001412712  -0.0004897800  -0.0001360273
        0.0000050097  -0.0000598810  -0.0000355378
       -0.0000284743  -0.0000073108   0.0002016602  -0.0004227809   0.0001883345
        0.0001831905   0.0000364172  -0.0000008232  -0.0000246502   0.0010562305
       -0.0000912977  -0.0009834150   0.0132878979   0.0004275280  -0.0201570327
        0.1114389105  -0.0371216440  -0.1882574114  -0.0005692495  -0.0011413795
        0.0012406999  -0.0000992369   0.0001877780   0.0004812166   0.0000964024
       -0.0000025361   0.0000524846  -0.0000147125  -0.0000185354  -0.0000423652
        0.0001901539  -0.0000808014  -0.0000041780   0.0002213075  -0.0001174343
        0.0001543140   0.0000157709  -0.0000613813  -0.0000884656  -0.0010497599
       -0.0004329777   0.0006894897   0.0003147353   0.0037877149  -0.0032140546
        0.0105971949  -0.0069865494  -0.0154072564  -0.1307941418   0.0403230323
        0.2180034064  -0.0041396667   0.0011629922   0.0068739305  -0.0000834494
       -0.0003779071   0.0000677070  -0.0000748832   0.0003602775   0.0003451085
        0.0000213341   0.0000029203  -0.0001143787
        0.0000127255   0.0000507571   0.0000378853   0.0004412731  -0.0001283853
       -0.0000133868  -0.0002446779  -0.0001402014   0.0001803843   0.0001573989
        0.0006140721  -0.0004322896  -0.0024806051   0.0029983212  -0.0036677084
       -0.2493983730   0.0329994216  -0.0721522684   0.0005048831  -0.0004686060
        0.0004680737  -0.0000754479  -0.0000913398  -0.0001089007   0.0000003708
       -0.0000131883  -0.0000065558   0.0000005529   0.0000055876  -0.0000424225
        0.0000077748   0.0000160252  -0.0000038599  -0.0000577525   0.0000626085
       -0.0000722456   0.0000601354   0.0000778020   0.0000334018  -0.0001680810
        0.0001501993  -0.0002992158   0.0008275790  -0.0004196486   0.0002912774
       -0.0135832196  -0.0006440205  -0.0058606202  -0.0242356889   0.0039010764
       -0.0041396667   0.2882163218  -0.0389712879   0.0856679353   0.0000022713
       -0.0001624581   0.0001062738  -0.0003065781   0.0000668496   0.0000035558
        0.0003191372   0.0000964154   0.0000103532
        0.0000523648   0.0000009606  -0.0000624044  -0.0000081887  -0.0000094304
       -0.0001923808  -0.0001209840   0.0001645550  -0.0000654283   0.0013191596
       -0.0024689053   0.0036204277   0.0207523851  -0.0070432201   0.0109156112
        0.0339248890  -0.0471410835   0.0103886789   0.0001784126   0.0001786870
        0.0001722809   0.0000154729   0.0000102510  -0.0000025868  -0.0000131551
        0.0000040729   0.0000105506  -0.0000020193   0.0000026451   0.0000354483
       -0.0000306108   0.0000235142  -0.0000616590  -0.0000556218   0.0000238339
       -0.0000048709   0.0000770904  -0.0000600632   0.0001028059   0.0000378260
       -0.0000522162  -0.0001317340   0.0003769476   0.0007246498  -0.0005303098
       -0.0252063225   0.0025289963  -0.0096670418   0.0081035575  -0.0004394235
        0.0011629922  -0.0389712879   0.0541784419  -0.0155881341  -0.0001378752
        0.0001479526  -0.0001385222   0.0001128259  -0.0000904840  -0.0000277822
       -0.0004048661  -0.0006837342   0.0000640586
       -0.0000015554  -0.0000958171   0.0000560335   0.0000100225   0.0000334197
        0.0000529668   0.0001524502   0.0000882231   0.0001619505  -0.0018036263
        0.0030195590  -0.0037372561  -0.0172382151   0.0070899190  -0.0091532225
       -0.0730850671   0.0102730664  -0.0682456625   0.0001163397  -0.0005023945
        0.0003621040  -0.0000305716   0.0001045310   0.0000655823   0.0000035837
       -0.0000142587   0.0000331459   0.0000372445  -0.0000157706  -0.0000154451
        0.0000514532  -0.0000374708   0.0000462244   0.0000526805   0.0000061105
        0.0000744956   0.0000976527   0.0000067882   0.0000297106  -0.0001888049
       -0.0001390640  -0.0000252177  -0.0008225174  -0.0001790348   0.0001344077
       -0.0171049073  -0.0000009087  -0.0060019075   0.0239023512  -0.0040344825
        0.0068739305   0.0856679353  -0.0155881341   0.0792700123   0.0000285730
       -0.0001222771  -0.0000547137   0.0000842206  -0.0000055692  -0.0001061434
        0.0000707582   0.0001135651   0.0001790044
       -0.0001255283  -0.0001594846   0.0000871184  -0.0001751531  -0.0001652334
       -0.0000081615   0.0000052605   0.0000412432  -0.0000157324   0.0004015134
       -0.0005067261   0.0006402152   0.0000282799  -0.0065585711   0.0036273302
        0.0002720687  -0.0015184026  -0.0006740599  -0.0456287710   0.0173122699
       -0.0130041066   0.0001600994   0.0000484210  -0.0000074680   0.0000606544
        0.0000892959  -0.0000873795  -0.0003346233   0.0001119737   0.0001154248
        0.0000232765  -0.0000053997  -0.0000277109   0.0000281304   0.0000211402
       -0.0000229412  -0.0000048014   0.0000145743   0.0000020058   0.0000138587
        0.0000345460  -0.0000160982  -0.0000077314   0.0003893527  -0.0000354509
        0.0002083519  -0.0004655257   0.0002152418  -0.0000050791   0.0000865333
       -0.0000834494   0.0000022713  -0.0001378752   0.0000285730   0.0497807103
       -0.0178870535   0.0160587518   0.0011508625  -0.0147218788   0.0151642991
       -0.0058536502   0.0239768007  -0.0219564014
        0.0002587863   0.0001222515  -0.0000730416   0.0001326865  -0.0001055934
       -0.0001374581   0.0000539347   0.0001949194  -0.0001406696  -0.0005528841
        0.0006286454   0.0007520903   0.0008525405  -0.0254318594   0.0159969908
       -0.0013005715  -0.0052386999  -0.0031033449   0.0165146576  -0.1799254737
        0.1187461254  -0.0000570519  -0.0001321441   0.0000556544   0.0000809923
       -0.0000452294  -0.0000158853  -0.0001647982   0.0001261000  -0.0000134239
        0.0000158803   0.0000339334  -0.0000830528  -0.0000141578   0.0000273261
       -0.0000162830   0.0000161746  -0.0001588325  -0.0000147148   0.0000947385
       -0.0000254611  -0.0000174684   0.0002695148   0.0001422365   0.0003564336
       -0.0000791601  -0.0016498366   0.0009352434   0.0001410736   0.0001698667
       -0.0003779071  -0.0001624581   0.0001479526  -0.0001222771  -0.0178870535
        0.2114289708  -0.1369170657  -0.0006418260   0.0025400464  -0.0000628667
        0.0024289816  -0.0028491187   0.0042529211
        0.0000922239   0.0000870664  -0.0001035338  -0.0001656394   0.0001019232
       -0.0000739094   0.0000326204  -0.0000401339  -0.0000482360   0.0003644153
       -0.0004019696   0.0008984020   0.0008603091  -0.0091729533   0.0076590510
       -0.0006070430  -0.0017559663  -0.0002533950  -0.0128061781   0.1195496393
       -0.1456270032  -0.0001611742   0.0000544273  -0.0000759450  -0.0000231337
       -0.0001123042   0.0000151675   0.0002866559  -0.0000786237   0.0001148986
       -0.0000037452  -0.0000283599   0.0000132903   0.0000309936   0.0000163140
       -0.0000151522  -0.0000002959  -0.0000065527   0.0000250049  -0.0000213052
       -0.0000339846  -0.0000204988  -0.0000756495  -0.0002439641   0.0003750922
       -0.0000453752  -0.0004899089   0.0004579069  -0.0001829988  -0.0001089173
        0.0000677070   0.0001062738  -0.0001385222  -0.0000547137   0.0160587518
       -0.1369170657   0.1661208867  -0.0003375367   0.0202972484  -0.0211021396
       -0.0034021690   0.0094226078  -0.0083728806
       -0.0016518068   0.0001673286  -0.0004648701   0.0001844870  -0.0003293670
       -0.0001398504  -0.0000578591  -0.0000195341   0.0000780097   0.0007413443
        0.0001052823   0.0000715497   0.0042268605   0.0003644044  -0.0037239143
        0.0001879799  -0.0000580514  -0.0005032043  -0.1318371590   0.0234582709
        0.1150048674  -0.0016848964  -0.0009331605   0.0009192300  -0.0001732269
        0.0000130354   0.0001903748  -0.0005708146   0.0004404742  -0.0004414421
        0.0000042749   0.0000552177   0.0000874054  -0.0000115002   0.0000118946
       -0.0000110781   0.0000129826   0.0000904594   0.0000322109   0.0000443267
       -0.0000420778   0.0000183135   0.0010044933  -0.0011477076  -0.0005876430
       -0.0000536715  -0.0001124770  -0.0001210994   0.0003123492   0.0001412712
       -0.0000748832  -0.0003065781   0.0001128259   0.0000842206   0.0011508625
       -0.0006418260  -0.0003375367   0.1531202768  -0.0262889846  -0.1345322947
       -0.0246427250   0.0046127215   0.0244516344
       -0.0000990180   0.0002896749  -0.0003514649  -0.0001714990   0.0000573877
        0.0000966563  -0.0000570589  -0.0000323377  -0.0000636974   0.0003793214
        0.0001757765  -0.0000137247   0.0155618406  -0.0073331575  -0.0219070246
        0.0006521535   0.0010791126  -0.0010421650   0.0232905195  -0.0489659297
       -0.0292413781  -0.0007516710   0.0003254473   0.0003814326   0.0001086142
       -0.0000842690   0.0001334549   0.0003748632  -0.0000823170   0.0003278630
        0.0000873418  -0.0000321917   0.0000265868   0.0000237412  -0.0000081854
        0.0000195355   0.0000315661  -0.0000316429   0.0000337637  -0.0000397102
       -0.0001333611   0.0000358655  -0.0007716787  -0.0048773800  -0.0035316457
       -0.0000113084   0.0003333206   0.0001080549  -0.0004223586  -0.0004897800
        0.0003602775   0.0000668496  -0.0000904840  -0.0000055692  -0.0147218788
        0.0025400464   0.0202972484  -0.0262889846   0.0568274044   0.0361684581
        0.0027583550   0.0005328655  -0.0018325277
        0.0006991291  -0.0000123136   0.0004031307  -0.0003406704  -0.0001865924
        0.0002045528  -0.0000900317   0.0000390568   0.0001315123   0.0005316810
        0.0002077095  -0.0008445608   0.0089207285  -0.0068973792  -0.0145723729
       -0.0002873687   0.0012655879   0.0011980640   0.1146380037  -0.0290780300
       -0.1921620139   0.0001677203  -0.0001105548   0.0007457547   0.0003144652
        0.0001252525   0.0000113222  -0.0005792786   0.0003938122  -0.0002589930
        0.0001617783   0.0000017925  -0.0000593737   0.0000068948  -0.0000021122
       -0.0000041500   0.0000210868   0.0000171327  -0.0000116607  -0.0000226555
       -0.0000531717   0.0000038914  -0.0006621261  -0.0033132828  -0.0015885988
        0.0000319080   0.0003373678  -0.0000269762  -0.0000995046  -0.0001360273
        0.0003451085   0.0000035558  -0.0000277822  -0.0001061434   0.0151642991
       -0.0000628667  -0.0211021396  -0.1345322947   0.0361684581   0.2210300747
       -0.0040473203   0.0013239428   0.0066635717
       -0.0003581735  -0.0000330509   0.0001459851   0.0004138572   0.0000634051
       -0.0001221968  -0.0000235795   0.0000153023  -0.0000198256  -0.0009330733
       -0.0017010854  -0.0013677612  -0.0100721225  -0.0034225736  -0.0057047451
        0.0005674002   0.0004472965   0.0002818146  -0.2562580821   0.0135323228
       -0.0701296500  -0.0001321005   0.0001547613  -0.0002059905  -0.0000582123
       -0.0000486262  -0.0000600019   0.0000928093  -0.0002159172   0.0001041325
        0.0000160219  -0.0000021027   0.0000160344  -0.0000124235   0.0000070369
        0.0000207710   0.0000284381  -0.0000102596  -0.0000313751  -0.0000111725
        0.0000235091  -0.0000045333   0.0007655383   0.0004535447   0.0002778427
        0.0001050789   0.0001957767   0.0001022183  -0.0003345280   0.0000050097
        0.0000213341   0.0003191372  -0.0004048661   0.0000707582  -0.0058536502
        0.0024289816  -0.0034021690  -0.0246427250   0.0027583550  -0.0040473203
        0.2963815617  -0.0142468199   0.0840546779
        0.0001398833   0.0000344788   0.0001166905  -0.0001049525  -0.0000747745
       -0.0000461113  -0.0000532743   0.0000236399   0.0000172352  -0.0027588053
       -0.0025073830  -0.0031774790  -0.0234985288  -0.0026156061  -0.0097114579
       -0.0002588007   0.0001467200  -0.0002614062   0.0124378340  -0.0422427782
        0.0049002686  -0.0000171887  -0.0000571982   0.0000921340   0.0000531724
        0.0000249692  -0.0000116371  -0.0000965758   0.0000240632  -0.0000400260
        0.0000092189   0.0000003920   0.0000664954   0.0000098655   0.0000106850
       -0.0000063900   0.0000187428   0.0000273271  -0.0000111811   0.0000104180
       -0.0000062418   0.0000020874  -0.0004982263   0.0008330583   0.0002674235
        0.0001768588   0.0000848222   0.0000689030  -0.0000087590  -0.0000598810
        0.0000029203   0.0000964154  -0.0006837342   0.0001135651   0.0239768007
       -0.0028491187   0.0094226078   0.0046127215   0.0005328655   0.0013239428
       -0.0142468199   0.0493536947  -0.0031285851
        0.0003584840   0.0000426623   0.0000458200   0.0000162681  -0.0000606032
       -0.0000771085  -0.0000628799  -0.0000073548   0.0000819055  -0.0023799904
       -0.0023106501  -0.0023499089  -0.0137248823  -0.0028381921  -0.0056970823
        0.0002735203   0.0004743659   0.0003051783  -0.0705785227   0.0051432041
       -0.0665272875  -0.0000518943  -0.0001676179   0.0001457153   0.0000780180
       -0.0000012924   0.0000743070  -0.0000128624   0.0000851159  -0.0001837438
        0.0000342122   0.0000327893   0.0000391452  -0.0000195658   0.0000066761
        0.0000117519   0.0000255564   0.0000221962  -0.0000123503   0.0000121922
       -0.0000194145  -0.0000066031  -0.0006506330   0.0002121148  -0.0000252959
        0.0000265726   0.0000656714  -0.0000905877   0.0000961430  -0.0000355378
       -0.0001143787   0.0000103532   0.0000640586   0.0001790044  -0.0219564014
        0.0042529211  -0.0083728806   0.0244516344  -0.0018325277   0.0066635717
        0.0840546779  -0.0031285851   0.0759108281
