           1           2   1.02069261589344     
           2           3   1.00446927397817     
           3           4  0.974053003922807     
           4           5  0.980043672051933     
           5           6   1.69632789977128     
           5           7   1.16207068729523     
           6           7  0.169628072857911     
           7           8  0.939096278885008     
           1           9  0.986308023115951     
           1          10  0.987191413052320     
           1          11  0.985705136110153     
           2          12  0.975442459847221     
           2          13  0.977164527453374     
           3          14  0.977451283524823     
           3          15  0.977353657213897     
           4          16  0.965774930008275     
           4          17  0.965778739748364     
           8          18  0.976066649961374     
           8          19  0.976546670017627     
           8          20  0.976766889675215     
