           1           2   1.02111373952535     
           2           3  0.990447273395308     
           3           4  0.978397937582851     
           4           5   1.69072060530502     
           4           6   1.16921573656780     
           5           6  0.170884080669060     
           6           7  0.918279273111619     
           7           8   1.01924498098875     
           1           9  0.986001509721069     
           1          10  0.986259659932256     
           1          11  0.987646132065005     
           2          12  0.976948370792815     
           2          13  0.975664627917033     
           3          14  0.944536742805037     
           3          15  0.970920115997121     
           7          16  0.968094957405670     
           7          17  0.969442602553872     
           8          18  0.984014584979136     
           8          19  0.983307574914980     
           8          20  0.980083193124682     
