           1           2   1.02057789315891     
           2           3   1.00559921963411     
           3           4  0.993078806809276     
           4           5   1.02925578679608     
           1           6  0.987216623360996     
           1           7  0.983190343763435     
           1           8  0.987557051714616     
           2           9  0.976973146925021     
           2          10  0.980160821608872     
           3          11  0.977924841575745     
           3          12  0.976259950548956     
           4          13  0.974797061383000     
           4          14  0.975212769153343     
           5          15  0.958536825754921     
           5          16  0.961080236569223     
