           1           2   1.02124997106192     
           2           3  0.994341083997272     
           3           4  0.981853204521058     
           4           5   1.68494583654995     
           4           6   1.17358188650287     
           5           6  0.169183727108293     
           6           7  0.920627482746106     
           7           8   1.01350774501742     
           1           9  0.985894445831447     
           1          10  0.984340794243115     
           1          11  0.986745806734658     
           2          12  0.976250988730536     
           2          13  0.978687260928227     
           3          14  0.939121414017204     
           3          15  0.969506270587175     
           7          16  0.969257145398696     
           7          17  0.970153499025382     
           8          18  0.980293344008990     
           8          19  0.985754202596404     
           8          20  0.984515634806347     
