           1           2   1.02131763757259     
           2           3   1.00073971246729     
           3           4  0.994892248381436     
           4           5   1.02699170569411     
           1           6  0.988001702190920     
           1           7  0.987756693379358     
           1           8  0.986827467267791     
           2           9  0.981703176751984     
           2          10  0.978205214971219     
           3          11  0.977418645783645     
           3          12  0.981043594999072     
           4          13  0.975373099607105     
           4          14  0.975825521549285     
           5          15  0.961342678882294     
           5          16  0.961009450412081     
