$hessian                                                                        
        0.5234751551   0.0057666806   0.0040240531  -0.0664800311   0.0121114672
        0.0030810505  -0.0021291828  -0.0243908779  -0.0049992498   0.0003724542
       -0.0010270550  -0.0010959345  -0.0000942397  -0.0003704579   0.0004220661
        0.0001159165  -0.0001935630   0.0000958299   0.0005589253  -0.0000540223
       -0.0000838225   0.0000808543   0.0000316648   0.0000682887  -0.2179714099
       -0.0681039265  -0.0847473562  -0.1832321087   0.0376950747   0.1096464436
       -0.0493071403   0.0149344267  -0.0291551090  -0.0028647166   0.0236012629
        0.0041866579   0.0006617893   0.0036416409   0.0001224878   0.0007304650
       -0.0004919026   0.0007263192  -0.0037059167  -0.0030914100  -0.0022250747
       -0.0000848384  -0.0000183458  -0.0000553038  -0.0000767260  -0.0000131950
        0.0000199477  -0.0000179626   0.0000055180  -0.0000150837   0.0000142735
       -0.0000322030   0.0000045567  -0.0000455603  -0.0000007768  -0.0000207670
        0.0057666806   0.4605122533  -0.0086692736   0.0120724480  -0.2011081322
       -0.0153688993  -0.0061675597  -0.0172828188  -0.0050622681   0.0008094515
        0.0000232477   0.0006086709  -0.0001584415   0.0000258770  -0.0002942499
       -0.0003605759   0.0001816570  -0.0002549873   0.0002065251  -0.0001469009
       -0.0000875291  -0.0000301971  -0.0000541502   0.0000296414  -0.0686570349
       -0.0682947127  -0.0330613222   0.0380543762  -0.0526416584  -0.0297876389
        0.0148536802  -0.0898805153   0.0949333779   0.0031948349  -0.0119656893
       -0.0034469773   0.0015481475  -0.0200769048   0.0008865855   0.0008519987
        0.0011429189   0.0005211047  -0.0019872147  -0.0005179560  -0.0009349092
        0.0000214769   0.0000220800   0.0000329063  -0.0000070226   0.0000231979
       -0.0000245145   0.0000159664   0.0000121095   0.0000129951  -0.0000097045
        0.0000158504  -0.0000224446  -0.0000178351   0.0000102470  -0.0000102677
        0.0040240531  -0.0086692736   0.5226245247   0.0034671722  -0.0155141708
       -0.0699274327  -0.0026209081  -0.0134027550  -0.0025033639   0.0007608507
        0.0008877759  -0.0010240662   0.0002439905  -0.0002978078   0.0009531693
       -0.0001276260  -0.0001233377   0.0001956917   0.0001743372  -0.0000238922
       -0.0002162884  -0.0000122968   0.0000222733  -0.0000852200  -0.0847797522
       -0.0327604426  -0.0859233763   0.1093349285  -0.0293911906  -0.1325679202
       -0.0292337665   0.0945882857  -0.2312374921   0.0032568174  -0.0188361904
       -0.0027255245  -0.0024037989   0.0263435184   0.0021109747   0.0002868580
       -0.0011351619   0.0006944122  -0.0024311455  -0.0016592270  -0.0004940660
        0.0000729106   0.0000172426   0.0000239850  -0.0000265171  -0.0000154710
        0.0000336721   0.0000116410  -0.0000164364   0.0000203839   0.0000078146
       -0.0000134775   0.0000406534  -0.0000055626  -0.0000002613   0.0000072832
       -0.0664800311   0.0120724480   0.0034671722   0.4890410495  -0.0188372905
       -0.0329254579  -0.1447172187  -0.0399810516  -0.0502640443  -0.0328848280
       -0.0086351563   0.0010007584   0.0007572881   0.0024271850  -0.0046690706
       -0.0022486261  -0.0002748055   0.0027915406  -0.0010238085   0.0011863152
        0.0002650261  -0.0000830660   0.0000298827   0.0000280467  -0.0001128566
       -0.0252928162  -0.0040129074  -0.0029975150   0.0246859693   0.0044440904
       -0.0001096027   0.0042982983  -0.0002202880  -0.1855962630   0.0392929073
        0.1085680036  -0.0462627713   0.0122017198  -0.0207242713  -0.0071372123
       -0.0014405901  -0.0062903580  -0.0000818205  -0.0018635804  -0.0013012456
       -0.0001950121  -0.0000005774  -0.0000122532   0.0002091092   0.0000824774
       -0.0001510055   0.0000153741   0.0000214916   0.0000530738  -0.0000495195
       -0.0000012473   0.0000152062  -0.0000426695   0.0000284208  -0.0000620163
        0.0121114672  -0.2011081322  -0.0155141708  -0.0188372905   0.4684245960
       -0.0210560315  -0.0347568335  -0.0745135773  -0.0166430292  -0.0002136678
        0.0015293422   0.0022315901  -0.0002878666   0.0002852118   0.0002850716
        0.0003047948  -0.0005063227  -0.0009192773   0.0005063392  -0.0004981778
       -0.0002164111   0.0000329462  -0.0000701950  -0.0000221439  -0.0015189824
       -0.0140397449  -0.0027127964   0.0037096694  -0.0120202389  -0.0041011996
        0.0017513485  -0.0200777044   0.0020077847   0.0395736563  -0.0515088177
       -0.0269058256   0.0117920427  -0.0867434195   0.0916606385   0.0099092586
        0.0044819315   0.0053530702  -0.0240982285  -0.0137060142  -0.0134673592
        0.0000577783   0.0000251072  -0.0000066866  -0.0000587570   0.0000214821
        0.0000041535   0.0000110464   0.0000049605   0.0000213434   0.0000017354
        0.0000102587   0.0000020441   0.0000095432   0.0000094547  -0.0000007649
        0.0030810505  -0.0153688993  -0.0699274327  -0.0329254579  -0.0210560315
        0.5249185792  -0.0416565284  -0.0148555484  -0.0919887495   0.0062846955
        0.0084025252   0.0108607691   0.0011149138  -0.0005324739  -0.0016217848
        0.0046190110  -0.0023695746  -0.0003942131   0.0001883021  -0.0009814770
        0.0001498457   0.0002162356  -0.0000619844  -0.0001626349  -0.0004692036
       -0.0130643385  -0.0018269137   0.0028156461  -0.0200918158  -0.0032043333
       -0.0024152895   0.0273629779   0.0018856838   0.1078394669  -0.0270174467
       -0.1242159685  -0.0196520753   0.0912104391  -0.2283329261  -0.0225727245
       -0.0073154740  -0.0135771364  -0.0064708337  -0.0042996401  -0.0025991858
        0.0000872858  -0.0000598223  -0.0000426899  -0.0001062630   0.0000840730
        0.0000447972  -0.0000165114   0.0000300172   0.0000165917  -0.0000285641
       -0.0000091623   0.0000011873   0.0000668442  -0.0000063436   0.0000165148
       -0.0021291828  -0.0061675597  -0.0026209081  -0.1447172187  -0.0347568335
       -0.0416565284   0.4401945474  -0.0263764182   0.0163861709  -0.1224728751
        0.0022070591   0.0536060317   0.0000063354   0.0001603408   0.0130322274
       -0.0488368539   0.0167609188   0.0120196859   0.0010836056   0.0028701988
       -0.0027892790  -0.0013351801   0.0002192128   0.0006729046   0.0010488917
       -0.0004720195  -0.0001433008   0.0009382533   0.0003920088   0.0001873012
        0.0005081254   0.0006718420   0.0004196787  -0.0267517051  -0.0087911478
       -0.0106822295  -0.0073045637  -0.0016040132  -0.0070502994  -0.0512434168
        0.0226727853  -0.0389590559  -0.0380439010   0.0319956341   0.0070480668
       -0.0008139366   0.0001658159   0.0004984286   0.0000722997  -0.0000147787
        0.0001071395   0.0001574976   0.0000280200   0.0001049564   0.0000695715
       -0.0000940029   0.0000551236  -0.0004302939   0.0001329371  -0.0002361141
       -0.0243908779  -0.0172828188  -0.0134027550  -0.0399810516  -0.0745135773
       -0.0148555484  -0.0263764182   0.5049180735  -0.0366932880   0.0040393045
       -0.0695033225  -0.0083805352  -0.0070360935   0.0123685024   0.0140973200
        0.0205175934   0.0018694774  -0.0033086338   0.0029791666   0.0048717680
        0.0027786835   0.0007834211  -0.0000794250  -0.0004066086  -0.0006727045
       -0.0064888146  -0.0015343237  -0.0005611665   0.0012115025   0.0002565996
       -0.0007459552   0.0009556373  -0.0009535636   0.0009380929   0.0011586423
        0.0009289825   0.0091882356   0.0043071577   0.0049794224   0.0244343263
       -0.1006620172   0.0991537375   0.0365356240  -0.2630425816  -0.0428327022
       -0.0008799064   0.0001846666   0.0004289925   0.0010087616  -0.0002253968
       -0.0003095786   0.0000603758   0.0000040512  -0.0000247181  -0.0000764692
        0.0000738889  -0.0000766295   0.0002357412  -0.0001254140   0.0001551467
       -0.0049992498  -0.0050622681  -0.0025033639  -0.0502640443  -0.0166430292
       -0.0919887495   0.0163861709  -0.0366932880   0.5075409254   0.0551860687
       -0.0072359592  -0.1075682369   0.0335783034   0.0058323236  -0.0445821961
       -0.0027012845   0.0008315195   0.0091080763  -0.0014538675   0.0030275104
        0.0001279473  -0.0003233161   0.0000638060   0.0001822687   0.0000818814
       -0.0008025233   0.0004566808  -0.0003974245   0.0002628088   0.0002062337
        0.0008719751   0.0007650152   0.0008883020   0.0130665023   0.0045813220
        0.0064015015  -0.0251716733  -0.0088079414  -0.0159708877  -0.0413899982
        0.1000535203  -0.2124808078   0.0077543792  -0.0402682527  -0.0496851648
       -0.0003487764   0.0001582646   0.0001340175   0.0002499043  -0.0000910957
       -0.0002822831   0.0000575208  -0.0000284566   0.0000616186  -0.0000117750
        0.0000083203   0.0000495206  -0.0001712966   0.0000484034  -0.0000954027
        0.0003724542   0.0008094515   0.0007608507  -0.0328848280  -0.0002136678
        0.0062846955  -0.1224728751   0.0040393045   0.0551860687   0.4576255770
       -0.0701593703  -0.0562705991  -0.0752659411  -0.0121335010   0.0465012893
       -0.1752996795   0.0578424255  -0.0508937882  -0.0458350347   0.0158434253
       -0.0012492048  -0.0031884166   0.0007529242   0.0021168791   0.0001911392
        0.0005157171   0.0002431387   0.0005682566  -0.0008639684   0.0000657682
        0.0000835264  -0.0001469618  -0.0004470583  -0.0029753276  -0.0018503112
       -0.0014624634  -0.0007607070  -0.0000449159   0.0003088031   0.0050999293
       -0.0001708377  -0.0017435754  -0.0052207639   0.0046285250   0.0039006781
        0.0007924811  -0.0008895022  -0.0016202068   0.0007312392   0.0016403651
       -0.0009992586  -0.0004917112   0.0001864338   0.0002707868  -0.0004232431
       -0.0001832672   0.0003496078  -0.0006460751   0.0003977314  -0.0013024112
       -0.0010270550   0.0000232477   0.0008877759  -0.0086351563   0.0015293422
        0.0084025252   0.0022070591  -0.0695033225  -0.0072359592  -0.0701593703
        0.2750137311  -0.1797540579  -0.0054666253  -0.1110752147   0.1521067405
        0.0597124672  -0.0881850072   0.0386487270   0.0151898421  -0.0028192294
       -0.0045928052  -0.0010634319   0.0001217870   0.0007230047   0.0002625875
       -0.0003144015  -0.0001261156   0.0001302713  -0.0002569791  -0.0010990298
       -0.0001629057  -0.0003498197   0.0004504543  -0.0027354546  -0.0003315565
       -0.0010401453   0.0015925069   0.0004484824   0.0006970610  -0.0111647257
        0.0003784300   0.0107905963   0.0233065484  -0.0062848986  -0.0198832901
        0.0003062813   0.0014264097   0.0006071018  -0.0026134313   0.0004098269
        0.0004215560   0.0002020322  -0.0001764853  -0.0003788601   0.0005788326
       -0.0002599299   0.0000797051  -0.0004602723   0.0002055873   0.0002950152
       -0.0010959345   0.0006086709  -0.0010240662   0.0010007584   0.0022315901
        0.0108607691   0.0536060317  -0.0083805352  -0.1075682369  -0.0562705991
       -0.1797540579   0.8136231319   0.0275759457   0.1568609711  -0.5838256044
       -0.0582511543   0.0424602964  -0.1183997385   0.0009586715  -0.0062750642
        0.0149074952   0.0047913991  -0.0000453252  -0.0036505136  -0.0003641849
       -0.0008602264  -0.0001915552   0.0003109680  -0.0011354380   0.0006553458
        0.0003782846   0.0003715156  -0.0005719545  -0.0038323320  -0.0011564578
       -0.0012762311  -0.0021669489   0.0007724064  -0.0002134478   0.0172095875
        0.0000761288  -0.0200684117   0.0092201193  -0.0039628602  -0.0041351547
        0.0032455744  -0.0033011269  -0.0005692842   0.0038585930   0.0015326737
        0.0012810127  -0.0010880724   0.0001458516  -0.0000991407  -0.0008533740
        0.0003272998  -0.0000301635   0.0017666672  -0.0005163123   0.0002957481
       -0.0000942397  -0.0001584415   0.0002439905   0.0007572881  -0.0002878666
        0.0011149138   0.0000063354  -0.0070360935   0.0335783034  -0.0752659411
       -0.0054666253   0.0275759457   0.0851043171  -0.0141455434  -0.0136081344
       -0.0095592029   0.0279440481  -0.0492019166   0.0014599956  -0.0003453036
       -0.0055515150   0.0005735763   0.0003490670  -0.0008388942  -0.0000323203
        0.0000594986  -0.0000309566  -0.0002700384   0.0001489218  -0.0000402222
       -0.0000008359   0.0000404246   0.0001687465   0.0002436965   0.0000920282
        0.0000529635   0.0008555093  -0.0000244535   0.0003390058  -0.0047803360
        0.0005440500   0.0048737946  -0.0006101823  -0.0005390030   0.0006872756
        0.0007364042  -0.0011012746   0.0001478162   0.0007634477  -0.0000041298
        0.0002447863   0.0000165002   0.0000726165   0.0000849279  -0.0001027748
       -0.0000159991  -0.0000623210   0.0001988010  -0.0001259209   0.0002214904
       -0.0003704579   0.0000258770  -0.0002978078   0.0024271850   0.0002852118
       -0.0005324739   0.0001603408   0.0123685024   0.0058323236  -0.0121335010
       -0.1110752147   0.1568609711  -0.0141455434   0.0998874652  -0.2130936658
        0.0281159772   0.0002310115   0.0498684921  -0.0032414480  -0.0028645686
        0.0000931500   0.0001972166   0.0001937663  -0.0001622295  -0.0000029453
       -0.0000667150  -0.0000708496  -0.0002550117  -0.0000503524   0.0001652947
        0.0000467528   0.0000546577   0.0000992414   0.0002736130   0.0000453714
        0.0001784858  -0.0003142769  -0.0005026784  -0.0004542971   0.0004044134
        0.0014133529   0.0002922627  -0.0011610189   0.0004359495   0.0022879228
       -0.0001015128  -0.0001403047  -0.0008355817   0.0003336807  -0.0003350776
       -0.0000225480  -0.0001988241  -0.0000644790   0.0000311726  -0.0001256820
        0.0002066646  -0.0000592657   0.0000910424  -0.0000484399  -0.0001805976
        0.0004220661  -0.0002942499   0.0009531693  -0.0046690706   0.0002850716
       -0.0016217848   0.0130322274   0.0140973200  -0.0445821961   0.0465012893
        0.1521067405  -0.5838256044  -0.0136081344  -0.2130936658   0.7052563567
       -0.0487928584   0.0486756862  -0.0747432836   0.0039081193  -0.0021807987
        0.0013209711  -0.0011362106  -0.0001942409   0.0015699638   0.0000973328
        0.0003641388   0.0001545803  -0.0001435129   0.0009850404  -0.0002152757
       -0.0001914206  -0.0002502041   0.0000506287   0.0004652563  -0.0000039627
        0.0005718109   0.0006155906  -0.0006193439   0.0008682014   0.0071085743
       -0.0005268615  -0.0058231345  -0.0016336165   0.0008333232  -0.0003466211
       -0.0009037726   0.0015473917   0.0003326405  -0.0016044866  -0.0015040458
       -0.0002709146   0.0006143724   0.0001090548   0.0000709294   0.0004908359
       -0.0004266409   0.0000123051  -0.0005725813   0.0000902472   0.0002672575
        0.0001159165  -0.0003605759  -0.0001276260  -0.0022486261   0.0003047948
        0.0046190110  -0.0488368539   0.0205175934  -0.0027012845  -0.1752996795
        0.0597124672  -0.0582511543  -0.0095592029   0.0281159772  -0.0487928584
        0.4221603024  -0.1196490413   0.0018751899  -0.1139412786  -0.0004180036
        0.0613505202  -0.0365838424   0.0076905557   0.0111340124   0.0000958591
       -0.0000290649  -0.0001602568  -0.0001075670   0.0000467441  -0.0004260107
       -0.0000031031  -0.0000499422   0.0004125293  -0.0020358944  -0.0004812040
       -0.0003681093   0.0008757010   0.0004889082  -0.0001090636   0.0003686882
       -0.0006324648  -0.0005910029  -0.0031615815   0.0011771654   0.0021347722
       -0.0080401602   0.0077600620   0.0139793206  -0.0232117123  -0.0051218220
        0.0184792742   0.0023216530  -0.0009724227   0.0008011803   0.0022915504
       -0.0003954028   0.0005520998  -0.0052001688   0.0022956763  -0.0038105432
       -0.0001935630   0.0001816570  -0.0001233377  -0.0002748055  -0.0005063227
       -0.0023695746   0.0167609188   0.0018694774   0.0008315195   0.0578424255
       -0.0881850072   0.0424602964   0.0279440481   0.0002310115   0.0486756862
       -0.1196490413   0.1425783050  -0.0852701050   0.0030014780  -0.0589213602
       -0.0002339862   0.0136949475   0.0001877969  -0.0047777278  -0.0002053762
        0.0001026934   0.0000633519  -0.0000125419  -0.0000705156   0.0005985739
        0.0002417772   0.0001760459  -0.0003610335   0.0007912997   0.0001631577
        0.0002965785  -0.0005310281  -0.0001325458   0.0000100141  -0.0002237423
       -0.0003370600  -0.0004518366  -0.0002674124  -0.0000274810  -0.0003644995
        0.0222303166  -0.0026209750  -0.0154278789  -0.0223052423   0.0048981650
        0.0154592228  -0.0004037796   0.0003385572   0.0004317971  -0.0009206261
        0.0004296730  -0.0008265635   0.0024799474  -0.0003552725   0.0013795030
        0.0000958299  -0.0002549873   0.0001956917   0.0027915406  -0.0009192773
       -0.0003942131   0.0120196859  -0.0033086338   0.0091080763  -0.0508937882
        0.0386487270  -0.1183997385  -0.0492019166   0.0498684921  -0.0747432836
        0.0018751899  -0.0852701050   0.3288976821   0.0523545555   0.0032812497
       -0.1198421512  -0.0146740833   0.0020033210   0.0118177689   0.0001457833
        0.0000274895  -0.0001201433  -0.0001985442   0.0000892992  -0.0002627004
       -0.0001068301  -0.0000644256   0.0001357069   0.0004908408   0.0003283114
        0.0002654820   0.0003525575   0.0000769267  -0.0001246922   0.0004204665
       -0.0010196121   0.0005428023   0.0009380778  -0.0006893237  -0.0008200844
        0.0272072834  -0.0065044266  -0.0211801218   0.0198689204   0.0025808735
       -0.0151436396   0.0005539511   0.0000665467   0.0008406964   0.0002221501
       -0.0003992418   0.0004350055  -0.0042616705   0.0014587964  -0.0012081440
        0.0005589253   0.0002065251   0.0001743372  -0.0010238085   0.0005063392
        0.0001883021   0.0010836056   0.0029791666  -0.0014538675  -0.0458350347
        0.0151898421   0.0009586715   0.0014599956  -0.0032414480   0.0039081193
       -0.1139412786   0.0030014780   0.0523545555   0.4027564474   0.0175173913
        0.0454607464  -0.1256604789   0.0277208484  -0.0683567375   0.0000842847
       -0.0000080729   0.0000815650  -0.0002146665  -0.0001420451  -0.0001964976
       -0.0001833360  -0.0000569276  -0.0000047512  -0.0001617267  -0.0001691527
       -0.0002798896  -0.0001261291  -0.0000829416   0.0002067226  -0.0001559766
        0.0002159084  -0.0004788280  -0.0015057263  -0.0000720750   0.0005359743
       -0.0457130151  -0.0285111875  -0.0312188267  -0.0479077591  -0.0441207763
        0.0162923940  -0.0062081350   0.0001345315  -0.0070319204   0.0039425087
        0.0008027927   0.0025017296  -0.0212486961   0.0081298033  -0.0136417990
       -0.0000540223  -0.0001469009  -0.0000238922   0.0011863152  -0.0004981778
       -0.0009814770   0.0028701988   0.0048717680   0.0030275104   0.0158434253
       -0.0028192294  -0.0062750642  -0.0003453036  -0.0028645686  -0.0021807987
       -0.0004180036  -0.0589213602   0.0032812497   0.0175173913   0.5143496641
       -0.0070094538   0.0270922855  -0.0811544070   0.0290008628   0.0000072883
       -0.0000158993  -0.0000107435  -0.0001206418  -0.0000452935  -0.0001135409
       -0.0000205644  -0.0000165367   0.0000658043   0.0004471751   0.0001492750
        0.0001810025  -0.0000481631   0.0000447464  -0.0000610525  -0.0000190050
        0.0001918562   0.0000021376  -0.0006947419   0.0001163278   0.0003640577
       -0.0311562475  -0.1476503636  -0.1050211297  -0.0414321559  -0.2193777070
        0.0771545064  -0.0141518128   0.0064128728  -0.0132778803   0.0199267434
       -0.0113493124   0.0198527080   0.0035698390  -0.0012767539   0.0020251934
       -0.0000838225  -0.0000875291  -0.0002162884   0.0002650261  -0.0002164111
        0.0001498457  -0.0027892790   0.0027786835   0.0001279473  -0.0012492048
       -0.0045928052   0.0149074952  -0.0055515150   0.0000931500   0.0013209711
        0.0613505202  -0.0002339862  -0.1198421512   0.0454607464  -0.0070094538
        0.4808338111  -0.0649564989   0.0279585677  -0.1275845665  -0.0000354686
       -0.0000200306  -0.0000332491  -0.0000962522  -0.0000222074   0.0000662378
        0.0001004844  -0.0000286845   0.0000898304  -0.0001053703   0.0000235518
        0.0000997219   0.0000888464   0.0001344924  -0.0001000713   0.0003026717
       -0.0001252802   0.0003243083  -0.0002839521   0.0003002503   0.0005088283
       -0.0307541781  -0.1063277948  -0.1507091252   0.0181694179   0.0783615611
       -0.0776369340  -0.0189781241   0.0049531585  -0.0187616643  -0.0108441030
        0.0080746345  -0.0111970265   0.0099900554  -0.0040138666   0.0076520795
        0.0000808543  -0.0000301971  -0.0000122968  -0.0000830660   0.0000329462
        0.0002162356  -0.0013351801   0.0007834211  -0.0003233161  -0.0031884166
       -0.0010634319   0.0047913991   0.0005735763   0.0001972166  -0.0011362106
       -0.0365838424   0.0136949475  -0.0146740833  -0.1256604789   0.0270922855
       -0.0649564989   0.4993684616   0.0141243068  -0.0345196088  -0.0000657075
       -0.0000152349  -0.0000133409  -0.0000155843   0.0000704518   0.0000391511
        0.0000045209   0.0000439902  -0.0000066090  -0.0001656006  -0.0000401725
       -0.0000311753  -0.0000028085   0.0000065361  -0.0000064389   0.0000637703
        0.0000546751  -0.0001981348  -0.0002409420   0.0000325254   0.0001457866
       -0.0060158091   0.0010269276  -0.0075723932   0.0029694184   0.0005243755
        0.0012040140  -0.0464029226  -0.0219866559  -0.0214532248  -0.0615540699
       -0.0595887632   0.0282835009  -0.2217461731   0.0250398502   0.1102232442
        0.0000316648  -0.0000541502   0.0000222733   0.0000298827  -0.0000701950
       -0.0000619844   0.0002192128  -0.0000794250   0.0000638060   0.0007529242
        0.0001217870  -0.0000453252   0.0003490670   0.0001937663  -0.0001942409
        0.0076905557   0.0001877969   0.0020033210   0.0277208484  -0.0811544070
        0.0279585677   0.0141243068   0.5218964152   0.0134078271   0.0000071391
        0.0000218851   0.0000047804   0.0000170717   0.0000067911  -0.0000234733
       -0.0000204046   0.0000188578  -0.0000073675   0.0000427127   0.0000337009
        0.0000120925  -0.0000078709   0.0000141970  -0.0000116534   0.0000046575
        0.0000116975   0.0000272644   0.0000161733   0.0000246204   0.0000247680
       -0.0129336795   0.0056571530  -0.0125665167   0.0184962897  -0.0098690401
        0.0184189577  -0.0213406265  -0.1618149688  -0.1201797462  -0.0605848404
       -0.2292024180   0.0871507389   0.0253849156  -0.0459440641  -0.0160040892
        0.0000682887   0.0000296414  -0.0000852200   0.0000280467  -0.0000221439
       -0.0001626349   0.0006729046  -0.0004066086   0.0001822687   0.0021168791
        0.0007230047  -0.0036505136  -0.0008388942  -0.0001622295   0.0015699638
        0.0111340124  -0.0047777278   0.0118177689  -0.0683567375   0.0290008628
       -0.1275845665  -0.0345196088   0.0134078271   0.5048712320  -0.0000131798
        0.0000045745   0.0000304925  -0.0000137687   0.0000230610   0.0000201355
       -0.0000248518  -0.0000317939   0.0000317374   0.0000276896   0.0000237880
        0.0000304728   0.0000310667  -0.0000357417   0.0000566840  -0.0000883710
        0.0000042658   0.0001003855   0.0000700489  -0.0000427820  -0.0000402049
       -0.0173764070   0.0049823054  -0.0161344208  -0.0100732451   0.0063546843
       -0.0090349903  -0.0206525033  -0.1215085095  -0.1684554991   0.0293296776
        0.0879684230  -0.0860643246   0.1084789527  -0.0155349009  -0.1074987666
       -0.2179714099  -0.0686570349  -0.0847797522  -0.0001128566  -0.0015189824
       -0.0004692036   0.0010488917  -0.0006727045   0.0000818814   0.0001911392
        0.0002625875  -0.0003641849  -0.0000323203  -0.0000029453   0.0000973328
        0.0000958591  -0.0002053762   0.0001457833   0.0000842847   0.0000072883
       -0.0000354686  -0.0000657075   0.0000071391  -0.0000131798   0.2506062311
        0.0797904836   0.0988575258  -0.0280697855  -0.0079124853  -0.0091825794
       -0.0064311536  -0.0012601453  -0.0048644659   0.0005728571   0.0003329423
       -0.0000068552   0.0000470718  -0.0000499513   0.0002926973   0.0001154388
        0.0000508772   0.0002911905  -0.0001624553  -0.0001429121  -0.0000593128
        0.0000473517   0.0000047995  -0.0000205288  -0.0000098101  -0.0000165668
        0.0000044839   0.0000221415   0.0000071855   0.0000071604   0.0000312123
       -0.0000247755   0.0000104281  -0.0000069800   0.0000005764   0.0000070475
       -0.0681039265  -0.0682947127  -0.0327604426  -0.0252928162  -0.0140397449
       -0.0130643385  -0.0004720195  -0.0064888146  -0.0008025233   0.0005157171
       -0.0003144015  -0.0008602264   0.0000594986  -0.0000667150   0.0003641388
       -0.0000290649   0.0001026934   0.0000274895  -0.0000080729  -0.0000158993
       -0.0000200306  -0.0000152349   0.0000218851   0.0000045745   0.0797904836
        0.0816643790   0.0394334354   0.0042916347   0.0026482451   0.0023131092
        0.0112732809   0.0047274063   0.0060793065  -0.0003691045   0.0006264231
       -0.0001307863  -0.0004573249   0.0004131782  -0.0000430604   0.0002374632
       -0.0000870470   0.0001700004  -0.0014401394  -0.0008887673  -0.0007275205
       -0.0000086981   0.0000048582   0.0000092188   0.0000130238  -0.0000089488
        0.0000073272   0.0000097095  -0.0000053700  -0.0000033795   0.0000019144
        0.0000007678  -0.0000046611   0.0000036760   0.0000005847   0.0000083688
       -0.0847473562  -0.0330613222  -0.0859233763  -0.0040129074  -0.0027127964
       -0.0018269137  -0.0001433008  -0.0015343237   0.0004566808   0.0002431387
       -0.0001261156  -0.0001915552  -0.0000309566  -0.0000708496   0.0001545803
       -0.0001602568   0.0000633519  -0.0001201433   0.0000815650  -0.0000107435
       -0.0000332491  -0.0000133409   0.0000047804   0.0000304925   0.0988575258
        0.0394334354   0.0957464346   0.0174132862   0.0057794497   0.0073907324
       -0.0273934502  -0.0078099664  -0.0160204410  -0.0002128677  -0.0001680846
       -0.0002071784   0.0002381858   0.0003781584   0.0003050292   0.0001873453
        0.0000641788   0.0001835806  -0.0002861119  -0.0002249257   0.0000316057
       -0.0000340572   0.0000114211   0.0000154486  -0.0000079015  -0.0000140705
        0.0000134208   0.0000135351   0.0000011555  -0.0000043579   0.0000152333
       -0.0000026960  -0.0000116873  -0.0000073076  -0.0000000371   0.0000108967
       -0.1832321087   0.0380543762   0.1093349285  -0.0029975150   0.0037096694
        0.0028156461   0.0009382533  -0.0005611665  -0.0003974245   0.0005682566
        0.0001302713   0.0003109680  -0.0002700384  -0.0002550117  -0.0001435129
       -0.0001075670  -0.0000125419  -0.0001985442  -0.0002146665  -0.0001206418
       -0.0000962522  -0.0000155843   0.0000170717  -0.0000137687  -0.0280697855
        0.0042916347   0.0174132862   0.2111099163  -0.0456063035  -0.1288184260
        0.0018753237  -0.0010268549  -0.0002761876   0.0007224090   0.0013788022
        0.0000267565  -0.0001077588  -0.0000173117  -0.0001543548  -0.0000723968
        0.0000593852   0.0000257568  -0.0001195761  -0.0001383616  -0.0000234336
       -0.0000735017   0.0000371502   0.0001198031   0.0000273465   0.0000429334
        0.0000326017   0.0000322618   0.0000032540   0.0000388511  -0.0000091688
        0.0000144927  -0.0000115934   0.0000159005  -0.0000008474   0.0000148997
        0.0376950747  -0.0526416584  -0.0293911906   0.0246859693  -0.0120202389
       -0.0200918158   0.0003920088   0.0012115025   0.0002628088  -0.0008639684
       -0.0002569791  -0.0011354380   0.0001489218  -0.0000503524   0.0009850404
        0.0000467441  -0.0000705156   0.0000892992  -0.0001420451  -0.0000452935
       -0.0000222074   0.0000704518   0.0000067911   0.0000230610  -0.0079124853
        0.0026482451   0.0057794497  -0.0456063035   0.0641829308   0.0363182805
       -0.0102932951   0.0030696245   0.0089949449   0.0013815203  -0.0071395875
       -0.0016001765   0.0002996352   0.0009168507  -0.0003795458   0.0000217578
       -0.0000617858  -0.0000032180   0.0000707298   0.0002483079   0.0001996363
       -0.0000202077   0.0000665721  -0.0000388940  -0.0000063906  -0.0000431285
       -0.0000119166  -0.0000088220  -0.0000178957  -0.0000067159   0.0000147128
        0.0000044657   0.0000181952   0.0000259914  -0.0000078551   0.0000104023
        0.1096464436  -0.0297876389  -0.1325679202   0.0044440904  -0.0041011996
       -0.0032043333   0.0001873012   0.0002565996   0.0002062337   0.0000657682
       -0.0010990298   0.0006553458  -0.0000402222   0.0001652947  -0.0002152757
       -0.0004260107   0.0005985739  -0.0002627004  -0.0001964976  -0.0001135409
        0.0000662378   0.0000391511  -0.0000234733   0.0000201355  -0.0091825794
        0.0023131092   0.0073907324  -0.1288184260   0.0363182805   0.1500881030
        0.0244307670  -0.0038216355  -0.0231862036   0.0001767246  -0.0014984912
        0.0007631218  -0.0005272125   0.0005143688   0.0006370348   0.0001732943
        0.0000071809  -0.0003367593   0.0000005678   0.0002230074  -0.0000031819
        0.0000030154  -0.0000294770   0.0000522237   0.0000511636   0.0000355076
       -0.0000344341  -0.0000106884   0.0000060729  -0.0000234053  -0.0000465117
        0.0000328841  -0.0000423850   0.0000298611   0.0000036064  -0.0000025697
       -0.0493071403   0.0148536802  -0.0292337665  -0.0001096027   0.0017513485
       -0.0024152895   0.0005081254  -0.0007459552   0.0008719751   0.0000835264
       -0.0001629057   0.0003782846  -0.0000008359   0.0000467528  -0.0001914206
       -0.0000031031   0.0002417772  -0.0001068301  -0.0001833360  -0.0000205644
        0.0001004844   0.0000045209  -0.0000204046  -0.0000248518  -0.0064311536
        0.0112732809  -0.0273934502   0.0018753237  -0.0102932951   0.0244307670
        0.0529962501  -0.0177863363   0.0343936193  -0.0000555661   0.0003782329
       -0.0004425553   0.0005901034   0.0006833190   0.0000268530   0.0000765192
       -0.0002684055  -0.0002676371  -0.0001050846   0.0000218312  -0.0000835034
        0.0000418920  -0.0000171666   0.0000067993   0.0000406628   0.0000381277
       -0.0000301840  -0.0000074734   0.0000056542   0.0000007692  -0.0000434756
        0.0000154529  -0.0000067092   0.0000298472   0.0000055759  -0.0000133540
        0.0149344267  -0.0898805153   0.0945882857   0.0042982983  -0.0200777044
        0.0273629779   0.0006718420   0.0009556373   0.0007650152  -0.0001469618
       -0.0003498197   0.0003715156   0.0000404246   0.0000546577  -0.0002502041
       -0.0000499422   0.0001760459  -0.0000644256  -0.0000569276  -0.0000165367
       -0.0000286845   0.0000439902   0.0000188578  -0.0000317939  -0.0012601453
        0.0047274063  -0.0078099664  -0.0010268549   0.0030696245  -0.0038216355
       -0.0177863363   0.1078167727  -0.1106987356  -0.0000856402   0.0007536454
        0.0004949334   0.0007622465  -0.0073752560  -0.0002992118  -0.0005603792
       -0.0001922508  -0.0005614878   0.0001632621   0.0003350578  -0.0000132027
        0.0000183697  -0.0000171260  -0.0000080558   0.0000397822   0.0000008091
        0.0000015400  -0.0000132420  -0.0000176462  -0.0000040539  -0.0000097927
        0.0000246427   0.0000034746   0.0000235800  -0.0000063023   0.0000037152
       -0.0291551090   0.0949333779  -0.2312374921  -0.0002202880   0.0020077847
        0.0018856838   0.0004196787  -0.0009535636   0.0008883020  -0.0004470583
        0.0004504543  -0.0005719545   0.0001687465   0.0000992414   0.0000506287
        0.0004125293  -0.0003610335   0.0001357069  -0.0000047512   0.0000658043
        0.0000898304  -0.0000066090  -0.0000073675   0.0000317374  -0.0048644659
        0.0060793065  -0.0160204410  -0.0002761876   0.0089949449  -0.0231862036
        0.0343936193  -0.1106987356   0.2662343153  -0.0001259042  -0.0003101668
        0.0005429566  -0.0003450393  -0.0002295881   0.0010494066   0.0001608797
        0.0001249081   0.0002134383  -0.0000449178  -0.0001781797  -0.0000529591
       -0.0000337057   0.0000180772  -0.0000495944  -0.0000335452  -0.0000231277
       -0.0000151788  -0.0000059208   0.0000026877   0.0000005323   0.0000218634
       -0.0000155909   0.0000187652  -0.0000138149   0.0000007663  -0.0000074803
       -0.0028647166   0.0031948349   0.0032568174  -0.1855962630   0.0395736563
        0.1078394669  -0.0267517051   0.0009380929   0.0130665023  -0.0029753276
       -0.0027354546  -0.0038323320   0.0002436965   0.0002736130   0.0004652563
       -0.0020358944   0.0007912997   0.0004908408  -0.0001617267   0.0004471751
       -0.0001053703  -0.0001656006   0.0000427127   0.0000276896   0.0005728571
       -0.0003691045  -0.0002128677   0.0007224090   0.0013815203   0.0001767246
       -0.0000555661  -0.0000856402  -0.0001259042   0.2169413930  -0.0434234182
       -0.1232301670   0.0012791104  -0.0004823728   0.0013540914   0.0001976735
        0.0003297555   0.0003210221   0.0005616833   0.0001544077   0.0004778674
       -0.0000246273   0.0000040931   0.0000305089   0.0000849154  -0.0000232680
       -0.0000181484   0.0000303641  -0.0000081701   0.0000109555   0.0000205586
       -0.0000091864   0.0000103801  -0.0000232335   0.0000054536  -0.0000033337
        0.0236012629  -0.0119656893  -0.0188361904   0.0392929073  -0.0515088177
       -0.0270174467  -0.0087911478   0.0011586423   0.0045813220  -0.0018503112
       -0.0003315565  -0.0011564578   0.0000920282   0.0000453714  -0.0000039627
       -0.0004812040   0.0001631577   0.0003283114  -0.0001691527   0.0001492750
        0.0000235518  -0.0000401725   0.0000337009   0.0000237880   0.0003329423
        0.0006264231  -0.0001680846   0.0013788022  -0.0071395875  -0.0014984912
        0.0003782329   0.0007536454  -0.0003101668  -0.0434234182   0.0645630553
        0.0346555027  -0.0098488447   0.0031372492   0.0089799382   0.0003645394
        0.0000339142   0.0000596211  -0.0007812981   0.0002895300   0.0003465800
       -0.0000469099  -0.0000188464   0.0000047635   0.0000150476   0.0000110946
        0.0000002183   0.0000023944   0.0000050065   0.0000021518  -0.0000042268
       -0.0000090320  -0.0000065044  -0.0000214713   0.0000034636  -0.0000084442
        0.0041866579  -0.0034469773  -0.0027255245   0.1085680036  -0.0269058256
       -0.1242159685  -0.0106822295   0.0009289825   0.0064015015  -0.0014624634
       -0.0010401453  -0.0012762311   0.0000529635   0.0001784858   0.0005718109
       -0.0003681093   0.0002965785   0.0002654820  -0.0002798896   0.0001810025
        0.0000997219  -0.0000311753   0.0000120925   0.0000304728  -0.0000068552
       -0.0001307863  -0.0002071784   0.0000267565  -0.0016001765   0.0007631218
       -0.0004425553   0.0004949334   0.0005429566  -0.1232301670   0.0346555027
        0.1410899457   0.0239275390  -0.0039374861  -0.0220418952  -0.0002882913
       -0.0000197372   0.0003406022   0.0000596050   0.0003189835   0.0003714960
       -0.0000472246   0.0000173859   0.0000017671   0.0000144621   0.0000013138
       -0.0000228737   0.0000099446   0.0000078979   0.0000166552  -0.0000024345
       -0.0000112235   0.0000004968  -0.0000045373  -0.0000008012  -0.0000063592
        0.0006617893   0.0015481475  -0.0024037989  -0.0462627713   0.0117920427
       -0.0196520753  -0.0073045637   0.0091882356  -0.0251716733  -0.0007607070
        0.0015925069  -0.0021669489   0.0008555093  -0.0003142769   0.0006155906
        0.0008757010  -0.0005310281   0.0003525575  -0.0001261291  -0.0000481631
        0.0000888464  -0.0000028085  -0.0000078709   0.0000310667   0.0000470718
       -0.0004573249   0.0002381858  -0.0001077588   0.0002996352  -0.0005272125
        0.0005901034   0.0007622465  -0.0003450393   0.0012791104  -0.0098488447
        0.0239275390   0.0543224479  -0.0126056389   0.0280238782  -0.0045705506
       -0.0016112774  -0.0031244885   0.0004781561   0.0002285262   0.0001442016
        0.0000017241   0.0000313294  -0.0000229712  -0.0000277752  -0.0000015039
       -0.0000278502   0.0000206326   0.0000150879   0.0000086107   0.0000100727
       -0.0000258994   0.0000023108   0.0000207458  -0.0000059296   0.0000092707
        0.0036416409  -0.0200769048   0.0263435184   0.0122017198  -0.0867434195
        0.0912104391  -0.0016040132   0.0043071577  -0.0088079414  -0.0000449159
        0.0004484824   0.0007724064  -0.0000244535  -0.0005026784  -0.0006193439
        0.0004889082  -0.0001325458   0.0000769267  -0.0000829416   0.0000447464
        0.0001344924   0.0000065361   0.0000141970  -0.0000357417  -0.0000499513
        0.0004131782   0.0003781584  -0.0000173117   0.0009168507   0.0005143688
        0.0006833190  -0.0073752560  -0.0002295881  -0.0004823728   0.0031372492
       -0.0039374861  -0.0126056389   0.1053132171  -0.1045022374  -0.0019684481
       -0.0000442295  -0.0008286158  -0.0001119157   0.0003034397  -0.0004761286
        0.0000017789  -0.0000335727   0.0000005198  -0.0000144617   0.0000180074
        0.0000063346  -0.0000100201   0.0000045322  -0.0000044687  -0.0000098187
       -0.0000123758   0.0000073399   0.0000023603  -0.0000000755  -0.0000029528
        0.0001224878   0.0008865855   0.0021109747  -0.0207242713   0.0916606385
       -0.2283329261  -0.0070502994   0.0049794224  -0.0159708877   0.0003088031
        0.0006970610  -0.0002134478   0.0003390058  -0.0004542971   0.0008682014
       -0.0001090636   0.0000100141  -0.0001246922   0.0002067226  -0.0000610525
       -0.0001000713  -0.0000064389  -0.0000116534   0.0000566840   0.0002926973
       -0.0000430604   0.0003050292  -0.0001543548  -0.0003795458   0.0006370348
        0.0000268530  -0.0002992118   0.0010494066   0.0013540914   0.0089799382
       -0.0220418952   0.0280238782  -0.1045022374   0.2630904295  -0.0027757940
       -0.0014432654  -0.0012132899   0.0001097489  -0.0000003719  -0.0001289499
        0.0000076229   0.0000268908   0.0000099755  -0.0000133997  -0.0000352557
        0.0000109262   0.0000211421   0.0000009847  -0.0000166164   0.0000241252
       -0.0000091250  -0.0000151059  -0.0000035567  -0.0000024589   0.0000192204
        0.0007304650   0.0008519987   0.0002868580  -0.0071372123   0.0099092586
       -0.0225727245  -0.0512434168   0.0244343263  -0.0413899982   0.0050999293
       -0.0111647257   0.0172095875  -0.0047803360   0.0004044134   0.0071085743
        0.0003686882  -0.0002237423   0.0004204665  -0.0001559766  -0.0000190050
        0.0003026717   0.0000637703   0.0000046575  -0.0000883710   0.0001154388
        0.0002374632   0.0001873453  -0.0000723968   0.0000217578   0.0001732943
        0.0000765192  -0.0005603792   0.0001608797   0.0001976735   0.0003645394
       -0.0002882913  -0.0045705506  -0.0019684481  -0.0027757940   0.0607718649
       -0.0258173548   0.0456866456   0.0003171173   0.0035584176  -0.0042398128
        0.0000976174  -0.0000832604  -0.0000891426   0.0001503774   0.0000324500
       -0.0000450081  -0.0000719771  -0.0000500495  -0.0000218198  -0.0000380285
        0.0000826171   0.0000005134   0.0000804335  -0.0000149345  -0.0000258740
       -0.0004919026   0.0011429189  -0.0011351619  -0.0014405901   0.0044819315
       -0.0073154740   0.0226727853  -0.1006620172   0.1000535203  -0.0001708377
        0.0003784300   0.0000761288   0.0005440500   0.0014133529  -0.0005268615
       -0.0006324648  -0.0003370600  -0.0010196121   0.0002159084   0.0001918562
       -0.0001252802   0.0000546751   0.0000116975   0.0000042658   0.0000508772
       -0.0000870470   0.0000641788   0.0000593852  -0.0000617858   0.0000071809
       -0.0002684055  -0.0001922508   0.0001249081   0.0003297555   0.0000339142
       -0.0000197372  -0.0016112774  -0.0000442295  -0.0014432654  -0.0258173548
        0.1129655468  -0.1144789566   0.0063984671  -0.0191363860   0.0258264392
        0.0000363803  -0.0000355725  -0.0000525222   0.0000821759  -0.0000338197
       -0.0000131852  -0.0000522487  -0.0000154823  -0.0000202895   0.0000298054
        0.0000081913  -0.0000075072   0.0000108162  -0.0000221886   0.0000012311
        0.0007263192   0.0005211047   0.0006944122  -0.0062903580   0.0053530702
       -0.0135771364  -0.0389590559   0.0991537375  -0.2124808078  -0.0017435754
        0.0107905963  -0.0200684117   0.0048737946   0.0002922627  -0.0058231345
       -0.0005910029  -0.0004518366   0.0005428023  -0.0004788280   0.0000021376
        0.0003243083  -0.0001981348   0.0000272644   0.0001003855   0.0002911905
        0.0001700004   0.0001835806   0.0000257568  -0.0000032180  -0.0003367593
       -0.0002676371  -0.0005614878   0.0002134383   0.0003210221   0.0000596211
        0.0003406022  -0.0031244885  -0.0008286158  -0.0012132899   0.0456866456
       -0.1144789566   0.2476596452   0.0001550664  -0.0000920745   0.0033098032
       -0.0001458454   0.0000955600   0.0000366376  -0.0002396418  -0.0000392430
        0.0000556147   0.0000248195   0.0000310375   0.0000292789   0.0000311801
       -0.0000692427   0.0000336525  -0.0000972270   0.0000282827  -0.0000246221
       -0.0037059167  -0.0019872147  -0.0024311455  -0.0000818205  -0.0240982285
       -0.0064708337  -0.0380439010   0.0365356240   0.0077543792  -0.0052207639
        0.0233065484   0.0092201193  -0.0006101823  -0.0011610189  -0.0016336165
       -0.0031615815  -0.0002674124   0.0009380778  -0.0015057263  -0.0006947419
       -0.0002839521  -0.0002409420   0.0000161733   0.0000700489  -0.0001624553
       -0.0014401394  -0.0002861119  -0.0001195761   0.0000707298   0.0000005678
       -0.0001050846   0.0001632621  -0.0000449178   0.0005616833  -0.0007812981
        0.0000596050   0.0004781561  -0.0001119157   0.0001097489   0.0003171173
        0.0063984671   0.0001550664   0.0515825937  -0.0358648671  -0.0070433488
        0.0002199084  -0.0001235084  -0.0001710375  -0.0001754163   0.0000619485
        0.0000634852  -0.0000302092   0.0000190364  -0.0000061928   0.0000409693
       -0.0000566228   0.0000360414  -0.0000368523   0.0000151782  -0.0000359832
       -0.0030914100  -0.0005179560  -0.0016592270  -0.0018635804  -0.0137060142
       -0.0042996401   0.0319956341  -0.2630425816  -0.0402682527   0.0046285250
       -0.0062848986  -0.0039628602  -0.0005390030   0.0004359495   0.0008333232
        0.0011771654  -0.0000274810  -0.0006893237  -0.0000720750   0.0001163278
        0.0003002503   0.0000325254   0.0000246204  -0.0000427820  -0.0001429121
       -0.0008887673  -0.0002249257  -0.0001383616   0.0002483079   0.0002230074
        0.0000218312   0.0003350578  -0.0001781797   0.0001544077   0.0002895300
        0.0003189835   0.0002285262   0.0003034397  -0.0000003719   0.0035584176
       -0.0191363860  -0.0000920745  -0.0358648671   0.3017845253   0.0496597762
       -0.0001021386   0.0000274760   0.0000799539   0.0000514880   0.0000173169
       -0.0000050916   0.0000129671   0.0000040086   0.0000101960  -0.0000427985
        0.0000111177  -0.0000117863  -0.0000043414   0.0000064070   0.0000090251
       -0.0022250747  -0.0009349092  -0.0004940660  -0.0013012456  -0.0134673592
       -0.0025991858   0.0070480668  -0.0428327022  -0.0496851648   0.0039006781
       -0.0198832901  -0.0041351547   0.0006872756   0.0022879228  -0.0003466211
        0.0021347722  -0.0003644995  -0.0008200844   0.0005359743   0.0003640577
        0.0005088283   0.0001457866   0.0000247680  -0.0000402049  -0.0000593128
       -0.0007275205   0.0000316057  -0.0000234336   0.0001996363  -0.0000031819
       -0.0000835034  -0.0000132027  -0.0000529591   0.0004778674   0.0003465800
        0.0003714960   0.0001442016  -0.0004761286  -0.0001289499  -0.0042398128
        0.0258264392   0.0033098032  -0.0070433488   0.0496597762   0.0540521612
       -0.0001328518   0.0000434261   0.0000318070   0.0000426338  -0.0000480672
        0.0000170744  -0.0000166415   0.0000096586  -0.0000021608  -0.0000135477
        0.0000066821  -0.0000249958   0.0000215162  -0.0000212680   0.0000099535
       -0.0000848384   0.0000214769   0.0000729106  -0.0001950121   0.0000577783
        0.0000872858  -0.0008139366  -0.0008799064  -0.0003487764   0.0007924811
        0.0003062813   0.0032455744   0.0007364042  -0.0001015128  -0.0009037726
       -0.0080401602   0.0222303166   0.0272072834  -0.0457130151  -0.0311562475
       -0.0307541781  -0.0060158091  -0.0129336795  -0.0173764070   0.0000473517
       -0.0000086981  -0.0000340572  -0.0000735017  -0.0000202077   0.0000030154
        0.0000418920   0.0000183697  -0.0000337057  -0.0000246273  -0.0000469099
       -0.0000472246   0.0000017241   0.0000017789   0.0000076229   0.0000976174
        0.0000363803  -0.0001458454   0.0002199084  -0.0001021386  -0.0001328518
        0.0611949035   0.0280139213   0.0276041465   0.0002743517  -0.0064562128
       -0.0050540531  -0.0031644190   0.0016966107  -0.0037027375   0.0006421327
       -0.0004154542   0.0005857528   0.0000765527  -0.0002619463  -0.0002799824
       -0.0000183458   0.0000220800   0.0000172426  -0.0000005774   0.0000251072
       -0.0000598223   0.0001658159   0.0001846666   0.0001582646  -0.0008895022
        0.0014264097  -0.0033011269  -0.0011012746  -0.0001403047   0.0015473917
        0.0077600620  -0.0026209750  -0.0065044266  -0.0285111875  -0.1476503636
       -0.1063277948   0.0010269276   0.0056571530   0.0049823054   0.0000047995
        0.0000048582   0.0000114211   0.0000371502   0.0000665721  -0.0000294770
       -0.0000171666  -0.0000171260   0.0000180772   0.0000040931  -0.0000188464
        0.0000173859   0.0000313294  -0.0000335727   0.0000268908  -0.0000832604
       -0.0000355725   0.0000955600  -0.0001235084   0.0000274760   0.0000434261
        0.0280139213   0.1675810276   0.1262147717  -0.0076954421  -0.0259913675
       -0.0191122880   0.0012788305   0.0006603057   0.0014773796   0.0003574504
        0.0006913941   0.0005873058  -0.0002401149   0.0001610782   0.0001375130
       -0.0000553038   0.0000329063   0.0000239850  -0.0000122532  -0.0000066866
       -0.0000426899   0.0004984286   0.0004289925   0.0001340175  -0.0016202068
        0.0006071018  -0.0005692842   0.0001478162  -0.0008355817   0.0003326405
        0.0139793206  -0.0154278789  -0.0211801218  -0.0312188267  -0.1050211297
       -0.1507091252  -0.0075723932  -0.0125665167  -0.0161344208  -0.0000205288
        0.0000092188   0.0000154486   0.0001198031  -0.0000388940   0.0000522237
        0.0000067993  -0.0000080558  -0.0000495944   0.0000305089   0.0000047635
        0.0000017671  -0.0000229712   0.0000005198   0.0000099755  -0.0000891426
       -0.0000525222   0.0000366376  -0.0001710375   0.0000799539   0.0000318070
        0.0276041465   0.1262147717   0.1827306688   0.0011379704   0.0059858218
        0.0072693983  -0.0035298056   0.0012439170  -0.0026121227   0.0004504187
       -0.0004896037   0.0002049088   0.0003372573  -0.0001610978   0.0004538806
       -0.0000767260  -0.0000070226  -0.0000265171   0.0002091092  -0.0000587570
       -0.0001062630   0.0000722997   0.0010087616   0.0002499043   0.0007312392
       -0.0026134313   0.0038585930   0.0007634477   0.0003336807  -0.0016044866
       -0.0232117123  -0.0223052423   0.0198689204  -0.0479077591  -0.0414321559
        0.0181694179   0.0029694184   0.0184962897  -0.0100732451  -0.0000098101
        0.0000130238  -0.0000079015   0.0000273465  -0.0000063906   0.0000511636
        0.0000406628   0.0000397822  -0.0000335452   0.0000849154   0.0000150476
        0.0000144621  -0.0000277752  -0.0000144617  -0.0000133997   0.0001503774
        0.0000821759  -0.0002396418  -0.0001754163   0.0000514880   0.0000426338
        0.0002743517  -0.0076954421   0.0011379704   0.0680056408   0.0517383183
       -0.0279702623   0.0006043636   0.0002731484   0.0004189211  -0.0028283298
        0.0018083125  -0.0035027165   0.0003043566   0.0002728748  -0.0002340080
       -0.0000131950   0.0000231979  -0.0000154710   0.0000824774   0.0000214821
        0.0000840730  -0.0000147787  -0.0002253968  -0.0000910957   0.0016403651
        0.0004098269   0.0015326737  -0.0000041298  -0.0003350776  -0.0015040458
       -0.0051218220   0.0048981650   0.0025808735  -0.0441207763  -0.2193777070
        0.0783615611   0.0005243755  -0.0098690401   0.0063546843  -0.0000165668
       -0.0000089488  -0.0000140705   0.0000429334  -0.0000431285   0.0000355076
        0.0000381277   0.0000008091  -0.0000231277  -0.0000232680   0.0000110946
        0.0000013138  -0.0000015039   0.0000180074  -0.0000352557   0.0000324500
       -0.0000338197  -0.0000392430   0.0000619485   0.0000173169  -0.0000480672
       -0.0064562128  -0.0259913675   0.0059858218   0.0517383183   0.2494882295
       -0.0940790799  -0.0004908842   0.0007989870  -0.0006304555   0.0020787654
        0.0002058983   0.0017013850   0.0000233764  -0.0000085288  -0.0001579817
        0.0000199477  -0.0000245145   0.0000336721  -0.0001510055   0.0000041535
        0.0000447972   0.0001071395  -0.0003095786  -0.0002822831  -0.0009992586
        0.0004215560   0.0012810127   0.0002447863  -0.0000225480  -0.0002709146
        0.0184792742   0.0154592228  -0.0151436396   0.0162923940   0.0771545064
       -0.0776369340   0.0012040140   0.0184189577  -0.0090349903   0.0000044839
        0.0000073272   0.0000134208   0.0000326017  -0.0000119166  -0.0000344341
       -0.0000301840   0.0000015400  -0.0000151788  -0.0000181484   0.0000002183
       -0.0000228737  -0.0000278502   0.0000063346   0.0000109262  -0.0000450081
       -0.0000131852   0.0000556147   0.0000634852  -0.0000050916   0.0000170744
       -0.0050540531  -0.0191122880   0.0072693983  -0.0279702623  -0.0940790799
        0.0954754702   0.0005304536   0.0004523870   0.0001704528  -0.0030922224
        0.0018431165  -0.0023304581   0.0004094128  -0.0001911177   0.0003998670
       -0.0000179626   0.0000159664   0.0000116410   0.0000153741   0.0000110464
       -0.0000165114   0.0001574976   0.0000603758   0.0000575208  -0.0004917112
        0.0002020322  -0.0010880724   0.0000165002  -0.0001988241   0.0006143724
        0.0023216530  -0.0004037796   0.0005539511  -0.0062081350  -0.0141518128
       -0.0189781241  -0.0464029226  -0.0213406265  -0.0206525033   0.0000221415
        0.0000097095   0.0000135351   0.0000322618  -0.0000088220  -0.0000106884
       -0.0000074734  -0.0000132420  -0.0000059208   0.0000303641   0.0000023944
        0.0000099446   0.0000206326  -0.0000100201   0.0000211421  -0.0000719771
       -0.0000522487   0.0000248195  -0.0000302092   0.0000129671  -0.0000166415
       -0.0031644190   0.0012788305  -0.0035298056   0.0006043636  -0.0004908842
        0.0005304536   0.0518115935   0.0244962169   0.0283059452  -0.0007188618
       -0.0084359072  -0.0062398941   0.0020812899   0.0190166282   0.0203948362
        0.0000055180   0.0000121095  -0.0000164364   0.0000214916   0.0000049605
        0.0000300172   0.0000280200   0.0000040512  -0.0000284566   0.0001864338
       -0.0001764853   0.0001458516   0.0000726165  -0.0000644790   0.0001090548
       -0.0009724227   0.0003385572   0.0000665467   0.0001345315   0.0064128728
        0.0049531585  -0.0219866559  -0.1618149688  -0.1215085095   0.0000071855
       -0.0000053700   0.0000011555   0.0000032540  -0.0000178957   0.0000060729
        0.0000056542  -0.0000176462   0.0000026877  -0.0000081701   0.0000050065
        0.0000078979   0.0000150879   0.0000045322   0.0000009847  -0.0000500495
       -0.0000154823   0.0000310375   0.0000190364   0.0000040086   0.0000096586
        0.0016966107   0.0006603057   0.0012439170   0.0002731484   0.0007989870
        0.0004523870   0.0244962169   0.1826068215   0.1393050841  -0.0045092420
       -0.0247207492  -0.0198044589   0.0005617349  -0.0040191362  -0.0050076501
       -0.0000150837   0.0000129951   0.0000203839   0.0000530738   0.0000213434
        0.0000165917   0.0001049564  -0.0000247181   0.0000616186   0.0002707868
       -0.0003788601  -0.0000991407   0.0000849279   0.0000311726   0.0000709294
        0.0008011803   0.0004317971   0.0008406964  -0.0070319204  -0.0132778803
       -0.0187616643  -0.0214532248  -0.1201797462  -0.1684554991   0.0000071604
       -0.0000033795  -0.0000043579   0.0000388511  -0.0000067159  -0.0000234053
        0.0000007692  -0.0000040539   0.0000005323   0.0000109555   0.0000021518
        0.0000166552   0.0000086107  -0.0000044687  -0.0000166164  -0.0000218198
       -0.0000202895   0.0000292789  -0.0000061928   0.0000101960  -0.0000021608
       -0.0037027375   0.0014773796  -0.0026121227   0.0004189211  -0.0006304555
        0.0001704528   0.0283059452   0.1393050841   0.1946918427   0.0014641517
        0.0072031963   0.0083547443   0.0006606891  -0.0139647482  -0.0142987588
        0.0000142735  -0.0000097045   0.0000078146  -0.0000495195   0.0000017354
       -0.0000285641   0.0000695715  -0.0000764692  -0.0000117750  -0.0004232431
        0.0005788326  -0.0008533740  -0.0001027748  -0.0001256820   0.0004908359
        0.0022915504  -0.0009206261   0.0002221501   0.0039425087   0.0199267434
       -0.0108441030  -0.0615540699  -0.0605848404   0.0293296776   0.0000312123
        0.0000019144   0.0000152333  -0.0000091688   0.0000147128  -0.0000465117
       -0.0000434756  -0.0000097927   0.0000218634   0.0000205586  -0.0000042268
       -0.0000024345   0.0000100727  -0.0000098187   0.0000241252  -0.0000380285
        0.0000298054   0.0000311801   0.0000409693  -0.0000427985  -0.0000135477
        0.0006421327   0.0003574504   0.0004504187  -0.0028283298   0.0020787654
       -0.0030922224  -0.0007188618  -0.0045092420   0.0014641517   0.0685962790
        0.0676104711  -0.0302486124  -0.0098916566  -0.0243072298   0.0130836941
       -0.0000322030   0.0000158504  -0.0000134775  -0.0000012473   0.0000102587
       -0.0000091623  -0.0000940029   0.0000738889   0.0000083203  -0.0001832672
       -0.0002599299   0.0003272998  -0.0000159991   0.0002066646  -0.0004266409
       -0.0003954028   0.0004296730  -0.0003992418   0.0008027927  -0.0113493124
        0.0080746345  -0.0595887632  -0.2292024180   0.0879684230  -0.0000247755
        0.0000007678  -0.0000026960   0.0000144927   0.0000044657   0.0000328841
        0.0000154529   0.0000246427  -0.0000155909  -0.0000091864  -0.0000090320
       -0.0000112235  -0.0000258994  -0.0000123758  -0.0000091250   0.0000826171
        0.0000081913  -0.0000692427  -0.0000566228   0.0000111177   0.0000066821
       -0.0004154542   0.0006913941  -0.0004896037   0.0018083125   0.0002058983
        0.0018431165  -0.0084359072  -0.0247207492   0.0072031963   0.0676104711
        0.2622774077  -0.1039678218  -0.0010554080   0.0015935964  -0.0000507305
        0.0000045567  -0.0000224446   0.0000406534   0.0000152062   0.0000020441
        0.0000011873   0.0000551236  -0.0000766295   0.0000495206   0.0003496078
        0.0000797051  -0.0000301635  -0.0000623210  -0.0000592657   0.0000123051
        0.0005520998  -0.0008265635   0.0004350055   0.0025017296   0.0198527080
       -0.0111970265   0.0282835009   0.0871507389  -0.0860643246   0.0000104281
       -0.0000046611  -0.0000116873  -0.0000115934   0.0000181952  -0.0000423850
       -0.0000067092   0.0000034746   0.0000187652   0.0000103801  -0.0000065044
        0.0000004968   0.0000023108   0.0000073399  -0.0000151059   0.0000005134
       -0.0000075072   0.0000336525   0.0000360414  -0.0000117863  -0.0000249958
        0.0005857528   0.0005873058   0.0002049088  -0.0035027165   0.0017013850
       -0.0023304581  -0.0062398941  -0.0198044589   0.0083547443  -0.0302486124
       -0.1039678218   0.0984898228   0.0076645954   0.0153847465  -0.0079249154
       -0.0000455603  -0.0000178351  -0.0000055626  -0.0000426695   0.0000095432
        0.0000668442  -0.0004302939   0.0002357412  -0.0001712966  -0.0006460751
       -0.0004602723   0.0017666672   0.0001988010   0.0000910424  -0.0005725813
       -0.0052001688   0.0024799474  -0.0042616705  -0.0212486961   0.0035698390
        0.0099900554  -0.2217461731   0.0253849156   0.1084789527  -0.0000069800
        0.0000036760  -0.0000073076   0.0000159005   0.0000259914   0.0000298611
        0.0000298472   0.0000235800  -0.0000138149  -0.0000232335  -0.0000214713
       -0.0000045373   0.0000207458   0.0000023603  -0.0000035567   0.0000804335
        0.0000108162  -0.0000972270  -0.0000368523  -0.0000043414   0.0000215162
        0.0000765527  -0.0002401149   0.0003372573   0.0003043566   0.0000233764
        0.0004094128   0.0020812899   0.0005617349   0.0006606891  -0.0098916566
       -0.0010554080   0.0076645954   0.2565104321  -0.0306231209  -0.1242882967
       -0.0000007768   0.0000102470  -0.0000002613   0.0000284208   0.0000094547
       -0.0000063436   0.0001329371  -0.0001254140   0.0000484034   0.0003977314
        0.0002055873  -0.0005163123  -0.0001259209  -0.0000484399   0.0000902472
        0.0022956763  -0.0003552725   0.0014587964   0.0081298033  -0.0012767539
       -0.0040138666   0.0250398502  -0.0459440641  -0.0155349009   0.0000005764
        0.0000005847  -0.0000000371  -0.0000008474  -0.0000078551   0.0000036064
        0.0000055759  -0.0000063023   0.0000007663   0.0000054536   0.0000034636
       -0.0000008012  -0.0000059296  -0.0000000755  -0.0000024589  -0.0000149345
       -0.0000221886   0.0000282827   0.0000151782   0.0000064070  -0.0000212680
       -0.0002619463   0.0001610782  -0.0001610978   0.0002728748  -0.0000085288
       -0.0001911177   0.0190166282  -0.0040191362  -0.0139647482  -0.0243072298
        0.0015935964   0.0153847465  -0.0306231209   0.0498236120   0.0173983649
       -0.0000207670  -0.0000102677   0.0000072832  -0.0000620163  -0.0000007649
        0.0000165148  -0.0002361141   0.0001551467  -0.0000954027  -0.0013024112
        0.0002950152   0.0002957481   0.0002214904  -0.0001805976   0.0002672575
       -0.0038105432   0.0013795030  -0.0012081440  -0.0136417990   0.0020251934
        0.0076520795   0.1102232442  -0.0160040892  -0.1074987666   0.0000070475
        0.0000083688   0.0000108967   0.0000148997   0.0000104023  -0.0000025697
       -0.0000133540   0.0000037152  -0.0000074803  -0.0000033337  -0.0000084442
       -0.0000063592   0.0000092707  -0.0000029528   0.0000192204  -0.0000258740
        0.0000012311  -0.0000246221  -0.0000359832   0.0000090251   0.0000099535
       -0.0002799824   0.0001375130   0.0004538806  -0.0002340080  -0.0001579817
        0.0003998670   0.0203948362  -0.0050076501  -0.0142987588   0.0130836941
       -0.0000507305  -0.0079249154  -0.1242882967   0.0173983649   0.1219343176
