$hessian                                                                        
        0.4801930710  -0.0277390136   0.0130288867  -0.1612023565  -0.0593833542
        0.0278304671  -0.0296806635  -0.0081789457   0.0061206858  -0.0024292153
        0.0029303757  -0.0004552591   0.0003313968   0.0001141245  -0.0001870239
       -0.0021184969  -0.0002187829   0.0001804450  -0.0002344384   0.0002047009
       -0.0001283348  -0.0000241555  -0.0000511145   0.0000020010  -0.0432446107
        0.0050819721  -0.0124611487  -0.1876367057   0.1194206183  -0.0178091021
       -0.0464919399  -0.0225638470  -0.0194616624  -0.0070272204  -0.0060542120
        0.0004561638  -0.0022071811  -0.0021705501   0.0026564006   0.0010802478
       -0.0008177858  -0.0001827728   0.0008557386  -0.0005758631   0.0003793119
       -0.0001441618  -0.0000370704   0.0000358305   0.0000211714   0.0000085277
       -0.0000271987   0.0000019387   0.0000456320   0.0000249510  -0.0000006007
        0.0000060602   0.0000156197  -0.0000418178  -0.0000214722  -0.0000182606
       -0.0277390136   0.5099956234   0.0073454167  -0.0588991516  -0.0995606977
        0.0157414651   0.0133878447   0.0069256556  -0.0036264603   0.0013966074
       -0.0032979739   0.0010208170  -0.0001641706   0.0012680954  -0.0004673009
        0.0017225682   0.0003414109  -0.0001838295   0.0002691792  -0.0001972708
        0.0001406171   0.0001199262  -0.0000117324   0.0000065250   0.0050192983
       -0.0700107382   0.0736029018   0.1186348520  -0.1389928955   0.0134134334
       -0.0224892729  -0.1878276896  -0.1153241263  -0.0222684594  -0.0144408482
        0.0039421813  -0.0103753106  -0.0057376031   0.0047527856   0.0009313971
        0.0010336350   0.0002550602   0.0004420546   0.0004202734  -0.0005772556
        0.0000586010   0.0000320374  -0.0000223001  -0.0000182306   0.0000102964
       -0.0000273877  -0.0000106513   0.0000189619   0.0000085370  -0.0000234896
       -0.0000046494  -0.0000099423   0.0000054215   0.0000361095   0.0000088626
        0.0130288867   0.0073454167   0.5203780116   0.0275830140   0.0157298739
       -0.0754043633  -0.0006741946  -0.0010136497   0.0005867784   0.0000151326
        0.0008793569  -0.0000083322   0.0000559204  -0.0004402744   0.0002550870
       -0.0001902612  -0.0001130487   0.0000906881  -0.0000510845   0.0000221229
       -0.0000519695  -0.0000093583  -0.0000015440  -0.0000397792  -0.0128035912
        0.0734292802  -0.2580278733  -0.0175844755   0.0132918356  -0.0463858988
       -0.0191074669  -0.1150763875  -0.1370207887  -0.0145754186  -0.0096531634
        0.0040166213   0.0247286656   0.0155680484  -0.0093516148   0.0003750002
        0.0003557420   0.0001894313  -0.0007799701  -0.0003222834   0.0006903347
       -0.0000054354   0.0000002650   0.0000204077  -0.0000154306  -0.0000013234
        0.0000257650   0.0000106398  -0.0000047219  -0.0000007978   0.0000034358
        0.0000028085   0.0000239127  -0.0000040083   0.0000016464   0.0000143799
       -0.1612023565  -0.0588991516   0.0275830140   0.4573506811   0.0119929066
        0.0040105959  -0.1377402239   0.0655082956  -0.0104879886  -0.0279098384
        0.0078165644   0.0020918596   0.0002558996   0.0044889568  -0.0027659454
       -0.0057945296  -0.0014476960   0.0013882963  -0.0009071567   0.0006798586
       -0.0002338042  -0.0000130654  -0.0000536280   0.0000011814  -0.0016776831
       -0.0020550680   0.0033761440  -0.0248980266  -0.0106395266   0.0059547411
       -0.0068492271  -0.0064176658  -0.0002054037  -0.0441897608  -0.0212896181
       -0.0172612529  -0.0412253963   0.0039090765  -0.0119285514  -0.0000232293
        0.0022927189   0.0013654551  -0.0048116691   0.0041681318  -0.0028731478
       -0.0003087202  -0.0001322025   0.0000563908   0.0000305932   0.0000742955
       -0.0000829741  -0.0000418352   0.0000494653   0.0000196253  -0.0000193628
       -0.0000028069   0.0000493586  -0.0000250931  -0.0000429064  -0.0000575939
       -0.0593833542  -0.0995606977   0.0157298739   0.0119929066   0.5032712436
        0.0083752487   0.0644816098  -0.1175485681   0.0082052336  -0.0025521106
        0.0069862420  -0.0011441776  -0.0024310935   0.0005383261  -0.0000892587
       -0.0055952094   0.0002460867   0.0003288770  -0.0006165770   0.0004639901
       -0.0003691571  -0.0000683319  -0.0001220955   0.0000086274  -0.0098605989
       -0.0064379489   0.0054779018   0.0143941439   0.0077535270  -0.0038063859
       -0.0219980013  -0.0154543885   0.0037035357  -0.0213595420  -0.1842321007
       -0.1100967453   0.0042792807  -0.0701413987   0.0704336870   0.0196361014
       -0.0185529538  -0.0005670171   0.0092534188  -0.0072658356   0.0036796240
       -0.0002891043  -0.0000251780   0.0001119923   0.0001365197   0.0000163582
        0.0000245847   0.0000082210   0.0000434695   0.0000347034   0.0000177830
        0.0000359464  -0.0000367451  -0.0000460615  -0.0000140240  -0.0000044026
        0.0278304671   0.0157414651  -0.0754043633   0.0040105959   0.0083752487
        0.5348077731  -0.0099566240   0.0080467768  -0.0699855139   0.0034856587
       -0.0042837883   0.0005749503   0.0005470442  -0.0005370987  -0.0001492996
        0.0028943849   0.0001731748   0.0008783007   0.0001418378  -0.0000323284
        0.0005655378   0.0001834157   0.0000542338  -0.0000956245   0.0250924512
        0.0159830729  -0.0098724168  -0.0011966796  -0.0009222620   0.0007200256
       -0.0152195065  -0.0094406579   0.0042996241  -0.0178429072  -0.1091318581
       -0.1328571894  -0.0112988094   0.0698494439  -0.2504687062   0.0129944604
       -0.0113787205   0.0013176230  -0.0216029772   0.0174935714  -0.0044126324
        0.0000417807  -0.0000007303  -0.0000137902  -0.0000939730  -0.0000239982
        0.0000333124  -0.0000423396  -0.0000132286   0.0000094148  -0.0000040414
        0.0000115902   0.0000190236   0.0000357614   0.0000360934   0.0000339508
       -0.0296806635   0.0133878447  -0.0006741946  -0.1377402239   0.0644816098
       -0.0099566240   0.4592587763  -0.0127436269   0.0122307583  -0.1373047052
       -0.0501662231   0.0275918130  -0.0041437459  -0.0111777758   0.0075299035
       -0.0551089695  -0.0035895340   0.0039281067   0.0000379180   0.0039160179
       -0.0012752842  -0.0006466174  -0.0002837899  -0.0000029271   0.0011561527
        0.0005689746  -0.0005816494  -0.0054881102  -0.0020838744   0.0012765889
        0.0010683569   0.0008187112   0.0000407005  -0.0009263899   0.0030311830
        0.0016127633  -0.0052503732   0.0051819507  -0.0037551606  -0.0413909595
       -0.0204746976  -0.0169417454  -0.0423196588   0.0099383720  -0.0213610912
       -0.0013947545  -0.0005302658   0.0004343128  -0.0000080917  -0.0001306593
       -0.0000502347   0.0000216123   0.0000527309   0.0001023170   0.0000250991
        0.0000457049   0.0000442734  -0.0001646523  -0.0002426529  -0.0001926261
       -0.0081789457   0.0069256556  -0.0010136497   0.0655082956  -0.1175485681
        0.0080467768  -0.0127436269   0.4877955048  -0.0069983150  -0.0364441476
       -0.0829006696   0.0079335432  -0.0317148286  -0.0333570175   0.0270190144
        0.0077749836   0.0126217800  -0.0030654079   0.0027326632  -0.0007034033
        0.0027507763   0.0004988696   0.0001559268  -0.0001960895  -0.0005640496
        0.0004968346  -0.0004181662  -0.0034857777  -0.0000914472   0.0006151676
       -0.0008273896   0.0011012470   0.0004377628   0.0210293552  -0.0191883717
        0.0004540367   0.0106677589  -0.0088467153   0.0037880038  -0.0235388412
       -0.1853528820  -0.1096483927   0.0089091755  -0.0612450227   0.0700388345
        0.0004333922   0.0001423089  -0.0000506064  -0.0002096406  -0.0002008487
        0.0000510353   0.0000594899   0.0000160419   0.0001173869   0.0000179061
        0.0000201431  -0.0000622497   0.0000753579   0.0001595035   0.0002005387
        0.0061206858  -0.0036264603   0.0005867784  -0.0104879886   0.0082052336
       -0.0699855139   0.0122307583  -0.0069983150   0.5060361818   0.0239779791
        0.0096930628  -0.0784208938   0.0187372685   0.0262454700   0.0050752140
       -0.0017751530  -0.0016410702   0.0059391512  -0.0016477778   0.0024947168
        0.0040267780   0.0008874930   0.0003630988  -0.0002496637   0.0008318569
       -0.0006515286   0.0007564067   0.0018309812   0.0005094562   0.0003239449
       -0.0005118264   0.0003232119   0.0002890390   0.0143346899  -0.0125568137
        0.0013694410  -0.0233569697   0.0193750440  -0.0048689395  -0.0193834007
       -0.1134449268  -0.1205905786  -0.0205757905   0.0717178719  -0.2506546163
       -0.0007820032  -0.0002632623   0.0002923768  -0.0005869236   0.0001982343
        0.0000173636   0.0000322524  -0.0000176635  -0.0001416134   0.0000284038
       -0.0000886905   0.0000407607   0.0000954648   0.0001633306   0.0001583832
       -0.0024292153   0.0013966074   0.0000151326  -0.0279098384  -0.0025521106
        0.0034856587  -0.1373047052  -0.0364441476   0.0239779791   0.4754751309
        0.0400084687  -0.0364748563  -0.0797260143  -0.0627496788   0.0337730274
       -0.1724950514   0.0594470266  -0.0260508596  -0.0506122453   0.0114415425
        0.0003554973   0.0016999547   0.0021486373   0.0003797406  -0.0002907389
        0.0003647732  -0.0004364062  -0.0003706372  -0.0006777199   0.0002998041
       -0.0002347314   0.0005523655   0.0002054524  -0.0000879345  -0.0003055374
        0.0000189242  -0.0006298306  -0.0001044576   0.0000237669  -0.0037264019
       -0.0077284472   0.0017460971   0.0027778664  -0.0040477626   0.0001848107
       -0.0051504260  -0.0012545519   0.0004120518   0.0008600742   0.0010802670
       -0.0016422403  -0.0000804912  -0.0005089017  -0.0000154111  -0.0005305616
       -0.0002039841  -0.0000952047   0.0007657970   0.0001376113  -0.0001629649
        0.0029303757  -0.0032979739   0.0008793569   0.0078165644   0.0069862420
       -0.0042837883  -0.0501662231  -0.0829006696   0.0096930628   0.0400084687
        0.7297429124  -0.2779328916  -0.0450827769  -0.5114734099   0.2329454580
        0.0696575569  -0.1272760088   0.0367497118   0.0077283617   0.0133002821
       -0.0104339451  -0.0029504578  -0.0013768679   0.0015284923  -0.0003124217
        0.0000787002   0.0000433809   0.0017697853   0.0002749388  -0.0001998421
       -0.0003307014   0.0001365585  -0.0000329022   0.0019725904  -0.0002645682
       -0.0016720075   0.0015886093   0.0008262150   0.0012101920  -0.0223363163
       -0.0167091044   0.0037056048  -0.0070282800  -0.0063086029   0.0057167762
       -0.0015166154  -0.0014594400   0.0019816666  -0.0023767466   0.0014617372
        0.0022087254  -0.0006952168  -0.0008106955  -0.0012804869   0.0002590767
       -0.0000172841   0.0000469138  -0.0009356331  -0.0009129610  -0.0008734779
       -0.0004552591   0.0010208170  -0.0000083322   0.0020918596  -0.0011441776
        0.0005749503   0.0275918130   0.0079335432  -0.0784208938  -0.0364748563
       -0.2779328916   0.3383317997   0.0245500596   0.2334181388  -0.1869737963
       -0.0315144862   0.0356096900  -0.0709318975   0.0000917740  -0.0073688996
        0.0053519186   0.0001651216   0.0011376113  -0.0004940427   0.0000733857
       -0.0000610064  -0.0000081331  -0.0005163981   0.0001169210   0.0002845343
        0.0001888930  -0.0001506382   0.0000018418   0.0002131548   0.0000364861
        0.0006758519  -0.0015859477  -0.0000433286  -0.0004469488  -0.0149532780
       -0.0091627627   0.0047554379   0.0240145581   0.0163257831  -0.0118488294
        0.0040486212   0.0008894399  -0.0011153032   0.0024713656  -0.0005033183
        0.0001117917   0.0000161472  -0.0004015816   0.0007183483  -0.0005321408
        0.0001933321  -0.0006492895   0.0005156128   0.0000868420   0.0000909921
        0.0003313968  -0.0001641706   0.0000559204   0.0002558996  -0.0024310935
        0.0005470442  -0.0041437459  -0.0317148286   0.0187372685  -0.0797260143
       -0.0450827769   0.0245500596   0.0962044803   0.0300652064  -0.0198927616
       -0.0085643976   0.0497386156  -0.0238582430   0.0012760112   0.0036614887
       -0.0017758067  -0.0003381718  -0.0003229001  -0.0005616466  -0.0000062888
       -0.0000750363   0.0000231884   0.0000143360   0.0001460189  -0.0000599173
        0.0000304492  -0.0000273329   0.0000403191   0.0003847631  -0.0001579628
       -0.0003441212   0.0002438835  -0.0002034754   0.0005029923  -0.0025764297
       -0.0016852191   0.0009341327  -0.0043702283  -0.0029669762   0.0017991853
        0.0009570095   0.0003865533  -0.0009475742   0.0000827013   0.0002770532
       -0.0004948373  -0.0002445615   0.0002643957   0.0004053432   0.0001170900
        0.0001960292   0.0000860455   0.0000718174   0.0000964113   0.0002534085
        0.0001141245   0.0012680954  -0.0004402744   0.0044889568   0.0005383261
       -0.0005370987  -0.0111777758  -0.0333570175   0.0262454700  -0.0627496788
       -0.5114734099   0.2334181388   0.0300652064   0.6192350416  -0.3065096076
        0.0482200499  -0.0759641318   0.0479949953  -0.0031437876   0.0005140880
        0.0001850093   0.0002012281   0.0008126069  -0.0009189372   0.0002666624
       -0.0001716152  -0.0000100312  -0.0004355286   0.0002227587  -0.0000475128
        0.0002803752  -0.0001738700   0.0000744860  -0.0006822271   0.0005078954
        0.0011779795  -0.0006011412  -0.0001767124  -0.0012218686  -0.0008606822
       -0.0003926184   0.0008623008  -0.0047767096  -0.0027463372   0.0014352306
       -0.0003911389   0.0009715012  -0.0006776164   0.0006637493  -0.0002820033
       -0.0018048317   0.0004233939   0.0005445898   0.0008090121  -0.0001990625
       -0.0000823475  -0.0002435883   0.0002939856   0.0002051599   0.0002087444
       -0.0001870239  -0.0004673009   0.0002550870  -0.0027659454  -0.0000892587
       -0.0001492996   0.0075299035   0.0270190144   0.0050752140   0.0337730274
        0.2329454580  -0.1869737963  -0.0198927616  -0.3065096076   0.1845990615
       -0.0221611860   0.0496263381   0.0013735118   0.0018165026  -0.0028893938
       -0.0035282411  -0.0012461133  -0.0012023667   0.0007143197  -0.0001170569
        0.0000686231   0.0000354763   0.0001669588  -0.0001444216  -0.0000324192
       -0.0001152334   0.0001454517  -0.0000311633  -0.0002256922  -0.0003027608
       -0.0002220005   0.0007180642  -0.0001417939   0.0003936079   0.0030874333
        0.0023921221  -0.0018846885   0.0005748233   0.0003164795   0.0001013161
        0.0000570234  -0.0004210630   0.0003971010  -0.0006673425  -0.0004546518
        0.0001233443  -0.0001688978   0.0001609161  -0.0003412321   0.0001928830
        0.0001371621   0.0003183356  -0.0003693666  -0.0001889463  -0.0002235344
       -0.0021184969   0.0017225682  -0.0001902612  -0.0057945296  -0.0055952094
        0.0028943849  -0.0551089695   0.0077749836  -0.0017751530  -0.1724950514
        0.0696575569  -0.0315144862  -0.0085643976   0.0482200499  -0.0221611860
        0.4504957678  -0.0410113470   0.0062750517  -0.1297286973  -0.0469277282
        0.0314054995  -0.0289952545  -0.0186043914  -0.0018625061   0.0002214241
       -0.0000824562   0.0001567941  -0.0007882538  -0.0000534472   0.0000878773
        0.0002255760  -0.0001469782  -0.0001451913   0.0004350357   0.0001843095
        0.0000524627   0.0008991139   0.0000333247  -0.0000962490  -0.0013938949
        0.0005580962  -0.0010852974  -0.0008251495   0.0017170957   0.0006204924
       -0.0326139438  -0.0048134790   0.0087593742  -0.0144139057  -0.0109546516
        0.0119211156   0.0014141805   0.0007990485   0.0002916224   0.0013551492
        0.0014728685   0.0007192598  -0.0022057028  -0.0039502136  -0.0043536045
       -0.0002187829   0.0003414109  -0.0001130487  -0.0014476960   0.0002460867
        0.0001731748  -0.0035895340   0.0126217800  -0.0016410702   0.0594470266
       -0.1272760088   0.0356096900   0.0497386156  -0.0759641318   0.0496263381
       -0.0410113470   0.2949998307  -0.1138634524  -0.0361046940  -0.0923029734
        0.0262039518  -0.0261605663  -0.0085648108   0.0005224049  -0.0000209255
        0.0000134238  -0.0001142039  -0.0002031254  -0.0000830878   0.0000592650
        0.0000079712   0.0000575950   0.0000984785  -0.0002960127  -0.0001725204
        0.0002435982  -0.0004863219  -0.0003342506  -0.0001114348   0.0013414163
       -0.0000791348   0.0008250785  -0.0002428716  -0.0006657928  -0.0006639038
        0.0203982457   0.0084187595  -0.0055454993  -0.0202327405  -0.0099940916
        0.0097151404   0.0003202791   0.0010149686   0.0015824250   0.0009991534
        0.0007606036   0.0011189619  -0.0022380902  -0.0030376560  -0.0037258940
        0.0001804450  -0.0001838295   0.0000906881   0.0013882963   0.0003288770
        0.0008783007   0.0039281067  -0.0030654079   0.0059391512  -0.0260508596
        0.0367497118  -0.0709318975  -0.0238582430   0.0479949953   0.0013735118
        0.0062750517  -0.1138634524   0.1324160594   0.0275257824   0.0254158890
       -0.0686870132  -0.0195856210  -0.0070184818   0.0075602992  -0.0000341243
       -0.0000349257   0.0000620737   0.0001228088   0.0000184324  -0.0000527201
        0.0000193298  -0.0000057454  -0.0000359057  -0.0000910563   0.0002252978
       -0.0001450136   0.0003308281   0.0000765172   0.0000752117   0.0009737667
        0.0003163369   0.0002379959  -0.0010780991   0.0001428374   0.0009616535
        0.0024927452   0.0007861875   0.0005262169   0.0299864104   0.0138049972
       -0.0099963696   0.0001159563   0.0011220227   0.0005468372   0.0003313650
        0.0004682581   0.0017094312  -0.0029728890  -0.0032785177  -0.0025285107
       -0.0002344384   0.0002691792  -0.0000510845  -0.0009071567  -0.0006165770
        0.0001418378   0.0000379180   0.0027326632  -0.0016477778  -0.0506122453
        0.0077283617   0.0000917740   0.0012760112  -0.0031437876   0.0018165026
       -0.1297286973  -0.0361046940   0.0275257824   0.4087523364  -0.0690549171
        0.0167774785  -0.0696560861  -0.0182396091  -0.0302245867  -0.0000800812
        0.0000567843  -0.0000491897  -0.0001650414  -0.0001354513   0.0000655858
       -0.0000648739   0.0000879180   0.0000382156  -0.0000991321  -0.0001676451
       -0.0001194749  -0.0001086746  -0.0000703570   0.0002157937  -0.0005293520
        0.0000222928   0.0002411839  -0.0002376239   0.0000623534  -0.0002701504
       -0.1093388189   0.1134118490   0.0073088432  -0.0406875562   0.0104956683
       -0.0139870786   0.0055208446   0.0098460369   0.0124590559  -0.0008174765
       -0.0004424110  -0.0025986608  -0.0123198558  -0.0167376575  -0.0177340501
        0.0002047009  -0.0001972708   0.0000221229   0.0006798586   0.0004639901
       -0.0000323284   0.0039160179  -0.0007034033   0.0024947168   0.0114415425
        0.0133002821  -0.0073688996   0.0036614887   0.0005140880  -0.0028893938
       -0.0469277282  -0.0923029734   0.0254158890  -0.0690549171   0.5084144142
       -0.0234047751  -0.0167724843  -0.1133759872  -0.0586019153  -0.0000368396
        0.0000371181  -0.0000148078   0.0000519913  -0.0000094257  -0.0000198759
       -0.0000503375   0.0000279027   0.0000028986  -0.0000357748  -0.0000103669
       -0.0000881564  -0.0000501104   0.0000359968   0.0000611386   0.0000552797
        0.0003670029  -0.0000273706  -0.0003852325  -0.0000935933  -0.0000186244
        0.1089654540  -0.2023745311  -0.0115334387   0.0129268753  -0.0960679873
        0.0947834009  -0.0072916227  -0.0207309991  -0.0210822908   0.0032968786
        0.0084377954   0.0081095152  -0.0045950403  -0.0057320523  -0.0058078051
       -0.0001283348   0.0001406171  -0.0000519695  -0.0002338042  -0.0003691571
        0.0005655378  -0.0012752842   0.0027507763   0.0040267780   0.0003554973
       -0.0104339451   0.0053519186  -0.0017758067   0.0001850093  -0.0035282411
        0.0314054995   0.0262039518  -0.0686870132   0.0167774785  -0.0234047751
        0.4841042023  -0.0284607747  -0.0592873586  -0.1416257619   0.0000438900
       -0.0000022523   0.0000011368  -0.0000668093  -0.0000174195  -0.0000083683
        0.0000021631  -0.0000533706  -0.0000209752   0.0000718424  -0.0000179664
        0.0000095801   0.0000343677  -0.0000025329  -0.0000634523   0.0006458429
        0.0003532218  -0.0003408538  -0.0001357419  -0.0003583883   0.0003569470
        0.0094028109  -0.0121731896  -0.0436031748  -0.0167860170   0.0965118829
       -0.2099248720  -0.0005413669  -0.0062982658  -0.0036720950  -0.0108430275
       -0.0165810501  -0.0264683879   0.0015075749   0.0028542123   0.0035790647
       -0.0000241555   0.0001199262  -0.0000093583  -0.0000130654  -0.0000683319
        0.0001834157  -0.0006466174   0.0004988696   0.0008874930   0.0016999547
       -0.0029504578   0.0001651216  -0.0003381718   0.0002012281  -0.0012461133
       -0.0289952545  -0.0261605663  -0.0195856210  -0.0696560861  -0.0167724843
       -0.0284607747   0.5239464274  -0.0120746178  -0.0206422197   0.0000074828
       -0.0000098285  -0.0000070092  -0.0000918891  -0.0000008279  -0.0000036232
       -0.0000117341  -0.0000361900  -0.0000129205  -0.0000176372  -0.0000504950
       -0.0000085133  -0.0000163137  -0.0000037298  -0.0000291133   0.0000707938
        0.0001417836   0.0000158810  -0.0000293124   0.0000322845  -0.0000894282
        0.0049850805   0.0087579348   0.0104358810  -0.0002059965  -0.0017540783
       -0.0045038533  -0.1289244147   0.1149671085   0.0076217632  -0.0439696631
        0.0001728709   0.0013996563  -0.2577694277  -0.0650103986   0.0538893362
       -0.0000511145  -0.0000117324  -0.0000015440  -0.0000536280  -0.0001220955
        0.0000542338  -0.0002837899   0.0001559268   0.0003630988   0.0021486373
       -0.0013768679   0.0011376113  -0.0003229001   0.0008126069  -0.0012023667
       -0.0186043914  -0.0085648108  -0.0070184818  -0.0182396091  -0.1133759872
       -0.0592873586  -0.0120746178   0.4980011930  -0.0340333422   0.0000051499
        0.0000088198  -0.0000110698  -0.0000332294   0.0000095982   0.0000030589
        0.0000123361   0.0000184299   0.0000000931   0.0000236329   0.0000466234
        0.0000006205  -0.0000016066   0.0000248960   0.0000042769   0.0000857456
        0.0001316127   0.0000053868  -0.0000359120   0.0000148987  -0.0000759115
       -0.0059092710  -0.0187071792  -0.0202409177   0.0029277259   0.0071586289
        0.0076205724   0.1155294402  -0.2002286870  -0.0085751417   0.0004515932
       -0.1020597486   0.1040095445  -0.0655741913  -0.0619361256   0.0172476370
        0.0000020010   0.0000065250  -0.0000397792   0.0000011814   0.0000086274
       -0.0000956245  -0.0000029271  -0.0001960895  -0.0002496637   0.0003797406
        0.0015284923  -0.0004940427  -0.0005616466  -0.0009189372   0.0007143197
       -0.0018625061   0.0005224049   0.0075602992  -0.0302245867  -0.0586019153
       -0.1416257619  -0.0206422197  -0.0340333422   0.4909085903  -0.0000132075
       -0.0000148238   0.0000255625  -0.0000146038   0.0000008300   0.0000097180
        0.0000112508   0.0000205346   0.0000178123  -0.0000312528   0.0000521887
        0.0000320218   0.0000000565  -0.0000242474   0.0000329505   0.0000151372
        0.0000399151   0.0000343622  -0.0000018825  -0.0000276957   0.0000031086
       -0.0010839161  -0.0051260332  -0.0034335030  -0.0097367246  -0.0158024942
       -0.0247879879   0.0089571375  -0.0095520564  -0.0449450536   0.0019392196
        0.1053992511  -0.2287948759   0.0528697489   0.0167188658  -0.0548724525
       -0.0432446107   0.0050192983  -0.0128035912  -0.0016776831  -0.0098605989
        0.0250924512   0.0011561527  -0.0005640496   0.0008318569  -0.0002907389
       -0.0003124217   0.0000733857  -0.0000062888   0.0002666624  -0.0001170569
        0.0002214241  -0.0000209255  -0.0000341243  -0.0000800812  -0.0000368396
        0.0000438900   0.0000074828   0.0000051499  -0.0000132075   0.0509988032
       -0.0031618252   0.0129919314  -0.0031781626   0.0100027898  -0.0246309572
        0.0003984951   0.0012088189  -0.0036717184   0.0006949969   0.0004512036
        0.0002223691  -0.0044500701  -0.0031125265   0.0022924640  -0.0000677064
        0.0000254775   0.0000248540  -0.0004957981   0.0000772213  -0.0002970196
        0.0000162847   0.0000016789  -0.0000053501   0.0000116864   0.0000103928
       -0.0000144874  -0.0000082132  -0.0000056777   0.0000115886  -0.0000214863
       -0.0000011801   0.0000021205   0.0000155137   0.0000073514   0.0000006010
        0.0050819721  -0.0700107382   0.0734292802  -0.0020550680  -0.0064379489
        0.0159830729   0.0005689746   0.0004968346  -0.0006515286   0.0003647732
        0.0000787002  -0.0000610064  -0.0000750363  -0.0001716152   0.0000686231
       -0.0000824562   0.0000134238  -0.0000349257   0.0000567843   0.0000371181
       -0.0000022523  -0.0000098285   0.0000088198  -0.0000148238  -0.0031618252
        0.0792015525  -0.0876493938   0.0043382542  -0.0086217654   0.0217246663
       -0.0018642232   0.0067201220  -0.0246265269   0.0003038693  -0.0000184817
        0.0005590735  -0.0033302128  -0.0014088362   0.0013939464  -0.0000565317
       -0.0001107850  -0.0001349790  -0.0000883398   0.0002302065  -0.0000037426
        0.0000045008   0.0000062281  -0.0000081427   0.0000033170  -0.0000009162
        0.0000100342   0.0000022262  -0.0000173833   0.0000178174  -0.0000025528
        0.0000063523  -0.0000023981   0.0000014026  -0.0000008878   0.0000032059
       -0.0124611487   0.0736029018  -0.2580278733   0.0033761440   0.0054779018
       -0.0098724168  -0.0005816494  -0.0004181662   0.0007564067  -0.0004364062
        0.0000433809  -0.0000081331   0.0000231884  -0.0000100312   0.0000354763
        0.0001567941  -0.0001142039   0.0000620737  -0.0000491897  -0.0000148078
        0.0000011368  -0.0000070092  -0.0000110698   0.0000255625   0.0129919314
       -0.0876493938   0.2977406685  -0.0024741321   0.0033415668  -0.0061161641
       -0.0027877744   0.0044681459  -0.0253376732  -0.0003904310  -0.0002181110
        0.0006643665   0.0021244750   0.0015828222   0.0002036631   0.0000104617
       -0.0000162469  -0.0003959754   0.0005368249  -0.0000541418   0.0002727642
       -0.0000038784  -0.0000120100  -0.0000010861  -0.0000148647   0.0000022671
       -0.0000108268  -0.0000049013   0.0000100162  -0.0000042573  -0.0000009716
       -0.0000091563   0.0000136619  -0.0000074625  -0.0000016640  -0.0000013740
       -0.1876367057   0.1186348520  -0.0175844755  -0.0248980266   0.0143941439
       -0.0011966796  -0.0054881102  -0.0034857777   0.0018309812  -0.0003706372
        0.0017697853  -0.0005163981   0.0000143360  -0.0004355286   0.0001669588
       -0.0007882538  -0.0002031254   0.0001228088  -0.0001650414   0.0000519913
       -0.0000668093  -0.0000918891  -0.0000332294  -0.0000146038  -0.0031781626
        0.0043382542  -0.0024741321   0.2197261802  -0.1361664377   0.0192549987
        0.0017033555   0.0007673106   0.0006948117   0.0003057127   0.0003695348
       -0.0003619374   0.0004677271   0.0004611445   0.0000281571   0.0001814108
       -0.0003138715  -0.0001111671   0.0002131684  -0.0001590900   0.0001959067
       -0.0000348634  -0.0000054339   0.0000081256   0.0000215771  -0.0000041481
        0.0000094866   0.0000126081   0.0000184354   0.0000015955   0.0000192559
        0.0000057689   0.0000097559  -0.0000136419  -0.0000045787   0.0000026163
        0.1194206183  -0.1389928955   0.0132918356  -0.0106395266   0.0077535270
       -0.0009222620  -0.0020838744  -0.0000914472   0.0005094562  -0.0006777199
        0.0002749388   0.0001169210   0.0001460189   0.0002227587  -0.0001444216
       -0.0000534472  -0.0000830878   0.0000184324  -0.0001354513  -0.0000094257
       -0.0000174195  -0.0000008279   0.0000095982   0.0000008300   0.0100027898
       -0.0086217654   0.0033415668  -0.1361664377   0.1592133445  -0.0162847855
        0.0208749554  -0.0206265040   0.0002686125  -0.0002784078   0.0005652164
        0.0000994372  -0.0000539369   0.0003454594  -0.0003231098  -0.0001621328
        0.0000633131   0.0001900669  -0.0001864167  -0.0000441957  -0.0001380770
       -0.0000037657  -0.0000016947   0.0000005308   0.0000083413   0.0000122286
       -0.0000141741  -0.0000066340   0.0000055984   0.0000027452  -0.0000084886
       -0.0000026001   0.0000046580   0.0000043437   0.0000076330  -0.0000008431
       -0.0178091021   0.0134134334  -0.0463858988   0.0059547411  -0.0038063859
        0.0007200256   0.0012765889   0.0006151676   0.0003239449   0.0002998041
       -0.0001998421   0.0002845343  -0.0000599173  -0.0000475128  -0.0000324192
        0.0000878773   0.0000592650  -0.0000527201   0.0000655858  -0.0000198759
       -0.0000083683  -0.0000036232   0.0000030589   0.0000097180  -0.0246309572
        0.0217246663  -0.0061161641   0.0192549987  -0.0162847855   0.0501115840
        0.0154752541  -0.0151551481   0.0010364315  -0.0004568350  -0.0000441235
        0.0000348132   0.0004447058  -0.0003183729   0.0000858892  -0.0000495327
        0.0000539337  -0.0000373092   0.0001459082   0.0000089132   0.0000204347
        0.0000100828   0.0000023190   0.0000014299   0.0000003666  -0.0000073076
        0.0000028237  -0.0000029461  -0.0000003447  -0.0000014608  -0.0000018151
        0.0000046709  -0.0000005293  -0.0000011847  -0.0000017291   0.0000032408
       -0.0464919399  -0.0224892729  -0.0191074669  -0.0068492271  -0.0219980013
       -0.0152195065   0.0010683569  -0.0008273896  -0.0005118264  -0.0002347314
       -0.0003307014   0.0001888930   0.0000304492   0.0002803752  -0.0001152334
        0.0002255760   0.0000079712   0.0000193298  -0.0000648739  -0.0000503375
        0.0000021631  -0.0000117341   0.0000123361   0.0000112508   0.0003984951
       -0.0018642232  -0.0027877744   0.0017033555   0.0208749554   0.0154752541
        0.0548754586   0.0293907430   0.0213761111  -0.0047777429  -0.0036840576
        0.0008844220   0.0006996170   0.0003476040  -0.0004542377  -0.0005359665
        0.0003538613   0.0003391616  -0.0000665952  -0.0000198201  -0.0000672135
        0.0000123813   0.0000041175  -0.0000161338   0.0000071120  -0.0000052066
       -0.0000172155   0.0000050304   0.0000018687  -0.0000059270  -0.0000025958
       -0.0000111778   0.0000034504   0.0000095749   0.0000063554   0.0000024996
       -0.0225638470  -0.1878276896  -0.1150763875  -0.0064176658  -0.0154543885
       -0.0094406579   0.0008187112   0.0011012470   0.0003232119   0.0005523655
        0.0001365585  -0.0001506382  -0.0000273329  -0.0001738700   0.0001454517
       -0.0001469782   0.0000575950  -0.0000057454   0.0000879180   0.0000279027
       -0.0000533706  -0.0000361900   0.0000184299   0.0000205346   0.0012088189
        0.0067201220   0.0044681459   0.0007673106  -0.0206265040  -0.0151551481
        0.0293907430   0.2177867065   0.1342046826  -0.0037517865  -0.0019089995
        0.0009254173   0.0004040000  -0.0000068438  -0.0002273727  -0.0002887263
        0.0002907117   0.0000484070  -0.0000391298  -0.0001328181  -0.0000064563
        0.0000085426   0.0000160198  -0.0000061794   0.0000113698  -0.0000205712
        0.0000051580   0.0000176776  -0.0000059391  -0.0000148504   0.0000118306
        0.0000020289  -0.0000052031  -0.0000076314   0.0000003020   0.0000010005
       -0.0194616624  -0.1153241263  -0.1370207887  -0.0002054037   0.0037035357
        0.0042996241   0.0000407005   0.0004377628   0.0002890390   0.0002054524
       -0.0000329022   0.0000018418   0.0000403191   0.0000744860  -0.0000311633
       -0.0001451913   0.0000984785  -0.0000359057   0.0000382156   0.0000028986
       -0.0000209752  -0.0000129205   0.0000000931   0.0000178123  -0.0036717184
       -0.0246265269  -0.0253376732   0.0006948117   0.0002686125   0.0010364315
        0.0213761111   0.1342046826   0.1552746559   0.0011873296   0.0007583466
        0.0009121329   0.0002007808   0.0005582541   0.0006958027  -0.0002722726
        0.0000265921   0.0002534205  -0.0000393452  -0.0001476043  -0.0003342895
        0.0000001220   0.0000080202  -0.0000016390   0.0000151988   0.0000031866
        0.0000041192   0.0000056897  -0.0000058103  -0.0000007275   0.0000054300
       -0.0000060025  -0.0000094363  -0.0000016470  -0.0000019769   0.0000077185
       -0.0070272204  -0.0222684594  -0.0145754186  -0.0441897608  -0.0213595420
       -0.0178429072  -0.0009263899   0.0210293552   0.0143346899  -0.0000879345
        0.0019725904   0.0002131548   0.0003847631  -0.0006822271  -0.0002256922
        0.0004350357  -0.0002960127  -0.0000910563  -0.0000991321  -0.0000357748
        0.0000718424  -0.0000176372   0.0000236329  -0.0000312528   0.0006949969
        0.0003038693  -0.0003904310   0.0003057127  -0.0002784078  -0.0004568350
       -0.0047777429  -0.0037517865   0.0011873296   0.0573956520   0.0237951319
        0.0195655175   0.0010157912  -0.0017400557  -0.0021264075  -0.0038199652
        0.0035522840   0.0000747121   0.0007010991  -0.0002185046   0.0003038715
        0.0000525774  -0.0000146309  -0.0000116232  -0.0000058723   0.0000165672
        0.0000082563  -0.0000524249  -0.0000472103   0.0000022043  -0.0000139618
        0.0000079107  -0.0000041425   0.0000324139  -0.0000087297  -0.0000058119
       -0.0060542120  -0.0144408482  -0.0096531634  -0.0212896181  -0.1842321007
       -0.1091318581   0.0030311830  -0.0191883717  -0.0125568137  -0.0003055374
       -0.0002645682   0.0000364861  -0.0001579628   0.0005078954  -0.0003027608
        0.0001843095  -0.0001725204   0.0002252978  -0.0001676451  -0.0000103669
       -0.0000179664  -0.0000504950   0.0000466234   0.0000521887   0.0004512036
       -0.0000184817  -0.0002181110   0.0003695348   0.0005652164  -0.0000441235
       -0.0036840576  -0.0019089995   0.0007583466   0.0237951319   0.2156831626
        0.1277091324   0.0007157974   0.0063001129   0.0034394334   0.0036950740
       -0.0029521538   0.0000195930  -0.0005070064   0.0001099176  -0.0002748440
       -0.0000321036  -0.0000053715  -0.0000246748  -0.0000107540  -0.0000085816
       -0.0000229639   0.0000239435   0.0000323981  -0.0000097244   0.0000145079
       -0.0000309621   0.0000168001  -0.0000212935  -0.0000119998  -0.0000002740
        0.0004561638   0.0039421813   0.0040166213  -0.0172612529  -0.1100967453
       -0.1328571894   0.0016127633   0.0004540367   0.0013694410   0.0000189242
       -0.0016720075   0.0006758519  -0.0003441212   0.0011779795  -0.0002220005
        0.0000524627   0.0002435982  -0.0001450136  -0.0001194749  -0.0000881564
        0.0000095801  -0.0000085133   0.0000006205   0.0000320218   0.0002223691
        0.0005590735   0.0006643665  -0.0003619374   0.0000994372   0.0000348132
        0.0008844220   0.0009254173   0.0009121329   0.0195655175   0.1277091324
        0.1498989519  -0.0044715722  -0.0242482235  -0.0260241175  -0.0000602958
        0.0003497047   0.0010646047  -0.0001720047   0.0006220692   0.0006244164
       -0.0000125140   0.0000144874  -0.0000164765   0.0000083536  -0.0000211274
       -0.0000412752   0.0000178998   0.0000208417   0.0000170603  -0.0000186135
        0.0000088101  -0.0000023014  -0.0000085758  -0.0000011296  -0.0000114880
       -0.0022071811  -0.0103753106   0.0247286656  -0.0412253963   0.0042792807
       -0.0112988094  -0.0052503732   0.0106677589  -0.0233569697  -0.0006298306
        0.0015886093  -0.0015859477   0.0002438835  -0.0006011412   0.0007180642
        0.0008991139  -0.0004863219   0.0003308281  -0.0001086746  -0.0000501104
        0.0000343677  -0.0000163137  -0.0000016066   0.0000000565  -0.0044500701
       -0.0033302128   0.0021244750   0.0004677271  -0.0000539369   0.0004447058
        0.0006996170   0.0004040000   0.0002007808   0.0010157912   0.0007157974
       -0.0044715722   0.0540148788  -0.0057408187   0.0130605958   0.0006696167
       -0.0003887306  -0.0000893005  -0.0041300385   0.0033884202  -0.0008526677
        0.0000419748  -0.0000118229  -0.0000039124  -0.0000590709  -0.0000068000
        0.0000124996  -0.0000123005   0.0000000550  -0.0000353235   0.0000254206
       -0.0000083268   0.0000265943   0.0000112257   0.0000112181   0.0000128700
       -0.0021705501  -0.0057376031   0.0155680484   0.0039090765  -0.0701413987
        0.0698494439   0.0051819507  -0.0088467153   0.0193750440  -0.0001044576
        0.0008262150  -0.0000433286  -0.0002034754  -0.0001767124  -0.0001417939
        0.0000333247  -0.0003342506   0.0000765172  -0.0000703570   0.0000359968
       -0.0000025329  -0.0000037298   0.0000248960  -0.0000242474  -0.0031125265
       -0.0014088362   0.0015828222   0.0004611445   0.0003454594  -0.0003183729
        0.0003476040  -0.0000068438   0.0005582541  -0.0017400557   0.0063001129
       -0.0242482235  -0.0057408187   0.0813833037  -0.0840570702  -0.0001967704
        0.0001021225   0.0006391710   0.0034454983  -0.0023681766   0.0011881031
       -0.0000117844  -0.0000134685   0.0000136412  -0.0000091015   0.0000271023
       -0.0000062124   0.0000031102  -0.0000011444  -0.0000093378  -0.0000134541
       -0.0000086611   0.0000077986  -0.0000046277  -0.0000013979  -0.0000077240
        0.0026564006   0.0047527856  -0.0093516148  -0.0119285514   0.0704336870
       -0.2504687062  -0.0037551606   0.0037880038  -0.0048689395   0.0000237669
        0.0012101920  -0.0004469488   0.0005029923  -0.0012218686   0.0003936079
       -0.0000962490  -0.0001114348   0.0000752117   0.0002157937   0.0000611386
       -0.0000634523  -0.0000291133   0.0000042769   0.0000329505   0.0022924640
        0.0013939464   0.0002036631   0.0000281571  -0.0003231098   0.0000858892
       -0.0004542377  -0.0002273727   0.0006958027  -0.0021264075   0.0034394334
       -0.0260241175   0.0130605958  -0.0840570702   0.2885504135   0.0003565691
       -0.0002194323   0.0005191052  -0.0008115752   0.0011136298   0.0006875049
        0.0000215719  -0.0000028195   0.0000030538   0.0000074428  -0.0000226331
        0.0000283688   0.0000016974  -0.0000042643  -0.0000463968   0.0000328902
       -0.0000033780  -0.0000107469   0.0000009529  -0.0000037100   0.0000053515
        0.0010802478   0.0009313971   0.0003750002  -0.0000232293   0.0196361014
        0.0129944604  -0.0413909595  -0.0235388412  -0.0193834007  -0.0037264019
       -0.0223363163  -0.0149532780  -0.0025764297  -0.0008606822   0.0030874333
       -0.0013938949   0.0013414163   0.0009737667  -0.0005293520   0.0000552797
        0.0006458429   0.0000707938   0.0000857456   0.0000151372  -0.0000677064
       -0.0000565317   0.0000104617   0.0001814108  -0.0001621328  -0.0000495327
       -0.0005359665  -0.0002887263  -0.0002722726  -0.0038199652   0.0036950740
       -0.0000602958   0.0006696167  -0.0001967704   0.0003565691   0.0504717016
        0.0235773716   0.0187140568   0.0016187231  -0.0019862829  -0.0025108574
       -0.0001057351  -0.0000137267   0.0000069489  -0.0000119087   0.0000096399
       -0.0000527074   0.0000441330   0.0000727515   0.0000178778   0.0000313306
       -0.0000176602   0.0000353640   0.0000135918   0.0000528937   0.0000494257
       -0.0008177858   0.0010336350   0.0003557420   0.0022927189  -0.0185529538
       -0.0113787205  -0.0204746976  -0.1853528820  -0.1134449268  -0.0077284472
       -0.0167091044  -0.0091627627  -0.0016852191  -0.0003926184   0.0023921221
        0.0005580962  -0.0000791348   0.0003163369   0.0000222928   0.0003670029
        0.0003532218   0.0001417836   0.0001316127   0.0000399151   0.0000254775
       -0.0001107850  -0.0000162469  -0.0003138715   0.0000633131   0.0000539337
        0.0003538613   0.0002907117   0.0000265921   0.0035522840  -0.0029521538
        0.0003497047  -0.0003887306   0.0001021225  -0.0002194323   0.0235773716
        0.2159111911   0.1275786800   0.0007575203   0.0062220798   0.0027725056
        0.0000132210   0.0000041387   0.0000011906   0.0000115927  -0.0000125465
       -0.0000440412   0.0000460009   0.0000019700  -0.0000152603   0.0000203908
       -0.0000111983   0.0000048661   0.0000361402   0.0000455995   0.0000365799
       -0.0001827728   0.0002550602   0.0001894313   0.0013654551  -0.0005670171
        0.0013176230  -0.0169417454  -0.1096483927  -0.1205905786   0.0017460971
        0.0037056048   0.0047554379   0.0009341327   0.0008623008  -0.0018846885
       -0.0010852974   0.0008250785   0.0002379959   0.0002411839  -0.0000273706
       -0.0003408538   0.0000158810   0.0000053868   0.0000343622   0.0000248540
       -0.0001349790  -0.0003959754  -0.0001111671   0.0001900669  -0.0000373092
        0.0003391616   0.0000484070   0.0002534205   0.0000747121   0.0000195930
        0.0010646047  -0.0000893005   0.0006391710   0.0005191052   0.0187140568
        0.1275786800   0.1390011289  -0.0051932296  -0.0238340553  -0.0240874455
        0.0000265667   0.0000197062   0.0000010770   0.0000893700   0.0000521349
       -0.0000181947   0.0000096079   0.0000187575  -0.0000086801   0.0000205350
       -0.0000155544  -0.0000249003   0.0000018989   0.0000074214   0.0000144395
        0.0008557386   0.0004420546  -0.0007799701  -0.0048116691   0.0092534188
       -0.0216029772  -0.0423196588   0.0089091755  -0.0205757905   0.0027778664
       -0.0070282800   0.0240145581  -0.0043702283  -0.0047767096   0.0005748233
       -0.0008251495  -0.0002428716  -0.0010780991  -0.0002376239  -0.0003852325
       -0.0001357419  -0.0000293124  -0.0000359120  -0.0000018825  -0.0004957981
       -0.0000883398   0.0005368249   0.0002131684  -0.0001864167   0.0001459082
       -0.0000665952  -0.0000391298  -0.0000393452   0.0007010991  -0.0005070064
       -0.0001720047  -0.0041300385   0.0034454983  -0.0008115752   0.0016187231
        0.0007575203  -0.0051932296   0.0509220263  -0.0095966185   0.0252201073
        0.0001395923   0.0000353078  -0.0000106235   0.0001276419   0.0000518639
       -0.0000601127   0.0000066021  -0.0000276122   0.0000567349  -0.0001180556
        0.0000062642  -0.0000619885   0.0000416712   0.0000130257  -0.0000256160
       -0.0005758631   0.0004202734  -0.0003222834   0.0041681318  -0.0072658356
        0.0174935714   0.0099383720  -0.0612450227   0.0717178719  -0.0040477626
       -0.0063086029   0.0163257831  -0.0029669762  -0.0027463372   0.0003164795
        0.0017170957  -0.0006657928   0.0001428374   0.0000623534  -0.0000935933
       -0.0003583883   0.0000322845   0.0000148987  -0.0000276957   0.0000772213
        0.0002302065  -0.0000541418  -0.0001590900  -0.0000441957   0.0000089132
       -0.0000198201  -0.0001328181  -0.0001476043  -0.0002185046   0.0001099176
        0.0006220692   0.0033884202  -0.0023681766   0.0011136298  -0.0019862829
        0.0062220798  -0.0238340553  -0.0095966185   0.0739136845  -0.0829246534
        0.0001315476   0.0000127116  -0.0000558538   0.0000941367   0.0000031812
       -0.0000274378  -0.0000294688  -0.0000958701   0.0000588470  -0.0000654396
        0.0000446929  -0.0000228457   0.0000562634  -0.0000054011  -0.0000250432
        0.0003793119  -0.0005772556   0.0006903347  -0.0028731478   0.0036796240
       -0.0044126324  -0.0213610912   0.0700388345  -0.2506546163   0.0001848107
        0.0057167762  -0.0118488294   0.0017991853   0.0014352306   0.0001013161
        0.0006204924  -0.0006639038   0.0009616535  -0.0002701504  -0.0000186244
        0.0003569470  -0.0000894282  -0.0000759115   0.0000031086  -0.0002970196
       -0.0000037426   0.0002727642   0.0001959067  -0.0001380770   0.0000204347
       -0.0000672135  -0.0000064563  -0.0003342895   0.0003038715  -0.0002748440
        0.0006244164  -0.0008526677   0.0011881031   0.0006875049  -0.0025108574
        0.0027725056  -0.0240874455   0.0252201073  -0.0829246534   0.2875396147
       -0.0001158171  -0.0000425537   0.0000037466  -0.0002211481  -0.0000919969
        0.0000570342   0.0000014687   0.0000360488  -0.0000334790   0.0000025849
       -0.0000310938   0.0000714244  -0.0000491983  -0.0000180100  -0.0000190081
       -0.0001441618   0.0000586010  -0.0000054354  -0.0003087202  -0.0002891043
        0.0000417807  -0.0013947545   0.0004333922  -0.0007820032  -0.0051504260
       -0.0015166154   0.0040486212   0.0009570095  -0.0003911389   0.0000570234
       -0.0326139438   0.0203982457   0.0024927452  -0.1093388189   0.1089654540
        0.0094028109   0.0049850805  -0.0059092710  -0.0010839161   0.0000162847
        0.0000045008  -0.0000038784  -0.0000348634  -0.0000037657   0.0000100828
        0.0000123813   0.0000085426   0.0000001220   0.0000525774  -0.0000321036
       -0.0000125140   0.0000419748  -0.0000117844   0.0000215719  -0.0001057351
        0.0000132210   0.0000265667   0.0001395923   0.0001315476  -0.0001158171
        0.1428485972  -0.1245974508  -0.0113841647  -0.0008034434   0.0047289919
       -0.0010790626   0.0002745884  -0.0014326764  -0.0016351620   0.0002213105
       -0.0001463103   0.0002534080   0.0003454707  -0.0004122761  -0.0002527793
       -0.0000370704   0.0000320374   0.0000002650  -0.0001322025  -0.0000251780
       -0.0000007303  -0.0005302658   0.0001423089  -0.0002632623  -0.0012545519
       -0.0014594400   0.0008894399   0.0003865533   0.0009715012  -0.0004210630
       -0.0048134790   0.0084187595   0.0007861875   0.1134118490  -0.2023745311
       -0.0121731896   0.0087579348  -0.0187071792  -0.0051260332   0.0000016789
        0.0000062281  -0.0000120100  -0.0000054339  -0.0000016947   0.0000023190
        0.0000041175   0.0000160198   0.0000080202  -0.0000146309  -0.0000053715
        0.0000144874  -0.0000118229  -0.0000134685  -0.0000028195  -0.0000137267
        0.0000041387   0.0000197062   0.0000353078   0.0000127116  -0.0000425537
       -0.1245974508   0.2290468939   0.0178914627   0.0101239692  -0.0147231835
        0.0012462889  -0.0016560577  -0.0022168445  -0.0037578819   0.0002308417
        0.0008255312   0.0007281776   0.0001144404   0.0000507608   0.0002131892
        0.0000358305  -0.0000223001   0.0000204077   0.0000563908   0.0001119923
       -0.0000137902   0.0004343128  -0.0000506064   0.0002923768   0.0004120518
        0.0019816666  -0.0011153032  -0.0009475742  -0.0006776164   0.0003971010
        0.0087593742  -0.0055454993   0.0005262169   0.0073088432  -0.0115334387
       -0.0436031748   0.0104358810  -0.0202409177  -0.0034335030  -0.0000053501
       -0.0000081427  -0.0000010861   0.0000081256   0.0000005308   0.0000014299
       -0.0000161338  -0.0000061794  -0.0000016390  -0.0000116232  -0.0000246748
       -0.0000164765  -0.0000039124   0.0000136412   0.0000030538   0.0000069489
        0.0000011906   0.0000010770  -0.0000106235  -0.0000558538   0.0000037466
       -0.0113841647   0.0178914627   0.0488840555  -0.0146036424   0.0221082594
        0.0004637038  -0.0014290600  -0.0037068913  -0.0031682619   0.0006064799
       -0.0005171254   0.0003581961   0.0003478456   0.0002805021   0.0004018698
        0.0000211714  -0.0000182306  -0.0000154306   0.0000305932   0.0001365197
       -0.0000939730  -0.0000080917  -0.0002096406  -0.0005869236   0.0008600742
       -0.0023767466   0.0024713656   0.0000827013   0.0006637493  -0.0006673425
       -0.0144139057  -0.0202327405   0.0299864104  -0.0406875562   0.0129268753
       -0.0167860170  -0.0002059965   0.0029277259  -0.0097367246   0.0000116864
        0.0000033170  -0.0000148647   0.0000215771   0.0000083413   0.0000003666
        0.0000071120   0.0000113698   0.0000151988  -0.0000058723  -0.0000107540
        0.0000083536  -0.0000590709  -0.0000091015   0.0000074428  -0.0000119087
        0.0000115927   0.0000893700   0.0001276419   0.0000941367  -0.0002211481
       -0.0008034434   0.0101239692  -0.0146036424   0.0548859498  -0.0026651625
        0.0116233975   0.0001960060   0.0002855734   0.0006601527  -0.0000142903
       -0.0017067088  -0.0017292326  -0.0000343776   0.0000359148  -0.0004067586
        0.0000085277   0.0000102964  -0.0000013234   0.0000742955   0.0000163582
       -0.0000239982  -0.0001306593  -0.0002008487   0.0001982343   0.0010802670
        0.0014617372  -0.0005033183   0.0002770532  -0.0002820033  -0.0004546518
       -0.0109546516  -0.0099940916   0.0138049972   0.0104956683  -0.0960679873
        0.0965118829  -0.0017540783   0.0071586289  -0.0158024942   0.0000103928
       -0.0000009162   0.0000022671  -0.0000041481   0.0000122286  -0.0000073076
       -0.0000052066  -0.0000205712   0.0000031866   0.0000165672  -0.0000085816
       -0.0000211274  -0.0000068000   0.0000271023  -0.0000226331   0.0000096399
       -0.0000125465   0.0000521349   0.0000518639   0.0000031812  -0.0000919969
        0.0047289919  -0.0147231835   0.0221082594  -0.0026651625   0.1131072300
       -0.1113389941  -0.0000921244   0.0007512748  -0.0006398461  -0.0014032639
       -0.0015108182  -0.0036699007   0.0002628272   0.0002735106  -0.0001033706
       -0.0000271987  -0.0000273877   0.0000257650  -0.0000829741   0.0000245847
        0.0000333124  -0.0000502347   0.0000510353   0.0000173636  -0.0016422403
        0.0022087254   0.0001117917  -0.0004948373  -0.0018048317   0.0001233443
        0.0119211156   0.0097151404  -0.0099963696  -0.0139870786   0.0947834009
       -0.2099248720  -0.0045038533   0.0076205724  -0.0247879879  -0.0000144874
        0.0000100342  -0.0000108268   0.0000094866  -0.0000141741   0.0000028237
       -0.0000172155   0.0000051580   0.0000041192   0.0000082563  -0.0000229639
       -0.0000412752   0.0000124996  -0.0000062124   0.0000283688  -0.0000527074
       -0.0000440412  -0.0000181947  -0.0000601127  -0.0000274378   0.0000570342
       -0.0010790626   0.0012462889   0.0004637038   0.0116233975  -0.1113389941
        0.2467049412   0.0004038094   0.0007265661   0.0006292752  -0.0020110171
       -0.0034235307  -0.0037560790   0.0000444548   0.0003180673   0.0003337625
        0.0000019387  -0.0000106513   0.0000106398  -0.0000418352   0.0000082210
       -0.0000423396   0.0000216123   0.0000594899   0.0000322524  -0.0000804912
       -0.0006952168   0.0000161472  -0.0002445615   0.0004233939  -0.0001688978
        0.0014141805   0.0003202791   0.0001159563   0.0055208446  -0.0072916227
       -0.0005413669  -0.1289244147   0.1155294402   0.0089571375  -0.0000082132
        0.0000022262  -0.0000049013   0.0000126081  -0.0000066340  -0.0000029461
        0.0000050304   0.0000176776   0.0000056897  -0.0000524249   0.0000239435
        0.0000178998  -0.0000123005   0.0000031102   0.0000016974   0.0000441330
        0.0000460009   0.0000096079   0.0000066021  -0.0000294688   0.0000014687
        0.0002745884  -0.0016560577  -0.0014290600   0.0001960060  -0.0000921244
        0.0004038094   0.1451108211  -0.1332265074  -0.0089981427  -0.0004800603
        0.0017287832  -0.0007682152  -0.0227640638   0.0248457174   0.0023835636
        0.0000456320   0.0000189619  -0.0000047219   0.0000494653   0.0000434695
       -0.0000132286   0.0000527309   0.0000160419  -0.0000176635  -0.0005089017
       -0.0008106955  -0.0004015816   0.0002643957   0.0005445898   0.0001609161
        0.0007990485   0.0010149686   0.0011220227   0.0098460369  -0.0207309991
       -0.0062982658   0.1149671085  -0.2002286870  -0.0095520564  -0.0000056777
       -0.0000173833   0.0000100162   0.0000184354   0.0000055984  -0.0000003447
        0.0000018687  -0.0000059391  -0.0000058103  -0.0000472103   0.0000323981
        0.0000208417   0.0000000550  -0.0000011444  -0.0000042643   0.0000727515
        0.0000019700   0.0000187575  -0.0000276122  -0.0000958701   0.0000360488
       -0.0014326764  -0.0022168445  -0.0037068913   0.0002855734   0.0007512748
        0.0007265661  -0.1332265074   0.2316570917   0.0148093360   0.0118815898
       -0.0161268859   0.0025714071  -0.0030361061   0.0061480841   0.0005289163
        0.0000249510   0.0000085370  -0.0000007978   0.0000196253   0.0000347034
        0.0000094148   0.0001023170   0.0001173869  -0.0001416134  -0.0000154111
       -0.0012804869   0.0007183483   0.0004053432   0.0008090121  -0.0003412321
        0.0002916224   0.0015824250   0.0005468372   0.0124590559  -0.0210822908
       -0.0036720950   0.0076217632  -0.0085751417  -0.0449450536   0.0000115886
        0.0000178174  -0.0000042573   0.0000015955   0.0000027452  -0.0000014608
       -0.0000059270  -0.0000148504  -0.0000007275   0.0000022043  -0.0000097244
        0.0000170603  -0.0000353235  -0.0000093378  -0.0000463968   0.0000178778
       -0.0000152603  -0.0000086801   0.0000567349   0.0000588470  -0.0000334790
       -0.0016351620  -0.0037578819  -0.0031682619   0.0006601527  -0.0006398461
        0.0006292752  -0.0089981427   0.0148093360   0.0508119866  -0.0168382225
        0.0237420890  -0.0005210276   0.0058533570  -0.0057980787   0.0001521607
       -0.0000006007  -0.0000234896   0.0000034358  -0.0000193628   0.0000177830
       -0.0000040414   0.0000250991   0.0000179061   0.0000284038  -0.0005305616
        0.0002590767  -0.0005321408   0.0001170900  -0.0001990625   0.0001928830
        0.0013551492   0.0009991534   0.0003313650  -0.0008174765   0.0032968786
       -0.0108430275  -0.0439696631   0.0004515932   0.0019392196  -0.0000214863
       -0.0000025528  -0.0000009716   0.0000192559  -0.0000084886  -0.0000018151
       -0.0000025958   0.0000118306   0.0000054300  -0.0000139618   0.0000145079
       -0.0000186135   0.0000254206  -0.0000134541   0.0000328902   0.0000313306
        0.0000203908   0.0000205350  -0.0001180556  -0.0000654396   0.0000025849
        0.0002213105   0.0002308417   0.0006064799  -0.0000142903  -0.0014032639
       -0.0020110171  -0.0004800603   0.0118815898  -0.0168382225   0.0465222849
        0.0003104831   0.0000797913  -0.0023288259  -0.0157962839   0.0270068312
        0.0000060602  -0.0000046494   0.0000028085  -0.0000028069   0.0000359464
        0.0000115902   0.0000457049   0.0000201431  -0.0000886905  -0.0002039841
       -0.0000172841   0.0001933321   0.0001960292  -0.0000823475   0.0001371621
        0.0014728685   0.0007606036   0.0004682581  -0.0004424110   0.0084377954
       -0.0165810501   0.0001728709  -0.1020597486   0.1053992511  -0.0000011801
        0.0000063523  -0.0000091563   0.0000057689  -0.0000026001   0.0000046709
       -0.0000111778   0.0000020289  -0.0000060025   0.0000079107  -0.0000309621
        0.0000088101  -0.0000083268  -0.0000086611  -0.0000033780  -0.0000176602
       -0.0000111983  -0.0000155544   0.0000062642   0.0000446929  -0.0000310938
       -0.0001463103   0.0008255312  -0.0005171254  -0.0017067088  -0.0015108182
       -0.0034235307   0.0017287832  -0.0161268859   0.0237420890   0.0003104831
        0.1149100638  -0.1188688210  -0.0014121779  -0.0051880024   0.0095764304
        0.0000156197  -0.0000099423   0.0000239127   0.0000493586  -0.0000367451
        0.0000190236   0.0000442734  -0.0000622497   0.0000407607  -0.0000952047
        0.0000469138  -0.0006492895   0.0000860455  -0.0002435883   0.0003183356
        0.0007192598   0.0011189619   0.0017094312  -0.0025986608   0.0081095152
       -0.0264683879   0.0013996563   0.1040095445  -0.2287948759   0.0000021205
       -0.0000023981   0.0000136619   0.0000097559   0.0000046580  -0.0000005293
        0.0000034504  -0.0000052031  -0.0000094363  -0.0000041425   0.0000168001
       -0.0000023014   0.0000265943   0.0000077986  -0.0000107469   0.0000353640
        0.0000048661  -0.0000249003  -0.0000619885  -0.0000228457   0.0000714244
        0.0002534080   0.0007281776   0.0003581961  -0.0017292326  -0.0036699007
       -0.0037560790  -0.0007682152   0.0025714071  -0.0005210276   0.0000797913
       -0.1188688210   0.2664437900   0.0025327465   0.0063030512  -0.0087609620
       -0.0000418178   0.0000054215  -0.0000040083  -0.0000250931  -0.0000460615
        0.0000357614  -0.0001646523   0.0000753579   0.0000954648   0.0007657970
       -0.0009356331   0.0005156128   0.0000718174   0.0002939856  -0.0003693666
       -0.0022057028  -0.0022380902  -0.0029728890  -0.0123198558  -0.0045950403
        0.0015075749  -0.2577694277  -0.0655741913   0.0528697489   0.0000155137
        0.0000014026  -0.0000074625  -0.0000136419   0.0000043437  -0.0000011847
        0.0000095749  -0.0000076314  -0.0000016470   0.0000324139  -0.0000212935
       -0.0000085758   0.0000112257  -0.0000046277   0.0000009529   0.0000135918
        0.0000361402   0.0000018989   0.0000416712   0.0000562634  -0.0000491983
        0.0003454707   0.0001144404   0.0003478456  -0.0000343776   0.0002628272
        0.0000444548  -0.0227640638  -0.0030361061   0.0058533570  -0.0023288259
       -0.0014121779   0.0025327465   0.2963603825   0.0770206704  -0.0603910861
       -0.0000214722   0.0000361095   0.0000016464  -0.0000429064  -0.0000140240
        0.0000360934  -0.0002426529   0.0001595035   0.0001633306   0.0001376113
       -0.0009129610   0.0000868420   0.0000964113   0.0002051599  -0.0001889463
       -0.0039502136  -0.0030376560  -0.0032785177  -0.0167376575  -0.0057320523
        0.0028542123  -0.0650103986  -0.0619361256   0.0167188658   0.0000073514
       -0.0000008878  -0.0000016640  -0.0000045787   0.0000076330  -0.0000017291
        0.0000063554   0.0000003020  -0.0000019769  -0.0000087297  -0.0000119998
       -0.0000011296   0.0000112181  -0.0000013979  -0.0000037100   0.0000528937
        0.0000455995   0.0000074214   0.0000130257  -0.0000054011  -0.0000180100
       -0.0004122761   0.0000507608   0.0002805021   0.0000359148   0.0002735106
        0.0003180673   0.0248457174   0.0061480841  -0.0057980787  -0.0157962839
       -0.0051880024   0.0063030512   0.0770206704   0.0699138450  -0.0174762704
       -0.0000182606   0.0000088626   0.0000143799  -0.0000575939  -0.0000044026
        0.0000339508  -0.0001926261   0.0002005387   0.0001583832  -0.0001629649
       -0.0008734779   0.0000909921   0.0002534085   0.0002087444  -0.0002235344
       -0.0043536045  -0.0037258940  -0.0025285107  -0.0177340501  -0.0058078051
        0.0035790647   0.0538893362   0.0172476370  -0.0548724525   0.0000006010
        0.0000032059  -0.0000013740   0.0000026163  -0.0000008431   0.0000032408
        0.0000024996   0.0000010005   0.0000077185  -0.0000058119  -0.0000002740
       -0.0000114880   0.0000128700  -0.0000077240   0.0000053515   0.0000494257
        0.0000365799   0.0000144395  -0.0000256160  -0.0000250432  -0.0000190081
       -0.0002527793   0.0002131892   0.0004018698  -0.0004067586  -0.0001033706
        0.0003337625   0.0023835636   0.0005289163   0.0001521607   0.0270068312
        0.0095764304  -0.0087609620  -0.0603910861  -0.0174762704   0.0616220158
