$hessian                                                                        
        0.4472530616  -0.0057049602  -0.0130074302  -0.1680148682  -0.0317111199
        0.0361340627  -0.0028725602  -0.0124928143  -0.0019772107  -0.1342765396
        0.0256110008  -0.0567528139  -0.0044951763   0.0126267368  -0.0009519834
       -0.0483818345   0.0090997409   0.0400534791  -0.0385318148   0.0055315243
        0.0011618266  -0.0073547956  -0.0027876890   0.0050447517  -0.0234950700
       -0.0058397370   0.0050601583   0.0026179229  -0.0006572882   0.0000109922
       -0.0224483254   0.0063246057  -0.0147758323
       -0.0057049602   0.5015702480   0.0315254614  -0.0384698192  -0.0696536473
        0.0152135450  -0.0227751790  -0.0234884873   0.0011101455   0.0306893734
       -0.0696282002   0.0276968987   0.0209521534  -0.0234781535   0.0090169150
        0.0087817715  -0.0530508787  -0.0486482376   0.0053600262  -0.2706818534
       -0.0294149530  -0.0011344174   0.0009325641   0.0018874531   0.0106157044
        0.0032724268  -0.0035282712   0.0004002956   0.0009325159   0.0021696760
       -0.0087149488   0.0032734656  -0.0070286329
       -0.0130074302   0.0315254614   0.5168543687   0.0336393449   0.0116457801
       -0.0790996366  -0.0052652773  -0.0026410779   0.0033500610  -0.0542504721
        0.0219738238  -0.1128598257   0.0023314940   0.0019080878   0.0049566499
        0.0400641502  -0.0503530649  -0.2627549762   0.0011571076  -0.0303825375
       -0.0447274974   0.0267083247   0.0093410384  -0.0109225028  -0.0119672812
       -0.0024677927   0.0035801208  -0.0216580823   0.0097157995  -0.0208993123
        0.0022481218  -0.0002655181   0.0025225506
       -0.1680148682  -0.0384698192   0.0336393449   0.4510048231  -0.0441620192
        0.0143410167  -0.0250190280  -0.0024130512  -0.0023232312  -0.0319402539
       -0.0058016598   0.0003036596   0.0007908140  -0.0004342993   0.0002944540
       -0.0091273658  -0.0042989610   0.0061451114  -0.0041148364  -0.0049674630
        0.0013446064  -0.0445803713   0.0039300330   0.0293841004  -0.1667040260
        0.0955675343  -0.0818546994   0.0013184064  -0.0002635062   0.0011171894
       -0.0036132940   0.0013132117  -0.0023915523
       -0.0317111199  -0.0696536473   0.0116457801  -0.0441620192   0.3085037407
       -0.0551424558  -0.0046378698  -0.0991487782  -0.0241466835   0.0075995562
        0.0032160516  -0.0037758464  -0.0002314057   0.0009362980   0.0001122105
        0.0031756267   0.0010096574  -0.0008550510  -0.0241952284  -0.0154287981
        0.0075679576   0.0017406347  -0.0338414104   0.0028183504   0.0907591652
       -0.0969453901   0.0607674258  -0.0000000350   0.0005259005  -0.0002607695
        0.0016626954   0.0008263759   0.0012690817
        0.0361340627   0.0152135450  -0.0790996366   0.0143410167  -0.0551424558
        0.4980389295  -0.0030840729  -0.0256800418  -0.0359350794  -0.0136323541
       -0.0062057899   0.0037493005   0.0000171934   0.0001017969   0.0002506764
        0.0275449104   0.0106065803  -0.0111622528  -0.0019185514  -0.0010069538
        0.0013862975   0.0280832594  -0.0005135051  -0.2807598059  -0.0824593020
        0.0619013587  -0.0965434577  -0.0016709382  -0.0003077188   0.0013929121
       -0.0033552241   0.0010331842  -0.0013178836
       -0.0028725602  -0.0227751790  -0.0052652773  -0.0250190280  -0.0046378698
       -0.0030840729   0.0301744474   0.0186080583   0.0053287492   0.0008165960
        0.0001782045   0.0001907284  -0.0054140407  -0.0002549069  -0.0011014269
        0.0008388648   0.0001964475  -0.0004158677  -0.0039466551  -0.0024151496
        0.0006944112   0.0016118513  -0.0005477237  -0.0008521857   0.0036472400
        0.0115670688   0.0045151502  -0.0000311532  -0.0000773759  -0.0000858952
        0.0001944378   0.0001584259   0.0000756867
       -0.0124928143  -0.0234884873  -0.0026410779  -0.0024130512  -0.0991487782
       -0.0256800418   0.0186080583   0.1660472835   0.0435070320   0.0003652972
        0.0009373325   0.0002424365   0.0001899661   0.0016079268   0.0002176901
        0.0003706535   0.0011618214   0.0008432523  -0.0039951761  -0.0010912752
        0.0008250735  -0.0015481361  -0.0155343427  -0.0095638411   0.0001775824
       -0.0293814967  -0.0072302886   0.0001186511  -0.0006924881  -0.0004404560
        0.0006189691  -0.0004174960  -0.0000797791
       -0.0019772107   0.0011101455   0.0033500610  -0.0023232312  -0.0241466835
       -0.0359350794   0.0053287492   0.0435070320   0.0341423412  -0.0000828911
        0.0001771388   0.0002073681  -0.0009894429   0.0001437754   0.0001921667
       -0.0003812105   0.0009096422   0.0007209004   0.0007216071   0.0007035346
        0.0003378630  -0.0020564397  -0.0259235413  -0.0069534584   0.0013670986
        0.0038763891   0.0041501865   0.0002007700  -0.0002428239  -0.0001667984
        0.0001922012  -0.0001146090  -0.0000455508
       -0.1342765396   0.0306893734  -0.0542504721  -0.0319402539   0.0075995562
       -0.0136323541   0.0008165960   0.0003652972  -0.0000828911   0.4661411978
        0.0606793193  -0.0262547481  -0.0281439182   0.0113028194   0.0052521127
        0.0016768577   0.0003123690  -0.0013506819  -0.0036401727   0.0050092300
       -0.0032219235   0.0011344380   0.0003539680  -0.0012043709  -0.0052079471
       -0.0015980657   0.0009399250  -0.0546666405  -0.0035043142   0.0550657332
       -0.2118936177  -0.1112095525   0.0387396708
        0.0256110008  -0.0696282002   0.0219738238  -0.0058016598   0.0032160516
       -0.0062057899   0.0001782045   0.0009373325   0.0001771388   0.0606793193
        0.3085237979  -0.0361906959   0.0128221108  -0.0991462137  -0.0209703377
       -0.0027166445   0.0010179929  -0.0019288003   0.0200229204  -0.0154210940
        0.0155614605   0.0001062872   0.0005208330  -0.0002534313  -0.0019934547
        0.0008282951   0.0006043907  -0.0025960078  -0.0338397546   0.0020502716
       -0.1063120760  -0.0970090405   0.0251819698
       -0.0567528139   0.0276968987  -0.1128598257   0.0003036596  -0.0037758464
        0.0037493005   0.0001907284   0.0002424365   0.0002073681  -0.0262547481
       -0.0361906959   0.4828896833   0.0060090125  -0.0232147403  -0.0328196503
       -0.0227632588   0.0114328489  -0.0219477039   0.0000445942   0.0007969031
        0.0008969997   0.0015821788  -0.0002002090   0.0015534368   0.0019038205
        0.0005036599   0.0002859145   0.0563766873  -0.0018621240  -0.2706662140
        0.0393601394   0.0245708686  -0.0512893090
       -0.0044951763   0.0209521534   0.0023314940   0.0007908140  -0.0002314057
        0.0000171934  -0.0054140407   0.0001899661  -0.0009894429  -0.0281439182
        0.0128221108   0.0060090125   0.0341738729  -0.0326998826  -0.0053350700
        0.0005561691  -0.0004993529   0.0003557632  -0.0029583083   0.0020115294
       -0.0019300193  -0.0000059944   0.0001564155   0.0001424918   0.0002535568
       -0.0001073851   0.0000362815  -0.0003908264   0.0095881089   0.0033166943
        0.0056338515  -0.0121822579  -0.0039543986
        0.0126267368  -0.0234781535   0.0019080878  -0.0004342993   0.0009362980
        0.0001017969  -0.0002549069   0.0016079268   0.0001437754   0.0113028194
       -0.0991462137  -0.0232147403  -0.0326998826   0.1660346225   0.0342168951
       -0.0006057540   0.0011542118   0.0006685217   0.0034480646  -0.0010941583
        0.0021703651   0.0000278764  -0.0006853834  -0.0004461975  -0.0005572554
       -0.0004176768  -0.0002786470   0.0047796965  -0.0155278652  -0.0084541902
        0.0023669045  -0.0293836083  -0.0068156670
       -0.0009519834   0.0090169150   0.0049566499   0.0002944540   0.0001122105
        0.0002506764  -0.0011014269   0.0002176901   0.0001921667   0.0052521127
       -0.0209703377  -0.0328196503  -0.0053350700   0.0342168951   0.0301405226
        0.0003299824   0.0007802236   0.0010131050  -0.0019527892   0.0014941974
       -0.0006545521  -0.0001402903  -0.0001994930  -0.0001898620  -0.0000792183
       -0.0001663238  -0.0001009191   0.0045055720  -0.0240853512  -0.0049543052
       -0.0008213429  -0.0004166259   0.0021661681
       -0.0483818345   0.0087817715   0.0400641502  -0.0091273658   0.0031756267
        0.0275449104   0.0008388648   0.0003706535  -0.0003812105   0.0016768577
       -0.0027166445  -0.0227632588   0.0005561691  -0.0006057540   0.0003299824
        0.0605862270  -0.0097350927  -0.0452663144   0.0013124273   0.0008283467
        0.0014899639  -0.0048696181  -0.0017795687   0.0017211530   0.0001709491
        0.0000368566   0.0004606551  -0.0030325861   0.0015924852  -0.0027866962
        0.0002699095   0.0000513196  -0.0004133350
        0.0090997409  -0.0530508787  -0.0503530649  -0.0042989610   0.0010096574
        0.0106065803   0.0001964475   0.0011618214   0.0009096422   0.0003123690
        0.0010179929   0.0114328489  -0.0004993529   0.0011542118   0.0007802236
       -0.0097350927   0.0588520321   0.0538821902   0.0055011595  -0.0100933320
       -0.0304239141  -0.0022680401  -0.0000049289   0.0014010652   0.0003533276
       -0.0000211712  -0.0001122588   0.0016347946  -0.0000028948   0.0021055006
       -0.0002963925  -0.0000225101  -0.0002288132
        0.0400534791  -0.0486482376  -0.2627549762   0.0061451114  -0.0008550510
       -0.0111622528  -0.0004158677   0.0008432523   0.0007209004  -0.0013506819
       -0.0019288003  -0.0219477039   0.0003557632   0.0006685217   0.0010131050
       -0.0452663144   0.0538821902   0.3027444719   0.0014878300  -0.0045131282
       -0.0066379873   0.0021342163   0.0002010114  -0.0001542996  -0.0001808874
       -0.0002315127   0.0001258745  -0.0031963599   0.0008111057  -0.0019962665
        0.0002337114  -0.0002293514   0.0000491344
       -0.0385318148   0.0053600262   0.0011571076  -0.0041148364  -0.0241952284
       -0.0019185514  -0.0039466551  -0.0039951761   0.0007216071  -0.0036401727
        0.0200229204   0.0000445942  -0.0029583083   0.0034480646  -0.0019527892
        0.0013124273   0.0055011595   0.0014878300   0.0521297166  -0.0060481058
        0.0005876892   0.0000024468  -0.0001939434   0.0000549002  -0.0000242447
       -0.0014515048  -0.0003399713   0.0000309787   0.0001290312   0.0000509130
       -0.0002595373   0.0014227566   0.0001066705
        0.0055315243  -0.2706818534  -0.0303825375  -0.0049674630  -0.0154287981
       -0.0010069538  -0.0024151496  -0.0010912752   0.0007035346   0.0050092300
       -0.0154210940   0.0007969031   0.0020115294  -0.0010941583   0.0014941974
        0.0008283467  -0.0100933320  -0.0045131282  -0.0060481058   0.3126315164
        0.0332308109   0.0000300688   0.0000008729   0.0001753645   0.0003019024
        0.0005822036  -0.0002802190  -0.0000908449   0.0000043291   0.0001525575
       -0.0001910383   0.0005915889  -0.0003705295
        0.0011618266  -0.0294149530  -0.0447274974   0.0013446064   0.0075679576
        0.0013862975   0.0006944112   0.0008250735   0.0003378630  -0.0032219235
        0.0155614605   0.0008969997  -0.0019300193   0.0021703651  -0.0006545521
        0.0014899639  -0.0304239141  -0.0066379873   0.0005876892   0.0332308109
        0.0489499294   0.0001292487   0.0001566909  -0.0002598221  -0.0005178344
       -0.0002042567   0.0003773461  -0.0000206128   0.0002159822  -0.0002804104
        0.0002826440   0.0003147831   0.0006118337
       -0.0073547956  -0.0011344174   0.0267083247  -0.0445803713   0.0017406347
        0.0280832594   0.0016118513  -0.0015481361  -0.0020564397   0.0011344380
        0.0001062872   0.0015821788  -0.0000059944   0.0000278764  -0.0001402903
       -0.0048696181  -0.0022680401   0.0021342163   0.0000024468   0.0000300688
        0.0001292487   0.0523375995   0.0016174291  -0.0339394457   0.0020966352
        0.0014430183  -0.0216921235  -0.0006595433   0.0000259346  -0.0006990770
        0.0002873518  -0.0000406555  -0.0001098517
       -0.0027876890   0.0009325641   0.0093410384   0.0039300330  -0.0338414104
       -0.0005135051  -0.0005477237  -0.0155343427  -0.0259235413   0.0003539680
        0.0005208330  -0.0002002090   0.0001564155  -0.0006853834  -0.0001994930
       -0.0017795687  -0.0000049289   0.0002010114  -0.0001939434   0.0000008729
        0.0001566909   0.0016174291   0.0474161825   0.0015531623  -0.0007793448
        0.0008446754   0.0156288682   0.0000205566   0.0003306473  -0.0001314580
        0.0000098674   0.0000202902   0.0000874352
        0.0050447517   0.0018874531  -0.0109225028   0.0293841004   0.0028183504
       -0.2807598059  -0.0008521857  -0.0095638411  -0.0069534584  -0.0012043709
       -0.0002534313   0.0015534368   0.0001424918  -0.0004461975  -0.0001898620
        0.0017211530   0.0014010652  -0.0001542996   0.0000549002   0.0001753645
       -0.0002598221  -0.0339394457   0.0015531623   0.3150598245  -0.0002676285
        0.0024462295  -0.0176623157   0.0003326310  -0.0001310780   0.0003149956
       -0.0004163974   0.0001129230  -0.0000261904
       -0.0234950700   0.0106157044  -0.0119672812  -0.1667040260   0.0907591652
       -0.0824593020   0.0036472400   0.0001775824   0.0013670986  -0.0052079471
       -0.0019934547   0.0019038205   0.0002535568  -0.0005572554  -0.0000792183
        0.0001709491   0.0003533276  -0.0001808874  -0.0000242447   0.0003019024
       -0.0005178344   0.0020966352  -0.0007793448  -0.0002676285   0.1904515039
       -0.0992428727   0.0925472517   0.0000763391  -0.0000381866   0.0004509222
       -0.0012649362   0.0004034322  -0.0007969412
       -0.0058397370   0.0032724268  -0.0024677927   0.0955675343  -0.0969453901
        0.0619013587   0.0115670688  -0.0293814967   0.0038763891  -0.0015980657
        0.0008282951   0.0005036599  -0.0001073851  -0.0004176768  -0.0001663238
        0.0000368566  -0.0000211712  -0.0002315127  -0.0014515048   0.0005822036
       -0.0002042567   0.0014430183   0.0008446754   0.0024462295  -0.0992428727
        0.1211468445  -0.0656146150  -0.0000023049   0.0000207842   0.0001192269
       -0.0003726079   0.0000705052  -0.0001623631
        0.0050601583  -0.0035282712   0.0035801208  -0.0818546994   0.0607674258
       -0.0965434577   0.0045151502  -0.0072302886   0.0041501865   0.0009399250
        0.0006043907   0.0002859145   0.0000362815  -0.0002786470  -0.0001009191
        0.0004606551  -0.0001122588   0.0001258745  -0.0003399713  -0.0002802190
        0.0003773461  -0.0216921235   0.0156288682  -0.0176623157   0.0925472517
       -0.0656146150   0.1052267171   0.0001447976   0.0000724236   0.0001794651
        0.0001825747  -0.0000288088   0.0003810680
        0.0026179229   0.0004002956  -0.0216580823   0.0013184064  -0.0000000350
       -0.0016709382  -0.0000311532   0.0001186511   0.0002007700  -0.0546666405
       -0.0025960078   0.0563766873  -0.0003908264   0.0047796965   0.0045055720
       -0.0030325861   0.0016347946  -0.0031963599   0.0000309787  -0.0000908449
       -0.0000206128  -0.0006595433   0.0000205566   0.0003326310   0.0000763391
       -0.0000023049   0.0001447976   0.0622573080  -0.0020567301  -0.0604953592
       -0.0075202056  -0.0022080717   0.0254808943
       -0.0006572882   0.0009325159   0.0097157995  -0.0002635062   0.0005259005
       -0.0003077188  -0.0000773759  -0.0006924881  -0.0002428239  -0.0035043142
       -0.0338397546  -0.0018621240   0.0095881089  -0.0155278652  -0.0240853512
        0.0015924852  -0.0000028948   0.0008111057   0.0001290312   0.0000043291
        0.0002159822   0.0000259346   0.0003306473  -0.0001310780  -0.0000381866
        0.0000207842   0.0000724236  -0.0020567301   0.0474045403   0.0009006715
       -0.0047381588   0.0008442854   0.0149131135
        0.0000109922   0.0021696760  -0.0208993123   0.0011171894  -0.0002607695
        0.0013929121  -0.0000858952  -0.0004404560  -0.0001667984   0.0550657332
        0.0020502716  -0.2706662140   0.0033166943  -0.0084541902  -0.0049543052
       -0.0027866962   0.0021055006  -0.0019962665   0.0000509130   0.0001525575
       -0.0002804104  -0.0006990770  -0.0001314580   0.0003149956   0.0004509222
        0.0001192269   0.0001794651  -0.0604953592   0.0009006715   0.3051277861
        0.0040545832   0.0017889696  -0.0080518521
       -0.0224483254  -0.0087149488   0.0022481218  -0.0036132940   0.0016626954
       -0.0033552241   0.0001944378   0.0006189691   0.0001922012  -0.2118936177
       -0.1063120760   0.0393601394   0.0056338515   0.0023669045  -0.0008213429
        0.0002699095  -0.0002963925   0.0002337114  -0.0002595373  -0.0001910383
        0.0002826440   0.0002873518   0.0000098674  -0.0004163974  -0.0012649362
       -0.0003726079   0.0001825747  -0.0075202056  -0.0047381588   0.0040545832
        0.2406143656   0.1159667860  -0.0419610113
        0.0063246057   0.0032734656  -0.0002655181   0.0013132117   0.0008263759
        0.0010331842   0.0001584259  -0.0004174960  -0.0001146090  -0.1112095525
       -0.0970090405   0.0245708686  -0.0121822579  -0.0293836083  -0.0004166259
        0.0000513196  -0.0000225101  -0.0002293514   0.0014227566   0.0005915889
        0.0003147831  -0.0000406555   0.0000202902   0.0001129230   0.0004034322
        0.0000705052  -0.0000288088  -0.0022080717   0.0008442854   0.0017889696
        0.1159667860   0.1212061437  -0.0267658152
       -0.0147758323  -0.0070286329   0.0025225506  -0.0023915523   0.0012690817
       -0.0013178836   0.0000756867  -0.0000797791  -0.0000455508   0.0387396708
        0.0251819698  -0.0512893090  -0.0039543986  -0.0068156670   0.0021661681
       -0.0004133350  -0.0002288132   0.0000491344   0.0001066705  -0.0003705295
        0.0006118337  -0.0001098517   0.0000874352  -0.0000261904  -0.0007969412
       -0.0001623631   0.0003810680   0.0254808943   0.0149131135  -0.0080518521
       -0.0419610113  -0.0267658152   0.0550000311
