           1           2   1.02115315648708     
           2           3  0.989224819860584     
           3           4  0.978256483309825     
           4           5   1.68994692599080     
           4           6   1.17005244338172     
           5           6  0.171166319553450     
           6           7  0.918277357040612     
           7           8   1.01903480672419     
           1           9  0.986214259940738     
           1          10  0.985960820687240     
           1          11  0.987639427825040     
           2          12  0.975544536768611     
           2          13  0.977055321268123     
           3          14  0.971394093713065     
           3          15  0.945628950018739     
           7          16  0.967741355514995     
           7          17  0.969482673977302     
           8          18  0.980044731002250     
           8          19  0.984180056018531     
           8          20  0.983246704665301     
