$hessian                                                                        
        0.4860846640  -0.0284599651   0.0160120995  -0.1486211418  -0.0605594562
        0.0340319832  -0.0299818304  -0.0118637867   0.0065229132  -0.0029445483
        0.0025476113  -0.0014933485   0.0003751092   0.0000886274  -0.0000810854
       -0.0022561076  -0.0004892660   0.0001963868  -0.0002558568   0.0001584179
       -0.0001453121  -0.0001474615  -0.0000709299   0.0000413336  -0.0430596164
        0.0081913372   0.0026479665  -0.0427934327   0.0012975067  -0.0029887942
       -0.2132355326   0.0963428698  -0.0588788071  -0.0022226903  -0.0036070094
        0.0002374414  -0.0028315002  -0.0024327742   0.0032332979   0.0009886847
       -0.0007726007   0.0000481340   0.0009618704  -0.0003980579   0.0006301004
       -0.0000081008   0.0000004502  -0.0000111170  -0.0000106623   0.0000133463
        0.0000025744  -0.0000728779   0.0000238320  -0.0000180008   0.0000148569
       -0.0000009998   0.0000129876   0.0000161746  -0.0000091530  -0.0000007535
       -0.0284599651   0.5060295785   0.0101234557  -0.0600991570  -0.1074420778
        0.0221379408   0.0077483640   0.0057449468  -0.0031261457   0.0012210229
       -0.0021745557   0.0015078191  -0.0002535734   0.0010530864  -0.0006074870
        0.0012488625   0.0004271366  -0.0001737901   0.0002270197  -0.0001947338
        0.0001250363   0.0001050966  -0.0000011513  -0.0000046338   0.0083508607
       -0.2417626887  -0.0912668294   0.0011399353  -0.0460173162   0.0197212951
        0.0956110193  -0.0959763095   0.0314768509  -0.0236910009  -0.0190027525
        0.0074096161  -0.0044170128  -0.0021204663   0.0029818672   0.0009335410
        0.0010985113   0.0001022420   0.0003618478   0.0002413060  -0.0003713453
       -0.0000111024   0.0000091924  -0.0000253347   0.0000099824   0.0000472482
        0.0000026381   0.0000215945   0.0000088763  -0.0000006014  -0.0000199791
        0.0000065631  -0.0000079425  -0.0000273559   0.0000256064  -0.0000046516
        0.0160120995   0.0101234557   0.5183834217   0.0337546815   0.0221200919
       -0.0800810947  -0.0050865337  -0.0034245731   0.0021371190  -0.0007457323
        0.0015530740  -0.0006026474   0.0001630743  -0.0005921085   0.0004427930
       -0.0007536132  -0.0002436894   0.0001550636  -0.0001333990   0.0001072139
       -0.0000925553  -0.0000615082  -0.0000108293  -0.0000192538   0.0029308474
       -0.0910191393  -0.0865159552  -0.0032707461   0.0194846266  -0.2825072618
       -0.0584600060   0.0314842086  -0.0639064196  -0.0083966229  -0.0065368430
        0.0038836163   0.0247532895   0.0172871837  -0.0123448495   0.0001426585
        0.0000877132   0.0000935881  -0.0008609262  -0.0003826511   0.0009151422
       -0.0000174162  -0.0000125705   0.0000320995   0.0000157985  -0.0000116655
       -0.0000000742  -0.0000137395  -0.0000028703   0.0000031899   0.0000182098
       -0.0000091875   0.0000187481   0.0000095841  -0.0000014401   0.0000053300
       -0.1486211418  -0.0600991570   0.0337546815   0.4554215525   0.0041018779
       -0.0041815719  -0.1521655017   0.0534819638  -0.0324401415  -0.0282097892
        0.0030486804  -0.0019622410   0.0002787544   0.0042504530  -0.0028619994
       -0.0052202034  -0.0020018638   0.0011263786  -0.0007723856   0.0003718832
       -0.0003297119  -0.0002839163  -0.0001072297   0.0000558713  -0.0019037208
       -0.0039633550  -0.0003450083  -0.0025308398  -0.0020817702   0.0038552528
       -0.0250891049  -0.0134703151   0.0074505440  -0.0411679164   0.0083347612
        0.0033499687  -0.0408522411   0.0008290468  -0.0031077498  -0.0046982597
        0.0050476540  -0.0002642823  -0.0040419067   0.0021762331  -0.0040338646
       -0.0000145441   0.0000088814  -0.0000838718  -0.0000336798   0.0000747719
        0.0000244092  -0.0001107139   0.0000671496  -0.0000540391   0.0000036289
       -0.0000082507   0.0000610924   0.0000119293  -0.0000614149  -0.0000137168
       -0.0605594562  -0.1074420778   0.0221200919   0.0041018779   0.5119000238
        0.0147182336   0.0528919288  -0.0949590082   0.0167639533  -0.0065933904
        0.0056898517  -0.0031986749  -0.0021701726   0.0006848222  -0.0008010658
       -0.0058349489  -0.0004079120   0.0006471489  -0.0006444138   0.0006046991
       -0.0002031061  -0.0003478845  -0.0002081513   0.0000970086  -0.0234588281
       -0.0200613659   0.0073745604  -0.0037113851  -0.0024049059   0.0038101531
        0.0091598722   0.0062976056  -0.0033350401   0.0081178094  -0.2350356189
       -0.0866548477   0.0013382874  -0.0475527410   0.0196928713   0.0239328147
       -0.0157180001   0.0059929858   0.0037463244  -0.0015015637   0.0030233373
        0.0000108555   0.0000103665   0.0000385797   0.0000850198   0.0000323364
       -0.0000457534  -0.0001095959   0.0000348487  -0.0000247449   0.0000345850
        0.0000045364  -0.0000248262   0.0000107006   0.0000322544   0.0000091352
        0.0340319832   0.0221379408  -0.0800810947  -0.0041815719   0.0147182336
        0.5286081164  -0.0320409308   0.0167879328  -0.0789220670   0.0031873832
       -0.0036126358   0.0020683831   0.0012364539  -0.0005395177  -0.0001144955
        0.0034064512   0.0008252167   0.0008409345   0.0003030896  -0.0000768388
        0.0005446979   0.0002014445   0.0001052223  -0.0000866829  -0.0091257443
       -0.0061833595   0.0040182508   0.0249497449   0.0177241907  -0.0130204125
       -0.0057434059  -0.0036982933   0.0023929909   0.0026207551  -0.0859298948
       -0.0853154333  -0.0025181613   0.0190436325  -0.2732893597   0.0088486186
       -0.0048290375   0.0034743719  -0.0251489327   0.0135691874  -0.0111907295
       -0.0000925610  -0.0000645384   0.0000197639   0.0000297475   0.0000503627
        0.0000096414   0.0000616415  -0.0000138328   0.0000216955   0.0000025704
        0.0000012954   0.0000266823  -0.0000285758  -0.0000152665  -0.0000052533
       -0.0299818304   0.0077483640  -0.0050865337  -0.1521655017   0.0528919288
       -0.0320409308   0.4621050204  -0.0154290398   0.0097182123  -0.1297435494
       -0.0528455794   0.0311482553  -0.0003742870  -0.0080675692   0.0045383623
       -0.0539933517  -0.0107297583   0.0038940477  -0.0003055515   0.0032052293
       -0.0023518342  -0.0015688044  -0.0006837437   0.0003639151   0.0011171555
        0.0007935000  -0.0001371017   0.0011063619   0.0005516022  -0.0006320642
       -0.0048552248  -0.0024860272   0.0013476448  -0.0057010303   0.0059867960
       -0.0004419074  -0.0048614970   0.0028749683  -0.0049039836  -0.0396450693
        0.0135401643   0.0039505479  -0.0401362731   0.0029207572  -0.0094907189
       -0.0003308149  -0.0001866119   0.0000947318  -0.0003616997  -0.0001732295
        0.0001130943  -0.0005137440   0.0002358443  -0.0001882563   0.0000995456
       -0.0000365318   0.0001039200   0.0001101457  -0.0001110638   0.0000005993
       -0.0118637867   0.0057449468  -0.0034245731   0.0534819638  -0.0949590082
        0.0167879328  -0.0154290398   0.4899629914   0.0021135048  -0.0397424059
       -0.0915666276   0.0108161986  -0.0275084280  -0.0310591525   0.0307141607
       -0.0002054345   0.0109804256  -0.0035733543   0.0026154909   0.0008950372
        0.0030682987   0.0005359755   0.0002727303  -0.0001346393  -0.0009572638
        0.0011879308   0.0001279093  -0.0002112762   0.0003033905  -0.0004186501
       -0.0037887028  -0.0006485972   0.0007109379   0.0258698134  -0.0166712538
        0.0072873312   0.0042933697  -0.0020639484   0.0028301873   0.0107061398
       -0.2336459760  -0.0867974158   0.0021262716  -0.0383961123   0.0196314450
       -0.0005828808  -0.0002698781   0.0001522307   0.0004419964   0.0000013225
        0.0000305263   0.0002317347  -0.0001294369   0.0000843104   0.0000249745
        0.0000058892  -0.0000130409  -0.0000385117   0.0000553269   0.0000066999
        0.0065229132  -0.0031261457   0.0021371190  -0.0324401415   0.0167639533
       -0.0789220670   0.0097182123   0.0021135048   0.5007463000   0.0237058006
        0.0107211435  -0.0781384999   0.0172311391   0.0317321962  -0.0006047195
       -0.0031659808  -0.0037416188   0.0075528909  -0.0018744600   0.0029734726
        0.0031638357  -0.0003754277  -0.0001591248   0.0001164772  -0.0002767101
        0.0000950579   0.0001387990   0.0010055898  -0.0003550543   0.0010310094
        0.0021486913   0.0007541346   0.0002758394   0.0095521903  -0.0054821540
        0.0035143109  -0.0273743581   0.0151974961  -0.0119913932   0.0033667994
       -0.0899519992  -0.0761055978  -0.0076324514   0.0223129283  -0.2727963999
       -0.0007392579  -0.0001251378   0.0000474025   0.0007634206   0.0002333937
       -0.0001342954  -0.0001556795   0.0000655314  -0.0000867462   0.0000495897
       -0.0000196142   0.0000553964  -0.0000298792  -0.0000019635   0.0000003386
       -0.0029445483   0.0012210229  -0.0007457323  -0.0282097892  -0.0065933904
        0.0031873832  -0.1297435494  -0.0397424059   0.0237058006   0.4767991279
        0.0216517535  -0.0005468921  -0.0740599945  -0.0219378678   0.0138760643
       -0.1891352002   0.0510615406  -0.0393729373  -0.0510580036   0.0017538693
       -0.0037337961  -0.0032310413  -0.0016740423   0.0009933414  -0.0002769761
        0.0005402562   0.0000602245  -0.0002600697   0.0001937838  -0.0005134812
       -0.0004903108  -0.0007249586   0.0004268102  -0.0004587500  -0.0001896816
        0.0002475596  -0.0005083489  -0.0003198510  -0.0000415799   0.0017376700
       -0.0038386322   0.0023110593   0.0014921268  -0.0044034856   0.0022063041
        0.0010046964   0.0004591873  -0.0019215567   0.0009850394   0.0019700349
        0.0003398250  -0.0006216135   0.0011321354  -0.0008224476  -0.0005142006
       -0.0001896150   0.0003211504  -0.0005062642  -0.0003696535   0.0000229007
        0.0025476113  -0.0021745557   0.0015530740   0.0030486804   0.0056898517
       -0.0036126358  -0.0528455794  -0.0915666276   0.0107211435   0.0216517535
        0.6741868847  -0.3102882492  -0.0043568950  -0.4676303813   0.2605275433
        0.0611354953  -0.1065559986   0.0362648586  -0.0004565253   0.0122556544
       -0.0074506583  -0.0043799939  -0.0027574135   0.0016983089  -0.0003160467
        0.0001189752  -0.0000733809  -0.0003659858   0.0000952810  -0.0000766270
        0.0015040493   0.0003838180  -0.0000373307   0.0020679933  -0.0002973932
       -0.0013451549   0.0010415650   0.0011625929   0.0010067519  -0.0223150144
       -0.0214342520   0.0072977258  -0.0018470680  -0.0026803118   0.0040594963
       -0.0024384794   0.0017878080   0.0018251517  -0.0037777139  -0.0007235847
       -0.0018396450  -0.0016410416   0.0002601808  -0.0001946533   0.0007529567
        0.0000957721  -0.0000215991   0.0009902386  -0.0002163004  -0.0000141199
       -0.0014933485   0.0015078191  -0.0006026474  -0.0019622410  -0.0031986749
        0.0020683831   0.0311482553   0.0108161986  -0.0781384999  -0.0005468921
       -0.3102882492   0.3950415994   0.0023232432   0.2598311060  -0.2340344034
       -0.0457618770   0.0355913780  -0.0804517422  -0.0021401350  -0.0074667718
        0.0052083463   0.0025653385   0.0018486051  -0.0007968336   0.0002500142
       -0.0000838458   0.0000500902   0.0001419040  -0.0000490476   0.0000107721
       -0.0009047699  -0.0000684617   0.0002930844  -0.0002214799   0.0002273432
        0.0009659405  -0.0017199649  -0.0006220094  -0.0006058403  -0.0098152930
       -0.0062722063   0.0040087657   0.0241925585   0.0179193611  -0.0144315765
        0.0033018888  -0.0004889778  -0.0005688284   0.0008264569   0.0009629002
        0.0020553005   0.0010056260  -0.0000240285   0.0001957879  -0.0007711141
        0.0000522980  -0.0002979450  -0.0004181700  -0.0001947365   0.0000302467
        0.0003751092  -0.0002535734   0.0001630743   0.0002787544  -0.0021701726
        0.0012364539  -0.0003742870  -0.0275084280   0.0172311391  -0.0740599945
       -0.0043568950   0.0023232432   0.0925062967  -0.0157078555   0.0135139718
       -0.0181068659   0.0505180526  -0.0348982075   0.0020617314   0.0045467921
       -0.0027567276   0.0005033228   0.0007771177  -0.0004542892  -0.0000090412
       -0.0000252083   0.0000343827  -0.0000153018  -0.0000456278   0.0000148288
        0.0000585927   0.0001241812  -0.0000743393   0.0004841276  -0.0003081261
       -0.0003988252   0.0003583418   0.0001285665   0.0005519211  -0.0028728737
       -0.0023680544   0.0012747376  -0.0030694250  -0.0024471569   0.0015581382
        0.0009301334  -0.0007037175  -0.0002080044   0.0007765141   0.0000427173
        0.0007106984   0.0002170277  -0.0002144990   0.0001604864  -0.0000188420
        0.0000402213   0.0000964586  -0.0000233208  -0.0000683341  -0.0000791409
        0.0000886274   0.0010530864  -0.0005921085   0.0042504530   0.0006848222
       -0.0005395177  -0.0080675692  -0.0310591525   0.0317321962  -0.0219378678
       -0.4676303813   0.2598311060  -0.0157078555   0.5535414985  -0.3429621192
        0.0496254623  -0.0541770557   0.0543441406  -0.0040337125  -0.0000256155
       -0.0028444604   0.0009082554   0.0012379099  -0.0005923077   0.0002699244
       -0.0000891249   0.0001159835   0.0002704154  -0.0001502443   0.0000654716
       -0.0004055903   0.0001528225  -0.0001383212  -0.0007912596   0.0006374379
        0.0008721327  -0.0003117246  -0.0004360428  -0.0009799658  -0.0016129951
       -0.0007953804   0.0008968612  -0.0041756008  -0.0032802408   0.0014342764
        0.0010349320  -0.0005184865  -0.0014431149   0.0011221618   0.0005876207
        0.0010103899   0.0004981620   0.0001940677  -0.0001446144  -0.0004955177
       -0.0001402538  -0.0002092820  -0.0005287005   0.0002127129   0.0001432536
       -0.0000810854  -0.0006074870   0.0004427930  -0.0028619994  -0.0008010658
       -0.0001144955   0.0045383623   0.0307141607  -0.0006047195   0.0138760643
        0.2605275433  -0.2340344034   0.0135139718  -0.3429621192   0.2490773245
       -0.0345433871   0.0544530547  -0.0110224427   0.0028778616  -0.0023312572
       -0.0022389376  -0.0005898130  -0.0006140313   0.0005964059  -0.0001692298
        0.0001171925  -0.0000764761  -0.0001686910   0.0000671853   0.0000095258
        0.0002485783  -0.0001306136   0.0000266126  -0.0000163677  -0.0004450921
       -0.0004479955   0.0007344568   0.0002626822   0.0006478448   0.0032117878
        0.0024131793  -0.0019489493   0.0003593575   0.0001046969   0.0001668714
       -0.0008261337   0.0004618479   0.0002428367  -0.0004548379  -0.0010406714
       -0.0008617870  -0.0003117566  -0.0001750878   0.0000428031   0.0003264478
        0.0000326165   0.0002169538   0.0003364134  -0.0000467338  -0.0001197648
       -0.0022561076   0.0012488625  -0.0007536132  -0.0052202034  -0.0058349489
        0.0034064512  -0.0539933517  -0.0002054345  -0.0031659808  -0.1891352002
        0.0611354953  -0.0457618770  -0.0181068659   0.0496254623  -0.0345433871
        0.4564762163  -0.0196553476   0.0307359528  -0.1138377463  -0.0530427318
        0.0320924004  -0.0391207207  -0.0099079948   0.0041631681   0.0002457869
       -0.0001567524  -0.0000937013   0.0002342146   0.0000138618   0.0001950330
       -0.0007519511  -0.0001231544   0.0000526759   0.0006251553   0.0001827210
       -0.0000355320   0.0007367120   0.0001635324  -0.0000764607  -0.0013880774
        0.0002996489  -0.0015574109  -0.0011811552   0.0016754459   0.0002939136
       -0.0178530629  -0.0101526358   0.0151127999  -0.0146874282  -0.0174421403
        0.0015613071  -0.0057445348   0.0033403057  -0.0026576616   0.0024877039
       -0.0007220947   0.0002421922   0.0024706166  -0.0004421006   0.0007897303
       -0.0004892660   0.0004271366  -0.0002436894  -0.0020018638  -0.0004079120
        0.0008252167  -0.0107297583   0.0109804256  -0.0037416188   0.0510615406
       -0.1065559986   0.0355913780   0.0505180526  -0.0541770557   0.0544530547
       -0.0196553476   0.2697291725  -0.1300422481  -0.0442790088  -0.1033722869
        0.0286106535   0.0127371206   0.0091375227  -0.0036301492   0.0000267708
        0.0000729435   0.0000602014   0.0000004782  -0.0000227999  -0.0000789665
       -0.0002848554  -0.0001235708   0.0000575483  -0.0003247614  -0.0000753249
        0.0002689754  -0.0001894751  -0.0003795284  -0.0000465176   0.0011123071
        0.0004991166   0.0008746269  -0.0002753265  -0.0004507430  -0.0002168497
       -0.0068871960  -0.0033838694   0.0067722178  -0.0333808928  -0.0221772229
        0.0098620915   0.0037462223  -0.0006726777   0.0010603045  -0.0001837838
        0.0000480550  -0.0001814462  -0.0005209570   0.0009046179  -0.0002547831
        0.0001963868  -0.0001737901   0.0001550636   0.0011263786   0.0006471489
        0.0008409345   0.0038940477  -0.0035733543   0.0075528909  -0.0393729373
        0.0362648586  -0.0804517422  -0.0348982075   0.0543441406  -0.0110224427
        0.0307359528  -0.1300422481   0.1571536935   0.0264293505   0.0283923643
       -0.0732168621  -0.0110324004  -0.0049689916   0.0053819585   0.0000313745
       -0.0000283541  -0.0000436604  -0.0000270628  -0.0000059661   0.0000781823
        0.0001412044   0.0000497016  -0.0000619056   0.0000186802   0.0001533692
       -0.0002466614   0.0003513139   0.0001643458   0.0000842793   0.0006749546
        0.0004155599  -0.0000545685  -0.0014183582   0.0004179521   0.0009417697
        0.0325299198   0.0185796740  -0.0114294880  -0.0072354414  -0.0011987259
        0.0039017075  -0.0028877091   0.0010385185  -0.0003112433   0.0006053904
       -0.0006071705   0.0008354335   0.0001371624   0.0001309672  -0.0000873393
       -0.0002558568   0.0002270197  -0.0001333990  -0.0007723856  -0.0006444138
        0.0003030896  -0.0003055515   0.0026154909  -0.0018744600  -0.0510580036
       -0.0004565253  -0.0021401350   0.0020617314  -0.0040337125   0.0028778616
       -0.1138377463  -0.0442790088   0.0264293505   0.3982171724  -0.0407658427
        0.0199787226  -0.1314596299   0.0600030902  -0.0445909072  -0.0000722684
        0.0000699879   0.0000112202  -0.0000738747   0.0000201910  -0.0000628384
       -0.0001506010  -0.0001488073   0.0000862896  -0.0000738967  -0.0002082751
       -0.0000720639  -0.0000907446  -0.0000433856   0.0002151300  -0.0004075066
        0.0000437099   0.0001725945  -0.0002977720  -0.0000857708  -0.0001982683
       -0.0379896237   0.0026364667   0.0097843071  -0.0379704910   0.0090527643
        0.0014393837  -0.0226207591   0.0116815557  -0.0092794065  -0.0003596462
       -0.0000003446  -0.0030295012  -0.0024825460   0.0043158101   0.0000830301
        0.0001584179  -0.0001947338   0.0001072139   0.0003718832   0.0006046991
       -0.0000768388   0.0032052293   0.0008950372   0.0029734726   0.0017538693
        0.0122556544  -0.0074667718   0.0045467921  -0.0000256155  -0.0023312572
       -0.0530427318  -0.1033722869   0.0283923643  -0.0407658427   0.4916454717
        0.0138814542   0.0569849817  -0.1101737762   0.0316686676  -0.0000586150
        0.0000438671  -0.0000004261  -0.0000398064   0.0000354162  -0.0000747842
        0.0000831833  -0.0000229865   0.0000001466  -0.0000269256  -0.0000951825
       -0.0000986214  -0.0000650246   0.0000412233   0.0000843283   0.0000030959
        0.0004665130  -0.0000939775  -0.0004520979  -0.0002613698  -0.0000418044
        0.0001536175  -0.0433078107  -0.0008185026   0.0097609190  -0.2321612710
       -0.0768714284  -0.0087960622   0.0054354166  -0.0041760796   0.0022646450
       -0.0010807095   0.0033725156   0.0239604721  -0.0207275562   0.0115703291
       -0.0001453121   0.0001250363  -0.0000925553  -0.0003297119  -0.0002031061
        0.0005446979  -0.0023518342   0.0030682987   0.0031638357  -0.0037337961
       -0.0074506583   0.0052083463  -0.0027567276  -0.0028444604  -0.0022389376
        0.0320924004   0.0286106535  -0.0732168621   0.0199787226   0.0138814542
        0.5068641506  -0.0425253389   0.0318171950  -0.0928710799   0.0000125225
       -0.0000597123   0.0000044602   0.0000422177   0.0000033116   0.0000016080
       -0.0000579655  -0.0000185297  -0.0000125297   0.0000491742  -0.0000076879
        0.0000256139   0.0000178780  -0.0000273631  -0.0000758025   0.0005750285
        0.0003447381  -0.0002793141  -0.0001277382  -0.0003925776   0.0003709759
        0.0082361932  -0.0019879056  -0.2629838048   0.0042668751  -0.0754991831
       -0.0742441447   0.0046505270  -0.0029690322   0.0023348094  -0.0245810632
        0.0179273898  -0.0171245754   0.0066879486  -0.0043178611   0.0046211084
       -0.0001474615   0.0001050966  -0.0000615082  -0.0002839163  -0.0003478845
        0.0002014445  -0.0015688044   0.0005359755  -0.0003754277  -0.0032310413
       -0.0043799939   0.0025653385   0.0005033228   0.0009082554  -0.0005898130
       -0.0391207207   0.0127371206  -0.0110324004  -0.1314596299   0.0569849817
       -0.0425253389   0.4964188902   0.0303037856  -0.0224672235   0.0000120409
       -0.0000027959  -0.0000009891   0.0000133537   0.0000014412   0.0000006444
       -0.0001077178  -0.0000132986   0.0000057368   0.0000049224  -0.0000021572
       -0.0000004546   0.0000031810   0.0000029926  -0.0000012783   0.0000300065
        0.0001096509   0.0000285675   0.0000401678   0.0000388308  -0.0001204252
       -0.0008845247   0.0012392014  -0.0029103568  -0.0027876546   0.0045026232
       -0.0011139016  -0.2294555349  -0.0950535850   0.0536395847  -0.0454147253
       -0.0006194798   0.0269579131  -0.0425641541  -0.0070507603  -0.0022001122
       -0.0000709299  -0.0000011513  -0.0000108293  -0.0001072297  -0.0002081513
        0.0001052223  -0.0006837437   0.0002727303  -0.0001591248  -0.0016740423
       -0.0027574135   0.0018486051   0.0007771177   0.0012379099  -0.0006140313
       -0.0099079948   0.0091375227  -0.0049689916   0.0600030902  -0.1101737762
        0.0318171950   0.0303037856   0.5118823998   0.0129138712   0.0000210701
        0.0000243286  -0.0000032430   0.0000195974   0.0000079547  -0.0000061270
       -0.0000213372   0.0000076603  -0.0000013280  -0.0000122324   0.0000563550
        0.0000143628   0.0000032295   0.0000152376  -0.0000405008   0.0000526401
        0.0000581257  -0.0000129311   0.0000562110   0.0000148079  -0.0000196964
        0.0021262379  -0.0003178942   0.0019653932   0.0219142193  -0.0178102245
        0.0106726757  -0.0935271192  -0.0887549406   0.0259924964  -0.0010191980
       -0.0445135541   0.0033242437  -0.0082533716  -0.2581779266  -0.0828172622
        0.0000413336  -0.0000046338  -0.0000192538   0.0000558713   0.0000970086
       -0.0000866829   0.0003639151  -0.0001346393   0.0001164772   0.0009933414
        0.0016983089  -0.0007968336  -0.0004542892  -0.0005923077   0.0005964059
        0.0041631681  -0.0036301492   0.0053819585  -0.0445909072   0.0316686676
       -0.0928710799  -0.0224672235   0.0129138712   0.5181204817  -0.0000093501
        0.0000009037   0.0000056080  -0.0000165301  -0.0000090890   0.0000204718
        0.0000068129  -0.0000026796   0.0000027794  -0.0000113431  -0.0000166767
       -0.0000018592   0.0000163763  -0.0000146869   0.0000431333  -0.0000302220
        0.0000092014  -0.0000015014  -0.0000372831  -0.0000306210   0.0000408965
       -0.0226033918   0.0164266791  -0.0150288209   0.0061301165  -0.0048686201
        0.0044572493   0.0526140357   0.0259065608  -0.0570200966   0.0281905135
        0.0022821106  -0.2868863708  -0.0023549443  -0.0816992088  -0.0760729626
       -0.0430596164   0.0083508607   0.0029308474  -0.0019037208  -0.0234588281
       -0.0091257443   0.0011171555  -0.0009572638  -0.0002767101  -0.0002769761
       -0.0003160467   0.0002500142  -0.0000090412   0.0002699244  -0.0001692298
        0.0002457869   0.0000267708   0.0000313745  -0.0000722684  -0.0000586150
        0.0000125225   0.0000120409   0.0000210701  -0.0000093501   0.0501294106
       -0.0066059608  -0.0046852676   0.0007234400  -0.0006593181  -0.0008702151
       -0.0031257223   0.0266415857   0.0109889334  -0.0038642074  -0.0037811256
        0.0012625388   0.0006156746   0.0002620930  -0.0005022037  -0.0005085295
        0.0002639899   0.0002194136  -0.0000548107  -0.0000163947  -0.0000506146
        0.0000126532  -0.0000010683  -0.0000160456   0.0000193446   0.0000193707
        0.0000088106   0.0000201346   0.0000047488  -0.0000014252  -0.0000072035
       -0.0000036493   0.0000030133  -0.0000135449  -0.0000021436  -0.0000006622
        0.0081913372  -0.2417626887  -0.0910191393  -0.0039633550  -0.0200613659
       -0.0061833595   0.0007935000   0.0011879308   0.0000950579   0.0005402562
        0.0001189752  -0.0000838458  -0.0000252083  -0.0000891249   0.0001171925
       -0.0001567524   0.0000729435  -0.0000283541   0.0000699879   0.0000438671
       -0.0000597123  -0.0000027959   0.0000243286   0.0000009037  -0.0066059608
        0.2812093487   0.1053259922   0.0004918556  -0.0000505803  -0.0020840223
        0.0044153711  -0.0185946219  -0.0074602033  -0.0037783682  -0.0023921948
        0.0015153696   0.0005119524   0.0002169151  -0.0001317056  -0.0004854931
        0.0002939246   0.0000514206  -0.0000406744  -0.0001854900  -0.0000705765
        0.0000154232  -0.0000087715   0.0000106917   0.0000172209  -0.0000181019
        0.0000051376   0.0000059750  -0.0000088564   0.0000018224   0.0000042206
       -0.0000053041  -0.0000082426   0.0000015079   0.0000088667   0.0000055732
        0.0026479665  -0.0912668294  -0.0865159552  -0.0003450083   0.0073745604
        0.0040182508  -0.0001371017   0.0001279093   0.0001387990   0.0000602245
       -0.0000733809   0.0000500902   0.0000343827   0.0001159835  -0.0000764761
       -0.0000937013   0.0000602014  -0.0000436604   0.0000112202  -0.0000004261
        0.0000044602  -0.0000009891  -0.0000032430   0.0000056080  -0.0046852676
        0.1053259922   0.0964002297   0.0019174137  -0.0311895440  -0.0188685236
       -0.0007884900   0.0076222467   0.0038590400   0.0015828913   0.0013805141
        0.0005371015  -0.0000052248   0.0007119633   0.0005499287  -0.0002218283
       -0.0000039525   0.0002446177   0.0000116924  -0.0001936740  -0.0002934567
        0.0000088211   0.0000053169  -0.0000004066   0.0000026124   0.0000015913
       -0.0000065641   0.0000040960   0.0000023655  -0.0000011288  -0.0000011155
       -0.0000013235  -0.0000092616  -0.0000025940   0.0000037288   0.0000073072
       -0.0427934327   0.0011399353  -0.0032707461  -0.0025308398  -0.0037113851
        0.0249497449   0.0011063619  -0.0002112762   0.0010055898  -0.0002600697
       -0.0003659858   0.0001419040  -0.0000153018   0.0002704154  -0.0001686910
        0.0002342146   0.0000004782  -0.0000270628  -0.0000738747  -0.0000398064
        0.0000422177   0.0000133537   0.0000195974  -0.0000165301   0.0007234400
        0.0004918556   0.0019174137   0.0498618796   0.0014054144   0.0017857924
       -0.0024471063   0.0034971743  -0.0285892766   0.0006103076   0.0005704936
        0.0000125694  -0.0038894110  -0.0030391527   0.0025355834  -0.0000601617
        0.0000397920   0.0000520436  -0.0005122472  -0.0000806686  -0.0003594807
        0.0000219399  -0.0000004724  -0.0000210103   0.0000129102   0.0000152573
        0.0000097867   0.0000203140   0.0000041005  -0.0000025804  -0.0000138880
       -0.0000022043   0.0000002064  -0.0000083888  -0.0000035625   0.0000025260
        0.0012975067  -0.0460173162   0.0194846266  -0.0020817702  -0.0024049059
        0.0177241907   0.0005516022   0.0003033905  -0.0003550543   0.0001937838
        0.0000952810  -0.0000490476  -0.0000456278  -0.0001502443   0.0000671853
        0.0000138618  -0.0000227999  -0.0000059661   0.0000201910   0.0000354162
        0.0000033116   0.0000014412   0.0000079547  -0.0000090890  -0.0006593181
       -0.0000505803  -0.0311895440   0.0014054144   0.0509892906  -0.0249185910
        0.0024417035  -0.0015784412   0.0168696777   0.0002437243   0.0002288072
        0.0007163715  -0.0033045379  -0.0014902409   0.0018707439  -0.0000281552
       -0.0001553713  -0.0001783438  -0.0000568152   0.0002326426  -0.0000402295
        0.0000049057  -0.0000107917   0.0000044719  -0.0000003516  -0.0000097267
        0.0000063998  -0.0000002983  -0.0000041028   0.0000026058   0.0000000057
        0.0000046634  -0.0000021109   0.0000027341  -0.0000029250  -0.0000016085
       -0.0029887942   0.0197212951  -0.2825072618   0.0038552528   0.0038101531
       -0.0130204125  -0.0006320642  -0.0004186501   0.0010310094  -0.0005134812
       -0.0000766270   0.0000107721   0.0000148288   0.0000654716   0.0000095258
        0.0001950330  -0.0000789665   0.0000781823  -0.0000628384  -0.0000747842
        0.0000016080   0.0000006444  -0.0000061270   0.0000204718  -0.0008702151
       -0.0020840223  -0.0188685236   0.0017857924  -0.0249185910   0.3269024843
       -0.0032327035   0.0021570909  -0.0138501074  -0.0004366800  -0.0001193921
        0.0005362078   0.0023849253   0.0020292413  -0.0003048800   0.0000403959
       -0.0000540570  -0.0003260941   0.0005052749   0.0000262702   0.0003007278
       -0.0000161175   0.0000120159  -0.0000128146  -0.0000197844   0.0000109177
        0.0000003075  -0.0000066799   0.0000040809  -0.0000040798  -0.0000010473
        0.0000020952   0.0000127377  -0.0000017416  -0.0000074147  -0.0000098606
       -0.2132355326   0.0956110193  -0.0584600060  -0.0250891049   0.0091598722
       -0.0057434059  -0.0048552248  -0.0037887028   0.0021486913  -0.0004903108
        0.0015040493  -0.0009047699   0.0000585927  -0.0004055903   0.0002485783
       -0.0007519511  -0.0002848554   0.0001412044  -0.0001506010   0.0000831833
       -0.0000579655  -0.0001077178  -0.0000213372   0.0000068129  -0.0031257223
        0.0044153711  -0.0007884900  -0.0024471063   0.0024417035  -0.0032327035
        0.2489226152  -0.1090808828   0.0668374988   0.0003756798   0.0002552901
       -0.0004140039   0.0003602063   0.0005018315  -0.0000165342   0.0002493929
       -0.0002876757  -0.0000473659   0.0002357372  -0.0000835962   0.0002716744
        0.0000100288   0.0000016565   0.0000141876   0.0000104723  -0.0000136451
       -0.0000084150  -0.0000165761  -0.0000041574   0.0000006485   0.0000227846
        0.0000043898   0.0000089356   0.0000243380  -0.0000079235  -0.0000045720
        0.0963428698  -0.0959763095   0.0314842086  -0.0134703151   0.0062976056
       -0.0036982933  -0.0024860272  -0.0006485972   0.0007541346  -0.0007249586
        0.0003838180  -0.0000684617   0.0001241812   0.0001528225  -0.0001306136
       -0.0001231544  -0.0001235708   0.0000497016  -0.0001488073  -0.0000229865
       -0.0000185297  -0.0000132986   0.0000076603  -0.0000026796   0.0266415857
       -0.0185946219   0.0076222467   0.0034971743  -0.0015784412   0.0021570909
       -0.1090808828   0.1093408428  -0.0377316564  -0.0003932800   0.0005345627
       -0.0001119765   0.0001014670   0.0002767960  -0.0003472127  -0.0001839422
        0.0000471237   0.0001366790  -0.0000909046  -0.0001048315  -0.0000905370
        0.0000133215   0.0000012482  -0.0000125790   0.0000070334   0.0000100060
        0.0000056457   0.0000008498   0.0000048979  -0.0000020585  -0.0000063515
       -0.0000038456   0.0000015975  -0.0000065602  -0.0000041795   0.0000032934
       -0.0588788071   0.0314768509  -0.0639064196   0.0074505440  -0.0033350401
        0.0023929909   0.0013476448   0.0007109379   0.0002758394   0.0004268102
       -0.0000373307   0.0002930844  -0.0000743393  -0.0001383212   0.0000266126
        0.0000526759   0.0000575483  -0.0000619056   0.0000862896   0.0000001466
       -0.0000125297   0.0000057368  -0.0000013280   0.0000027794   0.0109889334
       -0.0074602033   0.0038590400  -0.0285892766   0.0168696777  -0.0138501074
        0.0668374988  -0.0377316564   0.0706798700  -0.0003280826  -0.0002064280
        0.0000166638   0.0005019852  -0.0002425934   0.0002840147   0.0000010560
       -0.0000033524  -0.0000770562   0.0001743176   0.0000507966   0.0000772252
       -0.0000030130  -0.0000002615   0.0000035388  -0.0000082920  -0.0000106220
       -0.0000029491  -0.0000013808  -0.0000030751   0.0000031620   0.0000055682
        0.0000038713  -0.0000032179   0.0000041309   0.0000003827  -0.0000006357
       -0.0022226903  -0.0236910009  -0.0083966229  -0.0411679164   0.0081178094
        0.0026207551  -0.0057010303   0.0258698134   0.0095521903  -0.0004587500
        0.0020679933  -0.0002214799   0.0004841276  -0.0007912596  -0.0000163677
        0.0006251553  -0.0003247614   0.0000186802  -0.0000738967  -0.0000269256
        0.0000491742   0.0000049224  -0.0000122324  -0.0000113431  -0.0038642074
       -0.0037783682   0.0015828913   0.0006103076   0.0002437243  -0.0004366800
        0.0003756798  -0.0003932800  -0.0003280826   0.0539896915  -0.0099466913
       -0.0034511716   0.0013681467  -0.0002557916  -0.0000795258  -0.0047353193
        0.0030449846  -0.0012267405   0.0007479149  -0.0000915681   0.0003601753
        0.0000181731   0.0000101978  -0.0000088850  -0.0000419426  -0.0000197393
       -0.0000172954   0.0000176412  -0.0000111690   0.0000061491   0.0000006964
        0.0000106345   0.0000084303   0.0000232966  -0.0000223701  -0.0000042515
       -0.0036070094  -0.0190027525  -0.0065368430   0.0083347612  -0.2350356189
       -0.0859298948   0.0059867960  -0.0166712538  -0.0054821540  -0.0001896816
       -0.0002973932   0.0002273432  -0.0003081261   0.0006374379  -0.0004450921
        0.0001827210  -0.0000753249   0.0001533692  -0.0002082751  -0.0000951825
       -0.0000076879  -0.0000021572   0.0000563550  -0.0000166767  -0.0037811256
       -0.0023921948   0.0013805141   0.0005704936   0.0002288072  -0.0001193921
        0.0002552901   0.0005345627  -0.0002064280  -0.0099466913   0.2741917793
        0.0990935040   0.0000507986  -0.0005469500  -0.0030082471   0.0031292282
       -0.0016292260   0.0010269316  -0.0004226691   0.0001149109  -0.0001454258
       -0.0000033033  -0.0000184972  -0.0000177782  -0.0000072468   0.0000207167
        0.0000272585  -0.0000025979   0.0000086134  -0.0000072217  -0.0000111557
       -0.0000126863   0.0000118040  -0.0000200496  -0.0000161030   0.0000021168
        0.0002374414   0.0074096161   0.0038836163   0.0033499687  -0.0866548477
       -0.0853154333  -0.0004419074   0.0072873312   0.0035143109   0.0002475596
       -0.0013451549   0.0009659405  -0.0003988252   0.0008721327  -0.0004479955
       -0.0000355320   0.0002689754  -0.0002466614  -0.0000720639  -0.0000986214
        0.0000256139  -0.0000004546   0.0000143628  -0.0000018592   0.0012625388
        0.0015153696   0.0005371015   0.0000125694   0.0007163715   0.0005362078
       -0.0004140039  -0.0001119765   0.0000166638  -0.0034511716   0.0990935040
        0.0949857413   0.0012386947  -0.0308733320  -0.0195857669  -0.0013809109
        0.0012344581   0.0006332780  -0.0001418410   0.0006669845   0.0005064509
        0.0000039625  -0.0000094958  -0.0000249131   0.0000024839   0.0000053988
        0.0000257586   0.0000014008   0.0000026055  -0.0000025999  -0.0000118186
        0.0000044816   0.0000016354  -0.0000080904   0.0000018366  -0.0000070896
       -0.0028315002  -0.0044170128   0.0247532895  -0.0408522411   0.0013382874
       -0.0025181613  -0.0048614970   0.0042933697  -0.0273743581  -0.0005083489
        0.0010415650  -0.0017199649   0.0003583418  -0.0003117246   0.0007344568
        0.0007367120  -0.0001894751   0.0003513139  -0.0000907446  -0.0000650246
        0.0000178780   0.0000031810   0.0000032295   0.0000163763   0.0006156746
        0.0005119524  -0.0000052248  -0.0038894110  -0.0033045379   0.0023849253
        0.0003602063   0.0001014670   0.0005019852   0.0013681467   0.0000507986
        0.0012386947   0.0535632779  -0.0011997046   0.0038508732   0.0007422369
       -0.0003352245  -0.0000956783  -0.0047269251   0.0024779800  -0.0021616904
       -0.0000415980   0.0000110103   0.0000177743   0.0000112686   0.0000103045
       -0.0000110546   0.0000174017  -0.0000093706   0.0000078759   0.0000207332
       -0.0000004577   0.0000235693   0.0000050851  -0.0000074318  -0.0000128800
       -0.0024327742  -0.0021204663   0.0172871837   0.0008290468  -0.0475527410
        0.0190436325   0.0028749683  -0.0020639484   0.0151974961  -0.0003198510
        0.0011625929  -0.0006220094   0.0001285665  -0.0004360428   0.0002626822
        0.0001635324  -0.0003795284   0.0001643458  -0.0000433856   0.0000412233
       -0.0000273631   0.0000029926   0.0000152376  -0.0000146869   0.0002620930
        0.0002169151   0.0007119633  -0.0030391527  -0.0014902409   0.0020292413
        0.0005018315   0.0002767960  -0.0002425934  -0.0002557916  -0.0005469500
       -0.0308733320  -0.0011997046   0.0535259352  -0.0253129999  -0.0000821952
        0.0001744814   0.0007103574   0.0026155973  -0.0008033365   0.0016822929
       -0.0000021407   0.0000096966  -0.0000029166  -0.0000032891  -0.0000107293
       -0.0000052609  -0.0000031976   0.0000004719  -0.0000013135  -0.0000020387
       -0.0000109519   0.0000039374   0.0000048926  -0.0000084144   0.0000093431
        0.0032332979   0.0029818672  -0.0123448495  -0.0031077498   0.0196928713
       -0.2732893597  -0.0049039836   0.0028301873  -0.0119913932  -0.0000415799
        0.0010067519  -0.0006058403   0.0005519211  -0.0009799658   0.0006478448
       -0.0000764607  -0.0000465176   0.0000842793   0.0002151300   0.0000843283
       -0.0000758025  -0.0000012783  -0.0000405008   0.0000431333  -0.0005022037
       -0.0001317056   0.0005499287   0.0025355834   0.0018707439  -0.0003048800
       -0.0000165342  -0.0003472127   0.0002840147  -0.0000795258  -0.0030082471
       -0.0195857669   0.0038508732  -0.0253129999   0.3163761608   0.0004441796
       -0.0001106772   0.0004449644  -0.0021479089   0.0015050901  -0.0002167570
        0.0000003112   0.0000222605   0.0000310641   0.0000023480  -0.0000178910
       -0.0000362361   0.0000015956  -0.0000133323   0.0000059618   0.0000243883
        0.0000042899  -0.0000119343   0.0000175966   0.0000106596  -0.0000045326
        0.0009886847   0.0009335410   0.0001426585  -0.0046982597   0.0239328147
        0.0088486186  -0.0396450693   0.0107061398   0.0033667994   0.0017376700
       -0.0223150144  -0.0098152930  -0.0028728737  -0.0016129951   0.0032117878
       -0.0013880774   0.0011123071   0.0006749546  -0.0004075066   0.0000030959
        0.0005750285   0.0000300065   0.0000526401  -0.0000302220  -0.0005085295
       -0.0004854931  -0.0002218283  -0.0000601617  -0.0000281552   0.0000403959
        0.0002493929  -0.0001839422   0.0000010560  -0.0047353193   0.0031292282
       -0.0013809109   0.0007422369  -0.0000821952   0.0004441796   0.0483589024
       -0.0151890965  -0.0058214670   0.0021294864  -0.0000594308  -0.0000867112
       -0.0000743822  -0.0000287824   0.0000010013   0.0001453536   0.0000916818
        0.0000200001   0.0000577353   0.0000081750   0.0000105272   0.0000201920
       -0.0000172002   0.0000106763  -0.0000694814   0.0000326816   0.0000087486
       -0.0007726007   0.0010985113   0.0000877132   0.0050476540  -0.0157180001
       -0.0048290375   0.0135401643  -0.2336459760  -0.0899519992  -0.0038386322
       -0.0214342520  -0.0062722063  -0.0023680544  -0.0007953804   0.0024131793
        0.0002996489   0.0004991166   0.0004155599   0.0000437099   0.0004665130
        0.0003447381   0.0001096509   0.0000581257   0.0000092014   0.0002639899
        0.0002939246  -0.0000039525   0.0000397920  -0.0001553713  -0.0000540570
       -0.0002876757   0.0000471237  -0.0000033524   0.0030449846  -0.0016292260
        0.0012344581  -0.0003352245   0.0001744814  -0.0001106772  -0.0151890965
        0.2706466709   0.0996991210   0.0001162881  -0.0000359625  -0.0029489560
       -0.0000144404  -0.0000093513  -0.0000348025   0.0002481318   0.0001242223
        0.0000076474   0.0000624029  -0.0000143201   0.0000035861   0.0000132097
       -0.0000204613  -0.0000187422  -0.0000239025   0.0000496115   0.0000125784
        0.0000481340   0.0001022420   0.0000935881  -0.0002642823   0.0059929858
        0.0034743719   0.0039505479  -0.0867974158  -0.0761055978   0.0023110593
        0.0072977258   0.0040087657   0.0012747376   0.0008968612  -0.0019489493
       -0.0015574109   0.0008746269  -0.0000545685   0.0001725945  -0.0000939775
       -0.0002793141   0.0000285675  -0.0000129311  -0.0000015014   0.0002194136
        0.0000514206   0.0002446177   0.0000520436  -0.0001783438  -0.0003260941
       -0.0000473659   0.0001366790  -0.0000770562  -0.0012267405   0.0010269316
        0.0006332780  -0.0000956783   0.0007103574   0.0004449644  -0.0058214670
        0.0996991210   0.0883080916   0.0008638445  -0.0298040499  -0.0183506059
        0.0000959302   0.0000559877  -0.0000176419   0.0000115504   0.0000298331
       -0.0000408731   0.0000185587   0.0000167867  -0.0000034038  -0.0000125221
       -0.0000241510  -0.0000434693  -0.0000215147   0.0000193103   0.0000413979
        0.0009618704   0.0003618478  -0.0008609262  -0.0040419067   0.0037463244
       -0.0251489327  -0.0401362731   0.0021262716  -0.0076324514   0.0014921268
       -0.0018470680   0.0241925585  -0.0030694250  -0.0041756008   0.0003593575
       -0.0011811552  -0.0002753265  -0.0014183582  -0.0002977720  -0.0004520979
       -0.0001277382   0.0000401678   0.0000562110  -0.0000372831  -0.0000548107
       -0.0000406744   0.0000116924  -0.0005122472  -0.0000568152   0.0005052749
        0.0002357372  -0.0000909046   0.0001743176   0.0007479149  -0.0004226691
       -0.0001418410  -0.0047269251   0.0026155973  -0.0021479089   0.0021294864
        0.0001162881   0.0008638445   0.0482953784  -0.0016896065   0.0115034805
        0.0001418178   0.0000191931  -0.0000756655  -0.0000257287   0.0000195984
        0.0000177630   0.0000660172  -0.0000005306  -0.0000097856  -0.0000723819
       -0.0000073090  -0.0000497409   0.0000081090  -0.0000027290   0.0000223428
       -0.0003980579   0.0002413060  -0.0003826511   0.0021762331  -0.0015015637
        0.0135691874   0.0029207572  -0.0383961123   0.0223129283  -0.0044034856
       -0.0026803118   0.0179193611  -0.0024471569  -0.0032802408   0.0001046969
        0.0016754459  -0.0004507430   0.0004179521  -0.0000857708  -0.0002613698
       -0.0003925776   0.0000388308   0.0000148079  -0.0000306210  -0.0000163947
       -0.0001854900  -0.0001936740  -0.0000806686   0.0002326426   0.0000262702
       -0.0000835962  -0.0001048315   0.0000507966  -0.0000915681   0.0001149109
        0.0006669845   0.0024779800  -0.0008033365   0.0015050901  -0.0000594308
       -0.0000359625  -0.0298040499  -0.0016896065   0.0471340123  -0.0257518639
        0.0001135179  -0.0000119805  -0.0000543880  -0.0000819025  -0.0000257813
        0.0000455689   0.0000201041  -0.0000125705   0.0000141166  -0.0000082840
        0.0000345500   0.0000024103   0.0000230536  -0.0000219353  -0.0000255374
        0.0006301004  -0.0003713453   0.0009151422  -0.0040338646   0.0030233373
       -0.0111907295  -0.0094907189   0.0196314450  -0.2727963999   0.0022063041
        0.0040594963  -0.0144315765   0.0015581382   0.0014342764   0.0001668714
        0.0002939136  -0.0002168497   0.0009417697  -0.0001982683  -0.0000418044
        0.0003709759  -0.0001204252  -0.0000196964   0.0000408965  -0.0000506146
       -0.0000705765  -0.0002934567  -0.0003594807  -0.0000402295   0.0003007278
        0.0002716744  -0.0000905370   0.0000772252   0.0003601753  -0.0001454258
        0.0005064509  -0.0021616904   0.0016822929  -0.0002167570  -0.0000867112
       -0.0029489560  -0.0183506059   0.0115034805  -0.0257518639   0.3138520980
       -0.0002337461  -0.0000587329   0.0000938289  -0.0000543757  -0.0000559299
       -0.0000003712  -0.0000636341   0.0000002581  -0.0000119906   0.0000216489
        0.0000084336   0.0000671351   0.0000080944  -0.0000275923  -0.0000412343
       -0.0000081008  -0.0000111024  -0.0000174162  -0.0000145441   0.0000108555
       -0.0000925610  -0.0003308149  -0.0005828808  -0.0007392579   0.0010046964
       -0.0024384794   0.0033018888   0.0009301334   0.0010349320  -0.0008261337
       -0.0178530629  -0.0068871960   0.0325299198  -0.0379896237   0.0001536175
        0.0082361932  -0.0008845247   0.0021262379  -0.0226033918   0.0000126532
        0.0000154232   0.0000088211   0.0000219399   0.0000049057  -0.0000161175
        0.0000100288   0.0000133215  -0.0000030130   0.0000181731  -0.0000033033
        0.0000039625  -0.0000415980  -0.0000021407   0.0000003112  -0.0000743822
       -0.0000144404   0.0000959302   0.0001418178   0.0001135179  -0.0002337461
        0.0555285742   0.0030144502  -0.0183265937   0.0020119820   0.0008934282
        0.0015878309   0.0002263549   0.0000584218  -0.0003889394  -0.0033351386
        0.0030862835  -0.0025197489   0.0006254363  -0.0005858516   0.0000020617
        0.0000004502   0.0000091924  -0.0000125705   0.0000088814   0.0000103665
       -0.0000645384  -0.0001866119  -0.0002698781  -0.0001251378   0.0004591873
        0.0017878080  -0.0004889778  -0.0007037175  -0.0005184865   0.0004618479
       -0.0101526358  -0.0033838694   0.0185796740   0.0026364667  -0.0433078107
       -0.0019879056   0.0012392014  -0.0003178942   0.0164266791  -0.0000010683
       -0.0000087715   0.0000053169  -0.0000004724  -0.0000107917   0.0000120159
        0.0000016565   0.0000012482  -0.0000002615   0.0000101978  -0.0000184972
       -0.0000094958   0.0000110103   0.0000096966   0.0000222605  -0.0000287824
       -0.0000093513   0.0000559877   0.0000191931  -0.0000119805  -0.0000587329
        0.0030144502   0.0499882758  -0.0051266677   0.0016802255  -0.0033215464
       -0.0303650482  -0.0004282988   0.0002458912  -0.0001752125   0.0026211328
       -0.0011441296   0.0020991039  -0.0002004659   0.0002705284   0.0007516627
       -0.0000111170  -0.0000253347   0.0000320995  -0.0000838718   0.0000385797
        0.0000197639   0.0000947318   0.0001522307   0.0000474025  -0.0019215567
        0.0018251517  -0.0005688284  -0.0002080044  -0.0014431149   0.0002428367
        0.0151127999   0.0067722178  -0.0114294880   0.0097843071  -0.0008185026
       -0.2629838048  -0.0029103568   0.0019653932  -0.0150288209  -0.0000160456
        0.0000106917  -0.0000004066  -0.0000210103   0.0000044719  -0.0000128146
        0.0000141876  -0.0000125790   0.0000035388  -0.0000088850  -0.0000177782
       -0.0000249131   0.0000177743  -0.0000029166   0.0000310641   0.0000010013
       -0.0000348025  -0.0000176419  -0.0000756655  -0.0000543880   0.0000938289
       -0.0183265937  -0.0051266677   0.3064905454   0.0004532826  -0.0045351334
       -0.0172135468   0.0001000061  -0.0002762391   0.0002241260  -0.0026417899
        0.0019237606  -0.0005607208   0.0006468061  -0.0003450404   0.0006557803
       -0.0000106623   0.0000099824   0.0000157985  -0.0000336798   0.0000850198
        0.0000297475  -0.0003616997   0.0004419964   0.0007634206   0.0009850394
       -0.0037777139   0.0008264569   0.0007765141   0.0011221618  -0.0004548379
       -0.0146874282  -0.0333808928  -0.0072354414  -0.0379704910   0.0097609190
        0.0042668751  -0.0027876546   0.0219142193   0.0061301165   0.0000193446
        0.0000172209   0.0000026124   0.0000129102  -0.0000003516  -0.0000197844
        0.0000104723   0.0000070334  -0.0000082920  -0.0000419426  -0.0000072468
        0.0000024839   0.0000112686  -0.0000032891   0.0000023480   0.0001453536
        0.0002481318   0.0000115504  -0.0000257287  -0.0000819025  -0.0000543757
        0.0020119820   0.0016802255   0.0004532826   0.0545182331  -0.0013588630
       -0.0030928370   0.0001746611   0.0003753239   0.0001102889   0.0006408172
       -0.0002761008   0.0005703980  -0.0033873093   0.0032241264  -0.0023198109
        0.0000133463   0.0000472482  -0.0000116655   0.0000747719   0.0000323364
        0.0000503627  -0.0001732295   0.0000013225   0.0002333937   0.0019700349
       -0.0007235847   0.0009629002   0.0000427173   0.0005876207  -0.0010406714
       -0.0174421403  -0.0221772229  -0.0011987259   0.0090527643  -0.2321612710
       -0.0754991831   0.0045026232  -0.0178102245  -0.0048686201   0.0000193707
       -0.0000181019   0.0000015913   0.0000152573  -0.0000097267   0.0000109177
       -0.0000136451   0.0000100060  -0.0000106220  -0.0000197393   0.0000207167
        0.0000053988   0.0000103045  -0.0000107293  -0.0000178910   0.0000916818
        0.0001242223   0.0000298331   0.0000195984  -0.0000257813  -0.0000559299
        0.0008934282  -0.0033215464  -0.0045351334  -0.0013588630   0.2762616311
        0.0847589781  -0.0002366657   0.0003849755  -0.0002421074  -0.0006411881
        0.0004176257  -0.0002924916   0.0031795724  -0.0016295164   0.0017196657
        0.0000025744   0.0000026381  -0.0000000742   0.0000244092  -0.0000457534
        0.0000096414   0.0001130943   0.0000305263  -0.0001342954   0.0003398250
       -0.0018396450   0.0020553005   0.0007106984   0.0010103899  -0.0008617870
        0.0015613071   0.0098620915   0.0039017075   0.0014393837  -0.0768714284
       -0.0742441447  -0.0011139016   0.0106726757   0.0044572493   0.0000088106
        0.0000051376  -0.0000065641   0.0000097867   0.0000063998   0.0000003075
       -0.0000084150   0.0000056457  -0.0000029491  -0.0000172954   0.0000272585
        0.0000257586  -0.0000110546  -0.0000052609  -0.0000362361   0.0000200001
        0.0000076474  -0.0000408731   0.0000177630   0.0000455689  -0.0000003712
        0.0015878309  -0.0303650482  -0.0172135468  -0.0030928370   0.0847589781
        0.0814637272   0.0003634046  -0.0000671256   0.0001262451  -0.0000912153
        0.0008120600   0.0005052814  -0.0018641693   0.0019472441  -0.0000043767
       -0.0000728779   0.0000215945  -0.0000137395  -0.0001107139  -0.0001095959
        0.0000616415  -0.0005137440   0.0002317347  -0.0001556795  -0.0006216135
       -0.0016410416   0.0010056260   0.0002170277   0.0004981620  -0.0003117566
       -0.0057445348   0.0037462223  -0.0028877091  -0.0226207591  -0.0087960622
        0.0046505270  -0.2294555349  -0.0935271192   0.0526140357   0.0000201346
        0.0000059750   0.0000040960   0.0000203140  -0.0000002983  -0.0000066799
       -0.0000165761   0.0000008498  -0.0000013808   0.0000176412  -0.0000025979
        0.0000014008   0.0000174017  -0.0000031976   0.0000015956   0.0000577353
        0.0000624029   0.0000185587   0.0000660172   0.0000201041  -0.0000636341
        0.0002263549  -0.0004282988   0.0001000061   0.0001746611  -0.0002366657
        0.0003634046   0.2657347947   0.1071272253  -0.0598892570  -0.0049166864
       -0.0032123677   0.0039633139  -0.0024790419  -0.0037570257   0.0005456308
        0.0000238320   0.0000088763  -0.0000028703   0.0000671496   0.0000348487
       -0.0000138328   0.0002358443  -0.0001294369   0.0000655314   0.0011321354
        0.0002601808  -0.0000240285  -0.0002144990   0.0001940677  -0.0001750878
        0.0033403057  -0.0006726777   0.0010385185   0.0116815557   0.0054354166
       -0.0029690322  -0.0950535850  -0.0887549406   0.0259065608   0.0000047488
       -0.0000088564   0.0000023655   0.0000041005  -0.0000041028   0.0000040809
       -0.0000041574   0.0000048979  -0.0000030751  -0.0000111690   0.0000086134
        0.0000026055  -0.0000093706   0.0000004719  -0.0000133323   0.0000081750
       -0.0000143201   0.0000167867  -0.0000005306  -0.0000125705   0.0000002581
        0.0000584218   0.0002458912  -0.0002762391   0.0003753239   0.0003849755
       -0.0000671256   0.1071272253   0.0998029707  -0.0308237660  -0.0014168965
       -0.0001247598   0.0008820045  -0.0273486100  -0.0166595459   0.0064496778
       -0.0000180008  -0.0000006014   0.0000031899  -0.0000540391  -0.0000247449
        0.0000216955  -0.0001882563   0.0000843104  -0.0000867462  -0.0008224476
       -0.0001946533   0.0001957879   0.0001604864  -0.0001446144   0.0000428031
       -0.0026576616   0.0010603045  -0.0003112433  -0.0092794065  -0.0041760796
        0.0023348094   0.0536395847   0.0259924964  -0.0570200966  -0.0000014252
        0.0000018224  -0.0000011288  -0.0000025804   0.0000026058  -0.0000040798
        0.0000006485  -0.0000020585   0.0000031620   0.0000061491  -0.0000072217
       -0.0000025999   0.0000078759  -0.0000013135   0.0000059618   0.0000105272
        0.0000035861  -0.0000034038  -0.0000097856   0.0000141166  -0.0000119906
       -0.0003889394  -0.0001752125   0.0002241260   0.0001102889  -0.0002421074
        0.0001262451  -0.0598892570  -0.0308237660   0.0627224234   0.0289078237
        0.0144334620  -0.0111882124  -0.0095315849  -0.0058003308   0.0029492973
        0.0000148569  -0.0000199791   0.0000182098   0.0000036289   0.0000345850
        0.0000025704   0.0000995456   0.0000249745   0.0000495897  -0.0005142006
        0.0007529567  -0.0007711141  -0.0000188420  -0.0004955177   0.0003264478
        0.0024877039  -0.0001837838   0.0006053904  -0.0003596462   0.0022646450
       -0.0245810632  -0.0454147253  -0.0010191980   0.0281905135  -0.0000072035
        0.0000042206  -0.0000011155  -0.0000138880   0.0000000057  -0.0000010473
        0.0000227846  -0.0000063515   0.0000055682   0.0000006964  -0.0000111557
       -0.0000118186   0.0000207332  -0.0000020387   0.0000243883   0.0000201920
        0.0000132097  -0.0000125221  -0.0000723819  -0.0000082840   0.0000216489
       -0.0033351386   0.0026211328  -0.0026417899   0.0006408172  -0.0006411881
       -0.0000912153  -0.0049166864  -0.0014168965   0.0289078237   0.0504425981
       -0.0016095160  -0.0289965970   0.0008991556  -0.0003018208  -0.0010438677
       -0.0000009998   0.0000065631  -0.0000091875  -0.0000082507   0.0000045364
        0.0000012954  -0.0000365318   0.0000058892  -0.0000196142  -0.0001896150
        0.0000957721   0.0000522980   0.0000402213  -0.0001402538   0.0000326165
       -0.0007220947   0.0000480550  -0.0006071705  -0.0000003446  -0.0010807095
        0.0179273898  -0.0006194798  -0.0445135541   0.0022821106  -0.0000036493
       -0.0000053041  -0.0000013235  -0.0000022043   0.0000046634   0.0000020952
        0.0000043898  -0.0000038456   0.0000038713   0.0000106345  -0.0000126863
        0.0000044816  -0.0000004577  -0.0000109519   0.0000042899  -0.0000172002
       -0.0000204613  -0.0000241510  -0.0000073090   0.0000345500   0.0000084336
        0.0030862835  -0.0011441296   0.0019237606  -0.0002761008   0.0004176257
        0.0008120600  -0.0032123677  -0.0001247598   0.0144334620  -0.0016095160
        0.0485958498  -0.0056331479   0.0035645925  -0.0021568488  -0.0311935699
        0.0000129876  -0.0000079425   0.0000187481   0.0000610924  -0.0000248262
        0.0000266823   0.0001039200  -0.0000130409   0.0000553964   0.0003211504
       -0.0000215991  -0.0002979450   0.0000964586  -0.0002092820   0.0002169538
        0.0002421922  -0.0001814462   0.0008354335  -0.0030295012   0.0033725156
       -0.0171245754   0.0269579131   0.0033242437  -0.2868863708   0.0000030133
       -0.0000082426  -0.0000092616   0.0000002064  -0.0000021109   0.0000127377
        0.0000089356   0.0000015975  -0.0000032179   0.0000084303   0.0000118040
        0.0000016354   0.0000235693   0.0000039374  -0.0000119343   0.0000106763
       -0.0000187422  -0.0000434693  -0.0000497409   0.0000024103   0.0000671351
       -0.0025197489   0.0020991039  -0.0005607208   0.0005703980  -0.0002924916
        0.0005052814   0.0039633139   0.0008820045  -0.0111882124  -0.0289965970
       -0.0056331479   0.3302298187   0.0022113303  -0.0032847446  -0.0158441149
        0.0000161746  -0.0000273559   0.0000095841   0.0000119293   0.0000107006
       -0.0000285758   0.0001101457  -0.0000385117  -0.0000298792  -0.0005062642
        0.0009902386  -0.0004181700  -0.0000233208  -0.0005287005   0.0003364134
        0.0024706166  -0.0005209570   0.0001371624  -0.0024825460   0.0239604721
        0.0066879486  -0.0425641541  -0.0082533716  -0.0023549443  -0.0000135449
        0.0000015079  -0.0000025940  -0.0000083888   0.0000027341  -0.0000017416
        0.0000243380  -0.0000065602   0.0000041309   0.0000232966  -0.0000200496
       -0.0000080904   0.0000050851   0.0000048926   0.0000175966  -0.0000694814
       -0.0000239025  -0.0000215147   0.0000081090   0.0000230536   0.0000080944
        0.0006254363  -0.0002004659   0.0006468061  -0.0033873093   0.0031795724
       -0.0018641693  -0.0024790419  -0.0273486100  -0.0095315849   0.0008991556
        0.0035645925   0.0022113303   0.0473397646   0.0052307207   0.0042021974
       -0.0000091530   0.0000256064  -0.0000014401  -0.0000614149   0.0000322544
       -0.0000152665  -0.0001110638   0.0000553269  -0.0000019635  -0.0003696535
       -0.0002163004  -0.0001947365  -0.0000683341   0.0002127129  -0.0000467338
       -0.0004421006   0.0009046179   0.0001309672   0.0043158101  -0.0207275562
       -0.0043178611  -0.0070507603  -0.2581779266  -0.0816992088  -0.0000021436
        0.0000088667   0.0000037288  -0.0000035625  -0.0000029250  -0.0000074147
       -0.0000079235  -0.0000041795   0.0000003827  -0.0000223701  -0.0000161030
        0.0000018366  -0.0000074318  -0.0000084144   0.0000106596   0.0000326816
        0.0000496115   0.0000193103  -0.0000027290  -0.0000219353  -0.0000275923
       -0.0005858516   0.0002705284  -0.0003450404   0.0032241264  -0.0016295164
        0.0019472441  -0.0037570257  -0.0166595459  -0.0058003308  -0.0003018208
       -0.0021568488  -0.0032847446   0.0052307207   0.2980617265   0.0936282038
       -0.0000007535  -0.0000046516   0.0000053300  -0.0000137168   0.0000091352
       -0.0000052533   0.0000005993   0.0000066999   0.0000003386   0.0000229007
       -0.0000141199   0.0000302467  -0.0000791409   0.0001432536  -0.0001197648
        0.0007897303  -0.0002547831  -0.0000873393   0.0000830301   0.0115703291
        0.0046211084  -0.0022001122  -0.0828172622  -0.0760729626  -0.0000006622
        0.0000055732   0.0000073072   0.0000025260  -0.0000016085  -0.0000098606
       -0.0000045720   0.0000032934  -0.0000006357  -0.0000042515   0.0000021168
       -0.0000070896  -0.0000128800   0.0000093431  -0.0000045326   0.0000087486
        0.0000125784   0.0000413979   0.0000223428  -0.0000255374  -0.0000412343
        0.0000020617   0.0007516627   0.0006557803  -0.0023198109   0.0017196657
       -0.0000043767   0.0005456308   0.0064496778   0.0029492973  -0.0010438677
       -0.0311935699  -0.0158441149   0.0042021974   0.0936282038   0.0838863579
