$hessian                                                                        
        0.4786668512  -0.0295224016  -0.0048578295  -0.1638897528  -0.0633868201
       -0.0108315718  -0.0288496513  -0.0096341844   0.0021060748  -0.0021220986
        0.0024901398   0.0018952461   0.0002719339   0.0001275394  -0.0002022679
       -0.0020049750  -0.0002560495   0.0000182985  -0.0002038874   0.0002324351
       -0.0000743939  -0.0000229277  -0.0000491098  -0.0000330629  -0.1747462511
        0.0965939251   0.0752009215  -0.0534291801  -0.0070279317  -0.0490545373
       -0.0445950301   0.0204915296  -0.0105966209  -0.0095806809  -0.0061868687
       -0.0035189392  -0.0012655382  -0.0027403673   0.0008456938   0.0011728327
       -0.0005114788  -0.0007758743   0.0007474275  -0.0006085167  -0.0001533998
       -0.0001310811  -0.0000463579   0.0000119922   0.0000216091   0.0000211557
       -0.0000173325   0.0000033201   0.0000276034   0.0000456394  -0.0000002349
       -0.0000050261   0.0000196553  -0.0000426850  -0.0000092155  -0.0000276916
       -0.0295224016   0.5074232702  -0.0016324626  -0.0628263699  -0.1040915743
       -0.0048696849   0.0107233591   0.0063672628   0.0004548509   0.0008007648
       -0.0028405523  -0.0014026770  -0.0000416875   0.0013695231   0.0002941115
        0.0013771350   0.0003568479   0.0000716850   0.0002392057  -0.0001985637
        0.0000722490   0.0001104309  -0.0000232700   0.0000118883   0.0958811011
       -0.1113527586  -0.0533040508  -0.0072162926  -0.0505461777  -0.0370976923
        0.0207094909  -0.2272330263   0.0999473222  -0.0070832390  -0.0033669833
       -0.0021004807  -0.0243902525  -0.0173002519  -0.0004224089   0.0004570344
        0.0003927482   0.0003730483   0.0007877773   0.0009413622  -0.0003787082
        0.0000352550   0.0000350558  -0.0000100075  -0.0000133214   0.0000222263
       -0.0000266969  -0.0000122563   0.0000144618   0.0000180418  -0.0000194466
        0.0000049908  -0.0000152719   0.0000037134   0.0000254089   0.0000169448
       -0.0048578295  -0.0016324626   0.5245257052  -0.0107673421  -0.0049059356
       -0.0680669328   0.0109164618   0.0049600903   0.0001156966   0.0010885858
       -0.0016780938  -0.0007650553  -0.0000294893   0.0004227539   0.0002140655
        0.0012490039   0.0000972865   0.0000396090   0.0001538976  -0.0001408003
        0.0000105530   0.0000752881   0.0000139652  -0.0000251412   0.0748679702
       -0.0535091968  -0.0868861923  -0.0487187728  -0.0368100741  -0.2674808683
       -0.0108942723   0.0998143953  -0.0994757879  -0.0255823825  -0.0157976699
       -0.0046301169   0.0118539499   0.0085442302   0.0013173987   0.0009370663
        0.0005962139   0.0009057412  -0.0003070899  -0.0000042634   0.0001422688
        0.0000453643   0.0000205571   0.0000090671  -0.0000299576  -0.0000002297
        0.0000085095   0.0000029199   0.0000104763   0.0000011501  -0.0000073522
       -0.0000146990   0.0000088022   0.0000039803   0.0000134566   0.0000315278
       -0.1638897528  -0.0628263699  -0.0107673421   0.4576958421   0.0060576534
        0.0162012753  -0.1292264881   0.0541313201   0.0404220920  -0.0275475127
        0.0035220335   0.0100639065  -0.0000859756   0.0053948731  -0.0002520981
       -0.0051855685  -0.0022249605   0.0006372207  -0.0009922816   0.0006543005
       -0.0000351938  -0.0000239333  -0.0000523596  -0.0000218324  -0.0241475250
       -0.0113390200  -0.0004113859  -0.0095274425  -0.0060459669  -0.0042339712
       -0.0006007348  -0.0031321078   0.0014118464  -0.0502726177  -0.0075803451
       -0.0450385589  -0.0423482046   0.0182481127  -0.0108506809   0.0021897113
       -0.0003115858   0.0013147234  -0.0057109547   0.0055147977   0.0016194403
       -0.0002773128  -0.0001232212  -0.0000152447   0.0000521025   0.0001146478
       -0.0000340667  -0.0000483887   0.0000223997   0.0000400516  -0.0000279794
       -0.0000169423   0.0000315849  -0.0000249829  -0.0000072595  -0.0000817662
       -0.0633868201  -0.1040915743  -0.0049059356   0.0060576534   0.5080331354
       -0.0162643062   0.0516150610  -0.1048103365  -0.0259959413  -0.0030858568
        0.0077693632   0.0056884578  -0.0021352733  -0.0000218381   0.0003642906
       -0.0062368932   0.0004508670  -0.0002858915  -0.0004600550   0.0006429179
       -0.0005455241  -0.0001818200  -0.0001555703  -0.0000284813   0.0116808422
        0.0069643621   0.0007628751  -0.0064702130  -0.0037894406  -0.0030163456
       -0.0243235182  -0.0185558936  -0.0002630128  -0.0073743411  -0.0524794008
       -0.0376488072   0.0180696554  -0.2196780486   0.0969855679   0.0060121256
       -0.0041261335  -0.0061235996   0.0202882289  -0.0161698640  -0.0088154155
       -0.0002181505  -0.0000636994   0.0000782735   0.0001687962   0.0000290451
        0.0000243249   0.0000274315   0.0000294180   0.0000461055   0.0000175835
        0.0000424574  -0.0000167180  -0.0000644362  -0.0000197663  -0.0000399164
       -0.0108315718  -0.0048696849  -0.0680669328   0.0162012753  -0.0162643062
        0.5268809481   0.0396784596  -0.0265998303  -0.0883407857   0.0031804722
        0.0002483367  -0.0003918044  -0.0010323165  -0.0003498374   0.0002539804
       -0.0008376484  -0.0002547860   0.0005107313  -0.0002984806   0.0000935831
        0.0001748514   0.0000837207   0.0000052964  -0.0000995239   0.0109967011
        0.0056593931   0.0007550319  -0.0258574551  -0.0161885401  -0.0047439006
        0.0123701837   0.0084106597   0.0011639187  -0.0453862929  -0.0364777898
       -0.2582660285  -0.0101828606   0.0964331480  -0.0999573107   0.0214370517
       -0.0162731052  -0.0157459490  -0.0093979528   0.0064796617   0.0057154704
       -0.0001158210  -0.0000313000   0.0000463439   0.0000182460  -0.0000408247
        0.0000320204  -0.0000268732  -0.0000205284   0.0000397532   0.0000017355
        0.0000383574   0.0000135900  -0.0000005730   0.0000020968   0.0000255956
       -0.0288496513   0.0107233591   0.0109164618  -0.1292264881   0.0516150610
        0.0396784596   0.4579115274  -0.0196222145   0.0087088530  -0.1356138932
       -0.0557022140  -0.0022044123  -0.0036592569  -0.0139555244   0.0011538033
       -0.0556248506  -0.0047808627   0.0012157474   0.0001201658   0.0039647979
        0.0008279478  -0.0006748366  -0.0002548038  -0.0001487317  -0.0056229101
       -0.0024273976   0.0000582186   0.0010379122   0.0006022451   0.0005564711
        0.0011802097   0.0007821199  -0.0001485192   0.0011009391  -0.0001473342
        0.0020365508  -0.0059007979   0.0070429744   0.0014280755  -0.0479357533
       -0.0101460172  -0.0476404351  -0.0467404194   0.0331779507  -0.0163532958
       -0.0013681029  -0.0006847151   0.0001234405  -0.0000258911  -0.0000948784
       -0.0000989627   0.0000320954   0.0000011001   0.0001173720   0.0000317395
        0.0000244678   0.0000617334  -0.0001717376  -0.0001181140  -0.0002887778
       -0.0096341844   0.0063672628   0.0049600903   0.0541313201  -0.1048103365
       -0.0265998303  -0.0196222145   0.5086156004  -0.0194968886  -0.0465485574
       -0.0918487115   0.0016998102  -0.0371819394  -0.0458690775  -0.0040651710
        0.0086566496   0.0117225697   0.0010475186   0.0029714640  -0.0016743770
       -0.0002683681   0.0000811777   0.0000084180  -0.0000590492  -0.0037862286
       -0.0004430184   0.0002346470  -0.0002297050   0.0003722256   0.0005436379
       -0.0009900504   0.0011221639   0.0000184299   0.0057766202  -0.0038987511
       -0.0047570972   0.0227358815  -0.0187871765  -0.0102819863  -0.0105338942
       -0.0480768361  -0.0442304929   0.0333078258  -0.2128816857   0.1011700485
        0.0006911647   0.0003076256  -0.0000471611   0.0001102003  -0.0002611989
       -0.0001102988   0.0000284316  -0.0000700874   0.0001501586   0.0000010236
        0.0000914879  -0.0000322173   0.0000350150   0.0000139028   0.0001242201
        0.0021060748   0.0004548509   0.0001156966   0.0404220920  -0.0259959413
       -0.0883407857   0.0087088530  -0.0194968886   0.4860382878   0.0030467111
        0.0040746439  -0.0708019168   0.0006033017  -0.0046199995   0.0169095169
        0.0019343422   0.0033725119   0.0065380276   0.0000172389  -0.0009979597
        0.0055006081   0.0010806659   0.0005244425  -0.0000768461  -0.0002705716
        0.0000893967   0.0007740676  -0.0009073437   0.0003444169   0.0010719263
        0.0001681641  -0.0003677656   0.0000860250   0.0233367336  -0.0173219324
       -0.0157208691  -0.0094293711   0.0066837254   0.0056772850  -0.0526553261
       -0.0484060680  -0.2495620729  -0.0172650098   0.1018601119  -0.0986680114
       -0.0004826637  -0.0002567442   0.0001242577  -0.0006499322   0.0000165217
        0.0000790844   0.0000609862   0.0000265575  -0.0000533317   0.0000461219
       -0.0000586321  -0.0000322172   0.0001289330   0.0000747522   0.0003412679
       -0.0021220986   0.0008007648   0.0010885858  -0.0275475127  -0.0030858568
        0.0031804722  -0.1356138932  -0.0465485574   0.0030467111   0.4760493125
        0.0510112909  -0.0118697327  -0.0791104463  -0.0690203628  -0.0021435828
       -0.1741944163   0.0650615522   0.0079782446  -0.0505873962   0.0094643233
        0.0060630273   0.0016794678   0.0016812354   0.0013820236  -0.0002701701
       -0.0006477372  -0.0001506792  -0.0001940958   0.0002557368   0.0005244904
       -0.0002852970   0.0005851636  -0.0000591229   0.0001578248  -0.0003397101
       -0.0004113800  -0.0008472108  -0.0000171048   0.0000699727  -0.0073283755
       -0.0078288001  -0.0042674000   0.0043346041  -0.0014329520  -0.0027397607
       -0.0051173199  -0.0013038418  -0.0002525291   0.0008544983   0.0017257250
       -0.0009088879  -0.0000859795  -0.0004317181  -0.0002629918  -0.0005375879
       -0.0001263486  -0.0001807141   0.0007660923   0.0001971979  -0.0000867465
        0.0024901398  -0.0028405523  -0.0016780938   0.0035220335   0.0077693632
        0.0002483367  -0.0557022140  -0.0918487115   0.0040746439   0.0510112909
        0.8714535237   0.0345299942  -0.0492978040  -0.6314629044  -0.0273588989
        0.0760087400  -0.1441301542  -0.0057803216   0.0062553560   0.0189298694
       -0.0025848136  -0.0025981762  -0.0023029943   0.0005150362   0.0016987251
        0.0003389057  -0.0002578714  -0.0003606048   0.0001675788   0.0001857144
       -0.0002436769   0.0000396514   0.0001333928   0.0013132297   0.0007803008
       -0.0014613735   0.0023550047  -0.0004105889   0.0011146475  -0.0086855125
       -0.0045351862  -0.0038731171  -0.0199201275  -0.0193745721   0.0010171012
       -0.0033193485  -0.0026316346   0.0011222746  -0.0033110346   0.0003947290
        0.0023895734  -0.0006400483   0.0002644241  -0.0015200372   0.0004852166
       -0.0002760953   0.0002861229  -0.0010611891  -0.0003249522  -0.0011023105
        0.0018952461  -0.0014026770  -0.0007650553   0.0100639065   0.0056884578
       -0.0003918044  -0.0022044123   0.0016998102  -0.0708019168  -0.0118697327
        0.0345299942   0.1959395641  -0.0014362453  -0.0264073063  -0.0661738795
        0.0085434605  -0.0074749229  -0.0538990633   0.0041002475   0.0005291234
       -0.0004124572  -0.0013129961   0.0000766781   0.0004342681   0.0007906237
        0.0002423341   0.0002200446  -0.0000727643  -0.0000599373  -0.0000481535
       -0.0001043506  -0.0000512266   0.0000138237   0.0013112405   0.0001889279
       -0.0005483921  -0.0004010045   0.0002637765   0.0005206861  -0.0255079888
       -0.0171842679  -0.0038416315   0.0131900858   0.0100498304  -0.0002068586
        0.0027433696   0.0000367654   0.0000334734   0.0009783833  -0.0003463691
        0.0011923131  -0.0003488982  -0.0006379093  -0.0003931062  -0.0003449503
        0.0004048773  -0.0003723382  -0.0000132203  -0.0001459591  -0.0004995163
        0.0002719339  -0.0000416875  -0.0000294893  -0.0000859756  -0.0021352733
       -0.0010323165  -0.0036592569  -0.0371819394   0.0006033017  -0.0791104463
       -0.0492978040  -0.0014362453   0.0957782838   0.0335485147  -0.0023715408
       -0.0091304268   0.0555193586   0.0045527358   0.0013648819   0.0040493539
        0.0002378064  -0.0003753095  -0.0000176358  -0.0006547502  -0.0000156549
        0.0001428954   0.0000389111   0.0000589407  -0.0000301224   0.0000148699
       -0.0000080404  -0.0000906782  -0.0000288253   0.0003841636   0.0000509551
       -0.0002202777   0.0002005327  -0.0006625633   0.0001582914  -0.0016614041
       -0.0012274123   0.0001183065  -0.0050029348  -0.0040016868   0.0000427094
        0.0009491831   0.0008038638  -0.0006267028   0.0000978172   0.0004674325
       -0.0003044589  -0.0002407454   0.0000169037   0.0004882015   0.0001198442
        0.0001294247   0.0001811956   0.0000646138  -0.0000418994   0.0002682774
        0.0001275394   0.0013695231   0.0004227539   0.0053948731  -0.0000218381
       -0.0003498374  -0.0139555244  -0.0458690775  -0.0046199995  -0.0690203628
       -0.6314629044  -0.0264073063   0.0335485147   0.7749099940   0.0391186552
        0.0532848798  -0.0985611906  -0.0106617940  -0.0035824995   0.0006941026
        0.0026705300   0.0007754779   0.0017232959  -0.0003534732  -0.0004755081
        0.0001857942   0.0001703120   0.0002786423  -0.0002079251  -0.0001361788
        0.0002705731  -0.0001044343  -0.0001696863  -0.0003148970  -0.0001692279
        0.0011623051  -0.0009946486   0.0008063925  -0.0008248312  -0.0010319145
       -0.0019861329   0.0007097479  -0.0054694421  -0.0034571835  -0.0000778630
       -0.0003632888   0.0013098939  -0.0001582751   0.0009000768   0.0007594791
       -0.0014191826   0.0004481156  -0.0000576835   0.0009489224  -0.0002611555
        0.0000560132  -0.0004108753   0.0004405486   0.0000831092   0.0003860763
       -0.0002022679   0.0002941115   0.0002140655  -0.0002520981   0.0003642906
        0.0002539804   0.0011538033  -0.0040651710   0.0169095169  -0.0021435828
       -0.0273588989  -0.0661738795  -0.0023715408   0.0391186552   0.0283714759
        0.0049587563  -0.0087005542   0.0242149641  -0.0000359881  -0.0004984070
       -0.0036493977  -0.0010032615  -0.0006228997  -0.0001783876  -0.0001261800
        0.0000131430  -0.0000358075   0.0000641499   0.0000193872   0.0000172375
        0.0000563913  -0.0000073453  -0.0000132499  -0.0005286951  -0.0004132177
        0.0004543768   0.0002016113   0.0000713897  -0.0005890114   0.0022891299
        0.0023844169   0.0001033386  -0.0015783728  -0.0009280103   0.0006455275
       -0.0001602150   0.0000949610   0.0000702537  -0.0002816776  -0.0000524409
       -0.0009669037   0.0000669258   0.0003028185   0.0002932457   0.0000709186
       -0.0000110061   0.0001655767  -0.0001778067  -0.0000052223  -0.0001069220
       -0.0020049750   0.0013771350   0.0012490039  -0.0051855685  -0.0062368932
       -0.0008376484  -0.0556248506   0.0086566496   0.0019343422  -0.1741944163
        0.0760087400   0.0085434605  -0.0091304268   0.0532848798   0.0049587563
        0.4514758327  -0.0389849747  -0.0165204946  -0.1291914808  -0.0562067272
        0.0040357036  -0.0289829457  -0.0153238271  -0.0107674447  -0.0007794619
       -0.0000924332   0.0000998619   0.0002162515  -0.0000078552  -0.0002114404
        0.0002041574  -0.0001704580   0.0000497963   0.0003063162   0.0001800135
        0.0003129306   0.0011023445   0.0000640617  -0.0002162147  -0.0017453052
        0.0003976242  -0.0004851772  -0.0002945673   0.0008999950   0.0013872792
       -0.0325717534  -0.0086840667   0.0052905179  -0.0141268607  -0.0153434155
        0.0048909961   0.0013938020   0.0005521827   0.0006385776   0.0013455823
        0.0009128184   0.0013724262  -0.0022116745  -0.0012834491  -0.0057252324
       -0.0002560495   0.0003568479   0.0000972865  -0.0022249605   0.0004508670
       -0.0002547860  -0.0047808627   0.0117225697   0.0033725119   0.0650615522
       -0.1441301542  -0.0074749229   0.0555193586  -0.0985611906  -0.0087005542
       -0.0389849747   0.3534460244   0.0140505768  -0.0449544736  -0.1090508880
        0.0030978060  -0.0131050157  -0.0019011773  -0.0048291488  -0.0002080867
       -0.0001057031   0.0000358518   0.0000017692  -0.0000310200   0.0001004083
        0.0000015837   0.0001110472  -0.0000848907  -0.0000982935  -0.0003972884
       -0.0000808117  -0.0007306087  -0.0001451349  -0.0001775587   0.0004349867
       -0.0005259688  -0.0000837080  -0.0000615984   0.0003661093  -0.0012313856
        0.0163305115   0.0085243499  -0.0010069878  -0.0324116601  -0.0202859001
        0.0039853187   0.0002373669  -0.0002632608   0.0011061746   0.0007058467
        0.0003246364   0.0003211461  -0.0004763914   0.0000952342  -0.0022423262
        0.0000182985   0.0000716850   0.0000396090   0.0006372207  -0.0002858915
        0.0005107313   0.0012157474   0.0010475186   0.0065380276   0.0079782446
       -0.0057803216  -0.0538990633   0.0045527358  -0.0106617940   0.0242149641
       -0.0165204946   0.0140505768   0.0753587081   0.0061389684   0.0026042701
       -0.0526787886  -0.0299303150  -0.0124416076   0.0008708694  -0.0000290464
       -0.0000281300  -0.0000301181   0.0000177509  -0.0000013461   0.0000270384
       -0.0000359721  -0.0000251784  -0.0000296449  -0.0002449720   0.0000827260
        0.0000836268  -0.0000233200  -0.0000636701  -0.0000175111   0.0014871423
       -0.0001704456   0.0004027428  -0.0010397864  -0.0004714523  -0.0001110567
        0.0124301519   0.0054457316   0.0003411483   0.0160061312   0.0081018822
        0.0000753468   0.0002676726   0.0006376616   0.0018190378   0.0007765791
       -0.0003264656   0.0021486297  -0.0037027368  -0.0017857489  -0.0056642973
       -0.0002038874   0.0002392057   0.0001538976  -0.0009922816  -0.0004600550
       -0.0002984806   0.0001201658   0.0029714640   0.0000172389  -0.0505873962
        0.0062553560   0.0041002475   0.0013648819  -0.0035824995  -0.0000359881
       -0.1291914808  -0.0449544736   0.0061389684   0.4090243163  -0.0687008521
       -0.0196646614  -0.0698456850  -0.0008895997  -0.0355493664  -0.0001662350
       -0.0001403735  -0.0000216046  -0.0000532021   0.0000450237   0.0000925965
       -0.0000785449   0.0000726455   0.0000011841  -0.0001028705  -0.0000748539
       -0.0002012627  -0.0001265442  -0.0001833072   0.0001366801  -0.0007471736
       -0.0002008415   0.0002188236  -0.0001739767   0.0003504850  -0.0001541245
       -0.1096808450   0.0947491172   0.0630675946  -0.0408913408   0.0169786970
       -0.0074051118   0.0055658985   0.0023624114   0.0156690694  -0.0008667218
        0.0009005510  -0.0025903343  -0.0123670770  -0.0057381004  -0.0236753663
        0.0002324351  -0.0001985637  -0.0001408003   0.0006543005   0.0006429179
        0.0000935831   0.0039647979  -0.0016743770  -0.0009979597   0.0094643233
        0.0189298694   0.0005291234   0.0040493539   0.0006941026  -0.0004984070
       -0.0562067272  -0.1090508880   0.0026042701  -0.0687008521   0.5221634151
       -0.0011645244  -0.0004771182  -0.0695188315  -0.0174310498   0.0000699278
        0.0000091123  -0.0000180688  -0.0000408962   0.0000291311   0.0000411589
       -0.0000512390   0.0000362839   0.0000108065  -0.0000702446   0.0000390249
       -0.0000619953  -0.0000769899  -0.0000219999   0.0000938181  -0.0002173520
        0.0000747787   0.0002212876  -0.0002961865   0.0002047541  -0.0000984458
        0.0898397728  -0.1522694025  -0.0741957232   0.0204532075  -0.2066738626
        0.0965783681  -0.0060948292  -0.0047355748  -0.0216439668   0.0082888374
        0.0035039493   0.0252100716  -0.0047845214  -0.0021838393  -0.0091315464
       -0.0000743939   0.0000722490   0.0000105530  -0.0000351938  -0.0005455241
        0.0001748514   0.0008279478  -0.0002683681   0.0055006081   0.0060630273
       -0.0025848136  -0.0004124572   0.0002378064   0.0026705300  -0.0036493977
        0.0040357036   0.0030978060  -0.0526787886  -0.0196646614  -0.0011645244
        0.4701356881  -0.0332738390  -0.0181229400  -0.1853140548  -0.0000592367
       -0.0000229431  -0.0000253058  -0.0000356626  -0.0000122687  -0.0000371510
        0.0000172354   0.0000163089   0.0000171008   0.0000636161   0.0000083643
       -0.0000721445   0.0000203299   0.0000199042   0.0000035971   0.0009025289
        0.0005739368  -0.0000021584  -0.0001124964  -0.0003842888   0.0001068719
        0.0626614715  -0.0748563384  -0.0933987044  -0.0086558841   0.0983099624
       -0.0992044069  -0.0041358406  -0.0069155973  -0.0197236344  -0.0078296299
        0.0005357198  -0.0214943446  -0.0009528288  -0.0004271748   0.0000632778
       -0.0000229277   0.0001104309   0.0000752881  -0.0000239333  -0.0001818200
        0.0000837207  -0.0006748366   0.0000811777   0.0010806659   0.0016794678
       -0.0025981762  -0.0013129961  -0.0003753095   0.0007754779  -0.0010032615
       -0.0289829457  -0.0131050157  -0.0299303150  -0.0698456850  -0.0004771182
       -0.0332738390   0.5238676575  -0.0002624899  -0.0240259351  -0.0000966362
       -0.0000042301   0.0000035244  -0.0000205313  -0.0000223306  -0.0000354382
        0.0000052222  -0.0000075285  -0.0000103298  -0.0000151404  -0.0000399180
       -0.0000480065  -0.0000156446   0.0000070129  -0.0000249104   0.0001232778
        0.0000760821   0.0000748873   0.0000139935   0.0001055389  -0.0000420675
        0.0050143232   0.0024228028   0.0134154221  -0.0002620532   0.0007060462
       -0.0049074870  -0.1289587123   0.0959017627   0.0638969952  -0.0439466252
       -0.0000383449   0.0009938462  -0.2574629611  -0.0834493600   0.0149902364
       -0.0000491098  -0.0000232700   0.0000139652  -0.0000523596  -0.0001555703
        0.0000052964  -0.0002548038   0.0000084180   0.0005244425   0.0016812354
       -0.0023029943   0.0000766781  -0.0000176358   0.0017232959  -0.0006228997
       -0.0153238271  -0.0019011773  -0.0124416076  -0.0008895997  -0.0695188315
       -0.0181229400  -0.0002624899   0.5256024805  -0.0142278178  -0.0000216347
        0.0000057295   0.0000017714   0.0000006439   0.0000066621  -0.0000061329
        0.0000100194   0.0000264382  -0.0000100415   0.0000383830   0.0000269543
       -0.0000202755   0.0000056417   0.0000360628   0.0000164923   0.0000845091
        0.0000669898   0.0000396151  -0.0000040097   0.0000724745  -0.0000393100
       -0.0046163123  -0.0040041700  -0.0205017610   0.0074469617   0.0028146154
        0.0233824468   0.0957479780  -0.1538767985  -0.0711345614  -0.0000743665
       -0.2235272780   0.1070245502  -0.0834492234  -0.0750800310   0.0060420895
       -0.0000330629   0.0000118883  -0.0000251412  -0.0000218324  -0.0000284813
       -0.0000995239  -0.0001487317  -0.0000590492  -0.0000768461   0.0013820236
        0.0005150362   0.0004342681  -0.0006547502  -0.0003534732  -0.0001783876
       -0.0107674447  -0.0048291488   0.0008708694  -0.0355493664  -0.0174310498
       -0.1853140548  -0.0240259351  -0.0142278178   0.4634471017  -0.0000302583
       -0.0000002310   0.0000127793   0.0000212492   0.0000125736   0.0000309550
       -0.0000054091  -0.0000096419   0.0000073637  -0.0000074405   0.0000381577
        0.0000723217  -0.0000031985  -0.0000115810   0.0000188777   0.0000628548
        0.0000473513   0.0000804672  -0.0000208907   0.0000200552  -0.0000357867
       -0.0039233387  -0.0054745480  -0.0181618596  -0.0070552524  -0.0000142648
       -0.0204035162   0.0653478357  -0.0721383188  -0.0912954958   0.0016140280
        0.1084176580  -0.1073432084   0.0138189202   0.0055148855  -0.0420411833
       -0.1747462511   0.0958811011   0.0748679702  -0.0241475250   0.0116808422
        0.0109967011  -0.0056229101  -0.0037862286  -0.0002705716  -0.0002701701
        0.0016987251   0.0007906237  -0.0000156549  -0.0004755081  -0.0001261800
       -0.0007794619  -0.0002080867  -0.0000290464  -0.0001662350   0.0000699278
       -0.0000592367  -0.0000966362  -0.0000216347  -0.0000302583   0.2047806371
       -0.1093285689  -0.0872513923   0.0038867431  -0.0015999060  -0.0007273425
       -0.0039611901   0.0056304438   0.0018447036   0.0002501510   0.0005335493
       -0.0000185155   0.0005159925   0.0003373562   0.0002656274   0.0001589536
       -0.0001841918  -0.0003164811   0.0002040927  -0.0002210482   0.0000251610
       -0.0000290973  -0.0000088420   0.0000052783   0.0000244815  -0.0000054085
        0.0000075656   0.0000103662   0.0000122298   0.0000141689   0.0000165594
        0.0000016909   0.0000119854  -0.0000128455  -0.0000064426  -0.0000007608
        0.0965939251  -0.1113527586  -0.0535091968  -0.0113390200   0.0069643621
        0.0056593931  -0.0024273976  -0.0004430184   0.0000893967  -0.0006477372
        0.0003389057   0.0002423341   0.0001428954   0.0001857942   0.0000131430
       -0.0000924332  -0.0001057031  -0.0000281300  -0.0001403735   0.0000091123
       -0.0000229431  -0.0000042301   0.0000057295  -0.0000002310  -0.1093285689
        0.1271724661   0.0625001129   0.0048041819  -0.0035557344  -0.0042853571
        0.0229695252  -0.0200257754  -0.0111560810   0.0001222547   0.0003064873
        0.0003305056  -0.0003196282   0.0005344267   0.0001129952  -0.0000615568
       -0.0001108122   0.0001352306  -0.0002670604   0.0000533403  -0.0000835955
       -0.0000055057   0.0000030086  -0.0000025435   0.0000061246   0.0000187965
       -0.0000036204  -0.0000029137   0.0000031423   0.0000058676  -0.0000044963
       -0.0000075512   0.0000012596   0.0000020148   0.0000057818   0.0000014601
        0.0752009215  -0.0533040508  -0.0868861923  -0.0004113859   0.0007628751
        0.0007550319   0.0000582186   0.0002346470   0.0007740676  -0.0001506792
       -0.0002578714   0.0002200446   0.0000389111   0.0001703120  -0.0000358075
        0.0000998619   0.0000358518  -0.0000301181  -0.0000216046  -0.0000180688
       -0.0000253058   0.0000035244   0.0000017714   0.0000127793  -0.0872513923
        0.0625001129   0.0970199740   0.0236588997  -0.0192541374  -0.0181879829
       -0.0107898887   0.0088380512   0.0060915059  -0.0005258989   0.0001528787
        0.0003509814   0.0002366992   0.0000632684  -0.0001665977  -0.0001221779
        0.0000170091   0.0001639221  -0.0000250017   0.0000498017  -0.0000619667
        0.0000097745  -0.0000007403   0.0000007712   0.0000041265   0.0000053696
       -0.0000060074  -0.0000065970   0.0000007365   0.0000033288  -0.0000094135
       -0.0000004062   0.0000034913   0.0000031021   0.0000025895   0.0000040802
       -0.0534291801  -0.0072162926  -0.0487187728  -0.0095274425  -0.0064702130
       -0.0258574551   0.0010379122  -0.0002297050  -0.0009073437  -0.0001940958
       -0.0003606048  -0.0000727643   0.0000589407   0.0002786423   0.0000641499
        0.0002162515   0.0000017692   0.0000177509  -0.0000532021  -0.0000408962
       -0.0000356626  -0.0000205313   0.0000006439   0.0000212492   0.0038867431
        0.0048041819   0.0236588997   0.0631239533   0.0115005923   0.0579085153
       -0.0001999867   0.0005028656  -0.0050684115  -0.0050747908  -0.0034542041
       -0.0013583513   0.0007328613   0.0005637948  -0.0001318146  -0.0005288757
        0.0000766749   0.0005713549  -0.0000639136   0.0000269359  -0.0000617919
        0.0000142594   0.0000132584  -0.0000106632   0.0000068888   0.0000014841
       -0.0000161641   0.0000068932   0.0000089590  -0.0000076942   0.0000013986
       -0.0000118657  -0.0000022881   0.0000059166   0.0000039792   0.0000072575
       -0.0070279317  -0.0505461777  -0.0368100741  -0.0060459669  -0.0037894406
       -0.0161885401   0.0006022451   0.0003722256   0.0003444169   0.0002557368
        0.0001675788  -0.0000599373  -0.0000301224  -0.0002079251   0.0000193872
       -0.0000078552  -0.0000310200  -0.0000013461   0.0000450237   0.0000291311
       -0.0000122687  -0.0000223306   0.0000066621   0.0000125736  -0.0015999060
       -0.0035557344  -0.0192541374   0.0115005923   0.0563599775   0.0444465453
        0.0059093469   0.0024190343   0.0289970005  -0.0036982964  -0.0014736596
       -0.0009298755   0.0001031151   0.0001438307  -0.0007454029  -0.0000150587
        0.0002522436   0.0000371767   0.0000134446  -0.0001492346   0.0001555458
        0.0000078118   0.0000058015   0.0000023395  -0.0000023934  -0.0000126567
       -0.0000053313   0.0000120893   0.0000037051  -0.0000105706   0.0000059448
        0.0000017403   0.0000035285  -0.0000054891   0.0000039181  -0.0000010299
       -0.0490545373  -0.0370976923  -0.2674808683  -0.0042339712  -0.0030163456
       -0.0047439006   0.0005564711   0.0005436379   0.0010719263   0.0005244904
        0.0001857144  -0.0000481535   0.0000148699  -0.0001361788   0.0000172375
       -0.0002114404   0.0001004083   0.0000270384   0.0000925965   0.0000411589
       -0.0000371510  -0.0000354382  -0.0000061329   0.0000309550  -0.0007273425
       -0.0042853571  -0.0181879829   0.0579085153   0.0444465453   0.3085174072
       -0.0037520094   0.0002749650  -0.0204238766  -0.0011537915  -0.0010930996
        0.0007444076   0.0004120455   0.0000194654   0.0005300083  -0.0003274119
        0.0000113832   0.0002857564  -0.0000598380   0.0000118067  -0.0002953542
        0.0000056967   0.0000140731   0.0000063000   0.0000199608  -0.0000109271
        0.0000046640   0.0000156856   0.0000019877  -0.0000132347   0.0000134834
        0.0000008892  -0.0000108619  -0.0000080347  -0.0000063017   0.0000056830
       -0.0445950301   0.0207094909  -0.0108942723  -0.0006007348  -0.0243235182
        0.0123701837   0.0011802097  -0.0009900504   0.0001681641  -0.0002852970
       -0.0002436769  -0.0001043506  -0.0000080404   0.0002705731   0.0000563913
        0.0002041574   0.0000015837  -0.0000359721  -0.0000785449  -0.0000512390
        0.0000172354   0.0000052222   0.0000100194  -0.0000054091  -0.0039611901
        0.0229695252  -0.0107898887  -0.0001999867   0.0059093469  -0.0037520094
        0.0526549930  -0.0207968046   0.0125738418   0.0007205498   0.0001266864
        0.0004489312  -0.0045048591  -0.0038573897   0.0000620253  -0.0000775461
        0.0000231150   0.0000191693  -0.0004685227   0.0002311213  -0.0001345463
        0.0000142067   0.0000043697  -0.0000039103   0.0000116594   0.0000152962
       -0.0000093318  -0.0000051664  -0.0000090746   0.0000074287  -0.0000208310
       -0.0000051878   0.0000014930   0.0000147509   0.0000058136   0.0000048271
        0.0204915296  -0.2272330263   0.0998143953  -0.0031321078  -0.0185558936
        0.0084106597   0.0007821199   0.0011221639  -0.0003677656   0.0005851636
        0.0000396514  -0.0000512266  -0.0000906782  -0.0001044343  -0.0000073453
       -0.0001704580   0.0001110472  -0.0000251784   0.0000726455   0.0000362839
        0.0000163089  -0.0000075285   0.0000264382  -0.0000096419   0.0056304438
       -0.0200257754   0.0088380512   0.0005028656   0.0024190343   0.0002749650
       -0.0207968046   0.2640905199  -0.1166194126   0.0004868486   0.0001047754
        0.0000245887  -0.0039148950  -0.0021245029  -0.0004260314  -0.0000461985
       -0.0001622083   0.0000895547  -0.0004230315   0.0002578734   0.0000290279
        0.0000070584   0.0000180928   0.0000012505   0.0000118764  -0.0000042658
        0.0000080651   0.0000085631  -0.0000267224   0.0000034837  -0.0000028696
        0.0000131087  -0.0000061465   0.0000054570  -0.0000021602   0.0000023976
       -0.0105966209   0.0999473222  -0.0994757879   0.0014118464  -0.0002630128
        0.0011639187  -0.0001485192   0.0000184299   0.0000860250  -0.0000591229
        0.0001333928   0.0000138237  -0.0000288253  -0.0001696863  -0.0000132499
        0.0000497963  -0.0000848907  -0.0000296449   0.0000011841   0.0000108065
        0.0000171008  -0.0000103298  -0.0000100415   0.0000073637   0.0018447036
       -0.0111560810   0.0060915059  -0.0050684115   0.0289970005  -0.0204238766
        0.0125738418  -0.1166194126   0.1112095528  -0.0001043670  -0.0007162333
        0.0004930142  -0.0001650921  -0.0002034472   0.0010105360  -0.0000560507
        0.0001964401  -0.0003548049   0.0003785186  -0.0000662125   0.0002010974
       -0.0000004240  -0.0000014401  -0.0000057463  -0.0000089203   0.0000014891
       -0.0000012671  -0.0000029284  -0.0000039693   0.0000044522  -0.0000047905
       -0.0000074898   0.0000063561  -0.0000054880  -0.0000029637  -0.0000003688
       -0.0095806809  -0.0070832390  -0.0255823825  -0.0502726177  -0.0073743411
       -0.0453862929   0.0011009391   0.0057766202   0.0233367336   0.0001578248
        0.0013132297   0.0013112405   0.0003841636  -0.0003148970  -0.0005286951
        0.0003063162  -0.0000982935  -0.0002449720  -0.0001028705  -0.0000702446
        0.0000636161  -0.0000151404   0.0000383830  -0.0000074405   0.0002501510
        0.0001222547  -0.0005258989  -0.0050747908  -0.0036982964  -0.0011537915
        0.0007205498   0.0004868486  -0.0001043670   0.0643292409   0.0086711483
        0.0506397752   0.0004005581   0.0001829000  -0.0045330073  -0.0033200955
        0.0024516809   0.0026859151   0.0007022619  -0.0003704854   0.0000868263
        0.0000486511  -0.0000043047  -0.0000215039   0.0000017095   0.0000117703
        0.0000037760  -0.0000468118  -0.0000558174  -0.0000176062  -0.0000258511
        0.0000189704  -0.0000048469   0.0000364930  -0.0000038869  -0.0000170781
       -0.0061868687  -0.0033669833  -0.0157976699  -0.0075803451  -0.0524794008
       -0.0364777898  -0.0001473342  -0.0038987511  -0.0173219324  -0.0003397101
        0.0007803008   0.0001889279   0.0000509551  -0.0001692279  -0.0004132177
        0.0001800135  -0.0003972884   0.0000827260  -0.0000748539   0.0000390249
        0.0000083643  -0.0000399180   0.0000269543   0.0000381577   0.0005335493
        0.0003064873   0.0001528787  -0.0034542041  -0.0014736596  -0.0010930996
        0.0001266864   0.0001047754  -0.0007162333   0.0086711483   0.0593400442
        0.0463001416   0.0059587801   0.0023922607   0.0281773244   0.0026668781
       -0.0013403625  -0.0024176317  -0.0003547004   0.0001794373  -0.0006838890
       -0.0000137585  -0.0000076418  -0.0000196495  -0.0000119694  -0.0000075558
        0.0000067163  -0.0000046795   0.0000178942  -0.0000094499   0.0000265332
       -0.0000304492  -0.0000021782  -0.0000062021  -0.0000158585  -0.0000024961
       -0.0035189392  -0.0021004807  -0.0046301169  -0.0450385589  -0.0376488072
       -0.2582660285   0.0020365508  -0.0047570972  -0.0157208691  -0.0004113800
       -0.0014613735  -0.0005483921  -0.0002202777   0.0011623051   0.0004543768
        0.0003129306  -0.0000808117   0.0000836268  -0.0002012627  -0.0000619953
       -0.0000721445  -0.0000480065  -0.0000202755   0.0000723217  -0.0000185155
        0.0003305056   0.0003509814  -0.0013583513  -0.0009298755   0.0007444076
        0.0004489312   0.0000245887   0.0004930142   0.0506397752   0.0463001416
        0.2987798429  -0.0047957357   0.0009245618  -0.0213314180   0.0026781435
       -0.0019823339  -0.0009957914  -0.0004833807   0.0002628970   0.0006452591
       -0.0000318805   0.0000205788  -0.0000207429  -0.0000068249  -0.0000020238
       -0.0000546776   0.0000429025   0.0000407264   0.0000227126   0.0000017236
       -0.0000194222   0.0000050349  -0.0000278435  -0.0000018085  -0.0000113969
       -0.0012655382  -0.0243902525   0.0118539499  -0.0423482046   0.0180696554
       -0.0101828606  -0.0059007979   0.0227358815  -0.0094293711  -0.0008472108
        0.0023550047  -0.0004010045   0.0002005327  -0.0009946486   0.0002016113
        0.0011023445  -0.0007306087  -0.0000233200  -0.0001265442  -0.0000769899
        0.0000203299  -0.0000156446   0.0000056417  -0.0000031985   0.0005159925
       -0.0003196282   0.0002366992   0.0007328613   0.0001031151   0.0004120455
       -0.0045048591  -0.0039148950  -0.0001650921   0.0004005581   0.0059587801
       -0.0047957357   0.0552273204  -0.0214785124   0.0105573269   0.0006509462
       -0.0002896102  -0.0003121376  -0.0038293803   0.0029858881   0.0020319193
        0.0000479956  -0.0000114905  -0.0000104333  -0.0000588760  -0.0000047669
        0.0000153548  -0.0000210144   0.0000147983  -0.0000382820   0.0000249635
       -0.0000201757   0.0000170293   0.0000145555   0.0000028135   0.0000151692
       -0.0027403673  -0.0173002519   0.0085442302   0.0182481127  -0.2196780486
        0.0964331480   0.0070429744  -0.0187871765   0.0066837254  -0.0000171048
       -0.0004105889   0.0002637765  -0.0006625633   0.0008063925   0.0000713897
        0.0000640617  -0.0001451349  -0.0000636701  -0.0001833072  -0.0000219999
        0.0000199042   0.0000070129   0.0000360628  -0.0000115810   0.0003373562
        0.0005344267   0.0000632684   0.0005637948   0.0001438307   0.0000194654
       -0.0038573897  -0.0021245029  -0.0002034472   0.0001829000   0.0023922607
        0.0009245618  -0.0214785124   0.2566436370  -0.1113709807  -0.0003369452
        0.0000648799   0.0002801802   0.0028921763  -0.0021779707  -0.0016615359
       -0.0000252340  -0.0000041572  -0.0000004969  -0.0000110725   0.0000378449
       -0.0000097807   0.0000086175  -0.0000033842   0.0000211850  -0.0000270703
       -0.0000116186   0.0000045353  -0.0000074396   0.0000054992  -0.0000078776
        0.0008456938  -0.0004224089   0.0013173987  -0.0108506809   0.0969855679
       -0.0999573107   0.0014280755  -0.0102819863   0.0056772850   0.0000699727
        0.0011146475   0.0005206861   0.0001582914  -0.0008248312  -0.0005890114
       -0.0002162147  -0.0001775587  -0.0000175111   0.0001366801   0.0000938181
        0.0000035971  -0.0000249104   0.0000164923   0.0000188777   0.0002656274
        0.0001129952  -0.0001665977  -0.0001318146  -0.0007454029   0.0005300083
        0.0000620253  -0.0004260314   0.0010105360  -0.0045330073   0.0281773244
       -0.0213314180   0.0105573269  -0.1113709807   0.1123249482   0.0001254030
       -0.0005956686   0.0005418151   0.0020824092  -0.0016338416   0.0001402194
        0.0000025532  -0.0000184004   0.0000028701   0.0000084693  -0.0000112904
        0.0000172823  -0.0000027946   0.0000144203  -0.0000314881   0.0000169036
       -0.0000026703  -0.0000091642  -0.0000000087  -0.0000041943  -0.0000030227
        0.0011728327   0.0004570344   0.0009370663   0.0021897113   0.0060121256
        0.0214370517  -0.0479357533  -0.0105338942  -0.0526553261  -0.0073283755
       -0.0086855125  -0.0255079888  -0.0016614041  -0.0010319145   0.0022891299
       -0.0017453052   0.0004349867   0.0014871423  -0.0007471736  -0.0002173520
        0.0009025289   0.0001232778   0.0000845091   0.0000628548   0.0001589536
       -0.0000615568  -0.0001221779  -0.0005288757  -0.0000150587  -0.0003274119
       -0.0000775461  -0.0000461985  -0.0000560507  -0.0033200955   0.0026668781
        0.0026781435   0.0006509462  -0.0003369452   0.0001254030   0.0586321835
        0.0111400062   0.0542426352   0.0005364593   0.0001219600  -0.0056222591
       -0.0001618120  -0.0000482530   0.0000067481  -0.0000575019   0.0000196702
       -0.0000369649   0.0000412041   0.0000603529   0.0000475977   0.0000417272
       -0.0000417487   0.0000316743   0.0000165473   0.0000209109   0.0000802038
       -0.0005114788   0.0003927482   0.0005962139  -0.0003115858  -0.0041261335
       -0.0162731052  -0.0101460172  -0.0480768361  -0.0484060680  -0.0078288001
       -0.0045351862  -0.0171842679  -0.0012274123  -0.0019861329   0.0023844169
        0.0003976242  -0.0005259688  -0.0001704456  -0.0002008415   0.0000747787
        0.0005739368   0.0000760821   0.0000669898   0.0000473513  -0.0001841918
       -0.0001108122   0.0000170091   0.0000766749   0.0002522436   0.0000113832
        0.0000231150  -0.0001622083   0.0001964401   0.0024516809  -0.0013403625
       -0.0019823339  -0.0002896102   0.0000648799  -0.0005956686   0.0111400062
        0.0563738884   0.0547530608   0.0065393963   0.0036746752   0.0260260337
       -0.0000279883  -0.0000336289   0.0000093238  -0.0000387403  -0.0000041835
       -0.0000383499   0.0000356689  -0.0000020971  -0.0000089593   0.0000033486
       -0.0000148296   0.0000147497   0.0000230693   0.0000181757   0.0000292792
       -0.0007758743   0.0003730483   0.0009057412   0.0013147234  -0.0061235996
       -0.0157459490  -0.0476404351  -0.0442304929  -0.2495620729  -0.0042674000
       -0.0038731171  -0.0038416315   0.0001183065   0.0007097479   0.0001033386
       -0.0004851772  -0.0000837080   0.0004027428   0.0002188236   0.0002212876
       -0.0000021584   0.0000748873   0.0000396151   0.0000804672  -0.0003164811
        0.0001352306   0.0001639221   0.0005713549   0.0000371767   0.0002857564
        0.0000191693   0.0000895547  -0.0003548049   0.0026859151  -0.0024176317
       -0.0009957914  -0.0003121376   0.0002801802   0.0005418151   0.0542426352
        0.0547530608   0.2884162679  -0.0056084286   0.0000279419  -0.0203965913
        0.0000252554   0.0000049193   0.0000028525   0.0000553305   0.0000379359
       -0.0000090310   0.0000263477   0.0000247712  -0.0000140835   0.0000356812
       -0.0000109111  -0.0000166308   0.0000175039   0.0000049903   0.0000358408
        0.0007474275   0.0007877773  -0.0003070899  -0.0057109547   0.0202882289
       -0.0093979528  -0.0467404194   0.0333078258  -0.0172650098   0.0043346041
       -0.0199201275   0.0131900858  -0.0050029348  -0.0054694421  -0.0015783728
       -0.0002945673  -0.0000615984  -0.0010397864  -0.0001739767  -0.0002961865
       -0.0001124964   0.0000139935  -0.0000040097  -0.0000208907   0.0002040927
       -0.0002670604  -0.0000250017  -0.0000639136   0.0000134446  -0.0000598380
       -0.0004685227  -0.0004230315   0.0003785186   0.0007022619  -0.0003547004
       -0.0004833807  -0.0038293803   0.0028921763   0.0020824092   0.0005364593
        0.0065393963  -0.0056084286   0.0555523898  -0.0371796340   0.0202722021
        0.0001113228   0.0000395341   0.0000102549   0.0001140766   0.0000793726
       -0.0000278916   0.0000154651  -0.0000304562   0.0000405991  -0.0000904537
        0.0000274921  -0.0000539477   0.0000430300   0.0000309989   0.0000060173
       -0.0006085167   0.0009413622  -0.0000042634   0.0055147977  -0.0161698640
        0.0064796617   0.0331779507  -0.2128816857   0.1018601119  -0.0014329520
       -0.0193745721   0.0100498304  -0.0040016868  -0.0034571835  -0.0009280103
        0.0008999950   0.0003661093  -0.0004714523   0.0003504850   0.0002047541
       -0.0003842888   0.0001055389   0.0000724745   0.0000200552  -0.0002210482
        0.0000533403   0.0000498017   0.0000269359  -0.0001492346   0.0000118067
        0.0002311213   0.0002578734  -0.0000662125  -0.0003704854   0.0001794373
        0.0002628970   0.0029858881  -0.0021779707  -0.0016338416   0.0001219600
        0.0036746752   0.0000279419  -0.0371796340   0.2483269727  -0.1152092711
        0.0001799008   0.0000665517  -0.0000195744   0.0002128326   0.0000884339
       -0.0000306811  -0.0000051850  -0.0001133433   0.0000099522  -0.0000649443
        0.0000772310  -0.0000321073   0.0000770464   0.0000146383   0.0000076441
       -0.0001533998  -0.0003787082   0.0001422688   0.0016194403  -0.0088154155
        0.0057154704  -0.0163532958   0.1011700485  -0.0986680114  -0.0027397607
        0.0010171012  -0.0002068586   0.0000427094  -0.0000778630   0.0006455275
        0.0013872792  -0.0012313856  -0.0001110567  -0.0001541245  -0.0000984458
        0.0001068719  -0.0000420675  -0.0000393100  -0.0000357867   0.0000251610
       -0.0000835955  -0.0000619667  -0.0000617919   0.0001555458  -0.0002953542
       -0.0001345463   0.0000290279   0.0002010974   0.0000868263  -0.0006838890
        0.0006452591   0.0020319193  -0.0016615359   0.0001402194  -0.0056222591
        0.0260260337  -0.0203965913   0.0202722021  -0.1152092711   0.1122483569
       -0.0000064279  -0.0000085018  -0.0000298026  -0.0001338506  -0.0000673895
       -0.0000092498  -0.0000188001  -0.0000238113  -0.0000195576  -0.0000409116
       -0.0000225988   0.0000275595  -0.0000043016   0.0000039641  -0.0000383955
       -0.0001310811   0.0000352550   0.0000453643  -0.0002773128  -0.0002181505
       -0.0001158210  -0.0013681029   0.0006911647  -0.0004826637  -0.0051173199
       -0.0033193485   0.0027433696   0.0009491831  -0.0003632888  -0.0001602150
       -0.0325717534   0.0163305115   0.0124301519  -0.1096808450   0.0898397728
        0.0626614715   0.0050143232  -0.0046163123  -0.0039233387  -0.0000290973
       -0.0000055057   0.0000097745   0.0000142594   0.0000078118   0.0000056967
        0.0000142067   0.0000070584  -0.0000004240   0.0000486511  -0.0000137585
       -0.0000318805   0.0000479956  -0.0000252340   0.0000025532  -0.0001618120
       -0.0000279883   0.0000252554   0.0001113228   0.0001799008  -0.0000064279
        0.1431916626  -0.1023028936  -0.0722502247  -0.0008925211   0.0047308577
        0.0014696609   0.0002696892  -0.0004387821  -0.0021413693   0.0002231752
       -0.0002552469   0.0001488475   0.0003453767  -0.0002358235  -0.0004297807
       -0.0000463579   0.0000350558   0.0000205571  -0.0001232212  -0.0000636994
       -0.0000313000  -0.0006847151   0.0003076256  -0.0002567442  -0.0013038418
       -0.0026316346   0.0000367654   0.0008038638   0.0013098939   0.0000949610
       -0.0086840667   0.0085243499   0.0054457316   0.0947491172  -0.1522694025
       -0.0748563384   0.0024228028  -0.0040041700  -0.0054745480  -0.0000088420
        0.0000030086  -0.0000007403   0.0000132584   0.0000058015   0.0000140731
        0.0000043697   0.0000180928  -0.0000014401  -0.0000043047  -0.0000076418
        0.0000205788  -0.0000114905  -0.0000041572  -0.0000184004  -0.0000482530
       -0.0000336289   0.0000049193   0.0000395341   0.0000665517  -0.0000085018
       -0.1023028936   0.1684024518   0.0868076728   0.0160819139  -0.0209592933
       -0.0111018557  -0.0007286779   0.0007651704  -0.0015115263  -0.0000976742
        0.0006108691   0.0008730188  -0.0000705213  -0.0000752433  -0.0000568827
        0.0000119922  -0.0000100075   0.0000090671  -0.0000152447   0.0000782735
        0.0000463439   0.0001234405  -0.0000471611   0.0001242577  -0.0002525291
        0.0011222746   0.0000334734  -0.0006267028  -0.0001582751   0.0000702537
        0.0052905179  -0.0010069878   0.0003411483   0.0630675946  -0.0741957232
       -0.0933987044   0.0134154221  -0.0205017610  -0.0181618596   0.0000052783
       -0.0000025435   0.0000007712  -0.0000106632   0.0000023395   0.0000063000
       -0.0000039103   0.0000012505  -0.0000057463  -0.0000215039  -0.0000196495
       -0.0000207429  -0.0000104333  -0.0000004969   0.0000028701   0.0000067481
        0.0000093238   0.0000028525   0.0000102549  -0.0000195744  -0.0000298026
       -0.0722502247   0.0868076728   0.1092386129  -0.0076581867   0.0097437686
        0.0067994147  -0.0020789386  -0.0014465313  -0.0061441509   0.0006385914
       -0.0003658068   0.0005534761   0.0003584973   0.0000096145   0.0005321652
        0.0000216091  -0.0000133214  -0.0000299576   0.0000521025   0.0001687962
        0.0000182460  -0.0000258911   0.0001102003  -0.0006499322   0.0008544983
       -0.0033110346   0.0009783833   0.0000978172   0.0009000768  -0.0002816776
       -0.0141268607  -0.0324116601   0.0160061312  -0.0408913408   0.0204532075
       -0.0086558841  -0.0002620532   0.0074469617  -0.0070552524   0.0000244815
        0.0000061246   0.0000041265   0.0000068888  -0.0000023934   0.0000199608
        0.0000116594   0.0000118764  -0.0000089203   0.0000017095  -0.0000119694
       -0.0000068249  -0.0000588760  -0.0000110725   0.0000084693  -0.0000575019
       -0.0000387403   0.0000553305   0.0001140766   0.0002128326  -0.0001338506
       -0.0008925211   0.0160819139  -0.0076581867   0.0549932310  -0.0091128053
        0.0093678860   0.0002025227  -0.0000808232   0.0007196287  -0.0000288481
       -0.0006274232  -0.0023658699  -0.0000367040   0.0002292533  -0.0003318060
        0.0000211557   0.0000222263  -0.0000002297   0.0001146478   0.0000290451
       -0.0000408247  -0.0000948784  -0.0002611989   0.0000165217   0.0017257250
        0.0003947290  -0.0003463691   0.0004674325   0.0007594791  -0.0000524409
       -0.0153434155  -0.0202859001   0.0081018822   0.0169786970  -0.2066738626
        0.0983099624   0.0007060462   0.0028146154  -0.0000142648  -0.0000054085
        0.0000187965   0.0000053696   0.0000014841  -0.0000126567  -0.0000109271
        0.0000152962  -0.0000042658   0.0000014891   0.0000117703  -0.0000075558
       -0.0000020238  -0.0000047669   0.0000378449  -0.0000112904   0.0000196702
       -0.0000041835   0.0000379359   0.0000793726   0.0000884339  -0.0000673895
        0.0047308577  -0.0209592933   0.0097437686  -0.0091128053   0.2421676108
       -0.1139126598  -0.0002847599   0.0006875346  -0.0006095375  -0.0002211186
        0.0009939628  -0.0009583424   0.0001949977   0.0001946383  -0.0001906298
       -0.0000173325  -0.0000266969   0.0000085095  -0.0000340667   0.0000243249
        0.0000320204  -0.0000989627  -0.0001102988   0.0000790844  -0.0009088879
        0.0023895734   0.0011923131  -0.0003044589  -0.0014191826  -0.0009669037
        0.0048909961   0.0039853187   0.0000753468  -0.0074051118   0.0965783681
       -0.0992044069  -0.0049074870   0.0233824468  -0.0204035162   0.0000075656
       -0.0000036204  -0.0000060074  -0.0000161641  -0.0000053313   0.0000046640
       -0.0000093318   0.0000080651  -0.0000012671   0.0000037760   0.0000067163
       -0.0000546776   0.0000153548  -0.0000097807   0.0000172823  -0.0000369649
       -0.0000383499  -0.0000090310  -0.0000278916  -0.0000306811  -0.0000092498
        0.0014696609  -0.0111018557   0.0067994147   0.0093678860  -0.1139126598
        0.1175884893   0.0003073803   0.0007590211   0.0006940372  -0.0024581778
       -0.0007071452  -0.0062447580   0.0001622180   0.0002317681   0.0004086561
        0.0000033201  -0.0000122563   0.0000029199  -0.0000483887   0.0000274315
       -0.0000268732   0.0000320954   0.0000284316   0.0000609862  -0.0000859795
       -0.0006400483  -0.0003488982  -0.0002407454   0.0004481156   0.0000669258
        0.0013938020   0.0002373669   0.0002676726   0.0055658985  -0.0060948292
       -0.0041358406  -0.1289587123   0.0957479780   0.0653478357   0.0000103662
       -0.0000029137  -0.0000065970   0.0000068932   0.0000120893   0.0000156856
       -0.0000051664   0.0000085631  -0.0000029284  -0.0000468118  -0.0000046795
        0.0000429025  -0.0000210144   0.0000086175  -0.0000027946   0.0000412041
        0.0000356689   0.0000263477   0.0000154651  -0.0000051850  -0.0000188001
        0.0002696892  -0.0007286779  -0.0020789386   0.0002025227  -0.0002847599
        0.0003073803   0.1451325053  -0.1110438770  -0.0741708963  -0.0005252083
        0.0019367326   0.0002169440  -0.0227417350   0.0203262319   0.0144369667
        0.0000276034   0.0000144618   0.0000104763   0.0000223997   0.0000294180
       -0.0000205284   0.0000011001  -0.0000700874   0.0000265575  -0.0004317181
        0.0002644241  -0.0006379093   0.0000169037  -0.0000576835   0.0003028185
        0.0005521827  -0.0002632608   0.0006376616   0.0023624114  -0.0047355748
       -0.0069155973   0.0959017627  -0.1538767985  -0.0721383188   0.0000122298
        0.0000031423   0.0000007365   0.0000089590   0.0000037051   0.0000019877
       -0.0000090746  -0.0000267224  -0.0000039693  -0.0000558174   0.0000178942
        0.0000407264   0.0000147983  -0.0000033842   0.0000144203   0.0000603529
       -0.0000020971   0.0000247712  -0.0000304562  -0.0001133433  -0.0000238113
       -0.0004387821   0.0007651704  -0.0014465313  -0.0000808232   0.0006875346
        0.0007590211  -0.1110438770   0.1739694531   0.0855836415   0.0186831018
       -0.0235821399  -0.0106677093  -0.0055732567   0.0069758881   0.0044515565
        0.0000456394   0.0000180418   0.0000011501   0.0000400516   0.0000461055
        0.0000397532   0.0001173720   0.0001501586  -0.0000533317  -0.0002629918
       -0.0015200372  -0.0003931062   0.0004882015   0.0009489224   0.0002932457
        0.0006385776   0.0011061746   0.0018190378   0.0156690694  -0.0216439668
       -0.0197236344   0.0638969952  -0.0711345614  -0.0912954958   0.0000141689
        0.0000058676   0.0000033288  -0.0000076942  -0.0000105706  -0.0000132347
        0.0000074287   0.0000034837   0.0000044522  -0.0000176062  -0.0000094499
        0.0000227126  -0.0000382820   0.0000211850  -0.0000314881   0.0000475977
       -0.0000089593  -0.0000140835   0.0000405991   0.0000099522  -0.0000195576
       -0.0021413693  -0.0015115263  -0.0061441509   0.0007196287  -0.0006095375
        0.0006940372  -0.0741708963   0.0855836415   0.1084889948  -0.0087175452
        0.0105068618   0.0069987585   0.0036310552  -0.0019517855  -0.0006773880
       -0.0000002349  -0.0000194466  -0.0000073522  -0.0000279794   0.0000175835
        0.0000017355   0.0000317395   0.0000010236   0.0000461219  -0.0005375879
        0.0004852166  -0.0003449503   0.0001198442  -0.0002611555   0.0000709186
        0.0013455823   0.0007058467   0.0007765791  -0.0008667218   0.0082888374
       -0.0078296299  -0.0439466252  -0.0000743665   0.0016140280   0.0000165594
       -0.0000044963  -0.0000094135   0.0000013986   0.0000059448   0.0000134834
       -0.0000208310  -0.0000028696  -0.0000047905  -0.0000258511   0.0000265332
        0.0000017236   0.0000249635  -0.0000270703   0.0000169036   0.0000417272
        0.0000033486   0.0000356812  -0.0000904537  -0.0000649443  -0.0000409116
        0.0002231752  -0.0000976742   0.0006385914  -0.0000288481  -0.0002211186
       -0.0024581778  -0.0005252083   0.0186831018  -0.0087175452   0.0465066057
       -0.0003521157   0.0006023359  -0.0022412542  -0.0270921786   0.0155946688
       -0.0000050261   0.0000049908  -0.0000146990  -0.0000169423   0.0000424574
        0.0000383574   0.0000244678   0.0000914879  -0.0000586321  -0.0001263486
       -0.0002760953   0.0004048773   0.0001294247   0.0000560132  -0.0000110061
        0.0009128184   0.0003246364  -0.0003264656   0.0009005510   0.0035039493
        0.0005357198  -0.0000383449  -0.2235272780   0.1084176580   0.0000016909
       -0.0000075512  -0.0000004062  -0.0000118657   0.0000017403   0.0000008892
       -0.0000051878   0.0000131087  -0.0000074898   0.0000189704  -0.0000304492
       -0.0000194222  -0.0000201757  -0.0000116186  -0.0000026703  -0.0000417487
       -0.0000148296  -0.0000109111   0.0000274921   0.0000772310  -0.0000225988
       -0.0002552469   0.0006108691  -0.0003658068  -0.0006274232   0.0009939628
       -0.0007071452   0.0019367326  -0.0235821399   0.0105068618  -0.0003521157
        0.2546796241  -0.1255938254  -0.0024517223  -0.0129501092   0.0072367151
        0.0000196553  -0.0000152719   0.0000088022   0.0000315849  -0.0000167180
        0.0000135900   0.0000617334  -0.0000322173  -0.0000322172  -0.0001807141
        0.0002861229  -0.0003723382   0.0001811956  -0.0004108753   0.0001655767
        0.0013724262   0.0003211461   0.0021486297  -0.0025903343   0.0252100716
       -0.0214943446   0.0009938462   0.1070245502  -0.1073432084   0.0000119854
        0.0000012596   0.0000034913  -0.0000022881   0.0000035285  -0.0000108619
        0.0000014930  -0.0000061465   0.0000063561  -0.0000048469  -0.0000021782
        0.0000050349   0.0000170293   0.0000045353  -0.0000091642   0.0000316743
        0.0000147497  -0.0000166308  -0.0000539477  -0.0000321073   0.0000275595
        0.0001488475   0.0008730188   0.0005534761  -0.0023658699  -0.0009583424
       -0.0062447580   0.0002169440  -0.0106677093   0.0069987585   0.0006023359
       -0.1255938254   0.1266711548   0.0015072500   0.0039964088  -0.0010789066
       -0.0000426850   0.0000037134   0.0000039803  -0.0000249829  -0.0000644362
       -0.0000005730  -0.0001717376   0.0000350150   0.0001289330   0.0007660923
       -0.0010611891  -0.0000132203   0.0000646138   0.0004405486  -0.0001778067
       -0.0022116745  -0.0004763914  -0.0037027368  -0.0123670770  -0.0047845214
       -0.0009528288  -0.2574629611  -0.0834492234   0.0138189202  -0.0000128455
        0.0000020148   0.0000031021   0.0000059166  -0.0000054891  -0.0000080347
        0.0000147509   0.0000054570  -0.0000054880   0.0000364930  -0.0000062021
       -0.0000278435   0.0000145555  -0.0000074396  -0.0000000087   0.0000165473
        0.0000230693   0.0000175039   0.0000430300   0.0000770464  -0.0000043016
        0.0003453767  -0.0000705213   0.0003584973  -0.0000367040   0.0001949977
        0.0001622180  -0.0227417350  -0.0055732567   0.0036310552  -0.0022412542
       -0.0024517223   0.0015072500   0.2960062808   0.0971685304  -0.0147386178
       -0.0000092155   0.0000254089   0.0000134566  -0.0000072595  -0.0000197663
        0.0000020968  -0.0001181140   0.0000139028   0.0000747522   0.0001971979
       -0.0003249522  -0.0001459591  -0.0000418994   0.0000831092  -0.0000052223
       -0.0012834491   0.0000952342  -0.0017857489  -0.0057381004  -0.0021838393
       -0.0004271748  -0.0834493600  -0.0750800310   0.0055148855  -0.0000064426
        0.0000057818   0.0000025895   0.0000039792   0.0000039181  -0.0000063017
        0.0000058136  -0.0000021602  -0.0000029637  -0.0000038869  -0.0000158585
       -0.0000018085   0.0000028135   0.0000054992  -0.0000041943   0.0000209109
        0.0000181757   0.0000049903   0.0000309989   0.0000146383   0.0000039641
       -0.0002358235  -0.0000752433   0.0000096145   0.0002292533   0.0001946383
        0.0002317681   0.0203262319   0.0069758881  -0.0019517855  -0.0270921786
       -0.0129501092   0.0039964088   0.0971685304   0.0832157657  -0.0055233676
       -0.0000276916   0.0000169448   0.0000315278  -0.0000817662  -0.0000399164
        0.0000255956  -0.0002887778   0.0001242201   0.0003412679  -0.0000867465
       -0.0011023105  -0.0004995163   0.0002682774   0.0003860763  -0.0001069220
       -0.0057252324  -0.0022423262  -0.0056642973  -0.0236753663  -0.0091315464
        0.0000632778   0.0149902364   0.0060420895  -0.0420411833  -0.0000007608
        0.0000014601   0.0000040802   0.0000072575  -0.0000010299   0.0000056830
        0.0000048271   0.0000023976  -0.0000003688  -0.0000170781  -0.0000024961
       -0.0000113969   0.0000151692  -0.0000078776  -0.0000030227   0.0000802038
        0.0000292792   0.0000358408   0.0000060173   0.0000076441  -0.0000383955
       -0.0004297807  -0.0000568827   0.0005321652  -0.0003318060  -0.0001906298
        0.0004086561   0.0144369667   0.0044515565  -0.0006773880   0.0155946688
        0.0072367151  -0.0010789066  -0.0147386178  -0.0055233676   0.0486733029
