$hessian                                                                        
        0.4908993440  -0.0278417207   0.0166273637  -0.1225004050  -0.0590745241
        0.0341577144  -0.0248598682  -0.0178229641   0.0064393056   0.0005754894
        0.0000081825   0.0000493556   0.0002398320  -0.0001758771   0.0001561767
       -0.0001742318   0.0000399677  -0.0000594217  -0.0597954407   0.0608931016
        0.0149256191  -0.0440259155   0.0024143913   0.0129668029  -0.2350483774
        0.0438652082  -0.0864810345   0.0041099083   0.0027448455  -0.0024031540
       -0.0040219086  -0.0044012760   0.0044351218  -0.0052799051  -0.0002022926
       -0.0019618275   0.0011010622  -0.0000102491   0.0011208416  -0.0008689135
       -0.0003591426  -0.0000334951  -0.0002319023  -0.0000342658   0.0000198658
       -0.0000803470   0.0000030385   0.0000181685  -0.0000384209  -0.0000464234
        0.0000225971
       -0.0278417207   0.4998163363   0.0159292307  -0.0573560606  -0.1269834784
        0.0325834303  -0.0031629320   0.0010994290  -0.0016830916  -0.0004589201
       -0.0001938190   0.0000445045  -0.0001257926  -0.0001460107  -0.0000550076
        0.0002051269   0.0001372416  -0.0000447929   0.0611089607  -0.2529796210
       -0.0551427070   0.0024142234  -0.0462381123  -0.0220828240   0.0434009130
       -0.0521874304   0.0178712289  -0.0197461533  -0.0252554294   0.0110684957
       -0.0002497059   0.0010531963   0.0009961354   0.0005309658   0.0011726717
        0.0001916187   0.0003582522   0.0002546014   0.0000849387   0.0008167620
        0.0003121609   0.0003124419   0.0000624845   0.0001222694  -0.0000860773
        0.0000459842  -0.0000112655  -0.0000122163  -0.0000023875   0.0000272601
        0.0000246920
        0.0166273637   0.0159292307   0.5142950664   0.0334877422   0.0325564514
       -0.0860727783  -0.0063726608  -0.0068685450   0.0035644908  -0.0000761374
       -0.0001420142  -0.0001053614   0.0000813048   0.0000936791  -0.0000266236
       -0.0001308982  -0.0000367973   0.0000326937   0.0150102574  -0.0546291395
       -0.0586836042   0.0128442810  -0.0221170944  -0.2794870975  -0.0862888261
        0.0180380007  -0.0825834583  -0.0021343879  -0.0022594126   0.0024735728
        0.0211379596   0.0206208874  -0.0148118732  -0.0030931032  -0.0004103633
       -0.0003000506  -0.0011187113  -0.0006802887   0.0013286290   0.0001199060
       -0.0001745727   0.0001793193  -0.0000932882   0.0001358285   0.0001051272
       -0.0000313455  -0.0000115375   0.0000216924   0.0000305438  -0.0000443127
        0.0000702556
       -0.1225004050  -0.0573560606   0.0334877422   0.4609553174  -0.0159689858
       -0.0125868926  -0.1659388477   0.0082025096  -0.0508482954  -0.0167607438
        0.0075573135  -0.0050517634  -0.0010952213   0.0023203058   0.0004780775
        0.0002677223   0.0001094734  -0.0000452532   0.0049643435   0.0022545933
       -0.0024400588  -0.0033667964  -0.0029846627   0.0044720585  -0.0230152710
       -0.0189381082   0.0092481166  -0.0666522486   0.0721905203   0.0143028277
       -0.0439605778   0.0044096308   0.0212523970  -0.0222279284  -0.0009720566
       -0.0087674187  -0.0009103288   0.0000990063  -0.0030110770   0.0004067602
       -0.0004357013   0.0000155920   0.0005036834  -0.0006527281  -0.0004232597
       -0.0006352088   0.0000943803  -0.0002929979  -0.0000342490   0.0000705700
        0.0002102051
       -0.0590745241  -0.1269834784   0.0325564514  -0.0159689858   0.5078116313
        0.0193882458   0.0116511923  -0.0654988971   0.0049519803   0.0235229452
       -0.0046712741   0.0092770784   0.0026058175  -0.0045436157  -0.0006554777
       -0.0002835230   0.0000993458  -0.0000287534  -0.0193369300  -0.0242782298
        0.0103744516  -0.0001588456   0.0009119255   0.0019747519   0.0011573467
        0.0020436800  -0.0013017366   0.0721675611  -0.2378062449  -0.0380626933
        0.0041352312  -0.0489701534  -0.0305477469  -0.0203646169   0.0002579905
       -0.0086264737  -0.0016302428   0.0009245251  -0.0006076844  -0.0000298145
        0.0004144382   0.0003832081   0.0002198456   0.0006525148   0.0005984650
        0.0013884433  -0.0002728950   0.0004386964  -0.0000009002  -0.0000912628
       -0.0001127630
        0.0341577144   0.0325834303  -0.0860727783  -0.0125868926   0.0193882458
        0.5170852260  -0.0507628522   0.0040947519  -0.0930131795   0.0028252723
        0.0014570386   0.0017566170   0.0007028324  -0.0011391268  -0.0001062837
        0.0000668419  -0.0000692492   0.0000784012  -0.0040749895  -0.0030123485
        0.0025799246   0.0214246550   0.0206001318  -0.0155628714  -0.0077301021
       -0.0067615479   0.0040859984   0.0140204045  -0.0378807184  -0.0531920577
        0.0211337113  -0.0311469040  -0.2646329375   0.0069598987   0.0001765611
        0.0038922696  -0.0280312667   0.0023155241  -0.0184243574   0.0000085905
        0.0001098600   0.0001548537   0.0013636266  -0.0005868607   0.0009583943
        0.0004172966  -0.0000884833   0.0003078661   0.0001052588  -0.0000403048
        0.0001049144
       -0.0248598682  -0.0031629320  -0.0063726608  -0.1659388477   0.0116511923
       -0.0507628522   0.4747885004   0.0255159113  -0.0192263710  -0.0844015781
        0.0435299969   0.0158126268  -0.0207030419   0.0242189035   0.0035208031
       -0.0000370769   0.0017249433  -0.0001393867   0.0005495486   0.0004161865
       -0.0001714734   0.0008329952   0.0005819238  -0.0007821753  -0.0028578266
       -0.0030557364   0.0012325202  -0.0151693325   0.0044516133  -0.0066890549
       -0.0013093331  -0.0001342482  -0.0033651339  -0.1162447864  -0.0996901242
        0.0433623252  -0.0453138241  -0.0004121639   0.0247654027   0.0063663798
       -0.0113366808  -0.0030175322  -0.0018802879   0.0042202481   0.0027479398
       -0.0049091383   0.0014340440  -0.0020204659   0.0010875178   0.0000469225
        0.0011054884
       -0.0178229641   0.0010994290  -0.0068685450   0.0082025096  -0.0654988971
        0.0040947519   0.0255159113   0.4865495417  -0.0131157564   0.0449160050
       -0.1647085207  -0.0274602891   0.0085238581  -0.0041641445   0.0010844199
       -0.0008832729   0.0003991438   0.0001184801  -0.0000664500   0.0004336273
       -0.0004022642   0.0001708937   0.0005293172  -0.0005299801  -0.0035349435
       -0.0021741451   0.0010308956   0.0256503193  -0.0056242317   0.0118435699
       -0.0026793820   0.0009326682  -0.0017690215  -0.0999830594  -0.1720157815
        0.0551666064   0.0000724549  -0.0448788328  -0.0137491471   0.0091812373
       -0.0266352660  -0.0045283724   0.0037130287  -0.0055536724  -0.0047106313
       -0.0001184708   0.0008479750  -0.0001152215  -0.0008576751   0.0004617897
       -0.0000894951
        0.0064393056  -0.0016830916   0.0035644908  -0.0508482954   0.0049519803
       -0.0930131795  -0.0192263710  -0.0131157564   0.5236058091   0.0160206920
       -0.0282137584  -0.0766387891  -0.0043911760   0.0090511629   0.0018890541
       -0.0000154550  -0.0003416214   0.0004390648  -0.0000924711  -0.0001591360
        0.0002354063   0.0014376467   0.0001325053   0.0011292003   0.0024242093
        0.0015062485  -0.0000211504   0.0028711938  -0.0006559929   0.0021962236
       -0.0281680897   0.0024232412  -0.0183850377   0.0435003172   0.0551377474
       -0.0701974589   0.0247397373  -0.0127778549  -0.2676064438  -0.0041256514
        0.0090940678   0.0029377202   0.0131188542  -0.0268725419  -0.0109149792
       -0.0028852300   0.0005314334  -0.0001677655  -0.0007992166   0.0009913668
        0.0009478349
        0.0005754894  -0.0004589201  -0.0000761374  -0.0167607438   0.0235229452
        0.0028252723  -0.0844015781   0.0449160050   0.0160206920   0.4582134923
        0.0235946493  -0.0150524578  -0.1672944479   0.0155833822  -0.0532444695
       -0.0249119606  -0.0132582821   0.0025446803  -0.0009388032   0.0007852629
       -0.0001222618  -0.0001741373   0.0001051721   0.0000637508  -0.0001109183
        0.0003321926   0.0000560782  -0.0050142409   0.0016844958  -0.0020267393
        0.0008539300   0.0000048393   0.0010741189   0.0063956957  -0.0125669783
       -0.0038634155  -0.0025882034   0.0054523633   0.0028863172  -0.1024606380
       -0.0929854193   0.0475327450  -0.0423839722   0.0002786892   0.0117623088
       -0.0156670208   0.0035628549  -0.0057534963  -0.0033319428  -0.0005532518
       -0.0046269859
        0.0000081825  -0.0001938190  -0.0001420142   0.0075573135  -0.0046712741
        0.0014570386   0.0435299969  -0.1647085207  -0.0282137584   0.0235946493
        0.4901604983  -0.0169416915   0.0097994912  -0.0602014153  -0.0001139798
       -0.0205467797  -0.0049426218  -0.0016188198  -0.0003897797   0.0003453164
       -0.0002923995   0.0000038585   0.0001133606   0.0001040810  -0.0003146636
        0.0000011929   0.0000502278   0.0004511495   0.0011298065   0.0000344209
       -0.0007555725   0.0005324898  -0.0003306084   0.0092127788  -0.0286962061
       -0.0048339111   0.0034331519  -0.0057087933  -0.0042447896  -0.0936212719
       -0.1750308766   0.0689714543  -0.0004136084  -0.0460814919  -0.0205399576
        0.0231997627  -0.0032459209   0.0098078999  -0.0047486590   0.0011982752
       -0.0031531926
        0.0000493556   0.0000445045  -0.0001053614  -0.0050517634   0.0092770784
        0.0017566170   0.0158126268  -0.0274602891  -0.0766387891  -0.0150524578
       -0.0169416915   0.5306505958  -0.0497701885   0.0018898506  -0.0889189212
        0.0103144842   0.0015504563   0.0044064621   0.0002170713   0.0001370560
        0.0002596969  -0.0001135061  -0.0000686345   0.0000932395  -0.0001380454
        0.0000716436   0.0000665849  -0.0030028803   0.0010421111  -0.0004717059
       -0.0009666453   0.0011512816   0.0010177500  -0.0035688366   0.0084522392
        0.0030047435   0.0135586618  -0.0278780942  -0.0112129301   0.0476757609
        0.0691002480  -0.0792405103   0.0133648349  -0.0204462577  -0.2723798587
        0.0036835384  -0.0008250738   0.0024418608  -0.0270120107   0.0009035716
       -0.0147294739
        0.0002398320  -0.0001257926   0.0000813048  -0.0010952213   0.0026058175
        0.0007028324  -0.0207030419   0.0085238581  -0.0043911760  -0.1672944479
        0.0097994912  -0.0497701885   0.3766930987  -0.0865741311   0.0292494517
       -0.0472924238  -0.0287628815   0.0209554015  -0.0000713018   0.0000843827
       -0.0000440653  -0.0001612165   0.0000952129  -0.0001152562   0.0000634618
        0.0000093836   0.0000922221  -0.0007833576   0.0001144495  -0.0004415522
       -0.0001047276   0.0001585434   0.0002834911   0.0006152327  -0.0014636471
        0.0000992133   0.0004062420  -0.0002971157  -0.0004871372  -0.0207433102
       -0.0036497082  -0.0054187967  -0.0039971339  -0.0013300661  -0.0037438747
       -0.0784195186   0.0958555740   0.0165217730  -0.0373521661   0.0049566292
       -0.0035736433
       -0.0001758771  -0.0001460107   0.0000936791   0.0023203058  -0.0045436157
       -0.0011391268   0.0242189035  -0.0041641445   0.0090511629   0.0155833822
       -0.0602014153   0.0018898506  -0.0865741311   0.4159527838   0.0688015866
       -0.0295417631  -0.0655529143   0.0253231330  -0.0000702733   0.0001287235
        0.0000332224  -0.0001094918   0.0000458576  -0.0000346817  -0.0000721668
        0.0001797158  -0.0000136509   0.0013811714  -0.0004053430   0.0004855280
       -0.0001368357  -0.0000050169  -0.0001097401   0.0004147933   0.0001197083
        0.0006956104   0.0002145590   0.0005481573   0.0003267528  -0.0201783604
       -0.0016110712  -0.0061484690  -0.0029759586   0.0003446309  -0.0008618915
        0.0922192288  -0.2298255873  -0.0431562952   0.0034825140  -0.0508644583
       -0.0552366704
        0.0001561767  -0.0000550076  -0.0000266236   0.0004780775  -0.0006554777
       -0.0001062837   0.0035208031   0.0010844199   0.0018890541  -0.0532444695
       -0.0001139798  -0.0889189212   0.0292494517   0.0688015866   0.4648935404
        0.0225797082   0.0265266112  -0.0453208937   0.0000304568   0.0000469704
       -0.0000483904   0.0000193681  -0.0000266716   0.0000528441   0.0001417749
       -0.0000313095   0.0000443485   0.0002818902  -0.0001516533   0.0002933463
        0.0001303216  -0.0000681600   0.0003173998   0.0000000192   0.0003812904
        0.0001317649   0.0012429771  -0.0004360026   0.0009389341   0.0084807354
        0.0006717000   0.0034791485  -0.0302081600   0.0006929346  -0.0164485537
        0.0181458854  -0.0439578552  -0.0506751939  -0.0010050165  -0.0527093959
       -0.2704955206
       -0.0001742318   0.0002051269  -0.0001308982   0.0002677223  -0.0002835230
        0.0000668419  -0.0000370769  -0.0008832729  -0.0000154550  -0.0249119606
       -0.0205467797   0.0103144842  -0.0472924238  -0.0295417631   0.0225797082
        0.0811611790   0.0620225812  -0.0395151430   0.0001762093  -0.0000745820
        0.0001011177   0.0001315307  -0.0000832225   0.0000468540   0.0001002765
        0.0000280429  -0.0000144227   0.0002442705  -0.0000165732   0.0001110097
        0.0001021759  -0.0000650670  -0.0000490336  -0.0012034961   0.0012488152
       -0.0002307885  -0.0000624926  -0.0002687299   0.0005747723  -0.0059774687
       -0.0001038776  -0.0020288474   0.0013203939   0.0002199439  -0.0002152794
        0.0014223650  -0.0043998035   0.0003944985  -0.0052669725  -0.0074573154
        0.0080105814
        0.0000399677   0.0001372416  -0.0000367973   0.0001094734   0.0000993458
       -0.0000692492   0.0017249433   0.0003991438  -0.0003416214  -0.0132582821
       -0.0049426218   0.0015504563  -0.0287628815  -0.0655529143   0.0265266112
        0.0620225812   0.0944830832  -0.0468672483   0.0001279410  -0.0000948807
        0.0000787348   0.0001055563  -0.0000834726   0.0000334816   0.0001785742
        0.0000031276  -0.0000046805   0.0001756936  -0.0000697133   0.0000818980
        0.0000804339  -0.0000510453  -0.0000186827   0.0008735172   0.0012977681
       -0.0005343717   0.0000039816  -0.0002173076   0.0003526518  -0.0016380284
        0.0006041285  -0.0009812685   0.0006399001   0.0002333884  -0.0007720798
       -0.0177458293  -0.0233476791   0.0145233811  -0.0046775421  -0.0028975924
        0.0064787848
       -0.0000594217  -0.0000447929   0.0000326937  -0.0000452532  -0.0000287534
        0.0000784012  -0.0001393867   0.0001184801   0.0004390648   0.0025446803
       -0.0016188198   0.0044064621   0.0209554015   0.0253231330  -0.0453208937
       -0.0395151430  -0.0468672483   0.0516456413  -0.0000552976   0.0000492511
       -0.0000464337  -0.0000671756   0.0000520993  -0.0000208769  -0.0001125878
        0.0000025427  -0.0000102311  -0.0001220044   0.0000408428  -0.0000568990
       -0.0000371323   0.0000090840  -0.0000150902   0.0000136600  -0.0007424145
        0.0002181844  -0.0001267686   0.0001670131  -0.0003240613  -0.0012126396
       -0.0003568878   0.0005621389  -0.0004192752  -0.0007769591   0.0011708581
        0.0014407809   0.0043536746   0.0005076962   0.0169575631   0.0203197553
       -0.0132666549
       -0.0597954407   0.0611089607   0.0150102574   0.0049643435  -0.0193369300
       -0.0040749895   0.0005495486  -0.0000664500  -0.0000924711  -0.0009388032
       -0.0003897797   0.0002170713  -0.0000713018  -0.0000702733   0.0000304568
        0.0001762093   0.0001279410  -0.0000552976   0.0702388680  -0.0700546001
       -0.0185583874  -0.0001474200   0.0021151380   0.0008175171  -0.0117815498
        0.0295646044   0.0062085360  -0.0020549334  -0.0039002484   0.0014162278
        0.0006159323   0.0001450345  -0.0005275096   0.0000185393   0.0002064682
        0.0000392085  -0.0000298012  -0.0000074522  -0.0000283968  -0.0016848167
        0.0005491366  -0.0006707710  -0.0001216737  -0.0000579710   0.0002783694
        0.0000051076   0.0000512741   0.0000105610   0.0000571918   0.0000151473
       -0.0000203823
        0.0608931016  -0.2529796210  -0.0546291395   0.0022545933  -0.0242782298
       -0.0030123485   0.0004161865   0.0004336273  -0.0001591360   0.0007852629
        0.0003453164   0.0001370560   0.0000843827   0.0001287235   0.0000469704
       -0.0000745820  -0.0000948807   0.0000492511  -0.0700546001   0.2948083733
        0.0618266338   0.0026002523  -0.0059233098  -0.0041881450   0.0061226319
       -0.0099257723  -0.0018192778  -0.0037113647  -0.0037620298   0.0021802483
        0.0005424701   0.0006467688  -0.0002250357   0.0002794156   0.0000228074
       -0.0000792907   0.0000721847  -0.0002380816  -0.0000548443  -0.0000905757
        0.0007561021  -0.0002035667  -0.0001837290   0.0000243987   0.0001700560
        0.0000416176   0.0000401082  -0.0000070562   0.0000227523  -0.0000043007
       -0.0000323752
        0.0149256191  -0.0551427070  -0.0586836042  -0.0024400588   0.0103744516
        0.0025799246  -0.0001714734  -0.0004022642   0.0002354063  -0.0001222618
       -0.0002923995   0.0002596969  -0.0000440653   0.0000332224  -0.0000483904
        0.0001011177   0.0000787348  -0.0000464337  -0.0185583874   0.0618266338
        0.0643232265   0.0102773341  -0.0321485799  -0.0121668833  -0.0049872407
        0.0121962508   0.0032911998   0.0016341350   0.0023751734   0.0000131581
       -0.0002984026   0.0007991360   0.0004357545   0.0000034072   0.0000337938
       -0.0000777622   0.0000845834  -0.0001333037  -0.0002121079  -0.0005792645
        0.0002696887   0.0003596731   0.0002206986   0.0001424059  -0.0001933297
        0.0000068204   0.0000164239   0.0000032310  -0.0000525609  -0.0000266608
       -0.0000727593
       -0.0440259155   0.0024142234   0.0128442810  -0.0033667964  -0.0001588456
        0.0214246550   0.0008329952   0.0001708937   0.0014376467  -0.0001741373
        0.0000038585  -0.0001135061  -0.0001612165  -0.0001094918   0.0000193681
        0.0001315307   0.0001055563  -0.0000671756  -0.0001474200   0.0026002523
        0.0102773341   0.0502354972   0.0001251775  -0.0166670017  -0.0008267633
       -0.0023319397  -0.0308458320   0.0003636045   0.0005048692  -0.0002754311
       -0.0026999672  -0.0033221663   0.0025781500   0.0001949727   0.0000918857
       -0.0001437611  -0.0004367143  -0.0002767452  -0.0004407110  -0.0000546252
        0.0002212573   0.0001404311   0.0001511875  -0.0000422235  -0.0001098863
        0.0000452717   0.0000070160  -0.0000123608  -0.0000615036  -0.0000035776
       -0.0000462005
        0.0024143913  -0.0462381123  -0.0221170944  -0.0029846627   0.0009119255
        0.0206001318   0.0005819238   0.0005293172   0.0001325053   0.0001051721
        0.0001133606  -0.0000686345   0.0000952129   0.0000458576  -0.0000266716
       -0.0000832225  -0.0000834726   0.0000520993   0.0021151380  -0.0059233098
       -0.0321485799   0.0001251775   0.0515539792   0.0237302632   0.0006190647
        0.0011472978   0.0070994758   0.0001251218   0.0003862601   0.0005984525
       -0.0032548159  -0.0022978364   0.0024685569   0.0002212713  -0.0000232324
        0.0000267560  -0.0001550580   0.0001576782  -0.0001922729   0.0001092668
       -0.0001210784  -0.0002356694  -0.0000686208  -0.0001590699   0.0000629335
        0.0000147463  -0.0000220717  -0.0000025316   0.0000198931   0.0000225073
        0.0000202800
        0.0129668029  -0.0220828240  -0.2794870975   0.0044720585   0.0019747519
       -0.0155628714  -0.0007821753  -0.0005299801   0.0011292003   0.0000637508
        0.0001040810   0.0000932395  -0.0001152562  -0.0000346817   0.0000528441
        0.0000468540   0.0000334816  -0.0000208769   0.0008175171  -0.0041881450
       -0.0121668833  -0.0166670017   0.0237302632   0.3247507371  -0.0026824660
       -0.0014279755  -0.0183866503  -0.0003957446  -0.0000989423   0.0002547026
        0.0021889246   0.0028097292  -0.0010216682  -0.0003411411  -0.0000364680
        0.0000607916   0.0004409443   0.0000017099   0.0004146733   0.0002135541
       -0.0002504959  -0.0001544307  -0.0002237086  -0.0000026271  -0.0000055172
       -0.0000316490  -0.0000127004  -0.0000022566   0.0000287361   0.0000108232
        0.0000520635
       -0.2350483774   0.0434009130  -0.0862888261  -0.0230152710   0.0011573467
       -0.0077301021  -0.0028578266  -0.0035349435   0.0024242093  -0.0001109183
       -0.0003146636  -0.0001380454   0.0000634618  -0.0000721668   0.0001417749
        0.0001002765   0.0001785742  -0.0001125878  -0.0117815498   0.0061226319
       -0.0049872407  -0.0008267633   0.0006190647  -0.0026824660   0.2738128430
       -0.0478200861   0.0998477810   0.0006453332   0.0002274595  -0.0004508349
        0.0000542406   0.0004262209   0.0000652518  -0.0013921539  -0.0001797191
       -0.0004421227   0.0002333883   0.0000045372   0.0002991418   0.0001241337
       -0.0001510191   0.0000138154   0.0000060569  -0.0000260258  -0.0000053996
       -0.0000374285  -0.0000018870   0.0000197559   0.0000305550  -0.0000362371
        0.0000258954
        0.0438652082  -0.0521874304   0.0180380007  -0.0189381082   0.0020436800
       -0.0067615479  -0.0030557364  -0.0021741451   0.0015062485   0.0003321926
        0.0000011929   0.0000716436   0.0000093836   0.0001797158  -0.0000313095
        0.0000280429   0.0000031276   0.0000025427   0.0295646044  -0.0099257723
        0.0121962508  -0.0023319397   0.0011472978  -0.0014279755  -0.0478200861
        0.0603222127  -0.0224949863  -0.0006808157   0.0005283497  -0.0004107647
        0.0002244325   0.0002317491  -0.0002818852  -0.0010755992  -0.0001301836
       -0.0003693566   0.0000982578  -0.0001316147   0.0000846050  -0.0002001007
        0.0001153642  -0.0001581150  -0.0000127717  -0.0000278771   0.0000332040
       -0.0000158608   0.0000143499   0.0000000916   0.0000088965  -0.0000100164
        0.0000033536
       -0.0864810345   0.0178712289  -0.0825834583   0.0092481166  -0.0013017366
        0.0040859984   0.0012325202   0.0010308956  -0.0000211504   0.0000560782
        0.0000502278   0.0000665849   0.0000922221  -0.0000136509   0.0000443485
       -0.0000144227  -0.0000046805  -0.0000102311   0.0062085360  -0.0018192778
        0.0032911998  -0.0308458320   0.0070994758  -0.0183866503   0.0998477810
       -0.0224949863   0.0927509776  -0.0001564208  -0.0003984627   0.0001677800
        0.0003705078  -0.0000518418   0.0002613083   0.0003704115   0.0000402887
        0.0003209956   0.0001308103   0.0001030783   0.0000802325  -0.0000384049
       -0.0001098524  -0.0000957292  -0.0000295665  -0.0000037693   0.0000234098
       -0.0000120529  -0.0000011355   0.0000027793   0.0000207506   0.0000041987
        0.0000016045
        0.0041099083  -0.0197461533  -0.0021343879  -0.0666522486   0.0721675611
        0.0140204045  -0.0151693325   0.0256503193   0.0028711938  -0.0050142409
        0.0004511495  -0.0030028803  -0.0007833576   0.0013811714   0.0002818902
        0.0002442705   0.0001756936  -0.0001220044  -0.0020549334  -0.0037113647
        0.0016341350   0.0003636045   0.0001251218  -0.0003957446   0.0006453332
       -0.0006808157  -0.0001564208   0.0847424228  -0.0807225691  -0.0155490712
       -0.0004941468   0.0045353230   0.0021555484   0.0000406326   0.0006676596
        0.0004305901   0.0004991594   0.0000858113   0.0002009140  -0.0000702961
       -0.0001816712   0.0000259611   0.0000797577  -0.0002334308  -0.0001934243
       -0.0004951160   0.0000341629  -0.0001367024   0.0000085830   0.0000020313
        0.0000699986
        0.0027448455  -0.0252554294  -0.0022594126   0.0721905203  -0.2378062449
       -0.0378807184   0.0044516133  -0.0056242317  -0.0006559929   0.0016844958
        0.0011298065   0.0010421111   0.0001144495  -0.0004053430  -0.0001516533
       -0.0000165732  -0.0000697133   0.0000408428  -0.0039002484  -0.0037620298
        0.0023751734   0.0005048692   0.0003862601  -0.0000989423   0.0002274595
        0.0005283497  -0.0003984627  -0.0807225691   0.2778336713   0.0426993089
        0.0034702023  -0.0078846468  -0.0047487122  -0.0003332830   0.0007691088
       -0.0003056867  -0.0001783459  -0.0000829285   0.0002286255  -0.0001777322
        0.0001629509  -0.0001001365  -0.0001903302   0.0000847837   0.0001340752
        0.0001131053   0.0000086232   0.0000754102   0.0000175213  -0.0000129868
        0.0000041703
       -0.0024031540   0.0110684957   0.0024735728   0.0143028277  -0.0380626933
       -0.0531920577  -0.0066890549   0.0118435699   0.0021962236  -0.0020267393
        0.0000344209  -0.0004717059  -0.0004415522   0.0004855280   0.0002933463
        0.0001110097   0.0000818980  -0.0000568990   0.0014162278   0.0021802483
        0.0000131581  -0.0002754311   0.0005984525   0.0002547026  -0.0004508349
       -0.0004107647   0.0001677800  -0.0155490712   0.0426993089   0.0582822329
        0.0117641477  -0.0312236233  -0.0103418272   0.0005692418   0.0000668978
        0.0002993098  -0.0001161331   0.0004506972   0.0001146066   0.0000856865
        0.0000509136  -0.0000882670  -0.0001723381   0.0000502691   0.0000694660
       -0.0001902056   0.0000545215  -0.0000738754   0.0000653730   0.0000318602
        0.0000602338
       -0.0040219086  -0.0002497059   0.0211379596  -0.0439605778   0.0041352312
        0.0211337113  -0.0013093331  -0.0026793820  -0.0281680897   0.0008539300
       -0.0007555725  -0.0009666453  -0.0001047276  -0.0001368357   0.0001303216
        0.0001021759   0.0000804339  -0.0000371323   0.0006159323   0.0005424701
       -0.0002984026  -0.0026999672  -0.0032548159   0.0021889246   0.0000542406
        0.0002244325   0.0003705078  -0.0004941468   0.0034702023   0.0117641477
        0.0556990706  -0.0022481823  -0.0240117436   0.0004795688  -0.0000273266
       -0.0002327500  -0.0049322281   0.0005632827  -0.0036147886  -0.0000296802
       -0.0000737116   0.0001177692  -0.0003805186   0.0004128243   0.0003078703
        0.0000443066   0.0000015688   0.0000779493   0.0000838632  -0.0000049133
        0.0001003906
       -0.0044012760   0.0010531963   0.0206208874   0.0044096308  -0.0489701534
       -0.0311469040  -0.0001342482   0.0009326682   0.0024232412   0.0000048393
        0.0005324898   0.0011512816   0.0001585434  -0.0000050169  -0.0000681600
       -0.0000650670  -0.0000510453   0.0000090840   0.0001450345   0.0006467688
        0.0007991360  -0.0033221663  -0.0022978364   0.0028097292   0.0004262209
        0.0002317491  -0.0000518418   0.0045353230  -0.0078846468  -0.0312236233
       -0.0022481823   0.0556527682   0.0343559962  -0.0002077677  -0.0001534723
       -0.0003585974   0.0003618599   0.0005503068   0.0006656359  -0.0000442964
       -0.0001648792   0.0001003180   0.0004085024   0.0000151412  -0.0000562212
       -0.0000100019  -0.0000187248   0.0000209128  -0.0000169483  -0.0000693132
       -0.0000508747
        0.0044351218   0.0009961354  -0.0148118732   0.0212523970  -0.0305477469
       -0.2646329375  -0.0033651339  -0.0017690215  -0.0183850377   0.0010741189
       -0.0003306084   0.0010177500   0.0002834911  -0.0001097401   0.0003173998
       -0.0000490336  -0.0000186827  -0.0000150902  -0.0005275096  -0.0002250357
        0.0004357545   0.0025781500   0.0024685569  -0.0010216682   0.0000652518
       -0.0002818852   0.0002613083   0.0021555484  -0.0047487122  -0.0103418272
       -0.0240117436   0.0343559962   0.3087060442   0.0002004169  -0.0002152151
        0.0002096428  -0.0036999388  -0.0000641117  -0.0018436732  -0.0000047506
        0.0000670258  -0.0002517129  -0.0005612993   0.0004217233   0.0003298281
        0.0000293575   0.0000191622   0.0000158223   0.0001455563  -0.0000178403
        0.0000102700
       -0.0052799051   0.0005309658  -0.0030931032  -0.0222279284  -0.0203646169
        0.0069598987  -0.1162447864  -0.0999830594   0.0435003172   0.0063956957
        0.0092127788  -0.0035688366   0.0006152327   0.0004147933   0.0000000192
       -0.0012034961   0.0008735172   0.0000136600   0.0000185393   0.0002794156
        0.0000034072   0.0001949727   0.0002212713  -0.0003411411  -0.0013921539
       -0.0010755992   0.0003704115   0.0000406326  -0.0003332830   0.0005692418
        0.0004795688  -0.0002077677   0.0002004169   0.1414592965   0.1126714339
       -0.0485602843  -0.0023679716  -0.0043488374   0.0037908221  -0.0006838754
        0.0025199911   0.0002331748   0.0002637103  -0.0002169054  -0.0002238031
       -0.0000495047  -0.0001363851   0.0001566450  -0.0000180269  -0.0000577129
       -0.0000108461
       -0.0002022926   0.0011726717  -0.0004103633  -0.0009720566   0.0002579905
        0.0001765611  -0.0996901242  -0.1720157815   0.0551377474  -0.0125669783
       -0.0286962061   0.0084522392  -0.0014636471   0.0001197083   0.0003812904
        0.0012488152   0.0012977681  -0.0007424145   0.0002064682   0.0000228074
        0.0000337938   0.0000918857  -0.0000232324  -0.0000364680  -0.0001797191
       -0.0001301836   0.0000402887   0.0006676596   0.0007691088   0.0000668978
       -0.0000273266  -0.0001534723  -0.0002152151   0.1126714339   0.2032110145
       -0.0640436394  -0.0014062249  -0.0001544202   0.0021926462   0.0025890772
       -0.0061367570  -0.0015930282  -0.0005089787   0.0005054634   0.0003346021
       -0.0003972667   0.0002099347   0.0000731472  -0.0000607250  -0.0002564142
        0.0001519147
       -0.0019618275   0.0001916187  -0.0003000506  -0.0087674187  -0.0086264737
        0.0038922696   0.0433623252   0.0551666064  -0.0701974589  -0.0038634155
       -0.0048339111   0.0030047435   0.0000992133   0.0006956104   0.0001317649
       -0.0002307885  -0.0005343717   0.0002181844   0.0000392085  -0.0000792907
       -0.0000777622  -0.0001437611   0.0000267560   0.0000607916  -0.0004421227
       -0.0003693566   0.0003209956   0.0004305901  -0.0003056867   0.0002993098
       -0.0002327500  -0.0003585974   0.0002096428  -0.0485602843  -0.0640436394
        0.0773979880   0.0200282249   0.0248232806  -0.0156213255   0.0004165430
       -0.0014331848   0.0007480124  -0.0002849836  -0.0005364815   0.0003457475
        0.0000583077  -0.0000119203  -0.0001973013   0.0000529391   0.0002290418
       -0.0002355516
        0.0011010622   0.0003582522  -0.0011187113  -0.0009103288  -0.0016302428
       -0.0280312667  -0.0453138241   0.0000724549   0.0247397373  -0.0025882034
        0.0034331519   0.0135586618   0.0004062420   0.0002145590   0.0012429771
       -0.0000624926   0.0000039816  -0.0001267686  -0.0000298012   0.0000721847
        0.0000845834  -0.0004367143  -0.0001550580   0.0004409443   0.0002333883
        0.0000982578   0.0001308103   0.0004991594  -0.0001783459  -0.0001161331
       -0.0049322281   0.0003618599  -0.0036999388  -0.0023679716  -0.0014062249
        0.0200282249   0.0551540639  -0.0035162873  -0.0267032461   0.0004806981
       -0.0005633561  -0.0004108263  -0.0008432458   0.0026916772   0.0006587810
        0.0001064136  -0.0001381578  -0.0002235716  -0.0004962176   0.0002812934
       -0.0004542576
       -0.0000102491   0.0002546014  -0.0006802887   0.0000990063   0.0009245251
        0.0023155241  -0.0004121639  -0.0448788328  -0.0127778549   0.0054523633
       -0.0057087933  -0.0278780942  -0.0002971157   0.0005481573  -0.0004360026
       -0.0002687299  -0.0002173076   0.0001670131  -0.0000074522  -0.0002380816
       -0.0001333037  -0.0002767452   0.0001576782   0.0000017099   0.0000045372
       -0.0001316147   0.0001030783   0.0000858113  -0.0000829285   0.0004506972
        0.0005632827   0.0005503068  -0.0000641117  -0.0043488374  -0.0001544202
        0.0248232806  -0.0035162873   0.0529420916   0.0171036854  -0.0001469814
        0.0006998629  -0.0008121556   0.0030045561  -0.0048648825  -0.0025726335
       -0.0001982661   0.0000366119   0.0001075632   0.0002732713   0.0001630261
        0.0002818932
        0.0011208416   0.0000849387   0.0013286290  -0.0030110770  -0.0006076844
       -0.0184243574   0.0247654027  -0.0137491471  -0.2676064438   0.0028863172
       -0.0042447896  -0.0112129301  -0.0004871372   0.0003267528   0.0009389341
        0.0005747723   0.0003526518  -0.0003240613  -0.0000283968  -0.0000548443
       -0.0002121079  -0.0004407110  -0.0001922729   0.0004146733   0.0002991418
        0.0000846050   0.0000802325   0.0002009140   0.0002286255   0.0001146066
       -0.0036147886   0.0006656359  -0.0018436732   0.0037908221   0.0021926462
       -0.0156213255  -0.0267032461   0.0171036854   0.3118690522  -0.0002883936
        0.0003089500   0.0004897252   0.0007659821  -0.0024749622  -0.0004340969
       -0.0002073812   0.0000833539   0.0001575247   0.0003769376  -0.0001081445
        0.0002856186
       -0.0008689135   0.0008167620   0.0001199060   0.0004067602  -0.0000298145
        0.0000085905   0.0063663798   0.0091812373  -0.0041256514  -0.1024606380
       -0.0936212719   0.0476757609  -0.0207433102  -0.0201783604   0.0084807354
       -0.0059774687  -0.0016380284  -0.0012126396  -0.0016848167  -0.0000905757
       -0.0005792645  -0.0000546252   0.0001092668   0.0002135541   0.0001241337
       -0.0002001007  -0.0000384049  -0.0000702961  -0.0001777322   0.0000856865
       -0.0000296802  -0.0000442964  -0.0000047506  -0.0006838754   0.0025890772
        0.0004165430   0.0004806981  -0.0001469814  -0.0002883936   0.1256963656
        0.1066215905  -0.0542073307  -0.0006054690  -0.0025884504   0.0028447478
       -0.0001232526  -0.0003689174   0.0005217285   0.0002280081  -0.0002334043
        0.0000891825
       -0.0003591426   0.0003121609  -0.0001745727  -0.0004357013   0.0004144382
        0.0001098600  -0.0113366808  -0.0266352660   0.0090940678  -0.0929854193
       -0.1750308766   0.0691002480  -0.0036497082  -0.0016110712   0.0006717000
       -0.0001038776   0.0006041285  -0.0003568878   0.0005491366   0.0007561021
        0.0002696887   0.0002212573  -0.0001210784  -0.0002504959  -0.0001510191
        0.0001153642  -0.0001098524  -0.0001816712   0.0001629509   0.0000509136
       -0.0000737116  -0.0001648792   0.0000670258   0.0025199911  -0.0061367570
       -0.0014331848  -0.0005633561   0.0006998629   0.0003089500   0.1066215905
        0.2053470477  -0.0788310703  -0.0005919003   0.0007274558   0.0016737816
        0.0004665792   0.0005979417   0.0000175361   0.0000536334  -0.0000375247
       -0.0002077076
       -0.0000334951   0.0003124419   0.0001793193   0.0000155920   0.0003832081
        0.0001548537  -0.0030175322  -0.0045283724   0.0029377202   0.0475327450
        0.0689714543  -0.0792405103  -0.0054187967  -0.0061484690   0.0034791485
       -0.0020288474  -0.0009812685   0.0005621389  -0.0006707710  -0.0002035667
        0.0003596731   0.0001404311  -0.0002356694  -0.0001544307   0.0000138154
       -0.0001581150  -0.0000957292   0.0000259611  -0.0001001365  -0.0000882670
        0.0001177692   0.0001003180  -0.0002517129   0.0002331748  -0.0015930282
        0.0007480124  -0.0004108263  -0.0008121556   0.0004897252  -0.0542073307
       -0.0788310703   0.0877049641   0.0177766024   0.0243432586  -0.0171294985
        0.0001687700  -0.0002932917   0.0003001286  -0.0002372616  -0.0002255377
        0.0000444647
       -0.0002319023   0.0000624845  -0.0000932882   0.0005036834   0.0002198456
        0.0013636266  -0.0018802879   0.0037130287   0.0131188542  -0.0423839722
       -0.0004136084   0.0133648349  -0.0039971339  -0.0029759586  -0.0302081600
        0.0013203939   0.0006399001  -0.0004192752  -0.0001216737  -0.0001837290
        0.0002206986   0.0001511875  -0.0000686208  -0.0002237086   0.0000060569
       -0.0000127717  -0.0000295665   0.0000797577  -0.0001903302  -0.0001723381
       -0.0003805186   0.0004085024  -0.0005612993   0.0002637103  -0.0005089787
       -0.0002849836  -0.0008432458   0.0030045561   0.0007659821  -0.0006054690
       -0.0005919003   0.0177766024   0.0526586421  -0.0030651859  -0.0112024521
        0.0005422645  -0.0003540972  -0.0002233506  -0.0050814928   0.0003168633
       -0.0031921767
       -0.0000342658   0.0001222694   0.0001358285  -0.0006527281   0.0006525148
       -0.0005868607   0.0042202481  -0.0055536724  -0.0268725419   0.0002786892
       -0.0460814919  -0.0204462577  -0.0013300661   0.0003446309   0.0006929346
        0.0002199439   0.0002333884  -0.0007769591  -0.0000579710   0.0000243987
        0.0001424059  -0.0000422235  -0.0001590699  -0.0000026271  -0.0000260258
       -0.0000278771  -0.0000037693  -0.0002334308   0.0000847837   0.0000502691
        0.0004128243   0.0000151412   0.0004217233  -0.0002169054   0.0005054634
       -0.0005364815   0.0026916772  -0.0048648825  -0.0024749622  -0.0025884504
        0.0007274558   0.0243432586  -0.0030651859   0.0531305694   0.0259418810
        0.0001548463   0.0000934824   0.0005027272   0.0002690239   0.0007528957
       -0.0005305685
        0.0000198658  -0.0000860773   0.0001051272  -0.0004232597   0.0005984650
        0.0009583943   0.0027479398  -0.0047106313  -0.0109149792   0.0117623088
       -0.0205399576  -0.2723798587  -0.0037438747  -0.0008618915  -0.0164485537
       -0.0002152794  -0.0007720798   0.0011708581   0.0002783694   0.0001700560
       -0.0001933297  -0.0001098863   0.0000629335  -0.0000055172  -0.0000053996
        0.0000332040   0.0000234098  -0.0001934243   0.0001340752   0.0000694660
        0.0003078703  -0.0000562212   0.0003298281  -0.0002238031   0.0003346021
        0.0003457475   0.0006587810  -0.0025726335  -0.0004340969   0.0028447478
        0.0016737816  -0.0171294985  -0.0112024521   0.0259418810   0.3152536571
        0.0003608434   0.0001496548   0.0000644067  -0.0028633472   0.0005008391
       -0.0008150608
       -0.0000803470   0.0000459842  -0.0000313455  -0.0006352088   0.0013884433
        0.0004172966  -0.0049091383  -0.0001184708  -0.0028852300  -0.0156670208
        0.0231997627   0.0036835384  -0.0784195186   0.0922192288   0.0181458854
        0.0014223650  -0.0177458293   0.0014407809   0.0000051076   0.0000416176
        0.0000068204   0.0000452717   0.0000147463  -0.0000316490  -0.0000374285
       -0.0000158608  -0.0000120529  -0.0004951160   0.0001131053  -0.0001902056
        0.0000443066  -0.0000100019   0.0000293575  -0.0000495047  -0.0003972667
        0.0000583077   0.0001064136  -0.0001982661  -0.0002073812  -0.0001232526
        0.0004665792   0.0001687700   0.0005422645   0.0001548463   0.0003608434
        0.0974686678  -0.1004419437  -0.0215169180   0.0007821384   0.0012833255
        0.0005631820
        0.0000030385  -0.0000112655  -0.0000115375   0.0000943803  -0.0002728950
       -0.0000884833   0.0014340440   0.0008479750   0.0005314334   0.0035628549
       -0.0032459209  -0.0008250738   0.0958555740  -0.2298255873  -0.0439578552
       -0.0043998035  -0.0233476791   0.0043536746   0.0000512741   0.0000401082
        0.0000164239   0.0000070160  -0.0000220717  -0.0000127004  -0.0000018870
        0.0000143499  -0.0000011355   0.0000341629   0.0000086232   0.0000545215
        0.0000015688  -0.0000187248   0.0000191622  -0.0001363851   0.0002099347
       -0.0000119203  -0.0001381578   0.0000366119   0.0000833539  -0.0003689174
        0.0005979417  -0.0002932917  -0.0003540972   0.0000934824   0.0001496548
       -0.1004419437   0.2627435738   0.0448931336   0.0047972782  -0.0078484562
       -0.0048993602
        0.0000181685  -0.0000122163   0.0000216924  -0.0002929979   0.0004386964
        0.0003078661  -0.0020204659  -0.0001152215  -0.0001677655  -0.0057534963
        0.0098078999   0.0024418608   0.0165217730  -0.0431562952  -0.0506751939
        0.0003944985   0.0145233811   0.0005076962   0.0000105610  -0.0000070562
        0.0000032310  -0.0000123608  -0.0000025316  -0.0000022566   0.0000197559
        0.0000000916   0.0000027793  -0.0001367024   0.0000754102  -0.0000738754
        0.0000779493   0.0000209128   0.0000158223   0.0001566450   0.0000731472
       -0.0001973013  -0.0002235716   0.0001075632   0.0001575247   0.0005217285
        0.0000175361   0.0003001286  -0.0002233506   0.0005027272   0.0000644067
       -0.0215169180   0.0448931336   0.0556400401   0.0124587838  -0.0271671785
       -0.0083466555
       -0.0000384209  -0.0000023875   0.0000305438  -0.0000342490  -0.0000009002
        0.0001052588   0.0010875178  -0.0008576751  -0.0007992166  -0.0033319428
       -0.0047486590  -0.0270120107  -0.0373521661   0.0034825140  -0.0010050165
       -0.0052669725  -0.0046775421   0.0169575631   0.0000571918   0.0000227523
       -0.0000525609  -0.0000615036   0.0000198931   0.0000287361   0.0000305550
        0.0000088965   0.0000207506   0.0000085830   0.0000175213   0.0000653730
        0.0000838632  -0.0000169483   0.0001455563  -0.0000180269  -0.0000607250
        0.0000529391  -0.0004962176   0.0002732713   0.0003769376   0.0002280081
        0.0000536334  -0.0002372616  -0.0050814928   0.0002690239  -0.0028633472
        0.0007821384   0.0047972782   0.0124587838   0.0494031349   0.0014200532
        0.0017269714
       -0.0000464234   0.0000272601  -0.0000443127   0.0000705700  -0.0000912628
       -0.0000403048   0.0000469225   0.0004617897   0.0009913668  -0.0005532518
        0.0011982752   0.0009035716   0.0049566292  -0.0508644583  -0.0527093959
       -0.0074573154  -0.0028975924   0.0203197553   0.0000151473  -0.0000043007
       -0.0000266608  -0.0000035776   0.0000225073   0.0000108232  -0.0000362371
       -0.0000100164   0.0000041987   0.0000020313  -0.0000129868   0.0000318602
       -0.0000049133  -0.0000693132  -0.0000178403  -0.0000577129  -0.0002564142
        0.0002290418   0.0002812934   0.0001630261  -0.0001081445  -0.0002334043
       -0.0000375247  -0.0002255377   0.0003168633   0.0007528957   0.0005008391
        0.0012833255  -0.0078484562  -0.0271671785   0.0014200532   0.0594665716
        0.0573479186
        0.0000225971   0.0000246920   0.0000702556   0.0002102051  -0.0001127630
        0.0001049144   0.0011054884  -0.0000894951   0.0009478349  -0.0046269859
       -0.0031531926  -0.0147294739  -0.0035736433  -0.0552366704  -0.2704955206
        0.0080105814   0.0064787848  -0.0132666549  -0.0000203823  -0.0000323752
       -0.0000727593  -0.0000462005   0.0000202800   0.0000520635   0.0000258954
        0.0000033536   0.0000016045   0.0000699986   0.0000041703   0.0000602338
        0.0001003906  -0.0000508747   0.0000102700  -0.0000108461   0.0001519147
       -0.0002355516  -0.0004542576   0.0002818932   0.0002856186   0.0000891825
       -0.0002077076   0.0000444647  -0.0031921767  -0.0005305685  -0.0008150608
        0.0005631820  -0.0048993602  -0.0083466555   0.0017269714   0.0573479186
        0.3063844165
