           1           2   1.01998534111488     
           2           3   1.00740124596563     
           3           4   1.00789988960274     
           4           5   1.01944872253400     
           5           6  0.916414091298725     
           1           7  0.985941056645775     
           1           8  0.987257273963340     
           1           9  0.987152034506431     
           2          10  0.978186936538233     
           2          11  0.977987451598233     
           3          12  0.975593941794616     
           3          13  0.976498299160161     
           4          14  0.961589970122588     
           4          15  0.973583517104254     
           5          16  0.976910399281936     
           5          17  0.976545055636387     
