           1           2   1.01749566798432     
           2           3  0.974539340780103     
           3           4  0.978927206893247     
           4           5   1.68916809086102     
           4           6   1.17164468255742     
           5           6  0.170864475614982     
           6           7  0.918241089448063     
           7           8   1.01966115355525     
           1           9  0.986827415143048     
           1          10  0.986525491291160     
           1          11  0.984306384266478     
           2          12  0.978066022903677     
           2          13  0.978875966155014     
           3          14  0.968957645291748     
           3          15  0.964515726110988     
           7          16  0.968584752859002     
           7          17  0.969222001556645     
           8          18  0.980043395523742     
           8          19  0.983677643116112     
           8          20  0.983412141958784     
