$hessian                                                                        
        0.4609920882  -0.0100100339   0.0026827513  -0.2004628934  -0.0192179010
        0.0051561899  -0.0116007453  -0.0076957583   0.0019570220  -0.0003728605
       -0.0006825470   0.0001779212  -0.0003930072  -0.0004138256   0.0001023168
        0.0002650044  -0.0004666605   0.0001102803   0.0001723865  -0.0001175677
        0.0000232864   0.0001099651   0.0000315689  -0.0000082566  -0.0832288649
        0.0198744095  -0.0882185121  -0.0478870059  -0.0379049579   0.0094494429
       -0.0823517075   0.0583575801   0.0680365658  -0.0183251632  -0.0009069156
        0.0034342176  -0.0184823120  -0.0024013543  -0.0025152567   0.0008763530
        0.0007929225  -0.0003230037   0.0008804851   0.0008541548  -0.0000913578
       -0.0000912696  -0.0000140850  -0.0000175927  -0.0000886592  -0.0000025538
        0.0000230603  -0.0000294531   0.0000054685  -0.0000000065   0.0000096828
       -0.0000327001   0.0000518626   0.0000079766  -0.0000492438  -0.0000309309
       -0.0100100339   0.5253746998  -0.0005511881  -0.0197162280  -0.0667602096
       -0.0002345645  -0.0294185737  -0.0103513541   0.0027318881   0.0015054311
       -0.0046110461   0.0011975076  -0.0029761193  -0.0021791991   0.0005545038
       -0.0004165091   0.0007314564  -0.0001167143   0.0001091528   0.0001139205
       -0.0000441627  -0.0000367804  -0.0000191765  -0.0000045581   0.0199669090
       -0.0536841461   0.0411289293  -0.0370763419  -0.2667326404   0.0554594809
        0.0582483935  -0.1276954487  -0.0982171881   0.0166505488   0.0026028414
       -0.0015851387   0.0045207035   0.0015415451  -0.0001472020  -0.0008868730
        0.0009347069   0.0004737881  -0.0005017016   0.0007070128  -0.0006584945
        0.0000303644  -0.0000232425  -0.0000070613   0.0000442128  -0.0000038945
        0.0000226737   0.0000009724   0.0000224251  -0.0000000046  -0.0000123883
        0.0000059544  -0.0000287003  -0.0000251392   0.0000257952   0.0000262058
        0.0026827513  -0.0005511881   0.5232557675   0.0052878578  -0.0002309128
       -0.0679032073   0.0073564241   0.0026500247  -0.0004529669  -0.0003700777
        0.0011902118  -0.0001452206   0.0007420112   0.0005818105   0.0000089116
        0.0001088920  -0.0001234404   0.0002780569  -0.0000290110  -0.0000420975
       -0.0000487284   0.0000079350  -0.0000034507  -0.0000352803  -0.0878220268
        0.0412308195  -0.2342991968   0.0092439625   0.0554641685  -0.0583746158
        0.0676455186  -0.0983225254  -0.1611359716   0.0217839863   0.0018742831
       -0.0016878175  -0.0269739936  -0.0035372505  -0.0004714282  -0.0005912119
       -0.0002359068   0.0003532022   0.0009332545   0.0000392676   0.0005748148
       -0.0000427495  -0.0000134846   0.0000308501   0.0000273873   0.0000329519
        0.0000113388   0.0000012310   0.0000005004   0.0000234516   0.0000318474
       -0.0000152260   0.0000172289  -0.0000239884   0.0000114448   0.0000008110
       -0.2004628934  -0.0197162280   0.0052878578   0.4818011107  -0.0262539024
        0.0066258668  -0.0639817884  -0.0157899736   0.0040196850  -0.0061027371
       -0.0214205935   0.0054182704  -0.0088802448  -0.0069944425   0.0016862879
       -0.0020152344  -0.0033649236   0.0008123175   0.0017191097  -0.0003525315
        0.0000661820   0.0002746434   0.0000729490  -0.0000220455  -0.0185544649
       -0.0018197071  -0.0035095895  -0.0089869258  -0.0035724876   0.0009161593
       -0.0183975969   0.0000825334   0.0040397148  -0.0793229850   0.0577711326
        0.0643970707  -0.0801585358   0.0210616516  -0.0846590812   0.0017224309
        0.0103411922  -0.0020846694   0.0017536507   0.0101815447  -0.0030516540
       -0.0001765229  -0.0001120993  -0.0000102586  -0.0001756707  -0.0000932989
        0.0000610711  -0.0000103407   0.0000144155  -0.0000024413  -0.0000219637
       -0.0000127792   0.0000135812  -0.0000230410  -0.0000224517  -0.0000043250
       -0.0192179010  -0.0667602096  -0.0002309128  -0.0262539024   0.4761874600
        0.0165678746  -0.0152728948  -0.1857007743   0.0293214498  -0.0100665833
       -0.0081193564   0.0019494376  -0.0006205188   0.0006690333   0.0003433801
        0.0017813073  -0.0006006407  -0.0001578697   0.0000986799  -0.0004583108
        0.0001695705   0.0000304226  -0.0001267295   0.0000119102   0.0048078924
        0.0009847889  -0.0001151483  -0.0290870733  -0.0071680363   0.0019401353
        0.0172959009   0.0022473159  -0.0013875815   0.0577027983  -0.1249553490
       -0.0965056593   0.0209975875  -0.0528569314   0.0403675155  -0.0018103303
       -0.0231788044   0.0018640524  -0.0004892492  -0.0103884785   0.0059110538
        0.0000068108   0.0000620855  -0.0000579428   0.0000436839   0.0000763936
        0.0000194386   0.0000236803  -0.0000024918   0.0000010965  -0.0000054050
        0.0000400272  -0.0000144716   0.0000350944   0.0000490085   0.0000026711
        0.0051561899  -0.0002345645  -0.0679032073   0.0066258668   0.0165678746
        0.5381521951   0.0039049073   0.0293294207  -0.0753551555   0.0024211597
        0.0019355984  -0.0009016913   0.0001774054   0.0003393081   0.0018207517
       -0.0004365741  -0.0000995143  -0.0010072615  -0.0000342393   0.0001759655
        0.0002377460  -0.0000139806   0.0000080310  -0.0000836837  -0.0277839009
       -0.0037029773  -0.0003821403   0.0072735718   0.0018688005  -0.0002031851
        0.0223765404   0.0022617727  -0.0018055556   0.0643999540  -0.0955640752
       -0.1585231521  -0.0846125965   0.0394261908  -0.2297107501  -0.0023181431
       -0.0182922315   0.0042563052   0.0028854974   0.0260281067  -0.0086034555
       -0.0000795106  -0.0000024113  -0.0000035584   0.0000680455  -0.0000362375
       -0.0000165688  -0.0000077728   0.0000002537   0.0000024614  -0.0000788962
       -0.0000051730   0.0000215016   0.0000764759  -0.0000041380   0.0000084042
       -0.0116007453  -0.0294185737   0.0073564241  -0.0639817884  -0.0152728948
        0.0039049073   0.4597689321  -0.0117623806   0.0025321400  -0.1632317110
       -0.0288090273   0.0072861187  -0.0215385263  -0.0215207738   0.0052946924
       -0.0457556905   0.0134992464  -0.0029369780   0.0018319950   0.0025862731
       -0.0005919103  -0.0013231685  -0.0000901765   0.0000309621   0.0009889274
       -0.0004595496   0.0007151103  -0.0063186848  -0.0028920150   0.0007314825
        0.0009824205  -0.0007528843  -0.0004189459   0.0019081730   0.0103708245
       -0.0026696470   0.0019189944   0.0104982938  -0.0025266560  -0.0762892174
        0.0556659973   0.0659314463  -0.0767235740   0.0183412435  -0.0846409300
       -0.0002581061  -0.0001032192  -0.0000449829  -0.0002663030  -0.0000569447
        0.0000828722  -0.0002455178   0.0002902589  -0.0000608558   0.0000670688
       -0.0000476578   0.0000478493   0.0000665217  -0.0000660404  -0.0000230991
       -0.0076957583  -0.0103513541   0.0026500247  -0.0157899736  -0.1857007743
        0.0293294207  -0.0117623806   0.4957528914   0.0001926600  -0.0238662682
       -0.0665332549  -0.0009435059  -0.0442960233  -0.0217157187   0.0084626008
        0.0250924115   0.0019322613   0.0012886753   0.0022230570  -0.0024861995
        0.0021821339   0.0010792980   0.0000459461  -0.0000030022   0.0008071346
        0.0006508148  -0.0001824285  -0.0014404583   0.0004217099   0.0000577587
        0.0008810145   0.0011436464  -0.0000149593  -0.0023894799  -0.0251531406
        0.0025200203  -0.0007843223  -0.0115678169   0.0060177417   0.0581537598
       -0.1255271685  -0.0955940394   0.0195359754  -0.0505850757   0.0439618521
       -0.0002593988  -0.0001031747   0.0000219669   0.0002833885  -0.0000983935
        0.0000344187   0.0002265067  -0.0002982269   0.0000546139   0.0000162659
        0.0000642311  -0.0000502121  -0.0000147486   0.0001087973   0.0000142597
        0.0019570220   0.0027318881  -0.0004529669   0.0040196850   0.0293214498
       -0.0753551555   0.0025321400   0.0001926600   0.4935777825   0.0063746345
       -0.0008738371  -0.0706303272   0.0106940530   0.0083119150   0.0114011949
       -0.0056415036   0.0014060901   0.0073105139  -0.0004978370   0.0021568450
        0.0062029082  -0.0002664608  -0.0000011804   0.0000582703  -0.0003415345
       -0.0009151284   0.0007851727   0.0003842421   0.0000676014   0.0006436650
       -0.0000766094   0.0007362850   0.0003014191  -0.0028285143  -0.0196233303
        0.0045355431   0.0035931957   0.0281021329  -0.0090600784   0.0682030717
       -0.0964702257  -0.1476245489  -0.0880655385   0.0447611027  -0.2217156860
       -0.0011159702   0.0000633265   0.0000138018   0.0011304309   0.0000020270
        0.0000096801  -0.0000554155   0.0000622609  -0.0000547425   0.0000650932
       -0.0000643702   0.0000437889  -0.0000641844   0.0000324878   0.0000097650
       -0.0003728605   0.0015054311  -0.0003700777  -0.0061027371  -0.0100665833
        0.0024211597  -0.1632317110  -0.0238662682   0.0063746345   0.5471063512
        0.1240800000  -0.0313677470  -0.1519102704  -0.1951208936   0.0467068800
       -0.1419657531   0.0705539464  -0.0161803046  -0.0418826285   0.0252992289
       -0.0057520795  -0.0057669313  -0.0012408838   0.0003161256  -0.0001459178
       -0.0005476519   0.0003533329   0.0004798511   0.0009245445  -0.0002263954
       -0.0001469117  -0.0006390803  -0.0000506057   0.0010432112   0.0009741726
        0.0010405353   0.0010404713   0.0004008928  -0.0013928789  -0.0185667136
        0.0024411587   0.0022702642  -0.0186741224   0.0009786276  -0.0031764133
        0.0001451073   0.0015114960  -0.0006438553   0.0001137708   0.0016220320
       -0.0000694745  -0.0007097422   0.0017712194  -0.0003888078  -0.0002251574
       -0.0002462123   0.0002773152  -0.0002273060  -0.0003351765  -0.0001416078
       -0.0006825470  -0.0046110461   0.0011902118  -0.0214205935  -0.0081193564
        0.0019355984  -0.0288090273  -0.0665332549  -0.0008738371   0.1240800000
        0.7667245354  -0.1362866039  -0.1803203706  -0.5157401629   0.1077452331
        0.0781587523  -0.1845389872   0.0300824387   0.0223010710   0.0059589097
       -0.0015579993  -0.0040440710  -0.0013367983   0.0004220191   0.0002453325
       -0.0000032529   0.0003286423  -0.0013118658  -0.0002895059   0.0001773950
        0.0002537099  -0.0001887766  -0.0002935623  -0.0008958420  -0.0007554643
       -0.0009765446  -0.0006666227   0.0001170962   0.0011716586   0.0162182342
        0.0038481462  -0.0035743177   0.0034762851   0.0032249357   0.0006614354
       -0.0033223687   0.0019285407   0.0028443191  -0.0040413245   0.0006679990
       -0.0030237056  -0.0014632115   0.0003153749  -0.0000441457   0.0010922748
       -0.0002746682   0.0000612161   0.0011521846  -0.0003942644   0.0000105486
        0.0001779212   0.0011975076  -0.0001452206   0.0054182704   0.0019494376
       -0.0009016913   0.0072861187  -0.0009435059  -0.0706303272  -0.0313677470
       -0.1362866039   0.2263449821   0.0432038105   0.1078029057  -0.0907080186
       -0.0180385074   0.0300527959  -0.0630555996  -0.0049939882  -0.0014908020
        0.0006939597   0.0010391341   0.0003715455   0.0001323949  -0.0000720748
        0.0000590282  -0.0001219886   0.0003333452   0.0001453059   0.0002496844
       -0.0000495376  -0.0000216198   0.0000590669  -0.0002716265  -0.0004910476
        0.0004567469   0.0006665159   0.0006705471  -0.0003909319   0.0230475875
        0.0019383996  -0.0021179475  -0.0279478699  -0.0047106889  -0.0013450918
        0.0022870148  -0.0006363800   0.0002427067  -0.0005514911   0.0003733270
        0.0014151982   0.0003549752  -0.0000649906   0.0001419449  -0.0003790505
        0.0003306001  -0.0002335398  -0.0001428004  -0.0002457615  -0.0000863279
       -0.0003930072  -0.0029761193   0.0007420112  -0.0088802448  -0.0006205188
        0.0001774054  -0.0215385263  -0.0442960233   0.0106940530  -0.1519102704
       -0.1803203706   0.0432038105   0.1626913451   0.2022470347  -0.0486876197
        0.0125235821   0.0227297066  -0.0053331951   0.0022621055   0.0053306384
       -0.0012486013   0.0012953187   0.0010203911  -0.0002672503   0.0002056173
        0.0001550009  -0.0000100325  -0.0009062398  -0.0005491145   0.0001347762
        0.0002055968   0.0001381048  -0.0000662297  -0.0001105886   0.0001543093
       -0.0001706601  -0.0001148736   0.0002160767   0.0000808002   0.0013564666
       -0.0009396295  -0.0002950721   0.0012834420  -0.0006896642   0.0006801072
        0.0010394863  -0.0009781943  -0.0009394723   0.0010827533  -0.0005155110
        0.0012815464   0.0003383240  -0.0002836949   0.0000629635  -0.0002178328
        0.0000929149  -0.0000344900  -0.0002124542   0.0000846628  -0.0000048503
       -0.0004138256  -0.0021791991   0.0005818105  -0.0069944425   0.0006690333
        0.0003393081  -0.0215207738  -0.0217157187   0.0083119150  -0.1951208936
       -0.5157401629   0.1078029057   0.2022470347   0.6531516257  -0.1493939586
        0.0217938981  -0.1146962026   0.0331858711  -0.0049486037   0.0013841193
       -0.0011758726   0.0011116233   0.0007844755  -0.0001330636   0.0000717040
        0.0001109154  -0.0002410813  -0.0006112506  -0.0004118538   0.0000721397
        0.0000532040   0.0002020602   0.0001605588   0.0004278480   0.0003980973
        0.0001932048   0.0003667946   0.0001009564  -0.0003202788   0.0005829821
       -0.0011552159   0.0015643556   0.0015304536  -0.0013491980  -0.0005740405
        0.0009091521  -0.0002974220  -0.0013612800   0.0009428334   0.0001020778
        0.0011405585   0.0005464995   0.0001723785  -0.0000571551  -0.0004922157
        0.0001591752  -0.0003459937  -0.0004820221   0.0003100584   0.0002500963
        0.0001023168   0.0005545038   0.0000089116   0.0016862879   0.0003433801
        0.0018207517   0.0052946924   0.0084626008   0.0114011949   0.0467068800
        0.1077452331  -0.0907080186  -0.0486876197  -0.1493939586   0.0621193183
       -0.0050622954   0.0332294171   0.0185115307   0.0011451389  -0.0012955225
       -0.0036318850  -0.0002633765  -0.0001338020   0.0002873886   0.0000135546
       -0.0000137938   0.0000479280   0.0001425294   0.0000775796  -0.0000988070
       -0.0000477288  -0.0000609660  -0.0000357082  -0.0000059902   0.0001851772
       -0.0001282824  -0.0001829207  -0.0003208997   0.0001354123  -0.0023705461
       -0.0002595855   0.0004744945   0.0018967021   0.0012309919   0.0006346132
       -0.0002889757   0.0003887822  -0.0002549949  -0.0001841963  -0.0005814460
       -0.0006109348  -0.0001303741  -0.0000551365  -0.0000507583   0.0000989811
       -0.0001108608   0.0001274640   0.0001369404   0.0000083055  -0.0000496185
        0.0002650044  -0.0004165091   0.0001088920  -0.0020152344   0.0017813073
       -0.0004365741  -0.0457556905   0.0250924115  -0.0056415036  -0.1419657531
        0.0781587523  -0.0180385074   0.0125235821   0.0217938981  -0.0050622954
        0.4289548559  -0.0608975781   0.0124648908  -0.1528933388  -0.0484651931
        0.0119940818  -0.0308268099   0.0053272471  -0.0009477580   0.0000427522
        0.0002375950  -0.0001003335   0.0000903221  -0.0003255883   0.0000885777
        0.0000433299   0.0002641378  -0.0000250870  -0.0007217544  -0.0009830845
       -0.0007631955  -0.0006418793  -0.0004849920   0.0011383423  -0.0048307142
       -0.0002180138   0.0003349234  -0.0046701917  -0.0003094502  -0.0001686504
       -0.0292020944  -0.0094473470   0.0110705828  -0.0297530582  -0.0132858955
       -0.0055005729  -0.0023004556   0.0044685791  -0.0009919276   0.0018375603
       -0.0012379952  -0.0001098548   0.0018195676  -0.0010522814   0.0005859692
       -0.0004666605   0.0007314564  -0.0001234404  -0.0033649236  -0.0006006407
       -0.0000995143   0.0134992464   0.0019322613   0.0014060901   0.0705539464
       -0.1845389872   0.0300527959   0.0227297066  -0.1146962026   0.0332294171
       -0.0608975781   0.3836068990  -0.0730640541  -0.0380134369  -0.0800210301
        0.0056836394   0.0318315148   0.0034851533  -0.0004396667  -0.0000466878
       -0.0002012179   0.0000152287   0.0000688026   0.0001907700  -0.0000696946
       -0.0001027792  -0.0001554023   0.0001043459  -0.0001953548   0.0005672995
        0.0008012158  -0.0001212790   0.0000529008  -0.0008604276  -0.0007301520
        0.0002315705   0.0000608669  -0.0004147250   0.0000525986  -0.0001876537
       -0.0125049994  -0.0028586999   0.0018344579  -0.0247981367  -0.0055407058
        0.0009467827   0.0048486346  -0.0047503997   0.0011743571  -0.0009311672
        0.0010667479  -0.0003516286  -0.0009439712   0.0014456291  -0.0001131176
        0.0001102803  -0.0001167143   0.0002780569   0.0008123175  -0.0001578697
       -0.0010072615  -0.0029369780   0.0012886753   0.0073105139  -0.0161803046
        0.0300824387  -0.0630555996  -0.0053331951   0.0331858711   0.0185115307
        0.0124648908  -0.0730640541   0.0909692138   0.0094158919   0.0057090283
       -0.0585410906  -0.0069868393  -0.0002218996   0.0026777689   0.0001355602
        0.0000119711   0.0000776098  -0.0000175410  -0.0000502447  -0.0000119054
       -0.0000900113   0.0000993439   0.0000256872  -0.0000512164   0.0001869786
       -0.0000762995   0.0001258814  -0.0002161213   0.0004633743  -0.0003963582
        0.0000696263  -0.0001527989   0.0007575141  -0.0002131758  -0.0000275744
        0.0316716361   0.0068129248  -0.0008068165  -0.0228140290  -0.0041255155
        0.0025802368  -0.0010778199   0.0011762958   0.0003138701   0.0002446356
       -0.0009251546   0.0004321669   0.0001456846   0.0004675958   0.0000393171
        0.0001723865   0.0001091528  -0.0000290110   0.0017191097   0.0000986799
       -0.0000342393   0.0018319950   0.0022230570  -0.0004978370  -0.0418826285
        0.0223010710  -0.0049939882   0.0022621055  -0.0049486037   0.0011451389
       -0.1528933388  -0.0380134369   0.0094158919   0.3799167369  -0.0057445540
        0.0024243820  -0.0840755781   0.0547181798  -0.0122020492  -0.0000436512
       -0.0000391444   0.0001192874  -0.0001169959   0.0000205973  -0.0000044233
       -0.0000455301  -0.0000991825  -0.0000863127  -0.0005859198  -0.0001354699
       -0.0000134189  -0.0005785429  -0.0001021205   0.0000779034  -0.0010299813
       -0.0001743178  -0.0005467732  -0.0010064742   0.0001141820   0.0005636994
       -0.0455294424  -0.0137185362   0.0405018293  -0.0465221261  -0.0315446324
       -0.0325469533  -0.0173017689   0.0236565172  -0.0052060043   0.0027727887
       -0.0044790908  -0.0002802817   0.0029368560  -0.0042423480   0.0021931598
       -0.0001175677   0.0001139205  -0.0000420975  -0.0003525315  -0.0004583108
        0.0001759655   0.0025862731  -0.0024861995   0.0021568450   0.0252992289
        0.0059589097  -0.0014908020   0.0053306384   0.0013841193  -0.0012955225
       -0.0484651931  -0.0800210301   0.0057090283  -0.0057445540   0.5037468207
        0.0024651062   0.0511849878  -0.1765387957   0.0239208103  -0.0000413498
       -0.0000142652   0.0000214806  -0.0000091963   0.0000378031  -0.0000108453
       -0.0000194744  -0.0000369102  -0.0000243337  -0.0002274792   0.0000889599
        0.0000224598  -0.0002013633   0.0001275244  -0.0001181215   0.0004833414
       -0.0000357224  -0.0000713491   0.0010344831   0.0000622546   0.0000333465
       -0.0155032749  -0.0668314445   0.0665592244  -0.0319921976  -0.1485139067
       -0.1056740285  -0.0005023270   0.0022409048  -0.0004876998   0.0061537246
       -0.0134174389   0.0067241729   0.0111038316  -0.0254071930   0.0014263602
        0.0000232864  -0.0000441627  -0.0000487284   0.0000661820   0.0001695705
        0.0002377460  -0.0005919103   0.0021821339   0.0062029082  -0.0057520795
       -0.0015579993   0.0006939597  -0.0012486013  -0.0011758726  -0.0036318850
        0.0119940818   0.0056836394  -0.0585410906   0.0024243820   0.0024651062
        0.5151163524  -0.0114149461   0.0239061287  -0.0739682790  -0.0000458606
        0.0000163564  -0.0000430135   0.0000030168  -0.0000097843  -0.0000039542
        0.0000601627  -0.0000216903  -0.0000208787   0.0000234573  -0.0001991551
       -0.0000628722   0.0000871980   0.0001040172  -0.0001204382  -0.0013738088
       -0.0001586462  -0.0000036365   0.0010470701   0.0001142951  -0.0001240043
        0.0376916504   0.0663153973  -0.2323125097  -0.0292846200  -0.1054641627
       -0.1495679129   0.0002236651  -0.0006481318   0.0001865140  -0.0130994298
        0.0268588530  -0.0079149865   0.0091671038  -0.0185358925   0.0039267094
        0.0001099651  -0.0000367804   0.0000079350   0.0002746434   0.0000304226
       -0.0000139806  -0.0013231685   0.0010792980  -0.0002664608  -0.0057669313
       -0.0040440710   0.0010391341   0.0012953187   0.0011116233  -0.0002633765
       -0.0308268099   0.0318315148  -0.0069868393  -0.0840755781   0.0511849878
       -0.0114149461   0.5213885503   0.0295436511  -0.0066105239  -0.0000526030
        0.0000212853  -0.0000242817  -0.0000247298  -0.0000260091   0.0000067871
       -0.0000548261   0.0000308234   0.0000123266  -0.0000266461   0.0001211868
        0.0000590697  -0.0000226913   0.0000771308  -0.0001033510  -0.0003082088
       -0.0000010166  -0.0000063882  -0.0003034953  -0.0000018788   0.0000097658
        0.0025893480  -0.0024986090  -0.0003061655   0.0027419569  -0.0024411229
        0.0013676950  -0.2850811993  -0.0396551188   0.0104675627  -0.0595956010
       -0.0209049942   0.0581799822  -0.0609372939  -0.0454223231  -0.0451539445
        0.0000315689  -0.0000191765  -0.0000034507   0.0000729490  -0.0001267295
        0.0000080310  -0.0000901765   0.0000459461  -0.0000011804  -0.0012408838
       -0.0013367983   0.0003715455   0.0010203911   0.0007844755  -0.0001338020
        0.0053272471   0.0034851533  -0.0002218996   0.0547181798  -0.1765387957
        0.0239061287   0.0295436511   0.4793732426   0.0109040951  -0.0000073979
        0.0000063829  -0.0000092952   0.0000533123   0.0000370798  -0.0000068015
       -0.0000144333   0.0000114494   0.0000101301  -0.0000676928   0.0000601252
        0.0000208408  -0.0000224787   0.0000199650  -0.0000188487   0.0000017665
        0.0000579185   0.0000232773   0.0000255026   0.0000372036  -0.0000404199
        0.0060797393  -0.0118249719   0.0051210859   0.0105696132  -0.0225591157
        0.0020992088  -0.0378214407  -0.0473570576   0.0013268207  -0.0217535695
       -0.0682946661   0.0713302809  -0.0464258476  -0.1558616305  -0.1146857468
       -0.0000082566  -0.0000045581  -0.0000352803  -0.0000220455   0.0000119102
       -0.0000836837   0.0000309621  -0.0000030022   0.0000582703   0.0003161256
        0.0004220191   0.0001323949  -0.0002672503  -0.0001330636   0.0002873886
       -0.0009477580  -0.0004396667   0.0026777689  -0.0122020492   0.0239208103
       -0.0739682790  -0.0066105239   0.0109040951   0.5262009620   0.0000154124
        0.0000052868   0.0000105474  -0.0000107683  -0.0000062957   0.0000131043
       -0.0000094021  -0.0000056722   0.0000093722  -0.0000828351   0.0000496005
        0.0000259680   0.0001062858  -0.0000523916   0.0000569300  -0.0000557314
       -0.0000096846   0.0000072485   0.0000537334  -0.0000056252   0.0000235299
       -0.0119610999   0.0247866484  -0.0069353036   0.0081532811  -0.0174149456
        0.0036130391   0.0100572176   0.0013335860  -0.0428699453   0.0587175645
        0.0700402879  -0.2490903346  -0.0452728620  -0.1133993387  -0.1601336978
       -0.0832288649   0.0199669090  -0.0878220268  -0.0185544649   0.0048078924
       -0.0277839009   0.0009889274   0.0008071346  -0.0003415345  -0.0001459178
        0.0002453325  -0.0000720748   0.0002056173   0.0000717040   0.0000135546
        0.0000427522  -0.0000466878   0.0001355602  -0.0000436512  -0.0000413498
       -0.0000458606  -0.0000526030  -0.0000073979   0.0000154124   0.0998933807
       -0.0223033567   0.1034137793   0.0023356373  -0.0000122504   0.0027055299
        0.0053121355  -0.0019885202   0.0104737010   0.0007447631   0.0001745844
       -0.0005698432  -0.0072841141  -0.0010972158  -0.0005478264  -0.0000904618
       -0.0000227126  -0.0000124455  -0.0001774919  -0.0005507501   0.0004261687
        0.0000015668   0.0000033813   0.0000172031   0.0000086985   0.0000106102
       -0.0000058295   0.0000023250  -0.0000121481   0.0000058830   0.0000349971
       -0.0000027913   0.0000180739   0.0000067689  -0.0000023676  -0.0000235238
        0.0198744095  -0.0536841461   0.0412308195  -0.0018197071   0.0009847889
       -0.0037029773  -0.0004595496   0.0006508148  -0.0009151284  -0.0005476519
       -0.0000032529   0.0000590282   0.0001550009   0.0001109154  -0.0000137938
        0.0002375950  -0.0002012179   0.0000119711  -0.0000391444  -0.0000142652
        0.0000163564   0.0000212853   0.0000063829   0.0000052868  -0.0223033567
        0.0584836549  -0.0486508492   0.0123518685  -0.0097884762   0.0304994444
       -0.0067730587   0.0031809178  -0.0188310054   0.0004662357  -0.0000601999
        0.0002614775  -0.0009293113   0.0005113963  -0.0001103237   0.0000271066
       -0.0000827268  -0.0001518771  -0.0002630431  -0.0000883342   0.0002978986
       -0.0000016121   0.0000061170  -0.0000071019   0.0000028590  -0.0000000822
        0.0000005328   0.0000056721  -0.0000045958  -0.0000003093  -0.0000055670
       -0.0000032352  -0.0000008403  -0.0000000309  -0.0000044554   0.0000013910
       -0.0882185121   0.0411289293  -0.2342991968  -0.0035095895  -0.0001151483
       -0.0003821403   0.0007151103  -0.0001824285   0.0007851727   0.0003533329
        0.0003286423  -0.0001219886  -0.0000100325  -0.0002410813   0.0000479280
       -0.0001003335   0.0000152287   0.0000776098   0.0001192874   0.0000214806
       -0.0000430135  -0.0000242817  -0.0000092952   0.0000105474   0.1034137793
       -0.0486508492   0.2693295544  -0.0038563860   0.0046993080  -0.0104180688
       -0.0084811756   0.0029853336  -0.0267088855   0.0003726008   0.0000996872
        0.0006851459  -0.0005073839   0.0001972408   0.0010972293  -0.0000799090
       -0.0000439170  -0.0003581749  -0.0002290426  -0.0002309069   0.0002954728
        0.0000124678  -0.0000028983   0.0000219462   0.0000039891  -0.0000045682
       -0.0000152274  -0.0000061823  -0.0000045486   0.0000012852   0.0000233486
        0.0000047584  -0.0000041812   0.0000089126   0.0000050327  -0.0000010147
       -0.0478870059  -0.0370763419   0.0092439625  -0.0089869258  -0.0290870733
        0.0072735718  -0.0063186848  -0.0014404583   0.0003842421   0.0004798511
       -0.0013118658   0.0003333452  -0.0009062398  -0.0006112506   0.0001425294
        0.0000903221   0.0000688026  -0.0000175410  -0.0001169959  -0.0000091963
        0.0000030168  -0.0000247298   0.0000533123  -0.0000107683   0.0023356373
        0.0123518685  -0.0038563860   0.0580255028   0.0450089730  -0.0112427379
        0.0023269687   0.0125573568  -0.0023726170   0.0005803303  -0.0003706428
        0.0001077924   0.0005791726  -0.0003820317   0.0000776150  -0.0001091902
        0.0001516859  -0.0000324127  -0.0001082605   0.0001490707  -0.0000430928
        0.0000185675  -0.0000085534  -0.0000074632   0.0000182131  -0.0000055299
        0.0000092993   0.0000179227  -0.0000015222  -0.0000000364  -0.0000075017
       -0.0000197685  -0.0000037388  -0.0000069538  -0.0000168352   0.0000114196
       -0.0379049579  -0.2667326404   0.0554641685  -0.0035724876  -0.0071680363
        0.0018688005  -0.0028920150   0.0004217099   0.0000676014   0.0009245445
       -0.0002895059   0.0001453059  -0.0005491145  -0.0004118538   0.0000775796
       -0.0003255883   0.0001907700  -0.0000502447   0.0000205973   0.0000378031
       -0.0000097843  -0.0000260091   0.0000370798  -0.0000062957  -0.0000122504
       -0.0097884762   0.0046993080   0.0450089730   0.3071183562  -0.0647848211
       -0.0012971774  -0.0245240960   0.0027968204   0.0002833957   0.0004582636
        0.0001904493   0.0001520654   0.0001127529  -0.0003263838   0.0000948210
        0.0003645015   0.0001646105   0.0000704913   0.0002057013  -0.0003007251
        0.0000137408  -0.0000150027   0.0000092765   0.0000109649  -0.0000212702
       -0.0000030073   0.0000003552   0.0000008329  -0.0000010088  -0.0000013206
       -0.0000007146  -0.0000170852   0.0000009716   0.0000038249   0.0000154357
        0.0094494429   0.0554594809  -0.0583746158   0.0009161593   0.0019401353
       -0.0002031851   0.0007314825   0.0000577587   0.0006436650  -0.0002263954
        0.0001773950   0.0002496844   0.0001347762   0.0000721397  -0.0000988070
        0.0000885777  -0.0000696946  -0.0000119054  -0.0000044233  -0.0000108453
       -0.0000039542   0.0000067871  -0.0000068015   0.0000131043   0.0027055299
        0.0304994444  -0.0104180688  -0.0112427379  -0.0647848211   0.0637483300
       -0.0024042547  -0.0230746977   0.0043377981   0.0002019712   0.0003229869
       -0.0001355051  -0.0003087951  -0.0004523022   0.0002076953   0.0000256204
       -0.0000056809  -0.0000489941  -0.0000649412  -0.0001311235   0.0001074208
       -0.0000005909   0.0000083751  -0.0000075672  -0.0000068051  -0.0000010451
       -0.0000014110   0.0000000823  -0.0000002600  -0.0000022520  -0.0000035124
        0.0000013126   0.0000035800   0.0000020265  -0.0000017567  -0.0000050123
       -0.0823517075   0.0582483935   0.0676455186  -0.0183975969   0.0172959009
        0.0223765404   0.0009824205   0.0008810145  -0.0000766094  -0.0001469117
        0.0002537099  -0.0000495376   0.0002055968   0.0000532040  -0.0000477288
        0.0000433299  -0.0001027792  -0.0000900113  -0.0000455301  -0.0000194744
        0.0000601627  -0.0000548261  -0.0000144333  -0.0000094021   0.0053121355
       -0.0067730587  -0.0084811756   0.0023269687  -0.0012971774  -0.0024042547
        0.0988613771  -0.0675358105  -0.0802696161  -0.0072678731  -0.0007033501
        0.0010369356   0.0007450433   0.0004226365   0.0004210789  -0.0001760489
       -0.0006872739  -0.0001196014  -0.0000912693  -0.0000144858   0.0000203174
        0.0000076977   0.0000128034   0.0000012345   0.0000007671  -0.0000033785
       -0.0000164694   0.0000021805  -0.0000139658  -0.0000004444   0.0000090272
        0.0000076437   0.0000218593   0.0000352193  -0.0000101188  -0.0000187966
        0.0583575801  -0.1276954487  -0.0983225254   0.0000825334   0.0022473159
        0.0022617727  -0.0007528843   0.0011436464   0.0007362850  -0.0006390803
       -0.0001887766  -0.0000216198   0.0001381048   0.0002020602  -0.0000609660
        0.0002641378  -0.0001554023   0.0000993439  -0.0000991825  -0.0000369102
       -0.0000216903   0.0000308234   0.0000114494  -0.0000056722  -0.0019885202
        0.0031809178   0.0029853336   0.0125573568  -0.0245240960  -0.0230746977
       -0.0675358105   0.1453650972   0.1150416779  -0.0005709706   0.0006046076
        0.0003732732   0.0002364682  -0.0000506325   0.0001262310  -0.0001245855
       -0.0000377579  -0.0001286305   0.0000641554  -0.0000656520  -0.0000016006
        0.0000005587  -0.0000017403  -0.0000071130  -0.0000064409   0.0000133392
        0.0000121385   0.0000089276  -0.0000006294   0.0000021436  -0.0000063711
       -0.0000073338   0.0000028794  -0.0000168003  -0.0000040540   0.0000034366
        0.0680365658  -0.0982171881  -0.1611359716   0.0040397148  -0.0013875815
       -0.0018055556  -0.0004189459  -0.0000149593   0.0003014191  -0.0000506057
       -0.0002935623   0.0000590669  -0.0000662297   0.0001605588  -0.0000357082
       -0.0000250870   0.0001043459   0.0000256872  -0.0000863127  -0.0000243337
       -0.0000208787   0.0000123266   0.0000101301   0.0000093722   0.0104737010
       -0.0188310054  -0.0267088855  -0.0023726170   0.0027968204   0.0043377981
       -0.0802696161   0.1150416779   0.1834521231   0.0009281539   0.0000718875
        0.0009929828  -0.0005432129   0.0002827258   0.0006723797   0.0003236018
        0.0004127764   0.0002391650   0.0000550773  -0.0001155624  -0.0003816757
       -0.0000048348  -0.0000017886  -0.0000143108  -0.0000102471   0.0000068056
        0.0000154162   0.0000035307   0.0000062984  -0.0000015523  -0.0000072831
       -0.0000046582  -0.0000005821  -0.0000176800  -0.0000033871  -0.0000002899
       -0.0183251632   0.0166505488   0.0217839863  -0.0793229850   0.0577027983
        0.0643999540   0.0019081730  -0.0023894799  -0.0028285143   0.0010432112
       -0.0008958420  -0.0002716265  -0.0001105886   0.0004278480  -0.0000059902
       -0.0007217544  -0.0001953548  -0.0000512164  -0.0005859198  -0.0002274792
        0.0000234573  -0.0000266461  -0.0000676928  -0.0000828351   0.0007447631
        0.0004662357   0.0003726008   0.0005803303   0.0002833957   0.0002019712
       -0.0072678731  -0.0005709706   0.0009281539   0.0966905029  -0.0645728982
       -0.0763914429   0.0051663796  -0.0062665584  -0.0085381570   0.0001777058
       -0.0008908306   0.0003012072   0.0000400848   0.0003480300   0.0000609672
        0.0000105055  -0.0000074311   0.0000068024   0.0001051414   0.0000707576
        0.0000327957   0.0000510262   0.0000290723   0.0000350259  -0.0000028385
        0.0000115140  -0.0000333674  -0.0001540551   0.0000943371   0.0000562277
       -0.0009069156   0.0026028414   0.0018742831   0.0577711326  -0.1249553490
       -0.0955640752   0.0103708245  -0.0251531406  -0.0196233303   0.0009741726
       -0.0007554643  -0.0004910476   0.0001543093   0.0003980973   0.0001851772
       -0.0009830845   0.0005672995   0.0001869786  -0.0001354699   0.0000889599
       -0.0001991551   0.0001211868   0.0000601252   0.0000496005   0.0001745844
       -0.0000601999   0.0000996872  -0.0003706428   0.0004582636   0.0003229869
       -0.0007033501   0.0006046076   0.0000718875  -0.0645728982   0.1487934066
        0.1106195351  -0.0015223614   0.0033506766   0.0018095540  -0.0009339567
       -0.0066539388   0.0011358321   0.0003035649   0.0006359086  -0.0004851426
        0.0001003412  -0.0000191990  -0.0000157197   0.0001287297   0.0000073449
        0.0000484466   0.0000477579  -0.0000334336  -0.0000066180  -0.0000116188
        0.0000064525  -0.0000237624  -0.0000063057   0.0000567414   0.0000048821
        0.0034342176  -0.0015851387  -0.0016878175   0.0643970707  -0.0965056593
       -0.1585231521  -0.0026696470   0.0025200203   0.0045355431   0.0010405353
       -0.0009765446   0.0004567469  -0.0001706601   0.0001932048  -0.0001282824
       -0.0007631955   0.0008012158  -0.0000762995  -0.0000134189   0.0000224598
       -0.0000628722   0.0000590697   0.0000208408   0.0000259680  -0.0005698432
        0.0002614775   0.0006851459   0.0001077924   0.0001904493  -0.0001355051
        0.0010369356   0.0003732732   0.0009929828  -0.0763914429   0.1106195351
        0.1794442781   0.0102760712  -0.0178946652  -0.0269969130   0.0001945240
        0.0013443138   0.0008877710  -0.0001285396   0.0004986301   0.0006259178
        0.0001260097   0.0000441265  -0.0000265744   0.0000791177   0.0000393900
        0.0000024256   0.0000625899   0.0000232955  -0.0000156123  -0.0000452511
       -0.0000118280  -0.0001164528  -0.0000619355   0.0000216034   0.0001127020
       -0.0184823120   0.0045207035  -0.0269739936  -0.0801585358   0.0209975875
       -0.0846125965   0.0019189944  -0.0007843223   0.0035931957   0.0010404713
       -0.0006666227   0.0006665159  -0.0001148736   0.0003667946  -0.0001829207
       -0.0006418793  -0.0001212790   0.0001258814  -0.0005785429  -0.0002013633
        0.0000871980  -0.0000226913  -0.0000224787   0.0001062858  -0.0072841141
       -0.0009293113  -0.0005073839   0.0005791726   0.0001520654  -0.0003087951
        0.0007450433   0.0002364682  -0.0005432129   0.0051663796  -0.0015223614
        0.0102760712   0.0976140715  -0.0215050368   0.0985114992   0.0000363421
        0.0002789005  -0.0002155894   0.0001787562  -0.0009252704   0.0001558282
        0.0001024647   0.0000463778  -0.0000636472   0.0000059507  -0.0000138120
       -0.0000048043   0.0000484245   0.0000083917  -0.0000452511  -0.0001554057
        0.0000625194  -0.0000822072   0.0000022838   0.0000220494   0.0000179267
       -0.0024013543   0.0015415451  -0.0035372505   0.0210616516  -0.0528569314
        0.0394261908   0.0104982938  -0.0115678169   0.0281021329   0.0004008928
        0.0001170962   0.0006705471   0.0002160767   0.0001009564  -0.0003208997
       -0.0004849920   0.0000529008  -0.0002161213  -0.0001021205   0.0001275244
        0.0001040172   0.0000771308   0.0000199650  -0.0000523916  -0.0010972158
        0.0005113963   0.0001972408  -0.0003820317   0.0001127529  -0.0004523022
        0.0004226365  -0.0000506325   0.0002827258  -0.0062665584   0.0033506766
       -0.0178946652  -0.0215050368   0.0639696514  -0.0493167932   0.0003284511
        0.0006252135   0.0004781309  -0.0009118880  -0.0060100018   0.0025388055
        0.0000739328  -0.0000299256  -0.0000324113   0.0000266734  -0.0000332389
        0.0000128884   0.0000083481  -0.0000363118   0.0000181061   0.0000311419
        0.0000606372   0.0000212139   0.0000059677  -0.0000054569  -0.0000291644
       -0.0025152567  -0.0001472020  -0.0004714282  -0.0846590812   0.0403675155
       -0.2297107501  -0.0025266560   0.0060177417  -0.0090600784  -0.0013928789
        0.0011716586  -0.0003909319   0.0000808002  -0.0003202788   0.0001354123
        0.0011383423  -0.0008604276   0.0004633743   0.0000779034  -0.0001181215
       -0.0001204382  -0.0001033510  -0.0000188487   0.0000569300  -0.0005478264
       -0.0001103237   0.0010972293   0.0000776150  -0.0003263838   0.0002076953
        0.0004210789   0.0001262310   0.0006723797  -0.0085381570   0.0018095540
       -0.0269969130   0.0985114992  -0.0493167932   0.2632070439  -0.0000308904
       -0.0004914635   0.0006250502   0.0002699608   0.0023344520   0.0002506076
       -0.0001302981  -0.0000287897   0.0000427102  -0.0001560480  -0.0000362997
       -0.0000103719  -0.0000774575  -0.0000108891  -0.0000079793   0.0000649443
       -0.0000024272   0.0001130358   0.0000357573  -0.0000389044  -0.0001025777
        0.0008763530  -0.0008868730  -0.0005912119   0.0017224309  -0.0018103303
       -0.0023181431  -0.0762892174   0.0581537598   0.0682030717  -0.0185667136
        0.0162182342   0.0230475875   0.0013564666   0.0005829821  -0.0023705461
       -0.0048307142  -0.0007301520  -0.0003963582  -0.0010299813   0.0004833414
       -0.0013738088  -0.0003082088   0.0000017665  -0.0000557314  -0.0000904618
        0.0000271066  -0.0000799090  -0.0001091902   0.0000948210   0.0000256204
       -0.0001760489  -0.0001245855   0.0003236018   0.0001777058  -0.0009339567
        0.0001945240   0.0000363421   0.0003284511  -0.0000308904   0.0909557317
       -0.0653674981  -0.0756935712   0.0061831216  -0.0060834451  -0.0088004248
        0.0003007851   0.0000250237  -0.0000809503  -0.0002103437   0.0000451529
        0.0000056433  -0.0000323243   0.0000560403  -0.0000050141  -0.0000036575
       -0.0000003438   0.0000155896   0.0000379249  -0.0000794952  -0.0000190789
        0.0007929225   0.0009347069  -0.0002359068   0.0103411922  -0.0231788044
       -0.0182922315   0.0556659973  -0.1255271685  -0.0964702257   0.0024411587
        0.0038481462   0.0019383996  -0.0009396295  -0.0011552159  -0.0002595855
       -0.0002180138   0.0002315705   0.0000696263  -0.0001743178  -0.0000357224
       -0.0001586462  -0.0000010166   0.0000579185  -0.0000096846  -0.0000227126
       -0.0000827268  -0.0000439170   0.0001516859   0.0003645015  -0.0000056809
       -0.0006872739  -0.0000377579   0.0004127764  -0.0008908306  -0.0066539388
        0.0013443138   0.0002789005   0.0006252135  -0.0004914635  -0.0653674981
        0.1470506476   0.1109125036  -0.0012414790   0.0036207509   0.0012490791
       -0.0000276070  -0.0000283790   0.0000045610  -0.0000486370  -0.0000095940
        0.0000247194  -0.0000116418   0.0000121040   0.0000027834  -0.0000061823
       -0.0000234433  -0.0000028733  -0.0000350170  -0.0000128089   0.0000114526
       -0.0003230037   0.0004737881   0.0003532022  -0.0020846694   0.0018640524
        0.0042563052   0.0659314463  -0.0955940394  -0.1476245489   0.0022702642
       -0.0035743177  -0.0021179475  -0.0002950721   0.0015643556   0.0004744945
        0.0003349234   0.0000608669  -0.0001527989  -0.0005467732  -0.0000713491
       -0.0000036365  -0.0000063882   0.0000232773   0.0000072485  -0.0000124455
       -0.0001518771  -0.0003581749  -0.0000324127   0.0001646105  -0.0000489941
       -0.0001196014  -0.0001286305   0.0002391650   0.0003012072   0.0011358321
        0.0008877710  -0.0002155894   0.0004781309   0.0006250502  -0.0756935712
        0.1109125036   0.1697880478   0.0105274937  -0.0171875692  -0.0263405128
       -0.0000278132  -0.0000065826  -0.0000260782   0.0000270154   0.0000038706
        0.0000398307   0.0000035422   0.0000093288   0.0000010741  -0.0000133641
        0.0000052338   0.0000088448  -0.0000251884   0.0000185148  -0.0000083421
        0.0008804851  -0.0005017016   0.0009332545   0.0017536507  -0.0004892492
        0.0028854974  -0.0767235740   0.0195359754  -0.0880655385  -0.0186741224
        0.0034762851  -0.0279478699   0.0012834420   0.0015304536   0.0018967021
       -0.0046701917  -0.0004147250   0.0007575141  -0.0010064742   0.0010344831
        0.0010470701  -0.0003034953   0.0000255026   0.0000537334  -0.0001774919
       -0.0002630431  -0.0002290426  -0.0001082605   0.0000704913  -0.0000649412
       -0.0000912693   0.0000641554   0.0000550773   0.0000400848   0.0003035649
       -0.0001285396   0.0001787562  -0.0009118880   0.0002699608   0.0061831216
       -0.0012414790   0.0105274937   0.0913377547  -0.0222981859   0.0979554739
       -0.0002092450   0.0000385825  -0.0000244552   0.0003066783   0.0000556944
        0.0000604749  -0.0000317964   0.0000527241  -0.0000191151   0.0000377064
       -0.0000628244   0.0000499955  -0.0000057591  -0.0000048160  -0.0000127455
        0.0008541548   0.0007070128   0.0000392676   0.0101815447  -0.0103884785
        0.0260281067   0.0183412435  -0.0505850757   0.0447611027   0.0009786276
        0.0032249357  -0.0047106889  -0.0006896642  -0.0013491980   0.0012309919
       -0.0003094502   0.0000525986  -0.0002131758   0.0001141820   0.0000622546
        0.0001142951  -0.0000018788   0.0000372036  -0.0000056252  -0.0005507501
       -0.0000883342  -0.0002309069   0.0001490707   0.0002057013  -0.0001311235
       -0.0000144858  -0.0000656520  -0.0001155624   0.0003480300   0.0006359086
        0.0004986301  -0.0009252704  -0.0060100018   0.0023344520  -0.0060834451
        0.0036207509  -0.0171875692  -0.0222981859   0.0600153877  -0.0524179137
       -0.0000552574  -0.0000083183   0.0000028187  -0.0000131099  -0.0000300494
       -0.0000064171  -0.0000137700   0.0000040184  -0.0000043732  -0.0000171333
       -0.0000219724  -0.0000029484   0.0000055479  -0.0000186919   0.0000166395
       -0.0000913578  -0.0006584945   0.0005748148  -0.0030516540   0.0059110538
       -0.0086034555  -0.0846409300   0.0439618521  -0.2217156860  -0.0031764133
        0.0006614354  -0.0013450918   0.0006801072  -0.0005740405   0.0006346132
       -0.0001686504  -0.0001876537  -0.0000275744   0.0005636994   0.0000333465
       -0.0001240043   0.0000097658  -0.0000404199   0.0000235299   0.0004261687
        0.0002978986   0.0002954728  -0.0000430928  -0.0003007251   0.0001074208
        0.0000203174  -0.0000016006  -0.0003816757   0.0000609672  -0.0004851426
        0.0006259178   0.0001558282   0.0025388055   0.0002506076  -0.0088004248
        0.0012490791  -0.0263405128   0.0979554739  -0.0524179137   0.2560049815
        0.0000028181   0.0000200096   0.0000390984   0.0000376355   0.0000077907
       -0.0000285276   0.0000031985  -0.0000120879   0.0000072493   0.0000404253
       -0.0000124540  -0.0000023638   0.0000161177   0.0000092611   0.0000051856
       -0.0000912696   0.0000303644  -0.0000427495  -0.0001765229   0.0000068108
       -0.0000795106  -0.0002581061  -0.0002593988  -0.0011159702   0.0001451073
       -0.0033223687   0.0022870148   0.0010394863   0.0009091521  -0.0002889757
       -0.0292020944  -0.0125049994   0.0316716361  -0.0455294424  -0.0155032749
        0.0376916504   0.0025893480   0.0060797393  -0.0119610999   0.0000015668
       -0.0000016121   0.0000124678   0.0000185675   0.0000137408  -0.0000005909
        0.0000076977   0.0000005587  -0.0000048348   0.0000105055   0.0001003412
        0.0001260097   0.0001024647   0.0000739328  -0.0001302981   0.0003007851
       -0.0000276070  -0.0000278132  -0.0002092450  -0.0000552574   0.0000028181
        0.0684276586   0.0200569905  -0.0520749865   0.0032061679   0.0015155708
       -0.0050265890   0.0001727714   0.0002908361  -0.0003513845  -0.0007987022
        0.0031427442  -0.0006738184   0.0002432558  -0.0005462634  -0.0000129758
       -0.0000140850  -0.0000232425  -0.0000134846  -0.0001120993   0.0000620855
       -0.0000024113  -0.0001032192  -0.0001031747   0.0000633265   0.0015114960
        0.0019285407  -0.0006363800  -0.0009781943  -0.0002974220   0.0003887822
       -0.0094473470  -0.0028586999   0.0068129248  -0.0137185362  -0.0668314445
        0.0663153973  -0.0024986090  -0.0118249719   0.0247866484   0.0000033813
        0.0000061170  -0.0000028983  -0.0000085534  -0.0000150027   0.0000083751
        0.0000128034  -0.0000017403  -0.0000017886  -0.0000074311  -0.0000191990
        0.0000441265   0.0000463778  -0.0000299256  -0.0000287897   0.0000250237
       -0.0000283790  -0.0000065826   0.0000385825  -0.0000083183   0.0000200096
        0.0200569905   0.0782912606  -0.0800543001   0.0032464423   0.0056477508
       -0.0200399479  -0.0003429797   0.0004623010   0.0000111436   0.0027570975
       -0.0049156463   0.0017375853  -0.0004671407   0.0005591112   0.0005982639
       -0.0000175927  -0.0000070613   0.0000308501  -0.0000102586  -0.0000579428
       -0.0000035584  -0.0000449829   0.0000219669   0.0000138018  -0.0006438553
        0.0028443191   0.0002427067  -0.0009394723  -0.0013612800  -0.0002549949
        0.0110705828   0.0018344579  -0.0008068165   0.0405018293   0.0665592244
       -0.2323125097  -0.0003061655   0.0051210859  -0.0069353036   0.0000172031
       -0.0000071019   0.0000219462  -0.0000074632   0.0000092765  -0.0000075672
        0.0000012345  -0.0000071130  -0.0000143108   0.0000068024  -0.0000157197
       -0.0000265744  -0.0000636472  -0.0000324113   0.0000427102  -0.0000809503
        0.0000045610  -0.0000260782  -0.0000244552   0.0000028187   0.0000390984
       -0.0520749865  -0.0800543001   0.2658080041   0.0034613510   0.0043283762
       -0.0273401713  -0.0001318253  -0.0001607645   0.0000601299  -0.0010034971
        0.0016767896   0.0007095555   0.0002901491  -0.0006991817   0.0007590822
       -0.0000886592   0.0000442128   0.0000273873  -0.0001756707   0.0000436839
        0.0000680455  -0.0002663030   0.0002833885   0.0011304309   0.0001137708
       -0.0040413245  -0.0005514911   0.0010827533   0.0009428334  -0.0001841963
       -0.0297530582  -0.0247981367  -0.0228140290  -0.0465221261  -0.0319921976
       -0.0292846200   0.0027419569   0.0105696132   0.0081532811   0.0000086985
        0.0000028590   0.0000039891   0.0000182131   0.0000109649  -0.0000068051
        0.0000007671  -0.0000064409  -0.0000102471   0.0001051414   0.0001287297
        0.0000791177   0.0000059507   0.0000266734  -0.0001560480  -0.0002103437
       -0.0000486370   0.0000270154   0.0003066783  -0.0000131099   0.0000376355
        0.0032061679   0.0032464423   0.0034613510   0.0697933304   0.0425221128
        0.0402853815   0.0001831289   0.0004188103   0.0001921971   0.0002405968
       -0.0004756763   0.0002516178  -0.0007909932   0.0031351985  -0.0007100134
       -0.0000025538  -0.0000038945   0.0000329519  -0.0000932989   0.0000763936
       -0.0000362375  -0.0000569447  -0.0000983935   0.0000020270   0.0016220320
        0.0006679990   0.0003733270  -0.0005155110   0.0001020778  -0.0005814460
       -0.0132858955  -0.0055407058  -0.0041255155  -0.0315446324  -0.1485139067
       -0.1054641627  -0.0024411229  -0.0225591157  -0.0174149456   0.0000106102
       -0.0000000822  -0.0000045682  -0.0000055299  -0.0000212702  -0.0000010451
       -0.0000033785   0.0000133392   0.0000068056   0.0000707576   0.0000073449
        0.0000393900  -0.0000138120  -0.0000332389  -0.0000362997   0.0000451529
       -0.0000095940   0.0000038706   0.0000556944  -0.0000300494   0.0000077907
        0.0015155708   0.0056477508   0.0043283762   0.0425221128   0.1744672321
        0.1225578851  -0.0002550658   0.0004442416  -0.0001937977  -0.0005494130
        0.0006297278  -0.0005285330   0.0029252277  -0.0052458560   0.0010341270
        0.0000230603   0.0000226737   0.0000113388   0.0000610711   0.0000194386
       -0.0000165688   0.0000828722   0.0000344187   0.0000096801  -0.0000694745
       -0.0030237056   0.0014151982   0.0012815464   0.0011405585  -0.0006109348
       -0.0055005729   0.0009467827   0.0025802368  -0.0325469533  -0.1056740285
       -0.1495679129   0.0013676950   0.0020992088   0.0036130391  -0.0000058295
        0.0000005328  -0.0000152274   0.0000092993  -0.0000030073  -0.0000014110
       -0.0000164694   0.0000121385   0.0000154162   0.0000327957   0.0000484466
        0.0000024256  -0.0000048043   0.0000128884  -0.0000103719   0.0000056433
        0.0000247194   0.0000398307   0.0000604749  -0.0000064171  -0.0000285276
       -0.0050265890  -0.0200399479  -0.0273401713   0.0402853815   0.1225578851
        0.1681495954   0.0002612076  -0.0000272755   0.0000704621  -0.0000534579
        0.0007621886   0.0006727058  -0.0002468965   0.0010925015   0.0010111970
       -0.0000294531   0.0000009724   0.0000012310  -0.0000103407   0.0000236803
       -0.0000077728  -0.0002455178   0.0002265067  -0.0000554155  -0.0007097422
       -0.0014632115   0.0003549752   0.0003383240   0.0005464995  -0.0001303741
       -0.0023004556   0.0048486346  -0.0010778199  -0.0173017689  -0.0005023270
        0.0002236651  -0.2850811993  -0.0378214407   0.0100572176   0.0000023250
        0.0000056721  -0.0000061823   0.0000179227   0.0000003552   0.0000000823
        0.0000021805   0.0000089276   0.0000035307   0.0000510262   0.0000477579
        0.0000625899   0.0000484245   0.0000083481  -0.0000774575  -0.0000323243
       -0.0000116418   0.0000035422  -0.0000317964  -0.0000137700   0.0000031985
        0.0001727714  -0.0003429797  -0.0001318253   0.0001831289  -0.0002550658
        0.0002612076   0.3281640460   0.0421735856  -0.0112921768  -0.0114345055
       -0.0032172818   0.0030797729  -0.0118030453  -0.0042632215  -0.0012719889
        0.0000054685   0.0000224251   0.0000005004   0.0000144155  -0.0000024918
        0.0000002537   0.0002902589  -0.0002982269   0.0000622609   0.0017712194
        0.0003153749  -0.0000649906  -0.0002836949   0.0001723785  -0.0000551365
        0.0044685791  -0.0047503997   0.0011762958   0.0236565172   0.0022409048
       -0.0006481318  -0.0396551188  -0.0473570576   0.0013335860  -0.0000121481
       -0.0000045958  -0.0000045486  -0.0000015222   0.0000008329  -0.0000002600
       -0.0000139658  -0.0000006294   0.0000062984   0.0000290723  -0.0000334336
        0.0000232955   0.0000083917  -0.0000363118  -0.0000108891   0.0000560403
        0.0000121040   0.0000093288   0.0000527241   0.0000040184  -0.0000120879
        0.0002908361   0.0004623010  -0.0001607645   0.0004188103   0.0004442416
       -0.0000272755   0.0421735856   0.0543545805  -0.0022948800  -0.0106950779
       -0.0012302210   0.0012966654  -0.0225743913  -0.0043157938  -0.0006295204
       -0.0000000065  -0.0000000046   0.0000234516  -0.0000024413   0.0000010965
        0.0000024614  -0.0000608558   0.0000546139  -0.0000547425  -0.0003888078
       -0.0000441457   0.0001419449   0.0000629635  -0.0000571551  -0.0000507583
       -0.0009919276   0.0011743571   0.0003138701  -0.0052060043  -0.0004876998
        0.0001865140   0.0104675627   0.0013268207  -0.0428699453   0.0000058830
       -0.0000003093   0.0000012852  -0.0000000364  -0.0000010088  -0.0000022520
       -0.0000004444   0.0000021436  -0.0000015523   0.0000350259  -0.0000066180
       -0.0000156123  -0.0000452511   0.0000181061  -0.0000079793  -0.0000050141
        0.0000027834   0.0000010741  -0.0000191151  -0.0000043732   0.0000072493
       -0.0003513845   0.0000111436   0.0000601299   0.0001921971  -0.0001937977
        0.0000704621  -0.0112921768  -0.0022948800   0.0458886277   0.0301623711
        0.0057595962  -0.0035709043  -0.0225625376  -0.0052606688  -0.0001233239
        0.0000096828  -0.0000123883   0.0000318474  -0.0000219637  -0.0000054050
       -0.0000788962   0.0000670688   0.0000162659   0.0000650932  -0.0002251574
        0.0010922748  -0.0003790505  -0.0002178328  -0.0004922157   0.0000989811
        0.0018375603  -0.0009311672   0.0002446356   0.0027727887   0.0061537246
       -0.0130994298  -0.0595956010  -0.0217535695   0.0587175645   0.0000349971
       -0.0000055670   0.0000233486  -0.0000075017  -0.0000013206  -0.0000035124
        0.0000090272  -0.0000063711  -0.0000072831  -0.0000028385  -0.0000116188
       -0.0000452511  -0.0001554057   0.0000311419   0.0000649443  -0.0000036575
       -0.0000061823  -0.0000133641   0.0000377064  -0.0000171333   0.0000404253
       -0.0007987022   0.0027570975  -0.0010034971   0.0002405968  -0.0005494130
       -0.0000534579  -0.0114345055  -0.0106950779   0.0301623711   0.0647761657
        0.0224809795  -0.0668036471   0.0026775722   0.0019559456  -0.0079618218
       -0.0000327001   0.0000059544  -0.0000152260  -0.0000127792   0.0000400272
       -0.0000051730  -0.0000476578   0.0000642311  -0.0000643702  -0.0002462123
       -0.0002746682   0.0003306001   0.0000929149   0.0001591752  -0.0001108608
       -0.0012379952   0.0010667479  -0.0009251546  -0.0044790908  -0.0134174389
        0.0268588530  -0.0209049942  -0.0682946661   0.0700402879  -0.0000027913
       -0.0000032352   0.0000047584  -0.0000197685  -0.0000007146   0.0000013126
        0.0000076437  -0.0000073338  -0.0000046582   0.0000115140   0.0000064525
       -0.0000118280   0.0000625194   0.0000606372  -0.0000024272  -0.0000003438
       -0.0000234433   0.0000052338  -0.0000628244  -0.0000219724  -0.0000124540
        0.0031427442  -0.0049156463   0.0016767896  -0.0004756763   0.0006297278
        0.0007621886  -0.0032172818  -0.0012302210   0.0057595962   0.0224809795
        0.0800382389  -0.0844446986   0.0049418000   0.0061181475  -0.0198427695
        0.0000518626  -0.0000287003   0.0000172289   0.0000135812  -0.0000144716
        0.0000215016   0.0000478493  -0.0000502121   0.0000437889   0.0002773152
        0.0000612161  -0.0002335398  -0.0000344900  -0.0003459937   0.0001274640
       -0.0001098548  -0.0003516286   0.0004321669  -0.0002802817   0.0067241729
       -0.0079149865   0.0581799822   0.0713302809  -0.2490903346   0.0000180739
       -0.0000008403  -0.0000041812  -0.0000037388  -0.0000170852   0.0000035800
        0.0000218593   0.0000028794  -0.0000005821  -0.0000333674  -0.0000237624
       -0.0001164528  -0.0000822072   0.0000212139   0.0001130358   0.0000155896
       -0.0000028733   0.0000088448   0.0000499955  -0.0000029484  -0.0000023638
       -0.0006738184   0.0017375853   0.0007095555   0.0002516178  -0.0005285330
        0.0006727058   0.0030797729   0.0012966654  -0.0035709043  -0.0668036471
       -0.0844446986   0.2846579287   0.0060139059   0.0046377334  -0.0258744559
        0.0000079766  -0.0000251392  -0.0000239884  -0.0000230410   0.0000350944
        0.0000764759   0.0000665217  -0.0000147486  -0.0000641844  -0.0002273060
        0.0011521846  -0.0001428004  -0.0002124542  -0.0004820221   0.0001369404
        0.0018195676  -0.0009439712   0.0001456846   0.0029368560   0.0111038316
        0.0091671038  -0.0609372939  -0.0464258476  -0.0452728620   0.0000067689
       -0.0000000309   0.0000089126  -0.0000069538   0.0000009716   0.0000020265
        0.0000352193  -0.0000168003  -0.0000176800  -0.0001540551  -0.0000063057
       -0.0000619355   0.0000022838   0.0000059677   0.0000357573   0.0000379249
       -0.0000350170  -0.0000251884  -0.0000057591   0.0000055479   0.0000161177
        0.0002432558  -0.0004671407   0.0002901491  -0.0007909932   0.0029252277
       -0.0002468965  -0.0118030453  -0.0225743913  -0.0225625376   0.0026775722
        0.0049418000   0.0060139059   0.0663269548   0.0508207892   0.0525249993
       -0.0000492438   0.0000257952   0.0000114448  -0.0000224517   0.0000490085
       -0.0000041380  -0.0000660404   0.0001087973   0.0000324878  -0.0003351765
       -0.0003942644  -0.0002457615   0.0000846628   0.0003100584   0.0000083055
       -0.0010522814   0.0014456291   0.0004675958  -0.0042423480  -0.0254071930
       -0.0185358925  -0.0454223231  -0.1558616305  -0.1133993387  -0.0000023676
       -0.0000044554   0.0000050327  -0.0000168352   0.0000038249  -0.0000017567
       -0.0000101188  -0.0000040540  -0.0000033871   0.0000943371   0.0000567414
        0.0000216034   0.0000220494  -0.0000054569  -0.0000389044  -0.0000794952
       -0.0000128089   0.0000185148  -0.0000048160  -0.0000186919   0.0000092611
       -0.0005462634   0.0005591112  -0.0006991817   0.0031351985  -0.0052458560
        0.0010925015  -0.0042632215  -0.0043157938  -0.0052606688   0.0019559456
        0.0061181475   0.0046377334   0.0508207892   0.1825930915   0.1318845486
       -0.0000309309   0.0000262058   0.0000008110  -0.0000043250   0.0000026711
        0.0000084042  -0.0000230991   0.0000142597   0.0000097650  -0.0001416078
        0.0000105486  -0.0000863279  -0.0000048503   0.0002500963  -0.0000496185
        0.0005859692  -0.0001131176   0.0000393171   0.0021931598   0.0014263602
        0.0039267094  -0.0451539445  -0.1146857468  -0.1601336978  -0.0000235238
        0.0000013910  -0.0000010147   0.0000114196   0.0000154357  -0.0000050123
       -0.0000187966   0.0000034366  -0.0000002899   0.0000562277   0.0000048821
        0.0001127020   0.0000179267  -0.0000291644  -0.0001025777  -0.0000190789
        0.0000114526  -0.0000083421  -0.0000127455   0.0000166395   0.0000051856
       -0.0000129758   0.0005982639   0.0007590822  -0.0007100134   0.0010341270
        0.0010111970  -0.0012719889  -0.0006295204  -0.0001233239  -0.0079618218
       -0.0198427695  -0.0258744559   0.0525249993   0.1318845486   0.1805114872
