           1           2   1.01919788578747     
           2           3   1.00805284917453     
           3           4  0.983920257525334     
           4           5   1.67494424105260     
           4           6   1.17781913749261     
           5           6  0.169556959031003     
           6           7  0.918102013062491     
           7           8   1.01967838937757     
           1           9  0.987056413252230     
           1          10  0.986157537736320     
           1          11  0.987055378902384     
           2          12  0.976785189683567     
           2          13  0.976850014447838     
           3          14  0.945398735551344     
           3          15  0.944563975805535     
           7          16  0.968883752346213     
           7          17  0.968819905010300     
           8          18  0.980043018024118     
           8          19  0.983507667666158     
           8          20  0.983555558734719     
