$hessian                                                                        
        0.4725964087  -0.0115978720   0.0250596530  -0.1722982922  -0.0196461006
        0.0537972742  -0.0213447150  -0.0098467300   0.0035444172  -0.0008411959
       -0.0026076099  -0.0026761958  -0.0002770990  -0.0000663942   0.0007203403
       -0.0006499486   0.0002012805   0.0000732711   0.0001926829   0.0001917900
        0.0001255871  -0.0000038279   0.0000124129   0.0000253107  -0.0991257036
       -0.0786398086  -0.0675578169  -0.0471621673   0.0128982197  -0.0308556753
       -0.1122707988   0.1098829385   0.0056769675  -0.0000972838  -0.0012163406
        0.0019230567  -0.0203411927  -0.0008326681   0.0090979635   0.0005855115
        0.0004846341   0.0006741693   0.0011465995   0.0008060162   0.0003892109
       -0.0000484313   0.0000011100  -0.0000237531  -0.0000190485  -0.0000046122
        0.0000064858   0.0000081872  -0.0000246916   0.0000140238  -0.0000444898
        0.0000108231  -0.0000155654  -0.0000051954  -0.0000063972   0.0000012755
       -0.0115978720   0.5232570755   0.0063066406  -0.0202760806  -0.0698591664
        0.0133510708  -0.0213381835  -0.0081412024   0.0047709280   0.0001590206
       -0.0028495664  -0.0035578884  -0.0004826863  -0.0002944334   0.0014667115
       -0.0015520314   0.0009237528   0.0001268445   0.0000104242   0.0002519252
        0.0000513150  -0.0000764661  -0.0000141394   0.0000396046  -0.0782948326
       -0.1533371874  -0.0917279360   0.0132344963  -0.0778013552   0.0818497391
        0.1092617880  -0.2149034600  -0.0103123215  -0.0108854305  -0.0021453362
        0.0070060404   0.0222682016   0.0034461645  -0.0104349679   0.0004973452
        0.0004917178   0.0003731659  -0.0009088059   0.0009326034   0.0006499708
       -0.0000731832  -0.0000092141   0.0000560234   0.0000612096   0.0000140969
       -0.0000086157  -0.0000082494   0.0000204375  -0.0000108340  -0.0000230137
        0.0000183641  -0.0000026079   0.0000243495  -0.0000010767   0.0000071168
        0.0250596530   0.0063066406   0.5150214763   0.0526996965   0.0128106161
       -0.0910418748  -0.0130294130  -0.0045803560   0.0045303424   0.0008137231
       -0.0014264625  -0.0032582839  -0.0005163259  -0.0007771978   0.0021066872
       -0.0012219838   0.0007070041   0.0000711189  -0.0000286680   0.0002597363
        0.0000031488  -0.0000588492   0.0000235495  -0.0000217772  -0.0670696537
       -0.0914289956  -0.1202382977  -0.0314488855   0.0818870710  -0.2475614697
        0.0059241502  -0.0106112180  -0.0453077339   0.0259108727   0.0070875428
       -0.0152256956   0.0040159517  -0.0000290406  -0.0006498440  -0.0007023826
       -0.0004746659   0.0010802705  -0.0003564487   0.0002904281   0.0003364789
       -0.0000756916   0.0000057968   0.0000964033   0.0000515238  -0.0000265302
        0.0000062864   0.0000091897   0.0000022067   0.0000045172  -0.0000084724
       -0.0000054601   0.0000176824   0.0000320137  -0.0000206652   0.0000305647
       -0.1722982922  -0.0202760806   0.0526996965   0.4655543763  -0.0401988828
       -0.0012618632  -0.0822595361  -0.0392182025  -0.0410289733  -0.0223117458
       -0.0199830410  -0.0067879298  -0.0002468412   0.0023057843  -0.0005330979
       -0.0010341149  -0.0004951765   0.0013126720   0.0000277776   0.0011868219
        0.0010125450   0.0000655208   0.0000158352   0.0000227229  -0.0173657766
       -0.0056249085   0.0059645098   0.0005981741  -0.0013461592   0.0025234353
       -0.0207169426  -0.0001902390   0.0090100163  -0.0464609220   0.0151216553
       -0.0286395393  -0.1068073323   0.1055151228   0.0060522997  -0.0035431811
       -0.0049309815  -0.0065354979   0.0069718312   0.0080386507   0.0062395717
       -0.0002869955  -0.0000071384   0.0000356376   0.0001944578   0.0000663602
       -0.0000599453  -0.0000451124   0.0000077834  -0.0000000612  -0.0000366481
        0.0000227144  -0.0000375873   0.0000013030  -0.0000099181   0.0000113884
       -0.0196461006  -0.0698591664   0.0128106161  -0.0401988828   0.4986590575
       -0.0268457835  -0.0313185996  -0.1160653646  -0.0479438159  -0.0160720890
       -0.0075327388   0.0027102108   0.0004083749   0.0028940764  -0.0019102425
        0.0030180758  -0.0021984575   0.0003413406  -0.0002782181   0.0000554830
        0.0003526752   0.0000585144  -0.0000716165  -0.0000376350  -0.0192285169
       -0.0051850868   0.0072645399  -0.0110974158  -0.0026948736   0.0067656197
        0.0226299719   0.0035900599  -0.0108226869   0.0146580088  -0.0776486534
        0.0789569299   0.1052191827  -0.2072386995  -0.0079737356   0.0034266580
        0.0058334169   0.0026796756  -0.0116589491  -0.0227004917  -0.0162046905
       -0.0000103252   0.0000507196  -0.0001020303   0.0000850351   0.0000644975
       -0.0000682591   0.0000041610   0.0000165189   0.0000099154   0.0000193759
        0.0000144636  -0.0000060656  -0.0000182612   0.0000168554   0.0000234214
        0.0537972742   0.0133510708  -0.0910418748  -0.0012618632  -0.0268457835
        0.5008614277  -0.0293907308  -0.0413040624  -0.1011982002  -0.0049662053
        0.0053741480   0.0110018963   0.0019325144   0.0020404925  -0.0047360024
        0.0037443577  -0.0021202813   0.0006152155  -0.0005177555  -0.0005660103
       -0.0000749951   0.0001469204  -0.0000052536  -0.0001380163  -0.0130510479
       -0.0033445050   0.0058798641   0.0259675022   0.0071091842  -0.0161216925
        0.0038419101  -0.0009645507  -0.0010974317  -0.0295465496   0.0797330803
       -0.2362298748   0.0061362204  -0.0095018037  -0.0463698250  -0.0155559531
       -0.0177129991  -0.0194218774  -0.0013132780  -0.0053494597  -0.0019183175
        0.0000818855  -0.0000350573  -0.0000589251  -0.0000203304   0.0001218845
       -0.0000014910  -0.0000512013   0.0000073061   0.0000041723   0.0000565461
        0.0000035101   0.0000038160  -0.0000302157   0.0000090901   0.0000421318
       -0.0213447150  -0.0213381835  -0.0130294130  -0.0822595361  -0.0313185996
       -0.0293907308   0.4623074576  -0.0608801378   0.0011271767  -0.1424635680
       -0.0218035857   0.0478540189  -0.0046865844  -0.0075540396   0.0148211119
       -0.0516216722   0.0091849498   0.0085680476   0.0008686072   0.0029098278
       -0.0020810625  -0.0014588272  -0.0000443327   0.0005401249  -0.0061780580
       -0.0022435182   0.0020674001   0.0010369668   0.0004013903  -0.0006154621
        0.0009541668  -0.0006480960  -0.0005994970  -0.0043693504  -0.0047941691
       -0.0068946028   0.0062148132   0.0070727232   0.0063722767  -0.0499814577
        0.0212923764  -0.0381479227  -0.1061268789   0.1097348917   0.0090276524
       -0.0006656436  -0.0000464906   0.0003108602  -0.0000003918  -0.0000312396
        0.0001417903   0.0000561160  -0.0000975457   0.0000266322  -0.0003956693
        0.0002260371  -0.0002021451   0.0001142249  -0.0000222581   0.0001037443
       -0.0098467300  -0.0081412024  -0.0045803560  -0.0392182025  -0.1160653646
       -0.0413040624  -0.0608801378   0.4920428828  -0.0474725822  -0.0077605080
       -0.0661627752   0.0012351113  -0.0242047645  -0.0080958283   0.0310371028
        0.0165135249   0.0073815250  -0.0054946149   0.0042834788   0.0018705599
        0.0038372707   0.0009537174   0.0000727995  -0.0003539032  -0.0021502462
        0.0000493632   0.0009830838   0.0003309021   0.0001906697  -0.0004597988
        0.0009407624   0.0011730780   0.0001534624   0.0028218393   0.0054657527
        0.0029497122  -0.0126624846  -0.0227336357  -0.0163606550   0.0213997731
       -0.0764487883   0.0828569170   0.1092288971  -0.2102952511  -0.0074429283
       -0.0008065558  -0.0000072770   0.0004480163   0.0007443970  -0.0001590736
       -0.0001162199  -0.0000231358   0.0000975035  -0.0000433891   0.0002629264
       -0.0002235465   0.0001640894   0.0000725466  -0.0000113916  -0.0000362561
        0.0035444172   0.0047709280   0.0045303424  -0.0410289733  -0.0479438159
       -0.1011982002   0.0011271767  -0.0474725822   0.5038238755   0.0538648043
        0.0088544798  -0.0945657122   0.0321364111   0.0235573810  -0.0182899529
       -0.0039903496   0.0007722675   0.0069195138  -0.0001153623   0.0035673954
        0.0021187722  -0.0002130255   0.0000042278   0.0000853161   0.0023922859
        0.0011054828   0.0002531332   0.0008737318   0.0004394992   0.0011376077
        0.0000934501   0.0004612236   0.0002503892  -0.0156995987  -0.0187001132
       -0.0197200236  -0.0016186493  -0.0042371833  -0.0018702913  -0.0401376991
        0.0833610906  -0.2376635069   0.0089719593  -0.0085457810  -0.0458509830
       -0.0006929249   0.0000965425   0.0002634551   0.0005426030  -0.0000862760
       -0.0002499009  -0.0000011318   0.0000045631   0.0000397430  -0.0001183749
        0.0000421354  -0.0000625958   0.0000692503  -0.0000514653   0.0000490186
       -0.0008411959   0.0001590206   0.0008137231  -0.0223117458  -0.0160720890
       -0.0049662053  -0.1424635680  -0.0077605080   0.0538648043   0.4865531479
        0.0027770563  -0.0916346665  -0.0883817958  -0.0651888048   0.0759494316
       -0.1688832633   0.0687760998  -0.0347484075  -0.0467461575   0.0161507171
       -0.0021852332  -0.0040303695  -0.0003336033   0.0021236082   0.0006702970
        0.0002759328   0.0000560204  -0.0001452774  -0.0000502444  -0.0006448601
       -0.0000346956  -0.0005014177  -0.0001772740  -0.0004378334  -0.0003084204
       -0.0000826709   0.0007696786   0.0013270446   0.0004982075   0.0051537374
       -0.0020435610  -0.0022113163  -0.0185040065   0.0002506455   0.0060546082
        0.0007236662   0.0001200176  -0.0016876403   0.0004101619   0.0017218166
       -0.0003898137  -0.0003715387  -0.0003434660   0.0002016805  -0.0007062631
        0.0009869014  -0.0011361198  -0.0004229783   0.0000568624   0.0003021239
       -0.0026076099  -0.0028495664  -0.0014264625  -0.0199830410  -0.0075327388
        0.0053741480  -0.0218035857  -0.0661627752   0.0088544798   0.0027770563
        0.4998158054  -0.3225817646  -0.0524582555  -0.3032305999   0.2721841619
        0.0735317484  -0.1234849716   0.0471568380   0.0149192681   0.0038053441
       -0.0078911631  -0.0030556358  -0.0006905987   0.0016551081  -0.0009312284
       -0.0000861955   0.0002508924   0.0000538616   0.0000054366  -0.0001395658
        0.0002957153  -0.0002160140  -0.0001991919   0.0006635233   0.0008740256
        0.0008325951  -0.0010251903  -0.0014043103   0.0000271587  -0.0082431240
       -0.0032073950   0.0074017114   0.0223085444   0.0026002051  -0.0123330587
       -0.0010383392   0.0021063156   0.0016449864  -0.0037947241  -0.0001906719
       -0.0006801473   0.0008745148  -0.0003749232   0.0000174186  -0.0011370306
        0.0002996561   0.0001582668   0.0006535321  -0.0000760281  -0.0003064112
       -0.0026761958  -0.0035578884  -0.0032582839  -0.0067879298   0.0027102108
        0.0110018963   0.0478540189   0.0012351113  -0.0945657122  -0.0916346665
       -0.3225817646   0.5651334418   0.0628932663   0.2739687100  -0.3777151919
       -0.0418196173   0.0495974187  -0.0932604272   0.0002070007  -0.0086865239
        0.0088745144   0.0038554937   0.0011773924  -0.0020595267  -0.0019103941
       -0.0008035419   0.0005844962   0.0002194232   0.0001013559   0.0000562779
        0.0001141118   0.0002832560   0.0000636596  -0.0023635823  -0.0005815969
       -0.0007894657  -0.0003938672  -0.0004291088   0.0005383441   0.0221959747
        0.0081468104  -0.0159343243   0.0046796247   0.0006480717   0.0002315934
        0.0034169965  -0.0021797205  -0.0009998994   0.0023984602   0.0010688007
        0.0020758341  -0.0006243669   0.0001333117   0.0000525394   0.0013208259
       -0.0004208139   0.0002317927  -0.0009445766   0.0001705094  -0.0002615585
       -0.0002770990  -0.0004826863  -0.0005163259  -0.0002468412   0.0004083749
        0.0019325144  -0.0046865844  -0.0242047645   0.0321364111  -0.0883817958
       -0.0524582555   0.0628932663   0.0949765335   0.0402600182  -0.0640624760
       -0.0015550578   0.0372685389  -0.0307962697   0.0017690821   0.0023037509
       -0.0050254920   0.0007629239   0.0007131754  -0.0006900740  -0.0002478542
       -0.0001457720  -0.0000820488   0.0000717502   0.0000743233   0.0000209896
        0.0001851615   0.0000322728   0.0000120494   0.0003648180   0.0006345364
        0.0002169778   0.0000025468  -0.0002011046   0.0000636770  -0.0063677368
       -0.0021451120   0.0043127776   0.0018636350  -0.0007944494  -0.0007501565
        0.0008679287  -0.0012233545  -0.0002684083   0.0008675665   0.0000819739
        0.0004308695  -0.0001444429   0.0000446375  -0.0000677707   0.0002358174
       -0.0001975137   0.0001511891  -0.0000603517   0.0000314101   0.0000883002
       -0.0000663942  -0.0002944334  -0.0007771978   0.0023057843   0.0028940764
        0.0020404925  -0.0075540396  -0.0080958283   0.0235573810  -0.0651888048
       -0.3032305999   0.2739687100   0.0402600182   0.3564623614  -0.3650071469
        0.0368498557  -0.0476910202   0.0665911804  -0.0043928306  -0.0012808062
       -0.0015227627   0.0006986748   0.0005248953  -0.0005217819  -0.0002517209
       -0.0001697223   0.0000354685   0.0001019080   0.0000198245   0.0000691477
       -0.0000044668   0.0001720762   0.0000670330   0.0000687766  -0.0000198308
       -0.0005602528   0.0002506060  -0.0001397781  -0.0000982875  -0.0039369025
        0.0001874984   0.0025595755   0.0000506044   0.0004927231   0.0006711006
        0.0002868768  -0.0003308411  -0.0011105662   0.0009252833   0.0002074898
        0.0003020065  -0.0003201145   0.0003442006   0.0000629168   0.0003411921
        0.0000359668  -0.0002396292  -0.0004243062  -0.0000882522  -0.0000873874
        0.0007203403   0.0014667115   0.0021066872  -0.0005330979  -0.0019102425
       -0.0047360024   0.0148211119   0.0310371028  -0.0182899529   0.0759494316
        0.2721841619  -0.3777151919  -0.0640624760  -0.3650071469   0.4352488594
       -0.0301470521   0.0657928038  -0.0344681616   0.0024101805  -0.0035415656
       -0.0004453140  -0.0009785396  -0.0005348203   0.0010210744   0.0008973206
        0.0003597199  -0.0001414903  -0.0002005518  -0.0001350699  -0.0000008637
       -0.0001000786  -0.0002038686  -0.0001218614   0.0008359007  -0.0001910311
        0.0006061257  -0.0000847435   0.0004204992  -0.0001806811   0.0050619466
        0.0013740444  -0.0028232673  -0.0029020871  -0.0007360359   0.0003056530
       -0.0008290533   0.0011294295   0.0003511997  -0.0012534683  -0.0012379512
       -0.0009256197   0.0003975070  -0.0002706932  -0.0000950164  -0.0004714766
       -0.0000358881   0.0001367148   0.0004688857   0.0000398406   0.0001671089
       -0.0006499486  -0.0015520314  -0.0012219838  -0.0010341149   0.0030180758
        0.0037443577  -0.0516216722   0.0165135249  -0.0039903496  -0.1688832633
        0.0735317484  -0.0418196173  -0.0015550578   0.0368498557  -0.0301470521
        0.4323222146  -0.0943799550  -0.0198628652  -0.1264078741  -0.0276264063
        0.0544598911  -0.0362388839   0.0031114124   0.0077789271  -0.0005342301
       -0.0002929880   0.0000237170   0.0001722561   0.0000487465   0.0002179506
        0.0001301257   0.0002017303   0.0000147553   0.0002042122   0.0003831484
       -0.0003348945   0.0004160140  -0.0005868909   0.0000157307   0.0003765741
        0.0009396095   0.0000361250  -0.0062830969  -0.0001977502   0.0034338854
       -0.0141695093   0.0009887677   0.0172248334  -0.0262564577  -0.0127142734
        0.0124847388   0.0022253692  -0.0005459641   0.0005967010  -0.0044032552
        0.0034958048  -0.0031058751   0.0021905980  -0.0011861653   0.0004510245
        0.0002012805   0.0009237528   0.0007070041  -0.0004951765  -0.0021984575
       -0.0021202813   0.0091849498   0.0073815250   0.0007722675   0.0687760998
       -0.1234849716   0.0495974187   0.0372685389  -0.0476910202   0.0657928038
       -0.0943799550   0.2341269087  -0.1397095473  -0.0204786488  -0.0692973536
        0.0187938082   0.0196459750   0.0028956038  -0.0064562177   0.0003645575
        0.0000864141  -0.0001001174  -0.0000428964  -0.0000151390  -0.0001393096
       -0.0001075502  -0.0000486791   0.0000286043  -0.0001383780  -0.0001850981
        0.0001276819   0.0002057731   0.0008114064   0.0002081227  -0.0011121300
       -0.0005862534  -0.0006749924  -0.0006037410   0.0000632738  -0.0001704597
        0.0098621739   0.0023082411  -0.0039289355  -0.0304774903  -0.0046145819
        0.0162087201  -0.0008565594   0.0009123353  -0.0007397648   0.0038159081
       -0.0016245471   0.0017201370  -0.0006327309   0.0002366404   0.0000830575
        0.0000732711   0.0001268445   0.0000711189   0.0013126720   0.0003413406
        0.0006152155   0.0085680476  -0.0054946149   0.0069195138  -0.0347484075
        0.0471568380  -0.0932604272  -0.0307962697   0.0665911804  -0.0344681616
       -0.0198628652  -0.1397095473   0.2297436707   0.0471612305   0.0220678857
       -0.0963525408  -0.0133246920  -0.0014428308   0.0088331319   0.0000147852
        0.0001078108   0.0000212239   0.0000147321  -0.0000415932   0.0000349268
       -0.0001117075   0.0000283981  -0.0000141524   0.0001440041   0.0000690276
       -0.0000239417   0.0000703989   0.0001199098  -0.0001675161  -0.0004348153
       -0.0004143823   0.0008405766   0.0027851076   0.0000042462  -0.0003852140
        0.0351781031   0.0038862526  -0.0201161313   0.0067317770   0.0054546547
       -0.0026073809   0.0001214495  -0.0002538658   0.0000227073  -0.0034020399
        0.0017563452  -0.0007199921   0.0005052184  -0.0003539000   0.0010133728
        0.0001926829   0.0000104242  -0.0000286680   0.0000277776  -0.0002782181
       -0.0005177555   0.0008686072   0.0042834788  -0.0001153623  -0.0467461575
        0.0149192681   0.0002070007   0.0017690821  -0.0043928306   0.0024101805
       -0.1264078741  -0.0204786488   0.0471612305   0.3920998663  -0.0021390017
        0.0385505469  -0.1126155092   0.0485933168  -0.0524770469  -0.0000761150
       -0.0000084601   0.0000553817  -0.0000833124   0.0000128306  -0.0000605778
        0.0000133888  -0.0001110391  -0.0000134359  -0.0001643677  -0.0001073444
        0.0001876494  -0.0003234820  -0.0000718223   0.0000350523  -0.0001500344
        0.0001291900  -0.0004145409  -0.0013706994  -0.0007031926   0.0003995371
       -0.0388629703  -0.0051863429  -0.0181518903  -0.0482937916  -0.0486123683
       -0.0037182593   0.0039806702  -0.0009797906   0.0033839239  -0.0208877249
        0.0139161230  -0.0122620510  -0.0029700366   0.0012044280  -0.0046309150
        0.0001917900   0.0002519252   0.0002597363   0.0011868219   0.0000554830
       -0.0005660103   0.0029098278   0.0018705599   0.0035673954   0.0161507171
        0.0038053441  -0.0086865239   0.0023037509  -0.0012808062  -0.0035415656
       -0.0276264063  -0.0692973536   0.0220678857  -0.0021390017   0.5137682249
        0.0069251764   0.0465344991  -0.1110407876   0.0431755791   0.0000973702
        0.0000494997  -0.0000557067  -0.0000158074   0.0000257219  -0.0000098585
        0.0000116971  -0.0000248598  -0.0000021261  -0.0000723331  -0.0000296720
       -0.0000717758  -0.0001025719  -0.0001524343  -0.0000416551  -0.0001357984
       -0.0000028336   0.0000665354   0.0003013918   0.0000091982  -0.0000391327
       -0.0079942021  -0.0692548148  -0.0698687058  -0.0467798192  -0.2529913772
       -0.0069025811   0.0204028887  -0.0219022878   0.0176970491  -0.0004319702
        0.0007736161  -0.0008912481  -0.0047928443   0.0053676539  -0.0030824678
        0.0001255871   0.0000513150   0.0000031488   0.0010125450   0.0003526752
       -0.0000749951  -0.0020810625   0.0038372707   0.0021187722  -0.0021852332
       -0.0078911631   0.0088745144  -0.0050254920  -0.0015227627  -0.0004453140
        0.0544598911   0.0187938082  -0.0963525408   0.0385505469   0.0069251764
        0.4923688061  -0.0495916002   0.0423463348  -0.1108137760   0.0000702363
       -0.0000189937  -0.0000600648   0.0000420379   0.0000077206   0.0000505220
        0.0000489542   0.0000459878   0.0000209786  -0.0000659635   0.0001050842
       -0.0001336488   0.0000779619  -0.0002737720   0.0000271425   0.0002648380
       -0.0000788584   0.0003595792  -0.0008365630   0.0001233293   0.0006001972
       -0.0189580088  -0.0709236165  -0.2363369671  -0.0008952468  -0.0059217374
       -0.0437260525  -0.0012321185   0.0033618428  -0.0007191113   0.0074053745
       -0.0055083053   0.0052012468  -0.0211866846   0.0161886640  -0.0209624375
       -0.0000038279  -0.0000764661  -0.0000588492   0.0000655208   0.0000585144
        0.0001469204  -0.0014588272   0.0009537174  -0.0002130255  -0.0040303695
       -0.0030556358   0.0038554937   0.0007629239   0.0006986748  -0.0009785396
       -0.0362388839   0.0196459750  -0.0133246920  -0.1126155092   0.0465344991
       -0.0495916002   0.5060977415   0.0250563877  -0.0269570278  -0.0000698482
       -0.0000340329  -0.0000091691   0.0000065967   0.0000183027  -0.0000004653
       -0.0000259452   0.0000213252   0.0000100078  -0.0000137650   0.0000136416
       -0.0000119768  -0.0000017795   0.0000853226   0.0000419676   0.0000849607
        0.0000669219  -0.0001706707  -0.0004788512  -0.0000334873   0.0001808107
       -0.0029201796   0.0023465173  -0.0050209642   0.0031477515  -0.0004630800
        0.0018054149  -0.0632180986  -0.0684290384  -0.0003930587  -0.2462578233
       -0.0209661686   0.0949855973  -0.0428317870  -0.0024418907  -0.0042961732
        0.0000124129  -0.0000141394   0.0000235495   0.0000158352  -0.0000716165
       -0.0000052536  -0.0000443327   0.0000727995   0.0000042278  -0.0003336033
       -0.0006905987   0.0011773924   0.0007131754   0.0005248953  -0.0005348203
        0.0031114124   0.0028956038  -0.0014428308   0.0485933168  -0.1110407876
        0.0423463348   0.0250563877   0.5087761849   0.0185921932   0.0000216104
        0.0000157951  -0.0000083193   0.0000092596   0.0000113127  -0.0000096267
       -0.0000099112   0.0000102064   0.0000043096   0.0000073465   0.0000109104
       -0.0000325917  -0.0000282275   0.0000333669  -0.0000035771   0.0000398320
        0.0000129260   0.0000056831  -0.0000227698   0.0000341778   0.0000171716
       -0.0042268927   0.0048829717  -0.0036798460   0.0189589800  -0.0191577627
        0.0163654660  -0.0696492814  -0.2691276798  -0.0026794548  -0.0198968408
       -0.0439418092   0.0084813173  -0.0023277095  -0.0732367568  -0.0786213249
        0.0000253107   0.0000396046  -0.0000217772   0.0000227229  -0.0000376350
       -0.0001380163   0.0005401249  -0.0003539032   0.0000853161   0.0021236082
        0.0016551081  -0.0020595267  -0.0006900740  -0.0005217819   0.0010210744
        0.0077789271  -0.0064562177   0.0088331319  -0.0524770469   0.0431755791
       -0.1108137760  -0.0269570278   0.0185921932   0.5115982100  -0.0000021342
        0.0000071322   0.0000098932  -0.0000278786  -0.0000156061   0.0000333570
       -0.0000107269  -0.0000093465   0.0000127757   0.0000170264  -0.0000099871
        0.0000670050  -0.0000272792   0.0000139417  -0.0000191940  -0.0000714836
       -0.0000053098   0.0000835542   0.0001288016  -0.0000219429  -0.0000254171
       -0.0194494796   0.0149165966  -0.0183771017  -0.0012985030   0.0019204391
        0.0000389808   0.0001839582  -0.0017400646  -0.0444844680   0.0935139271
        0.0088435956  -0.0850893119  -0.0033227730  -0.0799923953  -0.2607547092
       -0.0991257036  -0.0782948326  -0.0670696537  -0.0173657766  -0.0192285169
       -0.0130510479  -0.0061780580  -0.0021502462   0.0023922859   0.0006702970
       -0.0009312284  -0.0019103941  -0.0002478542  -0.0002517209   0.0008973206
       -0.0005342301   0.0003645575   0.0000147852  -0.0000761150   0.0000973702
        0.0000702363  -0.0000698482   0.0000216104  -0.0000021342   0.1166931356
        0.0929034812   0.0761136141  -0.0025666335  -0.0039569189  -0.0058338045
        0.0078577328   0.0113079857   0.0088123319   0.0005899951  -0.0000593340
       -0.0003361471   0.0001840498  -0.0001480972  -0.0005469025   0.0001571461
        0.0001035611   0.0002674239   0.0000019443   0.0002611193   0.0001476926
       -0.0000286654  -0.0000073348   0.0000274674   0.0000251609  -0.0000077335
        0.0000002449   0.0000010342  -0.0000128845  -0.0000085653  -0.0000068499
       -0.0000082795   0.0000033658   0.0000192387  -0.0000025578   0.0000118809
       -0.0786398086  -0.1533371874  -0.0914289956  -0.0056249085  -0.0051850868
       -0.0033445050  -0.0022435182   0.0000493632   0.0011054828   0.0002759328
       -0.0000861955  -0.0008035419  -0.0001457720  -0.0001697223   0.0003597199
       -0.0002929880   0.0000864141   0.0001078108  -0.0000084601   0.0000494997
       -0.0000189937  -0.0000340329   0.0000157951   0.0000071322   0.0929034812
        0.1748301946   0.1062145192   0.0049130201   0.0070920528   0.0056615789
       -0.0117779050  -0.0239242626  -0.0180836961   0.0000437761  -0.0002296739
        0.0000131740   0.0004153091   0.0004910737  -0.0000177741   0.0001271106
       -0.0000144218   0.0001569884   0.0000750907   0.0003365473   0.0000564255
       -0.0000091696   0.0000021624   0.0000182041   0.0000070414  -0.0000129846
       -0.0000002680   0.0000105545   0.0000042111  -0.0000041352  -0.0000078488
        0.0000030396   0.0000030092   0.0000130953  -0.0000008185  -0.0000021355
       -0.0675578169  -0.0917279360  -0.1202382977   0.0059645098   0.0072645399
        0.0058798641   0.0020674001   0.0009830838   0.0002531332   0.0000560204
        0.0002508924   0.0005844962  -0.0000820488   0.0000354685  -0.0001414903
        0.0000237170  -0.0001001174   0.0000212239   0.0000553817  -0.0000557067
       -0.0000600648  -0.0000091691  -0.0000083193   0.0000098932   0.0761136141
        0.1062145192   0.1367545036  -0.0158430815  -0.0202629781  -0.0221806617
       -0.0010652243  -0.0032341101  -0.0015953179   0.0002841097   0.0002624252
        0.0005150594  -0.0002550039   0.0002456001   0.0001839493   0.0002279118
       -0.0000083252   0.0001040026   0.0000226920   0.0001310205  -0.0000933720
        0.0000080951   0.0000081321   0.0000045890  -0.0000114770  -0.0000008615
        0.0000043417   0.0000007125   0.0000014587  -0.0000079684  -0.0000035158
        0.0000036592   0.0000043110   0.0000031730  -0.0000024452  -0.0000021941
       -0.0471621673   0.0132344963  -0.0314488855   0.0005981741  -0.0110974158
        0.0259675022   0.0010369668   0.0003309021   0.0008737318  -0.0001452774
        0.0000538616   0.0002194232   0.0000717502   0.0001019080  -0.0002005518
        0.0001722561  -0.0000428964   0.0000147321  -0.0000833124  -0.0000158074
        0.0000420379   0.0000065967   0.0000092596  -0.0000278786  -0.0025666335
        0.0049130201  -0.0158430815   0.0556789025  -0.0135536231   0.0333686726
       -0.0031106717   0.0082000032  -0.0163955427  -0.0048774377  -0.0017182177
        0.0036009947   0.0008310513  -0.0003426552   0.0002534738  -0.0003381839
       -0.0001366292  -0.0002917730  -0.0001275912   0.0000658523  -0.0001317862
        0.0000224919  -0.0000125152  -0.0000143609   0.0000179297   0.0000155862
       -0.0000007376  -0.0000216792   0.0000014444   0.0000140584   0.0000167389
       -0.0000001657  -0.0000036753  -0.0000199038  -0.0000064082   0.0000036464
        0.0128982197  -0.0778013552   0.0818870710  -0.0013461592  -0.0026948736
        0.0071091842   0.0004013903   0.0001906697   0.0004394992  -0.0000502444
        0.0000054366   0.0001013559   0.0000743233   0.0000198245  -0.0001350699
        0.0000487465  -0.0000151390  -0.0000415932   0.0000128306   0.0000257219
        0.0000077206   0.0000183027   0.0000113127  -0.0000156061  -0.0039569189
        0.0070920528  -0.0202629781  -0.0135536231   0.0862817130  -0.0962198709
        0.0071047686  -0.0137764431   0.0270592296  -0.0015327888   0.0005435267
        0.0008512457   0.0002937446   0.0003634876  -0.0007176854  -0.0005476904
        0.0000271414  -0.0002032534   0.0001032991  -0.0002602037   0.0001532839
        0.0000167209  -0.0000037945  -0.0000072869   0.0000104599  -0.0000068395
        0.0000079588   0.0000049251   0.0000041811  -0.0000034573   0.0000082760
       -0.0000009001   0.0000003395  -0.0000085825  -0.0000055191  -0.0000100872
       -0.0308556753   0.0818497391  -0.2475614697   0.0025234353   0.0067656197
       -0.0161216925  -0.0006154621  -0.0004597988   0.0011376077  -0.0006448601
       -0.0001395658   0.0000562779   0.0000209896   0.0000691477  -0.0000008637
        0.0002179506  -0.0001393096   0.0000349268  -0.0000605778  -0.0000098585
        0.0000505220  -0.0000004653  -0.0000096267   0.0000333570  -0.0058338045
        0.0056615789  -0.0221806617   0.0333686726  -0.0962198709   0.2867663179
       -0.0016318176   0.0019614722  -0.0010678379   0.0036153601   0.0006025113
       -0.0013453244  -0.0003925384  -0.0001865207   0.0001019360   0.0003254426
        0.0001593910   0.0003023325   0.0000015270   0.0000852515  -0.0001820105
       -0.0000183096   0.0000141869  -0.0000232422  -0.0000168586   0.0000080594
       -0.0000027942   0.0000064831  -0.0000166576  -0.0000094864  -0.0000066813
       -0.0000003365  -0.0000011902  -0.0000028104   0.0000045873   0.0000132956
       -0.1122707988   0.1092617880   0.0059241502  -0.0207169426   0.0226299719
        0.0038419101   0.0009541668   0.0009407624   0.0000934501  -0.0000346956
        0.0002957153   0.0001141118   0.0001851615  -0.0000044668  -0.0001000786
        0.0001301257  -0.0001075502  -0.0001117075   0.0000133888   0.0000116971
        0.0000489542  -0.0000259452  -0.0000099112  -0.0000107269   0.0078577328
       -0.0117779050  -0.0010652243  -0.0031106717   0.0071047686  -0.0016318176
        0.1326476912  -0.1272149136  -0.0097103056   0.0007993691   0.0002856924
       -0.0004603515  -0.0060020952  -0.0006486836   0.0031918604  -0.0001117385
        0.0000523697  -0.0000497602  -0.0003537886  -0.0008128971  -0.0000646502
        0.0000189329   0.0000148428  -0.0000076939   0.0000000094  -0.0000120986
       -0.0000152710   0.0000125277  -0.0000094228   0.0000037390   0.0000078960
       -0.0000057957   0.0000066974  -0.0000003255   0.0000060365   0.0000027142
        0.1098829385  -0.2149034600  -0.0106112180  -0.0001902390   0.0035900599
       -0.0009645507  -0.0006480960   0.0011730780   0.0004612236  -0.0005014177
       -0.0002160140   0.0002832560   0.0000322728   0.0001720762  -0.0002038686
        0.0002017303  -0.0000486791   0.0000283981  -0.0001110391  -0.0000248598
        0.0000459878   0.0000213252   0.0000102064  -0.0000093465   0.0113079857
       -0.0239242626  -0.0032341101   0.0082000032  -0.0137764431   0.0019614722
       -0.1272149136   0.2467439504   0.0124988058  -0.0002705098   0.0004080828
       -0.0002522882  -0.0008470635   0.0009055396  -0.0000312306   0.0001108497
       -0.0002546516   0.0000231325   0.0000469618   0.0001263155   0.0000042077
       -0.0000014459  -0.0000097689  -0.0000110235  -0.0000051581   0.0000236642
        0.0000068874  -0.0000127261  -0.0000019382   0.0000016523   0.0000084819
        0.0000059715  -0.0000051350  -0.0000099404   0.0000011328   0.0000077477
        0.0056769675  -0.0103123215  -0.0453077339   0.0090100163  -0.0108226869
       -0.0010974317  -0.0005994970   0.0001534624   0.0002503892  -0.0001772740
       -0.0001991919   0.0000636596   0.0000120494   0.0000670330  -0.0001218614
        0.0000147553   0.0000286043  -0.0000141524  -0.0000134359  -0.0000021261
        0.0000209786   0.0000100078   0.0000043096   0.0000127757   0.0088123319
       -0.0180836961  -0.0015953179  -0.0163955427   0.0270592296  -0.0010678379
       -0.0097103056   0.0124988058   0.0492970471   0.0002777422  -0.0007246674
        0.0001370924   0.0032275949   0.0002141089  -0.0006330399  -0.0000618547
        0.0001582689  -0.0001756954  -0.0000703211  -0.0000403644   0.0002319541
       -0.0000036402  -0.0000079136  -0.0000083606   0.0000006032   0.0000034932
        0.0000043788  -0.0000063658  -0.0000000064  -0.0000004808   0.0000036801
        0.0000005568   0.0000023901  -0.0000075117   0.0000051019   0.0000012465
       -0.0000972838  -0.0108854305   0.0259108727  -0.0464609220   0.0146580088
       -0.0295465496  -0.0043693504   0.0028218393  -0.0156995987  -0.0004378334
        0.0006635233  -0.0023635823   0.0003648180   0.0000687766   0.0008359007
        0.0002042122  -0.0001383780   0.0001440041  -0.0001643677  -0.0000723331
       -0.0000659635  -0.0000137650   0.0000073465   0.0000170264   0.0005899951
        0.0000437761   0.0002841097  -0.0048774377  -0.0015327888   0.0036153601
        0.0007993691  -0.0002705098   0.0002777422   0.0581528241  -0.0124811302
        0.0340161605  -0.0028737935   0.0092715957  -0.0160338991  -0.0012966317
       -0.0025179876  -0.0020386933   0.0004937560   0.0003600843   0.0006021084
       -0.0000537856   0.0000360172   0.0000233233  -0.0000097004  -0.0000003287
       -0.0000066547   0.0000137783  -0.0000173510  -0.0000138549   0.0000068847
       -0.0000155982   0.0000087305   0.0000292336   0.0000008679   0.0000334574
       -0.0012163406  -0.0021453362   0.0070875428   0.0151216553  -0.0776486534
        0.0797330803  -0.0047941691   0.0054657527  -0.0187001132  -0.0003084204
        0.0008740256  -0.0005815969   0.0006345364  -0.0000198308  -0.0001910311
        0.0003831484  -0.0001850981   0.0000690276  -0.0001073444  -0.0000296720
        0.0001050842   0.0000136416   0.0000109104  -0.0000099871  -0.0000593340
       -0.0002296739   0.0002624252  -0.0017182177   0.0005435267   0.0006025113
        0.0002856924   0.0004080828  -0.0007246674  -0.0124811302   0.0880230668
       -0.0901505439   0.0068395771  -0.0138329534   0.0260347123  -0.0025836507
       -0.0019357315  -0.0029200541  -0.0000166239   0.0007013866  -0.0005905602
        0.0000298619  -0.0000014838  -0.0000143034  -0.0000090541   0.0000028063
       -0.0000218599  -0.0000169839  -0.0000071951   0.0000199416   0.0000116746
        0.0000043067   0.0000020313  -0.0000085187   0.0000017638  -0.0000116391
        0.0019230567   0.0070060404  -0.0152256956  -0.0286395393   0.0789569299
       -0.2362298748  -0.0068946028   0.0029497122  -0.0197200236  -0.0000826709
        0.0008325951  -0.0007894657   0.0002169778  -0.0005602528   0.0006061257
       -0.0003348945   0.0001276819  -0.0000239417   0.0001876494  -0.0000717758
       -0.0001336488  -0.0000119768  -0.0000325917   0.0000670050  -0.0003361471
        0.0000131740   0.0005150594   0.0036009947   0.0008512457  -0.0013453244
       -0.0004603515  -0.0002522882   0.0001370924   0.0340161605  -0.0901505439
        0.2756065330  -0.0014418835   0.0028792060  -0.0012911830  -0.0021069140
       -0.0029966592  -0.0023524793   0.0003139857   0.0004214445   0.0002102576
        0.0000028754   0.0000359783   0.0000147427  -0.0000019633  -0.0000176046
       -0.0000225298   0.0000200168   0.0000026389  -0.0000235846   0.0000015533
       -0.0000048546   0.0000133672   0.0000276735   0.0000099240  -0.0000124316
       -0.0203411927   0.0222682016   0.0040159517  -0.1068073323   0.1052191827
        0.0061362204   0.0062148132  -0.0126624846  -0.0016186493   0.0007696786
       -0.0010251903  -0.0003938672   0.0000025468   0.0002506060  -0.0000847435
        0.0004160140   0.0002057731   0.0000703989  -0.0003234820  -0.0001025719
        0.0000779619  -0.0000017795  -0.0000282275  -0.0000272792   0.0001840498
        0.0004153091  -0.0002550039   0.0008310513   0.0002937446  -0.0003925384
       -0.0060020952  -0.0008470635   0.0032275949  -0.0028737935   0.0068395771
       -0.0014418835   0.1283727868  -0.1184401911  -0.0081351838   0.0004954855
       -0.0000401346   0.0002871147  -0.0009521107  -0.0024223831  -0.0015053871
       -0.0000323626  -0.0000323089   0.0000566971   0.0000761916   0.0000535599
       -0.0000109799  -0.0000604135   0.0000456110  -0.0000243429   0.0000272702
        0.0000050492   0.0000091240   0.0000046741   0.0000039413   0.0000087952
       -0.0008326681   0.0034461645  -0.0000290406   0.1055151228  -0.2072386995
       -0.0095018037   0.0070727232  -0.0227336357  -0.0042371833   0.0013270446
       -0.0014043103  -0.0004291088  -0.0002011046  -0.0001397781   0.0004204992
       -0.0005868909   0.0008114064   0.0001199098  -0.0000718223  -0.0001524343
       -0.0002737720   0.0000853226   0.0000333669   0.0000139417  -0.0001480972
        0.0004910737   0.0002456001  -0.0003426552   0.0003634876  -0.0001865207
       -0.0006486836   0.0009055396   0.0002141089   0.0092715957  -0.0138329534
        0.0028792060  -0.1184401911   0.2418041205   0.0133689901   0.0004430771
        0.0008256057   0.0004461200  -0.0025451862  -0.0032019165  -0.0030600211
        0.0000169844  -0.0000114054   0.0000139110   0.0000683220   0.0000214624
        0.0000077021  -0.0000181550   0.0000533595  -0.0000061459   0.0000355557
       -0.0000173787   0.0000042550  -0.0000002937  -0.0000230750  -0.0000106475
        0.0090979635  -0.0104349679  -0.0006498440   0.0060522997  -0.0079737356
       -0.0463698250   0.0063722767  -0.0163606550  -0.0018702913   0.0004982075
        0.0000271587   0.0005383441   0.0000636770  -0.0000982875  -0.0001806811
        0.0000157307   0.0002081227  -0.0001675161   0.0000350523  -0.0000416551
        0.0000271425   0.0000419676  -0.0000035771  -0.0000191940  -0.0005469025
       -0.0000177741   0.0001839493   0.0002534738  -0.0007176854   0.0001019360
        0.0031918604  -0.0000312306  -0.0006330399  -0.0160338991   0.0260347123
       -0.0012911830  -0.0081351838   0.0133689901   0.0516076919   0.0006121179
       -0.0006759829   0.0002448797  -0.0015909025  -0.0033175416  -0.0013959585
        0.0000957462   0.0000267091  -0.0000666929   0.0000147981   0.0000031423
       -0.0000272776  -0.0000277144   0.0000152241   0.0000249393   0.0000204542
        0.0000115839  -0.0000135934  -0.0000310233  -0.0000225504  -0.0000437860
        0.0005855115   0.0004973452  -0.0007023826  -0.0035431811   0.0034266580
       -0.0155559531  -0.0499814577   0.0213997731  -0.0401376991   0.0051537374
       -0.0082431240   0.0221959747  -0.0063677368  -0.0039369025   0.0050619466
        0.0003765741  -0.0011121300  -0.0004348153  -0.0001500344  -0.0001357984
        0.0002648380   0.0000849607   0.0000398320  -0.0000714836   0.0001571461
        0.0001271106   0.0002279118  -0.0003381839  -0.0005476904   0.0003254426
       -0.0001117385   0.0001108497  -0.0000618547  -0.0012966317  -0.0025836507
       -0.0021069140   0.0004954855   0.0004430771   0.0006121179   0.0578415608
       -0.0178309383   0.0456386666  -0.0030760186   0.0083368844  -0.0151374775
        0.0000923191  -0.0000594841  -0.0000793312   0.0001123352   0.0000592123
       -0.0000058436  -0.0000229193   0.0000446257   0.0000258236   0.0000781642
       -0.0000162926  -0.0000162237  -0.0000898927  -0.0000193570  -0.0000427435
        0.0004846341   0.0004917178  -0.0004746659  -0.0049309815   0.0058334169
       -0.0177129991   0.0212923764  -0.0764487883   0.0833610906  -0.0020435610
       -0.0032073950   0.0081468104  -0.0021451120   0.0001874984   0.0013740444
        0.0009396095  -0.0005862534  -0.0004143823   0.0001291900  -0.0000028336
       -0.0000788584   0.0000669219   0.0000129260  -0.0000053098   0.0001035611
       -0.0000144218  -0.0000083252  -0.0001366292   0.0000271414   0.0001593910
        0.0000523697  -0.0002546516   0.0001582689  -0.0025179876  -0.0019357315
       -0.0029966592  -0.0000401346   0.0008256057  -0.0006759829  -0.0178309383
        0.0873269089  -0.0944745523   0.0064697590  -0.0121735552   0.0237393753
        0.0000817472  -0.0000377590  -0.0000825349   0.0000160637  -0.0000219483
        0.0000407538   0.0000269572  -0.0000157601  -0.0000308541   0.0000144635
       -0.0000259461   0.0000054930  -0.0000323090   0.0000198287  -0.0000301032
        0.0006741693   0.0003731659   0.0010802705  -0.0065354979   0.0026796756
       -0.0194218774  -0.0381479227   0.0828569170  -0.2376635069  -0.0022113163
        0.0074017114  -0.0159343243   0.0043127776   0.0025595755  -0.0028232673
        0.0000361250  -0.0006749924   0.0008405766  -0.0004145409   0.0000665354
        0.0003595792  -0.0001706707   0.0000056831   0.0000835542   0.0002674239
        0.0001569884   0.0001040026  -0.0002917730  -0.0002032534   0.0003023325
       -0.0000497602   0.0000231325  -0.0001756954  -0.0020386933  -0.0029200541
       -0.0023524793   0.0002871147   0.0004461200   0.0002448797   0.0456386666
       -0.0944745523   0.2754382488  -0.0009562768   0.0017223374  -0.0001850969
       -0.0002059782   0.0000623927   0.0000714838  -0.0001562804  -0.0000542083
        0.0000044811   0.0000234536  -0.0000696487  -0.0000150947  -0.0000841840
        0.0000211386  -0.0000161227   0.0000231638   0.0000213359   0.0000580559
        0.0011465995  -0.0009088059  -0.0003564487   0.0069718312  -0.0116589491
       -0.0013132780  -0.1061268789   0.1092288971   0.0089719593  -0.0185040065
        0.0223085444   0.0046796247   0.0018636350   0.0000506044  -0.0029020871
       -0.0062830969  -0.0006037410   0.0027851076  -0.0013706994   0.0003013918
       -0.0008365630  -0.0004788512  -0.0000227698   0.0001288016   0.0000019443
        0.0000750907   0.0000226920  -0.0001275912   0.0001032991   0.0000015270
       -0.0003537886   0.0000469618  -0.0000703211   0.0004937560  -0.0000166239
        0.0003139857  -0.0009521107  -0.0025451862  -0.0015909025  -0.0030760186
        0.0064697590  -0.0009562768   0.1267638161  -0.1228407390  -0.0087661590
        0.0001566604  -0.0000268135  -0.0001221748  -0.0000953210   0.0000420995
        0.0000115729   0.0000457675  -0.0000853781   0.0000147964  -0.0000977429
        0.0000656353  -0.0000517510   0.0000220958   0.0000167232   0.0000358944
        0.0008060162   0.0009326034   0.0002904281   0.0080386507  -0.0227004917
       -0.0053494597   0.1097348917  -0.2102952511  -0.0085457810   0.0002506455
        0.0026002051   0.0006480717  -0.0007944494   0.0004927231  -0.0007360359
       -0.0001977502   0.0000632738   0.0000042462  -0.0007031926   0.0000091982
        0.0001233293  -0.0000334873   0.0000341778  -0.0000219429   0.0002611193
        0.0003365473   0.0001310205   0.0000658523  -0.0002602037   0.0000852515
       -0.0008128971   0.0001263155  -0.0000403644   0.0003600843   0.0007013866
        0.0004214445  -0.0024223831  -0.0032019165  -0.0033175416   0.0083368844
       -0.0121735552   0.0017223374  -0.1228407390   0.2433158350   0.0145831488
       -0.0000109565  -0.0000357887  -0.0000122987   0.0000324864   0.0000410395
        0.0000146901  -0.0000367895   0.0000075793   0.0000054149  -0.0000117312
        0.0000148622  -0.0000100678  -0.0000222549  -0.0000085400   0.0000041089
        0.0003892109   0.0006499708   0.0003364789   0.0062395717  -0.0162046905
       -0.0019183175   0.0090276524  -0.0074429283  -0.0458509830   0.0060546082
       -0.0123330587   0.0002315934  -0.0007501565   0.0006711006   0.0003056530
        0.0034338854  -0.0001704597  -0.0003852140   0.0003995371  -0.0000391327
        0.0006001972   0.0001808107   0.0000171716  -0.0000254171   0.0001476926
        0.0000564255  -0.0000933720  -0.0001317862   0.0001532839  -0.0001820105
       -0.0000646502   0.0000042077   0.0002319541   0.0006021084  -0.0005905602
        0.0002102576  -0.0015053871  -0.0030600211  -0.0013959585  -0.0151374775
        0.0237393753  -0.0001850969  -0.0087661590   0.0145831488   0.0480875921
       -0.0001046904  -0.0000119168   0.0000293645  -0.0000191398  -0.0000289912
        0.0000134653  -0.0000135120   0.0000041233  -0.0000190228   0.0000232903
       -0.0000260839   0.0000208244  -0.0000054090   0.0000290358  -0.0000119881
       -0.0000484313  -0.0000731832  -0.0000756916  -0.0002869955  -0.0000103252
        0.0000818855  -0.0006656436  -0.0008065558  -0.0006929249   0.0007236662
       -0.0010383392   0.0034169965   0.0008679287   0.0002868768  -0.0008290533
       -0.0141695093   0.0098621739   0.0351781031  -0.0388629703  -0.0079942021
       -0.0189580088  -0.0029201796  -0.0042268927  -0.0194494796  -0.0000286654
       -0.0000091696   0.0000080951   0.0000224919   0.0000167209  -0.0000183096
        0.0000189329  -0.0000014459  -0.0000036402  -0.0000537856   0.0000298619
        0.0000028754  -0.0000323626   0.0000169844   0.0000957462   0.0000923191
        0.0000817472  -0.0002059782   0.0001566604  -0.0000109565  -0.0001046904
        0.0557716625   0.0051868221   0.0114033224   0.0012515555  -0.0034606814
       -0.0070007270   0.0005152051  -0.0005712945   0.0003936780   0.0000892792
       -0.0000909492  -0.0004101980  -0.0024411584   0.0028128081  -0.0028320004
        0.0000011100  -0.0000092141   0.0000057968  -0.0000071384   0.0000507196
       -0.0000350573  -0.0000464906  -0.0000072770   0.0000965425   0.0001200176
        0.0021063156  -0.0021797205  -0.0012233545  -0.0003308411   0.0011294295
        0.0009887677   0.0023082411   0.0038862526  -0.0051863429  -0.0692548148
       -0.0709236165   0.0023465173   0.0048829717   0.0149165966  -0.0000073348
        0.0000021624   0.0000081321  -0.0000125152  -0.0000037945   0.0000141869
        0.0000148428  -0.0000097689  -0.0000079136   0.0000360172  -0.0000014838
        0.0000359783  -0.0000323089  -0.0000114054   0.0000267091  -0.0000594841
       -0.0000377590   0.0000623927  -0.0000268135  -0.0000357887  -0.0000119168
        0.0051868221   0.0759750551   0.0795731405  -0.0041224975  -0.0154630056
       -0.0299104182   0.0000502952   0.0005682134   0.0007594751  -0.0003596691
        0.0002189733  -0.0000035301   0.0023395597  -0.0009474992   0.0025575404
       -0.0000237531   0.0000560234   0.0000964033   0.0000356376  -0.0001020303
       -0.0000589251   0.0003108602   0.0004480163   0.0002634551  -0.0016876403
        0.0016449864  -0.0009998994  -0.0002684083  -0.0011105662   0.0003511997
        0.0172248334  -0.0039289355  -0.0201161313  -0.0181518903  -0.0698687058
       -0.2363369671  -0.0050209642  -0.0036798460  -0.0183771017   0.0000274674
        0.0000182041   0.0000045890  -0.0000143609  -0.0000072869  -0.0000232422
       -0.0000076939  -0.0000110235  -0.0000083606   0.0000233233  -0.0000143034
        0.0000147427   0.0000566971   0.0000139110  -0.0000666929  -0.0000793312
       -0.0000825349   0.0000714838  -0.0001221748  -0.0000122987   0.0000293645
        0.0114033224   0.0795731405   0.2802749962  -0.0016134322  -0.0046267514
       -0.0042087157   0.0005721501  -0.0004036086   0.0004259254   0.0001750487
       -0.0002877864   0.0003764207  -0.0028396911   0.0023813958  -0.0017125443
       -0.0000190485   0.0000612096   0.0000515238   0.0001944578   0.0000850351
       -0.0000203304  -0.0000003918   0.0007443970   0.0005426030   0.0004101619
       -0.0037947241   0.0023984602   0.0008675665   0.0009252833  -0.0012534683
       -0.0262564577  -0.0304774903   0.0067317770  -0.0482937916  -0.0467798192
       -0.0008952468   0.0031477515   0.0189589800  -0.0012985030   0.0000251609
        0.0000070414  -0.0000114770   0.0000179297   0.0000104599  -0.0000168586
        0.0000000094  -0.0000051581   0.0000006032  -0.0000097004  -0.0000090541
       -0.0000019633   0.0000761916   0.0000683220   0.0000147981   0.0001123352
        0.0000160637  -0.0001562804  -0.0000953210   0.0000324864  -0.0000191398
        0.0012515555  -0.0041224975  -0.0016134322   0.0700330922   0.0610917582
       -0.0022381004  -0.0022235765   0.0028072499  -0.0026371375   0.0002606393
        0.0003783562  -0.0000989935   0.0005014360   0.0000021007   0.0005211660
       -0.0000046122   0.0000140969  -0.0000265302   0.0000663602   0.0000644975
        0.0001218845  -0.0000312396  -0.0001590736  -0.0000862760   0.0017218166
       -0.0001906719   0.0010688007   0.0000819739   0.0002074898  -0.0012379512
       -0.0127142734  -0.0046145819   0.0054546547  -0.0486123683  -0.2529913772
       -0.0059217374  -0.0004630800  -0.0191577627   0.0019204391  -0.0000077335
       -0.0000129846  -0.0000008615   0.0000155862  -0.0000068395   0.0000080594
       -0.0000120986   0.0000236642   0.0000034932  -0.0000003287   0.0000028063
       -0.0000176046   0.0000535599   0.0000214624   0.0000031423   0.0000592123
       -0.0000219483  -0.0000542083   0.0000420995   0.0000410395  -0.0000289912
       -0.0034606814  -0.0154630056  -0.0046267514   0.0610917582   0.2929089652
        0.0017076001   0.0029020230  -0.0016025189   0.0024327900  -0.0001117461
        0.0001719649  -0.0002682441  -0.0006162284   0.0007647774  -0.0004517081
        0.0000064858  -0.0000086157   0.0000062864  -0.0000599453  -0.0000682591
       -0.0000014910   0.0001417903  -0.0001162199  -0.0002499009  -0.0003898137
       -0.0006801473   0.0020758341   0.0004308695   0.0003020065  -0.0009256197
        0.0124847388   0.0162087201  -0.0026073809  -0.0037182593  -0.0069025811
       -0.0437260525   0.0018054149   0.0163654660   0.0000389808   0.0000002449
       -0.0000002680   0.0000043417  -0.0000007376   0.0000079588  -0.0000027942
       -0.0000152710   0.0000068874   0.0000043788  -0.0000066547  -0.0000218599
       -0.0000225298  -0.0000109799   0.0000077021  -0.0000272776  -0.0000058436
        0.0000407538   0.0000044811   0.0000115729   0.0000146901   0.0000134653
       -0.0070007270  -0.0299104182  -0.0042087157  -0.0022381004   0.0017076001
        0.0502360835  -0.0021555041   0.0025739901  -0.0011387263   0.0003893631
       -0.0002497981   0.0002256537   0.0003313565   0.0007223926   0.0003009833
        0.0000081872  -0.0000082494   0.0000091897  -0.0000451124   0.0000041610
       -0.0000512013   0.0000561160  -0.0000231358  -0.0000011318  -0.0003715387
        0.0008745148  -0.0006243669  -0.0001444429  -0.0003201145   0.0003975070
        0.0022253692  -0.0008565594   0.0001214495   0.0039806702   0.0204028887
       -0.0012321185  -0.0632180986  -0.0696492814   0.0001839582   0.0000010342
        0.0000105545   0.0000007125  -0.0000216792   0.0000049251   0.0000064831
        0.0000125277  -0.0000127261  -0.0000063658   0.0000137783  -0.0000169839
        0.0000200168  -0.0000604135  -0.0000181550  -0.0000277144  -0.0000229193
        0.0000269572   0.0000234536   0.0000457675  -0.0000367895  -0.0000135120
        0.0005152051   0.0000502952   0.0005721501  -0.0022235765   0.0029020230
       -0.0021555041   0.0700827789   0.0772200045   0.0021469684  -0.0111391015
       -0.0291961980   0.0009065997   0.0003054484  -0.0013581308  -0.0002765739
       -0.0000246916   0.0000204375   0.0000022067   0.0000077834   0.0000165189
        0.0000073061  -0.0000975457   0.0000975035   0.0000045631  -0.0003434660
       -0.0003749232   0.0001333117   0.0000446375   0.0003442006  -0.0002706932
       -0.0005459641   0.0009123353  -0.0002538658  -0.0009797906  -0.0219022878
        0.0033618428  -0.0684290384  -0.2691276798  -0.0017400646  -0.0000128845
        0.0000042111   0.0000014587   0.0000014444   0.0000041811  -0.0000166576
       -0.0000094228  -0.0000019382  -0.0000000064  -0.0000173510  -0.0000071951
        0.0000026389   0.0000456110   0.0000533595   0.0000152241   0.0000446257
       -0.0000157601  -0.0000696487  -0.0000853781   0.0000075793   0.0000041233
       -0.0005712945   0.0005682134  -0.0004036086   0.0028072499  -0.0016025189
        0.0025739901   0.0772200045   0.3108533772  -0.0002371722  -0.0040973432
       -0.0053142305   0.0004593617  -0.0049571858  -0.0145353837  -0.0035743100
        0.0000140238  -0.0000108340   0.0000045172  -0.0000000612   0.0000099154
        0.0000041723   0.0000266322  -0.0000433891   0.0000397430   0.0002016805
        0.0000174186   0.0000525394  -0.0000677707   0.0000629168  -0.0000950164
        0.0005967010  -0.0007397648   0.0000227073   0.0033839239   0.0176970491
       -0.0007191113  -0.0003930587  -0.0026794548  -0.0444844680  -0.0000085653
       -0.0000041352  -0.0000079684   0.0000140584  -0.0000034573  -0.0000094864
        0.0000037390   0.0000016523  -0.0000004808  -0.0000138549   0.0000199416
       -0.0000235846  -0.0000243429  -0.0000061459   0.0000249393   0.0000258236
       -0.0000308541  -0.0000150947   0.0000147964   0.0000054149  -0.0000190228
        0.0003936780   0.0007594751   0.0004259254  -0.0026371375   0.0024327900
       -0.0011387263   0.0021469684  -0.0002371722   0.0486208867   0.0055248390
        0.0130015658   0.0002036212  -0.0092020728  -0.0302529323  -0.0028860922
       -0.0000444898  -0.0000230137  -0.0000084724  -0.0000366481   0.0000193759
        0.0000565461  -0.0003956693   0.0002629264  -0.0001183749  -0.0007062631
       -0.0011370306   0.0013208259   0.0002358174   0.0003411921  -0.0004714766
       -0.0044032552   0.0038159081  -0.0034020399  -0.0208877249  -0.0004319702
        0.0074053745  -0.2462578233  -0.0198968408   0.0935139271  -0.0000068499
       -0.0000078488  -0.0000035158   0.0000167389   0.0000082760  -0.0000066813
        0.0000078960   0.0000084819   0.0000036801   0.0000068847   0.0000116746
        0.0000015533   0.0000272702   0.0000355557   0.0000204542   0.0000781642
        0.0000144635  -0.0000841840  -0.0000977429  -0.0000117312   0.0000232903
        0.0000892792  -0.0003596691   0.0001750487   0.0002606393  -0.0001117461
        0.0003893631  -0.0111391015  -0.0040973432   0.0055248390   0.2845177208
        0.0215066083  -0.1072601977  -0.0012648427   0.0000527312   0.0029200403
        0.0000108231   0.0000183641  -0.0000054601   0.0000227144   0.0000144636
        0.0000035101   0.0002260371  -0.0002235465   0.0000421354   0.0009869014
        0.0002996561  -0.0004208139  -0.0001975137   0.0000359668  -0.0000358881
        0.0034958048  -0.0016245471   0.0017563452   0.0139161230   0.0007736161
       -0.0055083053  -0.0209661686  -0.0439418092   0.0088435956  -0.0000082795
        0.0000030396   0.0000036592  -0.0000001657  -0.0000009001  -0.0000003365
       -0.0000057957   0.0000059715   0.0000005568  -0.0000155982   0.0000043067
       -0.0000048546   0.0000050492  -0.0000173787   0.0000115839  -0.0000162926
       -0.0000259461   0.0000211386   0.0000656353   0.0000148622  -0.0000260839
       -0.0000909492   0.0002189733  -0.0002877864   0.0003783562   0.0001719649
       -0.0002497981  -0.0291961980  -0.0053142305   0.0130015658   0.0215066083
        0.0483727528  -0.0111974445   0.0098829085   0.0012144204  -0.0059473191
       -0.0000155654  -0.0000026079   0.0000176824  -0.0000375873  -0.0000060656
        0.0000038160  -0.0002021451   0.0001640894  -0.0000625958  -0.0011361198
        0.0001582668   0.0002317927   0.0001511891  -0.0002396292   0.0001367148
       -0.0031058751   0.0017201370  -0.0007199921  -0.0122620510  -0.0008912481
        0.0052012468   0.0949855973   0.0084813173  -0.0850893119   0.0000033658
        0.0000030092   0.0000043110  -0.0000036753   0.0000003395  -0.0000011902
        0.0000066974  -0.0000051350   0.0000023901   0.0000087305   0.0000020313
        0.0000133672   0.0000091240   0.0000042550  -0.0000135934  -0.0000162237
        0.0000054930  -0.0000161227  -0.0000517510  -0.0000100678   0.0000208244
       -0.0004101980  -0.0000035301   0.0003764207  -0.0000989935  -0.0002682441
        0.0002256537   0.0009065997   0.0004593617   0.0002036212  -0.1072601977
       -0.0111974445   0.0956835574   0.0285290790   0.0016256719  -0.0162185922
       -0.0000051954   0.0000243495   0.0000320137   0.0000013030  -0.0000182612
       -0.0000302157   0.0001142249   0.0000725466   0.0000692503  -0.0004229783
        0.0006535321  -0.0009445766  -0.0000603517  -0.0004243062   0.0004688857
        0.0021905980  -0.0006327309   0.0005052184  -0.0029700366  -0.0047928443
       -0.0211866846  -0.0428317870  -0.0023277095  -0.0033227730   0.0000192387
        0.0000130953   0.0000031730  -0.0000199038  -0.0000085825  -0.0000028104
       -0.0000003255  -0.0000099404  -0.0000075117   0.0000292336  -0.0000085187
        0.0000276735   0.0000046741  -0.0000002937  -0.0000310233  -0.0000898927
       -0.0000323090   0.0000231638   0.0000220958  -0.0000222549  -0.0000054090
       -0.0024411584   0.0023395597  -0.0028396911   0.0005014360  -0.0006162284
        0.0003313565   0.0003054484  -0.0049571858  -0.0092020728  -0.0012648427
        0.0098829085   0.0285290790   0.0469182196   0.0008651738   0.0075829543
       -0.0000063972  -0.0000010767  -0.0000206652  -0.0000099181   0.0000168554
        0.0000090901  -0.0000222581  -0.0000113916  -0.0000514653   0.0000568624
       -0.0000760281   0.0001705094   0.0000314101  -0.0000882522   0.0000398406
       -0.0011861653   0.0002366404  -0.0003539000   0.0012044280   0.0053676539
        0.0161886640  -0.0024418907  -0.0732367568  -0.0799923953  -0.0000025578
       -0.0000008185  -0.0000024452  -0.0000064082  -0.0000055191   0.0000045873
        0.0000060365   0.0000011328   0.0000051019   0.0000008679   0.0000017638
        0.0000099240   0.0000039413  -0.0000230750  -0.0000225504  -0.0000193570
        0.0000198287   0.0000213359   0.0000167232  -0.0000085400   0.0000290358
        0.0028128081  -0.0009474992   0.0023813958   0.0000021007   0.0007647774
        0.0007223926  -0.0013581308  -0.0145353837  -0.0302529323   0.0000527312
        0.0012144204   0.0016256719   0.0008651738   0.0813112680   0.0894888044
        0.0000012755   0.0000071168   0.0000305647   0.0000113884   0.0000234214
        0.0000421318   0.0001037443  -0.0000362561   0.0000490186   0.0003021239
       -0.0003064112  -0.0002615585   0.0000883002  -0.0000873874   0.0001671089
        0.0004510245   0.0000830575   0.0010133728  -0.0046309150  -0.0030824678
       -0.0209624375  -0.0042961732  -0.0786213249  -0.2607547092   0.0000118809
       -0.0000021355  -0.0000021941   0.0000036464  -0.0000100872   0.0000132956
        0.0000027142   0.0000077477   0.0000012465   0.0000334574  -0.0000116391
       -0.0000124316   0.0000087952  -0.0000106475  -0.0000437860  -0.0000427435
       -0.0000301032   0.0000580559   0.0000358944   0.0000041089  -0.0000119881
       -0.0028320004   0.0025575404  -0.0017125443   0.0005211660  -0.0004517081
        0.0003009833  -0.0002765739  -0.0035743100  -0.0028860922   0.0029200403
       -0.0059473191  -0.0162185922   0.0075829543   0.0894888044   0.3011905557
