           1           2   1.01738053781663     
           2           3  0.974432503035308     
           3           4  0.978920209522008     
           4           5   1.68852490847664     
           4           6   1.17210998635849     
           5           6  0.171233967491502     
           6           7  0.917764159197218     
           7           8   1.01969483237378     
           1           9  0.984331636801011     
           1          10  0.986504072946379     
           1          11  0.986808096785279     
           2          12  0.978563646857027     
           2          13  0.978532318268497     
           3          14  0.969122623707933     
           3          15  0.964022783395484     
           7          16  0.968518396574819     
           7          17  0.969131567175854     
           8          18  0.983338586498774     
           8          19  0.980016523581131     
           8          20  0.983763760013754     
