$hessian                                                                        
        0.5005579568   0.0252992001  -0.0171958971  -0.1041258018   0.0490851165
       -0.0362250320  -0.0154509099   0.0182187999  -0.0070121563   0.0003766882
       -0.0004720312   0.0000624132  -0.0001726951   0.0001524892  -0.0000303849
       -0.1726212959   0.0520193610   0.1072054011  -0.0815180557  -0.0375251557
       -0.0780991753  -0.1230840177  -0.1092436772   0.0323116996   0.0080907154
       -0.0105185288   0.0076436111  -0.0089064792   0.0102953918  -0.0099729840
        0.0009098383  -0.0007416634  -0.0006938331  -0.0030263914   0.0024917278
        0.0020985915   0.0000218071   0.0002336748  -0.0001065154  -0.0010208933
        0.0007602210   0.0000959917  -0.0000122865   0.0000706080  -0.0000566942
       -0.0000181793  -0.0001255338  -0.0000250361
        0.0252992001   0.4937944973   0.0197132572   0.0477712963  -0.1333799223
        0.0462844484   0.0113227144  -0.0112512188   0.0024900923   0.0001964821
       -0.0001990746  -0.0000805478  -0.0000014335  -0.0000622126   0.0002111461
        0.0522559497  -0.0647550395  -0.0454364779  -0.0374170193  -0.0788347831
       -0.0765043944  -0.1095031192  -0.1901841850   0.0426845717   0.0119510202
       -0.0219336651   0.0144902868  -0.0036098014   0.0064254479  -0.0035368621
       -0.0000149978   0.0004179859   0.0008787845   0.0022783850  -0.0004508071
       -0.0013427254  -0.0000739692   0.0000467029   0.0000421269  -0.0005046551
        0.0003751741   0.0002194815   0.0000779235   0.0001248465  -0.0001180824
       -0.0000279757  -0.0001337467   0.0000048945
       -0.0171958971   0.0197132572   0.5089932398  -0.0349202039   0.0455442383
       -0.0982088927   0.0067601046  -0.0100083945   0.0069337899  -0.0004726061
        0.0000702230  -0.0003643631   0.0001517548   0.0000318537   0.0000680424
        0.1069454376  -0.0451050218  -0.1316141044  -0.0780309695  -0.0765842995
       -0.2092853895   0.0324089280   0.0429609458  -0.0573157251  -0.0046969183
        0.0093822706  -0.0047915280  -0.0159481337   0.0176913821  -0.0152986610
        0.0011245156  -0.0005814230   0.0013498152   0.0032798290  -0.0025488096
       -0.0010056879   0.0001402191  -0.0001314189   0.0001835339   0.0004282844
       -0.0004432070   0.0002299980  -0.0000828689   0.0000180121   0.0000654680
        0.0001085245  -0.0000096084   0.0000604645
       -0.1041258018   0.0477712963  -0.0349202039   0.4829708545   0.0350128629
        0.0154130594  -0.1258982616   0.0364833702   0.0509717411  -0.0204645002
        0.0035264475   0.0138214840   0.0007179994   0.0004843281   0.0002330935
       -0.0151667992   0.0182882151  -0.0096522117  -0.0090381907   0.0092760310
       -0.0097401896   0.0094387081  -0.0106859057   0.0072459737  -0.1277096514
       -0.1049883903   0.0367364413  -0.0815107949  -0.0392106978  -0.0760971717
        0.0066978693  -0.0033156012  -0.0044471365  -0.0126244137   0.0092574497
        0.0086292642  -0.0030718442  -0.0025175480   0.0015929161   0.0005910722
        0.0007865835  -0.0004133438  -0.0006523000  -0.0000709123   0.0004088923
       -0.0001539458  -0.0000975291   0.0002173916
        0.0490851165  -0.1333799223   0.0455442383   0.0350128629   0.4981867438
        0.0063133829   0.0313370530  -0.0861165477  -0.0292304443  -0.0101198326
        0.0084112670   0.0096144513  -0.0001454929   0.0004068243  -0.0002808491
        0.0083940311  -0.0092909350   0.0045940679  -0.0039390528   0.0071002620
       -0.0031014437   0.0116901572  -0.0215760995   0.0137321033  -0.1050605157
       -0.1661602783   0.0453407980  -0.0384380722  -0.0788426371  -0.0725353611
        0.0079301728  -0.0050320065  -0.0094449780   0.0186402148  -0.0124884350
       -0.0129680135  -0.0038543112  -0.0017286260   0.0019837665  -0.0000074717
        0.0007020932   0.0001787744  -0.0004366506  -0.0000374323   0.0002651133
       -0.0000882088  -0.0001542707  -0.0000056063
       -0.0362250320   0.0462844484  -0.0982088927   0.0154130594   0.0063133829
        0.4956854811   0.0499860809  -0.0321406172  -0.1111779541   0.0100984365
        0.0006110047  -0.0052007911  -0.0006993933  -0.0002710095  -0.0006594565
        0.0096289218  -0.0116057349   0.0074121652  -0.0163890691   0.0174845441
       -0.0161328211  -0.0035558479   0.0080847880  -0.0045064239   0.0368335352
        0.0452098847  -0.0613085725  -0.0752839816  -0.0728157630  -0.1934156966
        0.0178522228  -0.0133022860  -0.0204285839  -0.0078617184   0.0057701113
        0.0067336292   0.0011364727   0.0009601488   0.0004692146  -0.0000613859
       -0.0002738122   0.0001617873  -0.0008741598  -0.0003467451   0.0005867939
        0.0000018586   0.0000376550  -0.0000098790
       -0.0154509099   0.0113227144   0.0067601046  -0.1258982616   0.0313370530
        0.0499860809   0.4623234553  -0.0176177181   0.0368947055  -0.1131977622
       -0.0430598210   0.0258020102  -0.0236241799  -0.0199988490  -0.0121336525
       -0.0017190798   0.0027532893  -0.0013424497   0.0004142917  -0.0000817984
        0.0008965656   0.0003688587  -0.0005018730   0.0001546374  -0.0190029068
        0.0063795045   0.0160577943   0.0079451628  -0.0026810062  -0.0044659967
       -0.0816345398  -0.0296724389  -0.0828714738  -0.0787564238   0.0703562539
       -0.0454047613  -0.0197892363  -0.0131621876   0.0107188791   0.0063084131
        0.0036696615  -0.0017275273   0.0005080620   0.0012222787   0.0001457571
        0.0012050564  -0.0002650632   0.0005293265
        0.0182187999  -0.0112512188  -0.0100083945   0.0364833702  -0.0861165477
       -0.0321406172  -0.0176177181   0.4780038453  -0.0051336581  -0.0468244348
       -0.1107575876   0.0242578607  -0.0173593714  -0.0097257819  -0.0075910939
        0.0027531592  -0.0030037692   0.0016520452  -0.0007164266   0.0007551002
       -0.0004372946  -0.0001333276   0.0004052188  -0.0005157630  -0.0147937113
        0.0063185144   0.0124922493   0.0089552440  -0.0053658222  -0.0102187518
       -0.0298928687  -0.0671085252  -0.0616355745   0.0694274097  -0.1792018348
        0.0826690038   0.0071707301   0.0059275782  -0.0033792128  -0.0172463436
       -0.0208183070   0.0102423362  -0.0000679415   0.0004567978   0.0001516203
        0.0016434305   0.0014823397  -0.0004047549
       -0.0070121563   0.0024900923   0.0069337899   0.0509717411  -0.0292304443
       -0.1111779541   0.0368947055  -0.0051336581   0.5147788111   0.0225769497
        0.0213432847  -0.0716104377  -0.0246379189  -0.0190026047  -0.0018070967
       -0.0024198802   0.0025867296  -0.0003409863  -0.0009086921   0.0008389005
        0.0011380587   0.0001030265  -0.0000708825   0.0004042562   0.0095315883
       -0.0031116368  -0.0068209145   0.0175763988  -0.0124149250  -0.0195602640
       -0.0826210984  -0.0617526371  -0.2080508535  -0.0449984406   0.0827441731
       -0.0956834718   0.0155549572   0.0108827798  -0.0065718646   0.0093952122
        0.0108360803  -0.0039575630  -0.0003018975   0.0002265360   0.0010867667
        0.0002955047  -0.0012317879   0.0012397236
        0.0003766882   0.0001964821  -0.0004726061  -0.0204645002  -0.0101198326
        0.0100984365  -0.1131977622  -0.0468244348   0.0225769497   0.4605654840
       -0.0631073616  -0.0087857806  -0.1107885714  -0.0145271267  -0.0833310296
        0.0001739485  -0.0002780120  -0.0000374833  -0.0001571557  -0.0000512615
        0.0001867268  -0.0009224653   0.0000620041   0.0004508851  -0.0024804334
        0.0012024731   0.0020755509   0.0002605526  -0.0005415893  -0.0009607333
       -0.0108762938  -0.0102180299   0.0013738973   0.0062446778   0.0049309779
       -0.0017718433  -0.1330181954   0.0684039665   0.0862676909  -0.0726383575
        0.0716120966  -0.0335212502   0.0091715717   0.0048334395   0.0160767911
       -0.0122491881  -0.0055737913  -0.0102262018
       -0.0004720312  -0.0001990746   0.0000702230   0.0035264475   0.0084112670
        0.0006110047  -0.0430598210  -0.1107575876   0.0213432847  -0.0631073616
        0.5014801550  -0.0050136633  -0.0168597067  -0.0874970231  -0.0543914305
        0.0003660769  -0.0000027422   0.0000107779   0.0001376954   0.0000260508
        0.0000953914   0.0009446496  -0.0000825146  -0.0004309490   0.0027046987
        0.0002463224  -0.0024103371  -0.0003207506   0.0004666529  -0.0001357759
       -0.0080958476  -0.0068294673   0.0011206169  -0.0178969665  -0.0213004530
        0.0086614047   0.0693984292  -0.0900280332  -0.0582436288   0.0699984739
       -0.1922502041   0.0799906433  -0.0114132914  -0.0088405978  -0.0135636629
        0.0141493054   0.0071572494   0.0222861009
        0.0000624132  -0.0000805478  -0.0003643631   0.0138214840   0.0096144513
       -0.0052007911   0.0258020102   0.0242578607  -0.0716104377  -0.0087857806
       -0.0050136633   0.4814568494  -0.0510642048  -0.0311064948  -0.1526218467
        0.0000927493   0.0001682695  -0.0000545438  -0.0000573091  -0.0000728324
       -0.0000686145  -0.0002096539   0.0003349978   0.0005066801   0.0034814237
       -0.0011807311  -0.0021315066  -0.0001311370   0.0003441151   0.0001675580
       -0.0170522975  -0.0158709884   0.0028654702   0.0101839507   0.0130699129
       -0.0042808373   0.0882308983  -0.0599737558  -0.1238018364  -0.0357415359
        0.0827439390  -0.0872223940  -0.0129854923  -0.0127952433  -0.0210566188
       -0.0156475183  -0.0044392895  -0.0165827676
       -0.0001726951  -0.0000014335   0.0001517548   0.0007179994  -0.0001454929
       -0.0006993933  -0.0236241799  -0.0173593714  -0.0246379189  -0.1107885714
       -0.0168597067  -0.0510642048   0.3690771154  -0.1844251521   0.0407607025
       -0.0001603448   0.0000043496   0.0001347526   0.0001001429   0.0000143207
       -0.0001081834   0.0000490480  -0.0001869234  -0.0000832169  -0.0000927488
       -0.0001327332   0.0000197145  -0.0002311308  -0.0003838536  -0.0004465083
       -0.0055114373  -0.0054073483   0.0001618557   0.0014875957   0.0014617149
        0.0001954789   0.0097890041   0.0032556587   0.0108159993  -0.0117904330
       -0.0015532027  -0.0177735717  -0.1601443271   0.0984397654   0.1173634689
       -0.0687050376   0.1232794085  -0.0747907297
        0.0001524892  -0.0000622126   0.0000318537   0.0004843281   0.0004068243
       -0.0002710095  -0.0199988490  -0.0097257819  -0.0190026047  -0.0145271267
       -0.0874970231  -0.0311064948  -0.1844251521   0.4750567261   0.0448333472
       -0.0000951624   0.0000654841   0.0000152574  -0.0000416967  -0.0000837837
       -0.0000934997   0.0000205988   0.0000252827   0.0000565393  -0.0000966894
       -0.0001150367   0.0000595512   0.0005613243   0.0001134536  -0.0003319579
       -0.0052003286  -0.0038924262   0.0000897794   0.0002581815   0.0012871216
       -0.0011130992  -0.0078381542  -0.0083415947  -0.0199115817   0.0125570386
        0.0070312878   0.0194400894   0.1318886497  -0.1163553048  -0.1208236495
        0.0863005490  -0.2579130165   0.1281274794
       -0.0000303849   0.0002111461   0.0000680424   0.0002330935  -0.0002808491
       -0.0006594565  -0.0121336525  -0.0075910939  -0.0018070967  -0.0833310296
       -0.0543914305  -0.1526218467   0.0407607025   0.0448333472   0.5036843480
       -0.0000920189  -0.0000388382   0.0000970903   0.0002528087  -0.0000199860
        0.0001108906   0.0000094696  -0.0000675969  -0.0001350378   0.0000568992
        0.0001238562   0.0004720483   0.0006870679   0.0008294910   0.0008963910
       -0.0006545915  -0.0008027297   0.0010295086   0.0014413456  -0.0002194353
        0.0008757785  -0.0100774214  -0.0131047175  -0.0259233884  -0.0141988378
       -0.0016024927  -0.0193899034   0.1283466840  -0.0953879751  -0.1782034856
       -0.0512701344   0.1275093044  -0.1284938823
       -0.1726212959   0.0522559497   0.1069454376  -0.0151667992   0.0083940311
        0.0096289218  -0.0017190798   0.0027531592  -0.0024198802   0.0001739485
        0.0003660769   0.0000927493  -0.0001603448  -0.0000951624  -0.0000920189
        0.1996104755  -0.0637347027  -0.1240185401   0.0082641130  -0.0032977675
       -0.0062188807  -0.0184100944   0.0032922330   0.0155660121   0.0007729912
       -0.0003446981   0.0002205392  -0.0001984277  -0.0002582222   0.0001417917
        0.0000474470  -0.0001397632  -0.0002364540  -0.0009057789   0.0006850913
        0.0005160446   0.0000530830  -0.0000117569  -0.0000428697   0.0002117036
        0.0000194110  -0.0001381747  -0.0000093786   0.0000801034   0.0000600185
        0.0000574376   0.0000360174  -0.0000046964
        0.0520193610  -0.0647550395  -0.0451050218   0.0182882151  -0.0092909350
       -0.0116057349   0.0027532893  -0.0030037692   0.0025867296  -0.0002780120
       -0.0000027422   0.0001682695   0.0000043496   0.0000654841  -0.0000388382
       -0.0637347027   0.0755348239   0.0506333109   0.0095574755  -0.0044382824
       -0.0112051021  -0.0196278850   0.0061496027   0.0158121296   0.0002637309
        0.0000458069  -0.0006381891  -0.0002749565   0.0004115654  -0.0002188541
       -0.0001588660   0.0000706309   0.0002538316   0.0011301928  -0.0008160604
       -0.0005197403  -0.0000499064   0.0000948701  -0.0000847760   0.0001228393
       -0.0000624349  -0.0000755429   0.0000006117  -0.0000212135   0.0000742607
       -0.0000157366   0.0000176932  -0.0000367323
        0.1072054011  -0.0454364779  -0.1316141044  -0.0096522117   0.0045940679
        0.0074121652  -0.0013424497   0.0016520452  -0.0003409863  -0.0000374833
        0.0000107779  -0.0000545438   0.0001347526   0.0000152574   0.0000970903
       -0.1240185401   0.0506333109   0.1510674989   0.0203344061  -0.0103204416
       -0.0218135039   0.0083410158  -0.0013780248  -0.0061465614  -0.0002885031
       -0.0002985792   0.0004289925  -0.0001606838   0.0001700078   0.0004562267
       -0.0000203822   0.0002052033   0.0000639247  -0.0003552815   0.0003767130
        0.0003951716  -0.0000375622  -0.0000496769   0.0000116636  -0.0000811626
       -0.0001535874   0.0000247613  -0.0000206211   0.0000038855  -0.0000182670
       -0.0000006942  -0.0000244810   0.0000304721
       -0.0815180557  -0.0374170193  -0.0780309695  -0.0090381907  -0.0039390528
       -0.0163890691   0.0004142917  -0.0007164266  -0.0009086921  -0.0001571557
        0.0001376954  -0.0000573091   0.0001001429  -0.0000416967   0.0002528087
        0.0082641130   0.0095574755   0.0203344061   0.0928800586   0.0410513454
        0.0935927125  -0.0095464550  -0.0115543058  -0.0172317492   0.0004740500
       -0.0003406370   0.0005589998  -0.0017435576   0.0030356374  -0.0026745686
       -0.0002253182   0.0005982351   0.0004160654   0.0002180360  -0.0001320844
        0.0001557170  -0.0000120804   0.0000165567   0.0000058603  -0.0002002961
       -0.0002707010  -0.0001082143   0.0000171376   0.0000263163   0.0000514793
        0.0000732795  -0.0000113385   0.0000325227
       -0.0375251557  -0.0788347831  -0.0765842995   0.0092760310   0.0071002620
        0.0174845441  -0.0000817984   0.0007551002   0.0008389005  -0.0000512615
        0.0000260508  -0.0000728324   0.0000143207  -0.0000837837  -0.0000199860
       -0.0032977675  -0.0044382824  -0.0103204416   0.0410513454   0.0903456784
        0.0877152747  -0.0124600787  -0.0131573031  -0.0220531060   0.0001993680
        0.0006976509   0.0002905596   0.0030858352  -0.0022768838   0.0028883751
        0.0000704936  -0.0000729112  -0.0002336034  -0.0001513461   0.0000610639
        0.0000276059  -0.0000413862   0.0000010512   0.0000361736  -0.0001649860
       -0.0001024423  -0.0001139259   0.0000667327  -0.0000931299   0.0000847412
        0.0000096533   0.0000726619   0.0000320201
       -0.0780991753  -0.0765043944  -0.2092853895  -0.0097401896  -0.0031014437
       -0.0161328211   0.0008965656  -0.0004372946   0.0011380587   0.0001867268
        0.0000953914  -0.0000686145  -0.0001081834  -0.0000934997   0.0001108906
       -0.0062188807  -0.0112051021  -0.0218135039   0.0935927125   0.0877152747
        0.2432375174   0.0014564910   0.0007977858   0.0044651906   0.0002648758
       -0.0002968615  -0.0000327565  -0.0022450065   0.0030738330  -0.0019623688
       -0.0002476883   0.0001489580   0.0004395126   0.0002961957  -0.0001331296
       -0.0000361455   0.0000344270  -0.0000050553   0.0000144935  -0.0001737499
       -0.0000888737  -0.0000118730   0.0000533480   0.0000647512  -0.0000373694
        0.0000515312  -0.0000303394  -0.0000248212
       -0.1230840177  -0.1095031192   0.0324089280   0.0094387081   0.0116901572
       -0.0035558479   0.0003688587  -0.0001333276   0.0001030265  -0.0009224653
        0.0009446496  -0.0002096539   0.0000490480   0.0000205988   0.0000094696
       -0.0184100944  -0.0196278850   0.0083410158  -0.0095464550  -0.0124600787
        0.0014564910   0.1433507123   0.1257225991  -0.0377426455  -0.0005950151
        0.0031658474  -0.0017073587   0.0006590052   0.0002172228   0.0002814592
       -0.0000865575  -0.0000748914  -0.0000043068  -0.0001017600  -0.0001801432
        0.0000057377   0.0001732145  -0.0001498355   0.0000347009  -0.0012177336
        0.0004432025   0.0008517258  -0.0000878315   0.0000336310  -0.0002860599
        0.0000123833  -0.0001086279   0.0000133184
       -0.1092436772  -0.1901841850   0.0429609458  -0.0106859057  -0.0215760995
        0.0080847880  -0.0005018730   0.0004052188  -0.0000708825   0.0000620041
       -0.0000825146   0.0003349978  -0.0001869234   0.0000252827  -0.0000675969
        0.0032922330   0.0061496027  -0.0013780248  -0.0115543058  -0.0131573031
        0.0007977858   0.1257225991   0.2206814963  -0.0527430855   0.0028397047
       -0.0039567487   0.0032021908  -0.0003811996   0.0008746787  -0.0004763453
       -0.0001799933  -0.0002351125  -0.0000258357  -0.0002082928   0.0001791330
       -0.0000938678  -0.0001890037   0.0001215769  -0.0000785182   0.0010216476
        0.0005730761  -0.0006216416   0.0001426836   0.0000281737   0.0003013044
        0.0000503024   0.0001537245  -0.0001262144
        0.0323116996   0.0426845717  -0.0573157251   0.0072459737   0.0137321033
       -0.0045064239   0.0001546374  -0.0005157630   0.0004042562   0.0004508851
       -0.0004309490   0.0005066801  -0.0000832169   0.0000565393  -0.0001350378
        0.0155660121   0.0158121296  -0.0061465614  -0.0172317492  -0.0220531060
        0.0044651906  -0.0377426455  -0.0527430855   0.0644864512  -0.0017260578
        0.0032748412  -0.0012992382   0.0005850664   0.0003317384   0.0000849994
       -0.0001207934  -0.0000740400  -0.0001283024   0.0001035684  -0.0000059409
       -0.0000869581  -0.0000145736   0.0000338873  -0.0001229880   0.0007243137
       -0.0001177787   0.0001497330  -0.0001829121   0.0001119804  -0.0002996968
       -0.0000402078  -0.0000971280  -0.0000563790
        0.0080907154   0.0119510202  -0.0046969183  -0.1277096514  -0.1050605157
        0.0368335352  -0.0190029068  -0.0147937113   0.0095315883  -0.0024804334
        0.0027046987   0.0034814237  -0.0000927488  -0.0000966894   0.0000568992
        0.0007729912   0.0002637309  -0.0002885031   0.0004740500   0.0001993680
        0.0002648758  -0.0005950151   0.0028397047  -0.0017260578   0.1521508181
        0.1170520851  -0.0447449324  -0.0111081567  -0.0143095537   0.0013401777
        0.0005363452  -0.0001942460  -0.0002186800  -0.0003314724  -0.0003723150
       -0.0002017284  -0.0012124170  -0.0006982235   0.0005604179   0.0000388992
        0.0002588403  -0.0001686895   0.0003837657   0.0001718516  -0.0000162356
        0.0000852166   0.0000839550  -0.0000071729
       -0.0105185288  -0.0219336651   0.0093822706  -0.1049883903  -0.1661602783
        0.0452098847   0.0063795045   0.0063185144  -0.0031116368   0.0012024731
        0.0002463224  -0.0011807311  -0.0001327332  -0.0001150367   0.0001238562
       -0.0003446981   0.0000458069  -0.0002985792  -0.0003406370   0.0006976509
       -0.0002968615   0.0031658474  -0.0039567487   0.0032748412   0.1170520851
        0.1968014515  -0.0539844060  -0.0125474598  -0.0132439136   0.0011934538
        0.0001387612   0.0001857897   0.0002544642   0.0003811509   0.0008178312
       -0.0004161503   0.0002906504   0.0001973680  -0.0001434515   0.0001521880
       -0.0000078625  -0.0001111186   0.0000761496   0.0000392700   0.0001176841
        0.0000336370   0.0000675000  -0.0000135197
        0.0076436111   0.0144902868  -0.0047915280   0.0367364413   0.0453407980
       -0.0613085725   0.0160577943   0.0124922493  -0.0068209145   0.0020755509
       -0.0024103371  -0.0021315066   0.0000197145   0.0000595512   0.0004720483
        0.0002205392  -0.0006381891   0.0004289925   0.0005589998   0.0002905596
       -0.0000327565  -0.0017073587   0.0032021908  -0.0012992382  -0.0447449324
       -0.0539844060   0.0706435498  -0.0172989351  -0.0201246866   0.0049063733
        0.0000795030   0.0004575272  -0.0001184557  -0.0004520730   0.0002341990
        0.0006332918   0.0009519572   0.0006102226  -0.0005517419  -0.0001951335
       -0.0000843646  -0.0000285982   0.0000693972   0.0000782158   0.0000026617
       -0.0000150757  -0.0000138167  -0.0000036050
       -0.0089064792  -0.0036098014  -0.0159481337  -0.0815107949  -0.0384380722
       -0.0752839816   0.0079451628   0.0089552440   0.0175763988   0.0002605526
       -0.0003207506  -0.0001311370  -0.0002311308   0.0005613243   0.0006870679
       -0.0001984277  -0.0002749565  -0.0001606838  -0.0017435576   0.0030858352
       -0.0022450065   0.0006590052  -0.0003811996   0.0005850664  -0.0111081567
       -0.0125474598  -0.0172989351   0.0978451966   0.0420609442   0.0890818936
       -0.0025010212   0.0019554025   0.0035067043   0.0003914875  -0.0001529164
        0.0000553616   0.0001081993   0.0000225354  -0.0003589501  -0.0000137651
        0.0000303280  -0.0001196556  -0.0006199423  -0.0011848778  -0.0000387470
       -0.0003763286   0.0002384206   0.0000927378
        0.0102953918   0.0064254479   0.0176913821  -0.0392106978  -0.0788426371
       -0.0728157630  -0.0026810062  -0.0053658222  -0.0124149250  -0.0005415893
        0.0004666529   0.0003441151  -0.0003838536   0.0001134536   0.0008294910
       -0.0002582222   0.0004115654   0.0001700078   0.0030356374  -0.0022768838
        0.0030738330   0.0002172228   0.0008746787   0.0003317384  -0.0143095537
       -0.0132439136  -0.0201246866   0.0420609442   0.0927157392   0.0851114684
        0.0021871540  -0.0008888493  -0.0019080385  -0.0001587960  -0.0002569159
       -0.0001578179  -0.0001441902  -0.0001300056  -0.0000293553   0.0000200001
       -0.0001332886   0.0000855615  -0.0004019757   0.0002631229  -0.0001588085
        0.0002735341  -0.0001323445  -0.0000282024
       -0.0099729840  -0.0035368621  -0.0152986610  -0.0760971717  -0.0725353611
       -0.1934156966  -0.0044659967  -0.0102187518  -0.0195602640  -0.0009607333
       -0.0001357759   0.0001675580  -0.0004465083  -0.0003319579   0.0008963910
        0.0001417917  -0.0002188541   0.0004562267  -0.0026745686   0.0028883751
       -0.0019623688   0.0002814592  -0.0004763453   0.0000849994   0.0013401777
        0.0011934538   0.0049063733   0.0890818936   0.0851114684   0.2263964787
        0.0031523041  -0.0027226523  -0.0030983227  -0.0002166498   0.0000799176
        0.0003217752  -0.0003398505   0.0000521260   0.0000204814  -0.0000516320
        0.0000176787  -0.0003022042   0.0009043349   0.0006795087   0.0004463304
        0.0003241336   0.0001540324  -0.0000590968
        0.0009098383  -0.0000149978   0.0011245156   0.0066978693   0.0079301728
        0.0178522228  -0.0816345398  -0.0298928687  -0.0826210984  -0.0108762938
       -0.0080958476  -0.0170522975  -0.0055114373  -0.0052003286  -0.0006545915
        0.0000474470  -0.0001588660  -0.0000203822  -0.0002253182   0.0000704936
       -0.0002476883  -0.0000865575  -0.0001799933  -0.0001207934   0.0005363452
        0.0001387612   0.0000795030  -0.0025010212   0.0021871540   0.0031523041
        0.0986565714   0.0352640487   0.0929008281  -0.0064697859  -0.0024911309
       -0.0141908090  -0.0003644434   0.0000317726  -0.0005925987   0.0003995582
        0.0002131666  -0.0001738175  -0.0000210693   0.0003547268   0.0002649059
        0.0004428368  -0.0001562635   0.0002997970
       -0.0007416634   0.0004179859  -0.0005814230  -0.0033156012  -0.0050320065
       -0.0133022860  -0.0296724389  -0.0671085252  -0.0617526371  -0.0102180299
       -0.0068294673  -0.0158709884  -0.0054073483  -0.0038924262  -0.0008027297
       -0.0001397632   0.0000706309   0.0002052033   0.0005982351  -0.0000729112
        0.0001489580  -0.0000748914  -0.0002351125  -0.0000740400  -0.0001942460
        0.0001857897   0.0004575272   0.0019554025  -0.0008888493  -0.0027226523
        0.0352640487   0.0765018863   0.0731643746   0.0112891140   0.0063436839
        0.0215484712   0.0002881619   0.0004746549  -0.0002660151   0.0000307029
       -0.0001223796  -0.0004328718   0.0001132837   0.0002572240   0.0001250864
        0.0002250335  -0.0000701778   0.0001560229
       -0.0006938331   0.0008787845   0.0013498152  -0.0044471365  -0.0094449780
       -0.0204285839  -0.0828714738  -0.0616355745  -0.2080508535   0.0013738973
        0.0011206169   0.0028654702   0.0001618557   0.0000897794   0.0010295086
       -0.0002364540   0.0002538316   0.0000639247   0.0004160654  -0.0002336034
        0.0004395126  -0.0000043068  -0.0000258357  -0.0001283024  -0.0002186800
        0.0002544642  -0.0001184557   0.0035067043  -0.0019080385  -0.0030983227
        0.0929008281   0.0731643746   0.2431864615  -0.0103106627  -0.0028723866
       -0.0179608806  -0.0000242805   0.0003292765   0.0005321850   0.0001581564
       -0.0001249827   0.0001937988   0.0001057835   0.0002062136   0.0000477401
        0.0001835366  -0.0000519420   0.0000769820
       -0.0030263914   0.0022783850   0.0032798290  -0.0126244137   0.0186402148
       -0.0078617184  -0.0787564238   0.0694274097  -0.0449984406   0.0062446778
       -0.0178969665   0.0101839507   0.0014875957   0.0002581815   0.0014413456
       -0.0009057789   0.0011301928  -0.0003552815   0.0002180360  -0.0001513461
        0.0002961957  -0.0001017600  -0.0002082928   0.0001035684  -0.0003314724
        0.0003811509  -0.0004520730   0.0003914875  -0.0001587960  -0.0002166498
       -0.0064697859   0.0112891140  -0.0103106627   0.0958886760  -0.0815768587
        0.0482458575   0.0007076615  -0.0003290234  -0.0000276387  -0.0025774881
       -0.0036557207   0.0011413957  -0.0001225399   0.0001508752   0.0000413035
       -0.0000220803   0.0004214804  -0.0005109813
        0.0024917278  -0.0004508071  -0.0025488096   0.0092574497  -0.0124884350
        0.0057701113   0.0703562539  -0.1792018348   0.0827441731   0.0049309779
       -0.0213004530   0.0130699129   0.0014617149   0.0012871216  -0.0002194353
        0.0006850913  -0.0008160604   0.0003767130  -0.0001320844   0.0000610639
       -0.0001331296  -0.0001801432   0.0001791330  -0.0000059409  -0.0003723150
        0.0008178312   0.0002341990  -0.0001529164  -0.0002569159   0.0000799176
       -0.0024911309   0.0063436839  -0.0028723866  -0.0815768587   0.2091325739
       -0.0979868757   0.0004190644   0.0004470191  -0.0001935024  -0.0038778046
       -0.0034716473   0.0019946476  -0.0002286831  -0.0003578289   0.0002265860
       -0.0005903435   0.0000755557  -0.0005361805
        0.0020985915  -0.0013427254  -0.0010056879   0.0086292642  -0.0129680135
        0.0067336292  -0.0454047613   0.0826690038  -0.0956834718  -0.0017718433
        0.0086614047  -0.0042808373   0.0001954789  -0.0011130992   0.0008757785
        0.0005160446  -0.0005197403   0.0003951716   0.0001557170   0.0000276059
       -0.0000361455   0.0000057377  -0.0000938678  -0.0000869581  -0.0002017284
       -0.0004161503   0.0006332918   0.0000553616  -0.0001578179   0.0003217752
       -0.0141908090   0.0215484712  -0.0179608806   0.0482458575  -0.0979868757
        0.1104124760  -0.0000781775   0.0002051148  -0.0003360159   0.0017012775
        0.0014301682  -0.0001093984   0.0000637551  -0.0000368915  -0.0001845305
       -0.0000197662   0.0000934128   0.0003118036
        0.0000218071  -0.0000739692   0.0001402191  -0.0030718442  -0.0038543112
        0.0011364727  -0.0197892363   0.0071707301   0.0155549572  -0.1330181954
        0.0693984292   0.0882308983   0.0097890041  -0.0078381542  -0.0100774214
        0.0000530830  -0.0000499064  -0.0000375622  -0.0000120804  -0.0000413862
        0.0000344270   0.0001732145  -0.0001890037  -0.0000145736  -0.0012124170
        0.0002906504   0.0009519572   0.0001081993  -0.0001441902  -0.0003398505
       -0.0003644434   0.0002881619  -0.0000242805   0.0007076615   0.0004190644
       -0.0000781775   0.1557197532  -0.0732922585  -0.0995466621  -0.0097757513
        0.0097739413   0.0077607521  -0.0002880972  -0.0016335684  -0.0033351415
        0.0009593425  -0.0002242292  -0.0003560143
        0.0002336748   0.0000467029  -0.0001314189  -0.0025175480  -0.0017286260
        0.0009601488  -0.0131621876   0.0059275782   0.0108827798   0.0684039665
       -0.0900280332  -0.0599737558   0.0032556587  -0.0083415947  -0.0131047175
       -0.0000117569   0.0000948701  -0.0000496769   0.0000165567   0.0000010512
       -0.0000050553  -0.0001498355   0.0001215769   0.0000338873  -0.0006982235
        0.0001973680   0.0006102226   0.0000225354  -0.0001300056   0.0000521260
        0.0000317726   0.0004746549   0.0003292765  -0.0003290234   0.0004470191
        0.0002051148  -0.0732922585   0.1078976266   0.0773270182   0.0198126111
       -0.0160134771  -0.0149209510  -0.0016743410   0.0007838817  -0.0030138654
        0.0000583985   0.0002494071   0.0007988669
       -0.0001065154   0.0000421269   0.0001835339   0.0015929161   0.0019837665
        0.0004692146   0.0107188791  -0.0033792128  -0.0065718646   0.0862676909
       -0.0582436288  -0.1238018364   0.0108159993  -0.0199115817  -0.0259233884
       -0.0000428697  -0.0000847760   0.0000116636   0.0000058603   0.0000361736
        0.0000144935   0.0000347009  -0.0000785182  -0.0001229880   0.0005604179
       -0.0001434515  -0.0005517419  -0.0003589501  -0.0000293553   0.0000204814
       -0.0005925987  -0.0002660151   0.0005321850  -0.0000276387  -0.0001935024
       -0.0003360159  -0.0995466621   0.0773270182   0.1546042902  -0.0072443139
        0.0055962294   0.0076585308  -0.0032106329  -0.0020841246  -0.0061677423
        0.0011337172  -0.0005711481  -0.0000188156
       -0.0010208933  -0.0005046551   0.0004282844   0.0005910722  -0.0000074717
       -0.0000613859   0.0063084131  -0.0172463436   0.0093952122  -0.0726383575
        0.0699984739  -0.0357415359  -0.0117904330   0.0125570386  -0.0141988378
        0.0002117036   0.0001228393  -0.0000811626  -0.0002002961  -0.0001649860
       -0.0001737499  -0.0012177336   0.0010216476   0.0007243137   0.0000388992
        0.0001521880  -0.0001951335  -0.0000137651   0.0000200001  -0.0000516320
        0.0003995582   0.0000307029   0.0001581564  -0.0025774881  -0.0038778046
        0.0017012775  -0.0097757513   0.0198126111  -0.0072443139   0.0923095593
       -0.0806883203   0.0487556214   0.0004432828   0.0002670583   0.0007500578
       -0.0010677704  -0.0014929785  -0.0041651719
        0.0007602210   0.0003751741  -0.0004432070   0.0007865835   0.0007020932
       -0.0002738122   0.0036696615  -0.0208183070   0.0108360803   0.0716120966
       -0.1922502041   0.0827439390  -0.0015532027   0.0070312878  -0.0016024927
        0.0000194110  -0.0000624349  -0.0001535874  -0.0002707010  -0.0001024423
       -0.0000888737   0.0004432025   0.0005730761  -0.0001177787   0.0002588403
       -0.0000078625  -0.0000843646   0.0000303280  -0.0001332886   0.0000176787
        0.0002131666  -0.0001223796  -0.0001249827  -0.0036557207  -0.0034716473
        0.0014301682   0.0097739413  -0.0160134771   0.0055962294  -0.0806883203
        0.2222280227  -0.0958849560  -0.0001027283   0.0009686363  -0.0004635186
       -0.0012967792   0.0011037532  -0.0013865219
        0.0000959917   0.0002194815   0.0002299980  -0.0004133438   0.0001787744
        0.0001617873  -0.0017275273   0.0102423362  -0.0039575630  -0.0335212502
        0.0799906433  -0.0872223940  -0.0177735717   0.0194400894  -0.0193899034
       -0.0001381747  -0.0000755429   0.0000247613  -0.0001082143  -0.0001139259
       -0.0000118730   0.0008517258  -0.0006216416   0.0001497330  -0.0001686895
       -0.0001111186  -0.0000285982  -0.0001196556   0.0000855615  -0.0003022042
       -0.0001738175  -0.0004328718   0.0001937988   0.0011413957   0.0019946476
       -0.0001093984   0.0077607521  -0.0149209510   0.0076585308   0.0487556214
       -0.0958849560   0.1079519658  -0.0003386368   0.0014944778   0.0001900650
       -0.0041226053  -0.0014850037  -0.0055387057
       -0.0000122865   0.0000779235  -0.0000828689  -0.0006523000  -0.0004366506
       -0.0008741598   0.0005080620  -0.0000679415  -0.0003018975   0.0091715717
       -0.0114132914  -0.0129854923  -0.1601443271   0.1318886497   0.1283466840
       -0.0000093786   0.0000006117  -0.0000206211   0.0000171376   0.0000667327
        0.0000533480  -0.0000878315   0.0001426836  -0.0001829121   0.0003837657
        0.0000761496   0.0000693972  -0.0006199423  -0.0004019757   0.0009043349
       -0.0000210693   0.0001132837   0.0001057835  -0.0001225399  -0.0002286831
        0.0000637551  -0.0002880972  -0.0016743410  -0.0032106329   0.0004432828
       -0.0001027283  -0.0003386368   0.1612089229  -0.1254323003  -0.1217503303
       -0.0097749703   0.0073918773   0.0102042488
        0.0000706080   0.0001248465   0.0000180121  -0.0000709123  -0.0000374323
       -0.0003467451   0.0012222787   0.0004567978   0.0002265360   0.0048334395
       -0.0088405978  -0.0127952433   0.0984397654  -0.1163553048  -0.0953879751
        0.0000801034  -0.0000212135   0.0000038855   0.0000263163  -0.0000931299
        0.0000647512   0.0000336310   0.0000281737   0.0001119804   0.0001718516
        0.0000392700   0.0000782158  -0.0011848778   0.0002631229   0.0006795087
        0.0003547268   0.0002572240   0.0002062136   0.0001508752  -0.0003578289
       -0.0000368915  -0.0016335684   0.0007838817  -0.0020841246   0.0002670583
        0.0009686363   0.0014944778  -0.1254323003   0.1414120246   0.1260885888
        0.0226710046  -0.0186284705  -0.0183211903
       -0.0000566942  -0.0001180824   0.0000654680   0.0004088923   0.0002651133
        0.0005867939   0.0001457571   0.0001516203   0.0010867667   0.0160767911
       -0.0135636629  -0.0210566188   0.1173634689  -0.1208236495  -0.1782034856
        0.0000600185   0.0000742607  -0.0000182670   0.0000514793   0.0000847412
       -0.0000373694  -0.0002860599   0.0003013044  -0.0002996968  -0.0000162356
        0.0001176841   0.0000026617  -0.0000387470  -0.0001588085   0.0004463304
        0.0002649059   0.0001250864   0.0000477401   0.0000413035   0.0002265860
       -0.0001845305  -0.0033351415  -0.0030138654  -0.0061677423   0.0007500578
       -0.0004635186   0.0001900650  -0.1217503303   0.1260885888   0.1940379404
       -0.0096794660   0.0107066021   0.0095039442
       -0.0000181793  -0.0000279757   0.0001085245  -0.0001539458  -0.0000882088
        0.0000018586   0.0012050564   0.0016434305   0.0002955047  -0.0122491881
        0.0141493054  -0.0156475183  -0.0687050376   0.0863005490  -0.0512701344
        0.0000574376  -0.0000157366  -0.0000006942   0.0000732795   0.0000096533
        0.0000515312   0.0000123833   0.0000503024  -0.0000402078   0.0000852166
        0.0000336370  -0.0000150757  -0.0003763286   0.0002735341   0.0003241336
        0.0004428368   0.0002250335   0.0001835366  -0.0000220803  -0.0005903435
       -0.0000197662   0.0009593425   0.0000583985   0.0011337172  -0.0010677704
       -0.0012967792  -0.0041226053  -0.0097749703   0.0226710046  -0.0096794660
        0.0895319478  -0.1233958043   0.0786966615
       -0.0001255338  -0.0001337467  -0.0000096084  -0.0000975291  -0.0001542707
        0.0000376550  -0.0002650632   0.0014823397  -0.0012317879  -0.0055737913
        0.0071572494  -0.0044392895   0.1232794085  -0.2579130165   0.1275093044
        0.0000360174   0.0000176932  -0.0000244810  -0.0000113385   0.0000726619
       -0.0000303394  -0.0001086279   0.0001537245  -0.0000971280   0.0000839550
        0.0000675000  -0.0000138167   0.0002384206  -0.0001323445   0.0001540324
       -0.0001562635  -0.0000701778  -0.0000519420   0.0004214804   0.0000755557
        0.0000934128  -0.0002242292   0.0002494071  -0.0005711481  -0.0014929785
        0.0011037532  -0.0014850037   0.0073918773  -0.0186284705   0.0107066021
       -0.1233958043   0.2666521420  -0.1305464621
       -0.0000250361   0.0000048945   0.0000604645   0.0002173916  -0.0000056063
       -0.0000098790   0.0005293265  -0.0004047549   0.0012397236  -0.0102262018
        0.0222861009  -0.0165827676  -0.0747907297   0.1281274794  -0.1284938823
       -0.0000046964  -0.0000367323   0.0000304721   0.0000325227   0.0000320201
       -0.0000248212   0.0000133184  -0.0001262144  -0.0000563790  -0.0000071729
       -0.0000135197  -0.0000036050   0.0000927378  -0.0000282024  -0.0000590968
        0.0002997970   0.0001560229   0.0000769820  -0.0005109813  -0.0005361805
        0.0003118036  -0.0003560143   0.0007988669  -0.0000188156  -0.0041651719
       -0.0013865219  -0.0055387057   0.0102042488  -0.0183211903   0.0095039442
        0.0786966615  -0.1305464621   0.1395645624
