           1           2   1.97779691169258     
           2           3   1.00953316432583     
           3           4   1.00954171766131     
           4           5   1.97779854420820     
           1           6  0.976231224976018     
           1           7  0.974812025264604     
           2           8  0.967270649124106     
           3           9  0.960274851828453     
           3          10  0.960287972150322     
           4          11  0.967271218347327     
           5          12  0.976232133912373     
           5          13  0.974812065869605     
