           1           2   1.01980375102628     
           2           3   1.00846327011989     
           3           4  0.982446395114105     
           4           5  0.979267757095117     
           5           6   1.69691698685081     
           5           7   1.16149761570719     
           6           7  0.170360600772741     
           7           8  0.939721212066729     
           1           9  0.985781140549094     
           1          10  0.986870353446625     
           1          11  0.986658894267094     
           2          12  0.977235206666189     
           2          13  0.977699687112899     
           3          14  0.977324859951489     
           3          15  0.973843976072065     
           4          16  0.952006599383966     
           4          17  0.970732809344196     
           8          18  0.977166754552349     
           8          19  0.976674485033593     
           8          20  0.975207360490185     
