           1           2   1.02060780302581     
           2           3   1.00631603475857     
           3           4  0.988696696793388     
           4           5  0.981771134659105     
           5           6   1.69724380034488     
           5           7   1.15981148486144     
           6           7  0.169503978155862     
           7           8  0.938195006911044     
           1           9  0.986329374853857     
           1          10  0.984965747474209     
           1          11  0.987215461996485     
           2          12  0.977191326990676     
           2          13  0.976312772536832     
           3          14  0.975533010053018     
           3          15  0.978240520386717     
           4          16  0.971567915022194     
           4          17  0.940551760430501     
           8          18  0.976741964732061     
           8          19  0.975951486832043     
           8          20  0.976779500636430     
