           1           2   1.01867245939852     
           2           3   1.00942178271870     
           3           4  0.991961359290958     
           4           5   1.02886209357123     
           1           6  0.987709686098255     
           1           7  0.987180148882147     
           1           8  0.987822113413710     
           2           9  0.976200298920508     
           2          10  0.978272917631570     
           3          11  0.976215815852382     
           3          12  0.976877158433064     
           4          13  0.975117800270099     
           4          14  0.975284478326457     
           5          15  0.960262207816085     
           5          16  0.960788285941652     
