           1           2   1.01931776841315     
           2           3   1.00907173549750     
           3           4  0.985435565066130     
           4           5  0.978773313204149     
           5           6   1.69250443565448     
           5           7   1.16549954685126     
           6           7  0.172116331698879     
           7           8  0.936881487796445     
           1           9  0.986949793096019     
           1          10  0.986652962094275     
           1          11  0.987778874412599     
           2          12  0.977923272016007     
           2          13  0.977225325061500     
           3          14  0.976314187188126     
           3          15  0.974065994495101     
           4          16  0.948395608500710     
           4          17  0.972323593239647     
           8          18  0.974741123512193     
           8          19  0.976778579879412     
           8          20  0.973331249010343     
