           1           2   1.01740687018342     
           2           3  0.974571147867818     
           3           4  0.978839194388150     
           4           5   1.68844855414275     
           4           6   1.17227184183467     
           5           6  0.171303504692965     
           6           7  0.917687139042737     
           7           8   1.01958156095271     
           1           9  0.986816475692487     
           1          10  0.986512822729155     
           1          11  0.984340933328331     
           2          12  0.978522683903695     
           2          13  0.978551760868563     
           3          14  0.963830223547201     
           3          15  0.969259400167158     
           7          16  0.968302864780873     
           7          17  0.969343484171328     
           8          18  0.983829359390462     
           8          19  0.983296420112872     
           8          20  0.979997637175927     
