$hessian                                                                        
        0.5144571977   0.0035206185   0.0154779147  -0.0786427829   0.0050419506
        0.0358110532  -0.0053625989  -0.0025104211   0.0145568142  -0.0003434766
       -0.0003130065   0.0007958719   0.0000866025   0.0001956266   0.0004114056
       -0.0000632109  -0.0000148582   0.0000131354   0.0002752908  -0.0001249254
        0.0000075497   0.0000715759  -0.0000440737  -0.0000723613  -0.0891228873
       -0.0896531797   0.0283683582  -0.1932565816  -0.0330262014  -0.1092901473
       -0.1464904652   0.1171052639   0.0145802197   0.0056151971  -0.0022561743
       -0.0220899418  -0.0068287199   0.0037953976   0.0206879534   0.0005818864
        0.0005124348  -0.0007041029  -0.0007504368  -0.0022879678   0.0013490957
       -0.0000732155   0.0000049013  -0.0000017581  -0.0000923923   0.0000279609
        0.0000490016  -0.0000136347   0.0000219887   0.0000071176  -0.0000459325
        0.0000164402   0.0000178523  -0.0000014151  -0.0000117751   0.0000249679
        0.0035206185   0.5269915802  -0.0044149243   0.0052973908  -0.0662841916
       -0.0126774133  -0.0088576720  -0.0020318956   0.0231273975   0.0013527846
       -0.0009773197   0.0002934085  -0.0003509187   0.0003419606   0.0008712729
       -0.0008078794   0.0009206309   0.0001892233   0.0001395260  -0.0001037896
        0.0000765229  -0.0000509681  -0.0000698425  -0.0000565135  -0.0893255417
       -0.2217084316   0.0580977931  -0.0328746431  -0.0528181345  -0.0242387783
        0.1168882549  -0.1794579464  -0.0179323489   0.0010333750   0.0003924856
       -0.0051428970   0.0076632741  -0.0027236875  -0.0217885821  -0.0006762344
        0.0011972682   0.0008273869  -0.0029135971  -0.0037843558   0.0027454831
        0.0000061938   0.0000321897   0.0000096260  -0.0000171444  -0.0000110618
       -0.0000116842   0.0000021997   0.0000073382   0.0000166641  -0.0000153131
        0.0000328878   0.0000086532  -0.0000137054   0.0000543153  -0.0000002901
        0.0154779147  -0.0044149243   0.4649860783   0.0354510550  -0.0129026814
       -0.1924409194   0.0075558310   0.0055375733  -0.0139367214  -0.0006249016
       -0.0005619998   0.0003816967   0.0001422805   0.0004599862   0.0000697409
        0.0000818458  -0.0000088644   0.0002003014  -0.0001827815  -0.0000305936
       -0.0002012897  -0.0000167652  -0.0000335238  -0.0000830283   0.0284121266
        0.0586149270  -0.0607426033  -0.1096011465  -0.0244672553  -0.1223934611
        0.0150439088  -0.0181191984  -0.0450392826   0.0030872209  -0.0026212663
       -0.0236797617   0.0045092465  -0.0024325338  -0.0077673603  -0.0003647911
       -0.0007520524   0.0006781675   0.0010739743   0.0016900405  -0.0001635328
        0.0000108821  -0.0000106024   0.0000192928  -0.0000598590   0.0000321874
        0.0000665208  -0.0000228212   0.0000167125   0.0000322736   0.0000124898
       -0.0000049721   0.0000066710   0.0000142902   0.0000090411   0.0000072175
       -0.0786427829   0.0052973908   0.0354510550   0.5228886809  -0.0316189957
        0.0285217616  -0.0848287102  -0.0440151552   0.0200915946  -0.0173800426
       -0.0222602606   0.0050920186  -0.0022016548  -0.0002475045  -0.0034929323
       -0.0009370171  -0.0007589655  -0.0011029996   0.0006577461   0.0003444930
       -0.0006355489   0.0002220336   0.0000364932   0.0000756385  -0.0045748832
       -0.0004582934   0.0136152907   0.0064982288  -0.0020652164  -0.0232040349
       -0.0076566468   0.0037284343   0.0212151987  -0.1948282143  -0.0284290187
       -0.1083527230  -0.1432125390   0.1147044047   0.0126227477   0.0073199444
        0.0134440743  -0.0045246082  -0.0031139811  -0.0076834807   0.0047493432
        0.0000735933   0.0000016713  -0.0000279489  -0.0002041453  -0.0000086307
       -0.0000714374  -0.0000199130  -0.0000244461  -0.0000105026   0.0000146569
       -0.0000029882   0.0000178182  -0.0000743536   0.0000159940  -0.0000297308
        0.0050419506  -0.0662841916  -0.0129026814  -0.0316189957   0.4797829728
        0.0178009297  -0.0363535208  -0.1511536493   0.0362574433  -0.0181397508
       -0.0083292072  -0.0074227265  -0.0001258857   0.0025214836   0.0016999091
        0.0032785299  -0.0029979128   0.0002675940  -0.0002502896   0.0000686578
       -0.0005735740   0.0000503829  -0.0001093031   0.0000254259  -0.0083274184
        0.0000628698   0.0244813036   0.0009541501  -0.0001087830  -0.0057080471
        0.0082330830  -0.0034794136  -0.0225418233  -0.0290217958  -0.0490558485
       -0.0230314611   0.1158973593  -0.1742253365  -0.0180440292  -0.0084135813
       -0.0255376138   0.0071554613  -0.0013484861  -0.0013300418   0.0023779791
        0.0001265793   0.0000714948   0.0000792494  -0.0000508374   0.0000561641
        0.0000812275  -0.0000067626   0.0000310216  -0.0000304659   0.0000240713
       -0.0000035456  -0.0000037507   0.0000512180   0.0000201822   0.0000320361
        0.0358110532  -0.0126774133  -0.1924409194   0.0285217616   0.0178009297
        0.4738214012   0.0119286711   0.0284384987  -0.0684550191  -0.0038286095
       -0.0110063483   0.0076819909  -0.0015258118  -0.0003007084  -0.0046642005
       -0.0000058934   0.0002481858   0.0004980345  -0.0000474036   0.0002662967
       -0.0005692663   0.0000008378   0.0000179594  -0.0000728304   0.0046822754
        0.0012466549  -0.0115994823   0.0029051421  -0.0022561091  -0.0244205476
        0.0047353293  -0.0032899009  -0.0072541886  -0.1086166031  -0.0231045186
       -0.1173909986   0.0126478646  -0.0182662114  -0.0447490235  -0.0010403890
       -0.0013419211   0.0014364516   0.0138680680   0.0243233230  -0.0118639607
        0.0000558523  -0.0000720361   0.0000130635  -0.0001206953   0.0000128906
       -0.0000065282  -0.0000007877   0.0000007558   0.0000225068   0.0000020035
       -0.0000309707   0.0000008236   0.0000273345  -0.0000093566   0.0000126934
       -0.0053625989  -0.0088576720   0.0075558310  -0.0848287102  -0.0363535208
        0.0119286711   0.4724137493  -0.0585573706  -0.0181381494  -0.1425310587
       -0.0211981919  -0.0480508472  -0.0047379173  -0.0061236301  -0.0158911060
       -0.0452151820   0.0125160316  -0.0143384965   0.0011903012   0.0036173720
        0.0006125167  -0.0012590762   0.0000059451  -0.0005583985  -0.0001624572
       -0.0000750685   0.0026889272   0.0007200757   0.0003746832  -0.0004667396
        0.0001324866  -0.0007281207  -0.0001906639  -0.0143287919  -0.0247397027
        0.0060076828   0.0069358865   0.0138417094  -0.0048702003  -0.1308084961
        0.1151024091   0.0218559523  -0.0514179333   0.0110759103   0.0522077146
        0.0002355000  -0.0000183392  -0.0000430122  -0.0007527330  -0.0000419411
       -0.0003416987   0.0000879405  -0.0000498079  -0.0000886451  -0.0003295174
        0.0002734831   0.0001321321   0.0000185323  -0.0000641782  -0.0000114705
       -0.0025104211  -0.0020318956   0.0055375733  -0.0440151552  -0.1511536493
        0.0284384987  -0.0585573706   0.4843666259   0.0324338121  -0.0014980116
       -0.0641021394   0.0034137647  -0.0272995069  -0.0126902025  -0.0344865185
        0.0206440645   0.0053497986   0.0097791067   0.0043413498  -0.0010777643
       -0.0026572444   0.0011334202   0.0000305139   0.0004987707   0.0002738808
        0.0009947982   0.0001656479   0.0003589463   0.0004134547  -0.0003948255
        0.0003759575   0.0012503956  -0.0008947045  -0.0066116775  -0.0095299879
        0.0020550845  -0.0092822220  -0.0269368175   0.0079514617   0.1119865499
       -0.1850530013  -0.0289896677   0.0104305255  -0.0393706375  -0.0225115588
        0.0003899690  -0.0002481404   0.0000589829  -0.0004882936  -0.0000093179
       -0.0003555132   0.0000272720   0.0000040513   0.0000594514   0.0002980502
       -0.0003052630  -0.0001234154   0.0000026729   0.0000991782   0.0000212934
        0.0145568142   0.0231273975  -0.0139367214   0.0200915946   0.0362574433
       -0.0684550191  -0.0181381494   0.0324338121   0.4966615728  -0.0451760264
       -0.0071295422  -0.0973066392  -0.0298338774  -0.0243521572  -0.0108618722
       -0.0059904349   0.0042007680   0.0049273340  -0.0000982343  -0.0029676681
        0.0033983644   0.0000033449  -0.0000394775   0.0000105088   0.0023094196
        0.0006526337  -0.0057048955   0.0002301569   0.0005353716   0.0013123111
       -0.0004657309   0.0007793924   0.0007111636  -0.0062049750  -0.0112011368
        0.0038349167  -0.0007193054  -0.0003765793   0.0007378308   0.0201286056
       -0.0278371952  -0.0505566753   0.0493880644  -0.0241200837  -0.2646620005
       -0.0006839251   0.0001325802  -0.0003204087   0.0005886385  -0.0001148814
        0.0001957628  -0.0000425032   0.0000286932   0.0000265446   0.0000440988
       -0.0000007113  -0.0000251201   0.0000124246  -0.0000086592   0.0000130423
       -0.0003434766   0.0013527846  -0.0006249016  -0.0173800426  -0.0181397508
       -0.0038286095  -0.1425310587  -0.0014980116  -0.0451760264   0.4694175274
        0.0092714703   0.1280714374  -0.0956953795  -0.0918247990  -0.0773683247
       -0.1530511538   0.0780351416   0.0099295805  -0.0426950140   0.0212188238
       -0.0040470105  -0.0041038142  -0.0003183839  -0.0024626376   0.0003744094
        0.0004908842  -0.0006359666   0.0004328083  -0.0006083542   0.0007203659
       -0.0005852341  -0.0000144252   0.0003860404  -0.0000080261  -0.0006969591
        0.0005863909   0.0010067744   0.0018329665   0.0002039442  -0.0200974493
        0.0005694579  -0.0091112924   0.0055737267  -0.0028494156   0.0013214672
        0.0003699165   0.0018243344   0.0000621385   0.0007096744   0.0004398305
        0.0015602849  -0.0003456202   0.0000358811  -0.0002771484  -0.0007202239
        0.0012556800   0.0008326479  -0.0003283442  -0.0003771552  -0.0001423799
       -0.0003130065  -0.0009773197  -0.0005619998  -0.0222602606  -0.0083292072
       -0.0110063483  -0.0211981919  -0.0641021394  -0.0071295422   0.0092714703
        0.6209006420   0.3000138205  -0.0767154517  -0.3917803706  -0.2639842561
        0.0829853331  -0.1576984227  -0.0324981993   0.0197212844   0.0033456742
        0.0097969773  -0.0032563196  -0.0008571841  -0.0018117949  -0.0001280180
       -0.0002124315   0.0000036994  -0.0002609057   0.0013922699   0.0005393212
        0.0008729127  -0.0001377399   0.0001819397  -0.0026764782  -0.0041265767
        0.0013629246  -0.0006100620  -0.0011216771  -0.0007960086   0.0211243237
        0.0014138164   0.0111918313  -0.0013564513   0.0002569876  -0.0035893630
       -0.0043518902   0.0000469890   0.0007497902  -0.0014156756   0.0022187563
       -0.0025974782   0.0008347419  -0.0001401321   0.0003490971  -0.0012328230
        0.0003390829  -0.0003778601   0.0009654684  -0.0004310172   0.0001634493
        0.0007958719   0.0002934085   0.0003816967   0.0050920186  -0.0074227265
        0.0076819909  -0.0480508472   0.0034137647  -0.0973066392   0.1280714374
        0.3000138205   0.4602705492  -0.0674789975  -0.2693383740  -0.2822871914
        0.0155373938  -0.0368222340  -0.0734426471  -0.0057357105   0.0114378700
        0.0053429692  -0.0035680675  -0.0010578572  -0.0019385449   0.0001568090
        0.0000039240  -0.0007283229  -0.0003492041   0.0009142441  -0.0009575002
        0.0002942980  -0.0001518258  -0.0000305196   0.0020865008   0.0037220609
       -0.0002253778  -0.0000600840  -0.0006746285   0.0006798114   0.0023231619
        0.0004383189   0.0023689621  -0.0247335638  -0.0065209814  -0.0206477134
       -0.0017657670  -0.0003762939   0.0019482780  -0.0026795350   0.0019060644
       -0.0011386665   0.0007690797  -0.0002832025  -0.0002415097  -0.0011167517
        0.0006158618   0.0001773539   0.0004119574  -0.0001112140   0.0000930211
        0.0000866025  -0.0003509187   0.0001422805  -0.0022016548  -0.0001258857
       -0.0015258118  -0.0047379173  -0.0272995069  -0.0298338774  -0.0956953795
       -0.0767154517  -0.0674789975   0.0982548591   0.0669609384   0.0783485982
        0.0039372592   0.0386690417   0.0171036516   0.0012007444   0.0028467824
        0.0049298034   0.0008335652   0.0008049447   0.0005978789  -0.0000573565
       -0.0001467760  -0.0000006838  -0.0004873075  -0.0000374879   0.0000427795
        0.0002660570   0.0000558274  -0.0001466405  -0.0007005677  -0.0008925287
        0.0003390425  -0.0000543634  -0.0000648411  -0.0001211400   0.0026397308
       -0.0007289986   0.0011984694  -0.0048552730  -0.0015863721  -0.0038450737
        0.0008814328  -0.0000958162  -0.0002969679   0.0006931548  -0.0011768264
        0.0006746401  -0.0000782657   0.0000154949  -0.0000979008   0.0002345396
       -0.0002380498  -0.0000711052  -0.0001598598   0.0001064303   0.0000410546
        0.0001956266   0.0003419606   0.0004599862  -0.0002475045   0.0025214836
       -0.0003007084  -0.0061236301  -0.0126902025  -0.0243521572  -0.0918247990
       -0.3917803706  -0.2693383740   0.0669609384   0.4831181463   0.3505395991
        0.0383711348  -0.0812403221  -0.0583835838  -0.0051894523  -0.0002197692
        0.0006957130   0.0008011999   0.0005766974   0.0005735301   0.0001885358
        0.0000575390   0.0001215482  -0.0001679604  -0.0007835063   0.0003320307
       -0.0004316009   0.0000724964  -0.0001462325  -0.0006853240  -0.0007573089
        0.0000509178   0.0003162213   0.0001692315  -0.0001864424   0.0003620140
        0.0005872631   0.0009273318  -0.0035321077  -0.0004602106  -0.0019972928
        0.0011399557   0.0002675278  -0.0004344531   0.0003268243  -0.0002158392
        0.0012197259  -0.0005177118  -0.0000257319   0.0001113403   0.0003877960
        0.0000757081   0.0002939045  -0.0003301561   0.0003852075  -0.0001863833
        0.0004114056   0.0008712729   0.0000697409  -0.0034929323   0.0016999091
       -0.0046642005  -0.0158911060  -0.0344865185  -0.0108618722  -0.0773683247
       -0.2639842561  -0.2822871914   0.0783485982   0.3505395991   0.3053727752
        0.0170721872  -0.0575632025  -0.0068747244  -0.0009844447   0.0038829298
       -0.0012435047   0.0008940589   0.0005744516   0.0009057807   0.0001129904
        0.0001277398   0.0001779136   0.0004223564  -0.0006264028   0.0004241841
       -0.0003769960   0.0001037283  -0.0001066412  -0.0012964742  -0.0022983766
        0.0005855205   0.0002076438   0.0002718441  -0.0002441904   0.0021779529
        0.0007257592   0.0005598009  -0.0019044901   0.0002058316  -0.0013496032
        0.0013448840   0.0008675784  -0.0010099821   0.0006186258  -0.0011582753
        0.0004680082  -0.0003882735   0.0000482636   0.0001121459   0.0004144442
       -0.0000163547   0.0001079622  -0.0003221058   0.0002144791  -0.0001419221
       -0.0000632109  -0.0008078794   0.0000818458  -0.0009370171   0.0032785299
       -0.0000058934  -0.0452151820   0.0206440645  -0.0059904349  -0.1530511538
        0.0829853331   0.0155373938   0.0039372592   0.0383711348   0.0170721872
        0.4025169354  -0.1102046824   0.0716870751  -0.1263825914  -0.0300919036
       -0.0542004597  -0.0333706716   0.0053440349  -0.0105954858   0.0000195916
       -0.0002014555   0.0001285531  -0.0000207275   0.0003445308   0.0001597363
        0.0001026347   0.0002784535  -0.0001863694  -0.0004852275  -0.0005193857
       -0.0001437858  -0.0001647081  -0.0006813379  -0.0000224985  -0.0070373661
        0.0001391369  -0.0042098955  -0.0005795693   0.0015786795  -0.0004211862
       -0.0297264243  -0.0123122043  -0.0138810972  -0.0097310799  -0.0002588870
       -0.0165085215   0.0020283629  -0.0014657561  -0.0001512965  -0.0038902502
        0.0043022144   0.0019086905   0.0020503958  -0.0007226203  -0.0002585573
       -0.0000148582   0.0009206309  -0.0000088644  -0.0007589655  -0.0029979128
        0.0002481858   0.0125160316   0.0053497986   0.0042007680   0.0780351416
       -0.1576984227  -0.0368222340   0.0386690417  -0.0812403221  -0.0575632025
       -0.1102046824   0.3083380819   0.1146035050  -0.0218257704  -0.0710144700
       -0.0192540584   0.0249275566   0.0017350330   0.0100295975   0.0000292332
        0.0001297096  -0.0002972474   0.0001289667  -0.0005565014  -0.0003971076
       -0.0002794792  -0.0000378266   0.0000329571   0.0000270948   0.0006140988
       -0.0000741041  -0.0004035364   0.0010306339   0.0001810979  -0.0001618901
        0.0003066838  -0.0000438165  -0.0003945847  -0.0007948876   0.0002040958
       -0.0275145979  -0.0040519247  -0.0161684086   0.0045328289   0.0012840950
        0.0019207466  -0.0008840452   0.0005391188   0.0000234676   0.0046314150
       -0.0030944969  -0.0013018453  -0.0010549001   0.0012388806   0.0004864675
        0.0000131354   0.0001892233   0.0002003014  -0.0011029996   0.0002675940
        0.0004980345  -0.0143384965   0.0097791067   0.0049273340   0.0099295805
       -0.0324981993  -0.0734426471   0.0171036516  -0.0583835838  -0.0068747244
        0.0716870751   0.1146035050   0.1857456203  -0.0487676908  -0.0239285761
       -0.0954630678   0.0063294620   0.0017244181   0.0070926553  -0.0000671818
       -0.0000523670  -0.0000503715   0.0001774710   0.0000001218   0.0001603142
        0.0000194944  -0.0000613861  -0.0000954196   0.0001197875  -0.0003245210
       -0.0000600656   0.0000794684  -0.0001842911  -0.0004059233  -0.0038180676
       -0.0003661720  -0.0009119744   0.0007398768  -0.0002876607   0.0011154611
       -0.0039137719  -0.0052585768   0.0001127694  -0.0363572931  -0.0042390517
       -0.0235436676  -0.0002310405   0.0004215534   0.0009229251   0.0021665296
       -0.0013854711   0.0002218165   0.0002310094  -0.0000156657  -0.0001493703
        0.0002752908   0.0001395260  -0.0001827815   0.0006577461  -0.0002502896
       -0.0000474036   0.0011903012   0.0043413498  -0.0000982343  -0.0426950140
        0.0197212844  -0.0057357105   0.0012007444  -0.0051894523  -0.0009844447
       -0.1263825914  -0.0218257704  -0.0487676908   0.3993715431   0.0032351834
       -0.0449906473  -0.1070413695   0.0581877824   0.0370832447  -0.0000731819
        0.0000602899   0.0000597919  -0.0002068838  -0.0000150268   0.0002222348
        0.0000558675  -0.0001428410   0.0000555967   0.0002323876   0.0000108823
        0.0001861281  -0.0004145830  -0.0002180641  -0.0000767122  -0.0008684918
       -0.0005288697  -0.0008560581  -0.0004933260  -0.0000819259   0.0001062080
       -0.0623371494  -0.0691453575   0.0165511510  -0.0445547538  -0.0052785180
        0.0386977790  -0.0046140981   0.0041845931   0.0051036743  -0.0193500731
        0.0175828271   0.0077745298   0.0060476351  -0.0047876033  -0.0041006553
       -0.0001249254  -0.0001037896  -0.0000305936   0.0003444930   0.0000686578
        0.0002662967   0.0036173720  -0.0010777643  -0.0029676681   0.0212188238
        0.0033456742   0.0114378700   0.0028467824  -0.0002197692   0.0038829298
       -0.0300919036  -0.0710144700  -0.0239285761   0.0032351834   0.5109809186
       -0.0061016195   0.0556866190  -0.1381169895  -0.0399422086  -0.0000379906
        0.0000036699   0.0000357291   0.0000206046   0.0000793654   0.0000823006
        0.0000245392  -0.0000211288   0.0000379927   0.0000996029   0.0002113022
        0.0000138606  -0.0001391924  -0.0000034840  -0.0000693680   0.0011410558
        0.0000966506   0.0003998729  -0.0003632894  -0.0000899610  -0.0001421946
       -0.0679933069  -0.2312998702   0.0379882307  -0.0077629508  -0.0485193141
        0.0315102081  -0.0000344269   0.0017554901  -0.0018085942   0.0002175703
        0.0005347932   0.0005903748   0.0180953398  -0.0266099813  -0.0112548435
        0.0000075497   0.0000765229  -0.0002012897  -0.0006355489  -0.0005735740
       -0.0005692663   0.0006125167  -0.0026572444   0.0033983644  -0.0040470105
        0.0097969773   0.0053429692   0.0049298034   0.0006957130  -0.0012435047
       -0.0542004597  -0.0192540584  -0.0954630678  -0.0449906473  -0.0061016195
        0.4887621541   0.0347847332  -0.0386947944  -0.0892826359  -0.0000015902
        0.0000585895  -0.0000014720   0.0001659817  -0.0000240687  -0.0000441057
        0.0000169465  -0.0000811837   0.0000384403  -0.0001041373  -0.0001147401
        0.0001367746  -0.0002231042   0.0002173181   0.0001268146   0.0003041705
       -0.0003300238   0.0003844542   0.0000917470   0.0001302019   0.0004407589
        0.0134040080   0.0373149083  -0.0510961874   0.0399471094   0.0325708229
       -0.2508972805   0.0205039181  -0.0224409925  -0.0157184743  -0.0082676010
        0.0080852274   0.0039233843  -0.0022983849   0.0013260179   0.0019631696
        0.0000715759  -0.0000509681  -0.0000167652   0.0002220336   0.0000503829
        0.0000008378  -0.0012590762   0.0011334202   0.0000033449  -0.0041038142
       -0.0032563196  -0.0035680675   0.0008335652   0.0008011999   0.0008940589
       -0.0333706716   0.0249275566   0.0063294620  -0.1070413695   0.0556866190
        0.0347847332   0.5087396956   0.0298977281   0.0192302470  -0.0000483520
       -0.0000251352   0.0000164897  -0.0000123226   0.0000335610  -0.0000641385
       -0.0000301802   0.0000295400   0.0000208996  -0.0000692918  -0.0000041087
       -0.0000038662  -0.0000095459   0.0001457140   0.0000107203  -0.0005061769
        0.0000033852  -0.0002579862   0.0000143511   0.0000096043   0.0001094049
        0.0050718057  -0.0036959574  -0.0027580324  -0.0043801166   0.0053628309
        0.0053331204  -0.0456035416  -0.0049932353   0.0257001965  -0.2378496267
       -0.0183149228  -0.1016914230  -0.0806689415  -0.0877408946   0.0159267638
       -0.0000440737  -0.0000698425  -0.0000335238   0.0000364932  -0.0001093031
        0.0000179594   0.0000059451   0.0000305139  -0.0000394775  -0.0003183839
       -0.0008571841  -0.0010578572   0.0008049447   0.0005766974   0.0005744516
        0.0053440349   0.0017350330   0.0017244181   0.0581877824  -0.1381169895
       -0.0386947944   0.0298977281   0.4964634414  -0.0166400565   0.0000258113
        0.0000301012  -0.0000077685   0.0000257316   0.0000153165   0.0000468485
       -0.0000059621   0.0000206814   0.0000181167   0.0000351164   0.0000439532
        0.0000018513  -0.0000813472   0.0000586818  -0.0000086745   0.0000188193
        0.0000482127   0.0000164866   0.0000341692  -0.0000020231  -0.0000193997
        0.0170175940  -0.0234591863  -0.0106637460   0.0000337267   0.0016132244
       -0.0006912772  -0.0049852034  -0.0498375157   0.0363621833  -0.0170008604
       -0.0432283323  -0.0080571143  -0.0890320661  -0.2449554802   0.0371513740
       -0.0000723613  -0.0000565135  -0.0000830283   0.0000756385   0.0000254259
       -0.0000728304  -0.0005583985   0.0004987707   0.0000105088  -0.0024626376
       -0.0018117949  -0.0019385449   0.0005978789   0.0005735301   0.0009057807
       -0.0105954858   0.0100295975   0.0070926553   0.0370832447  -0.0399422086
       -0.0892826359   0.0192302470  -0.0166400565   0.5213383055   0.0000215447
        0.0000004473   0.0000274719  -0.0000048516  -0.0000009068   0.0000251378
        0.0000090326   0.0000212691   0.0000286739   0.0000025510   0.0000133074
        0.0000366893   0.0000355534   0.0000258775   0.0000067453  -0.0001956161
        0.0000335048  -0.0000878778   0.0000390205  -0.0000075166   0.0000768787
       -0.0018587123   0.0022240730   0.0023717603   0.0188020225  -0.0204433853
       -0.0137313329   0.0248498937   0.0377980907  -0.2813281683  -0.1005049901
       -0.0086541298  -0.0941719738   0.0155064259   0.0363126180  -0.0512242152
       -0.0891228873  -0.0893255417   0.0284121266  -0.0045748832  -0.0083274184
        0.0046822754  -0.0001624572   0.0002738808   0.0023094196   0.0003744094
       -0.0001280180   0.0001568090  -0.0000573565   0.0001885358   0.0001129904
        0.0000195916   0.0000292332  -0.0000671818  -0.0000731819  -0.0000379906
       -0.0000015902  -0.0000483520   0.0000258113   0.0000215447   0.1005822372
        0.1047533823  -0.0350487859  -0.0150291717  -0.0256433013   0.0049320110
        0.0082069117   0.0186953817  -0.0053742678   0.0003778368   0.0002249440
       -0.0004522553  -0.0002055589  -0.0002457359   0.0000195458  -0.0000720199
        0.0001274190  -0.0000117745  -0.0002515056  -0.0005834890   0.0003080960
        0.0000149459   0.0000180237  -0.0000130863   0.0000333108  -0.0000411127
        0.0000013159   0.0000082213   0.0000010411  -0.0000072560   0.0000016280
       -0.0000014018   0.0000043920  -0.0000217185  -0.0000036433   0.0000156713
       -0.0896531797  -0.2217084316   0.0586149270  -0.0004582934   0.0000628698
        0.0012466549  -0.0000750685   0.0009947982   0.0006526337   0.0004908842
       -0.0002124315   0.0000039240  -0.0001467760   0.0000575390   0.0001277398
       -0.0002014555   0.0001297096  -0.0000523670   0.0000602899   0.0000036699
        0.0000585895  -0.0000251352   0.0000301012   0.0000004473   0.1047533823
        0.2548464010  -0.0677697746  -0.0055586508  -0.0077606471   0.0007947238
       -0.0092563519  -0.0272581058   0.0066784047   0.0002942914   0.0000694824
        0.0000640479  -0.0000021127   0.0004970613  -0.0003123849  -0.0000491024
        0.0003260893  -0.0001662900  -0.0001991576  -0.0000554022   0.0000800083
        0.0000118562  -0.0000097599  -0.0000129658   0.0000095149  -0.0000271647
       -0.0000105379   0.0000093564  -0.0000003153   0.0000069206  -0.0000057496
        0.0000019639  -0.0000052843   0.0000014580   0.0000125725   0.0000005830
        0.0283683582   0.0580977931  -0.0607426033   0.0136152907   0.0244813036
       -0.0115994823   0.0026889272   0.0001656479  -0.0057048955  -0.0006359666
        0.0000036994  -0.0007283229  -0.0000006838   0.0001215482   0.0001779136
        0.0001285531  -0.0002972474  -0.0000503715   0.0000597919   0.0000357291
       -0.0000014720   0.0000164897  -0.0000077685   0.0000274719  -0.0350487859
       -0.0677697746   0.0722861810  -0.0089338297  -0.0157520827   0.0047660749
       -0.0011511433  -0.0009912427   0.0013759528   0.0000340739   0.0005237319
        0.0003523583   0.0000252149   0.0003359755   0.0005903180  -0.0000441564
       -0.0002940441  -0.0000459980   0.0008690352   0.0013387408  -0.0007173745
        0.0000021851   0.0000105823   0.0000045582   0.0000213609  -0.0000177553
        0.0000131636  -0.0000089827   0.0000105052  -0.0000046447  -0.0000055916
        0.0000040501   0.0000081642  -0.0000001405   0.0000006081  -0.0000069920
       -0.1932565816  -0.0328746431  -0.1096011465   0.0064982288   0.0009541501
        0.0029051421   0.0007200757   0.0003589463   0.0002301569   0.0004328083
       -0.0002609057  -0.0003492041  -0.0004873075  -0.0001679604   0.0004223564
       -0.0000207275   0.0001289667   0.0001774710  -0.0002068838   0.0000206046
        0.0001659817  -0.0000123226   0.0000257316  -0.0000048516  -0.0150291717
       -0.0055586508  -0.0089338297   0.2230005663   0.0388881284   0.1270252520
       -0.0227008685  -0.0013885191  -0.0136520231   0.0008912678   0.0000265977
        0.0016054614   0.0005996472  -0.0001832509   0.0002738929  -0.0002357216
        0.0000489191  -0.0001241549  -0.0001396850   0.0000232377   0.0000732587
        0.0000216257   0.0000080617  -0.0000486142  -0.0001008076  -0.0000199598
       -0.0001229255   0.0000260385  -0.0000287851  -0.0000343411   0.0000061875
       -0.0000147759  -0.0000093823  -0.0000063682   0.0000141068   0.0000014998
       -0.0330262014  -0.0528181345  -0.0244672553  -0.0020652164  -0.0001087830
       -0.0022561091   0.0003746832   0.0004134547   0.0005353716  -0.0006083542
        0.0013922699   0.0009142441  -0.0000374879  -0.0007835063  -0.0006264028
        0.0003445308  -0.0005565014   0.0000001218  -0.0000150268   0.0000793654
       -0.0000240687   0.0000335610   0.0000153165  -0.0000009068  -0.0256433013
       -0.0077606471  -0.0157520827   0.0388881284   0.0568334877   0.0290135550
        0.0218174329   0.0029183735   0.0137509601   0.0001935191   0.0007391102
       -0.0007360481  -0.0004220687  -0.0001146092  -0.0003892605   0.0001823228
       -0.0001116818   0.0000486035  -0.0000372690  -0.0000970546  -0.0000344386
       -0.0000336639  -0.0000502658   0.0000442605   0.0000182417   0.0000935010
        0.0000219737  -0.0000033489  -0.0000137170   0.0000021406   0.0000082977
       -0.0000181219  -0.0000065664   0.0000312210  -0.0000518564  -0.0000380918
       -0.1092901473  -0.0242387783  -0.1223934611  -0.0232040349  -0.0057080471
       -0.0244205476  -0.0004667396  -0.0003948255   0.0013123111   0.0007203659
        0.0005393212  -0.0009575002   0.0000427795   0.0003320307   0.0004241841
        0.0001597363  -0.0003971076   0.0001603142   0.0002222348   0.0000823006
       -0.0000441057  -0.0000641385   0.0000468485   0.0000251378   0.0049320110
        0.0007947238   0.0047660749   0.1270252520   0.0290135550   0.1460562437
       -0.0008122210   0.0009445056   0.0012915863   0.0015053214  -0.0009250613
       -0.0072596395  -0.0005066248   0.0001185124   0.0008240955  -0.0001192696
        0.0000221810  -0.0001184375  -0.0001241131  -0.0001589146   0.0003520991
       -0.0000401706  -0.0000159802  -0.0000247438   0.0000310146  -0.0000119852
        0.0000427673   0.0000067787  -0.0000102851  -0.0000241476  -0.0000352892
        0.0000091911   0.0000042175   0.0000172544  -0.0000421849  -0.0000164485
       -0.1464904652   0.1168882549   0.0150439088  -0.0076566468   0.0082330830
        0.0047353293   0.0001324866   0.0003759575  -0.0004657309  -0.0005852341
        0.0008729127   0.0002942980   0.0002660570  -0.0004316009  -0.0003769960
        0.0001026347  -0.0002794792   0.0000194944   0.0000558675   0.0000245392
        0.0000169465  -0.0000301802  -0.0000059621   0.0000090326   0.0082069117
       -0.0092563519  -0.0011511433  -0.0227008685   0.0218174329  -0.0008122210
        0.1676970815  -0.1376128392  -0.0196327827   0.0006561911  -0.0004211526
       -0.0005649257   0.0000783522   0.0003715830   0.0026407267   0.0000170704
       -0.0005229567   0.0004174899   0.0001591712  -0.0000474113  -0.0002157298
       -0.0000091515  -0.0000182158   0.0000360785   0.0000556882   0.0000440825
        0.0000102182   0.0000116643   0.0000025867   0.0000017706   0.0000058587
       -0.0000079861  -0.0000048205   0.0000275112  -0.0000264766  -0.0000009436
        0.1171052639  -0.1794579464  -0.0181191984   0.0037284343  -0.0034794136
       -0.0032899009  -0.0007281207   0.0012503956   0.0007793924  -0.0000144252
       -0.0001377399  -0.0001518258   0.0000558274   0.0000724964   0.0001037283
        0.0002784535  -0.0000378266  -0.0000613861  -0.0001428410  -0.0000211288
       -0.0000811837   0.0000295400   0.0000206814   0.0000212691   0.0186953817
       -0.0272581058  -0.0009912427  -0.0013885191   0.0029183735   0.0009445056
       -0.1376128392   0.2056390063   0.0219197123  -0.0001043664  -0.0000632618
       -0.0000006246   0.0001137642   0.0005043284  -0.0013161726   0.0000998287
        0.0001770775   0.0001198946  -0.0000863679  -0.0001392973   0.0001325296
       -0.0000001518   0.0000259342  -0.0000054286  -0.0000003545  -0.0000285028
        0.0000059417  -0.0000137919   0.0000067108  -0.0000093964   0.0000111808
        0.0000058759   0.0000076654  -0.0000258968   0.0000023430  -0.0000082790
        0.0145802197  -0.0179323489  -0.0450392826   0.0212151987  -0.0225418233
       -0.0072541886  -0.0001906639  -0.0008947045   0.0007111636   0.0003860404
        0.0001819397  -0.0000305196  -0.0001466405  -0.0001462325  -0.0001066412
       -0.0001863694   0.0000329571  -0.0000954196   0.0000555967   0.0000379927
        0.0000384403   0.0000208996   0.0000181167   0.0000286739  -0.0053742678
        0.0066784047   0.0013759528  -0.0136520231   0.0137509601   0.0012915863
       -0.0196327827   0.0219197123   0.0544724932   0.0003881507  -0.0004131697
        0.0007988646   0.0026795023  -0.0011841724  -0.0062394414   0.0000837338
        0.0005377897  -0.0001107209  -0.0002160603  -0.0000429562   0.0001551652
       -0.0000080694  -0.0000011498   0.0000028643   0.0000306545   0.0000032901
       -0.0000008788  -0.0000124718  -0.0000122007   0.0000120612  -0.0000089806
        0.0000101155   0.0000111117  -0.0000116671  -0.0000025208  -0.0000212843
        0.0056151971   0.0010333750   0.0030872209  -0.1948282143  -0.0290217958
       -0.1086166031  -0.0143287919  -0.0066116775  -0.0062049750  -0.0000080261
       -0.0026764782   0.0020865008  -0.0007005677  -0.0006853240  -0.0012964742
       -0.0004852275   0.0000270948   0.0001197875   0.0002323876   0.0000996029
       -0.0001041373  -0.0000692918   0.0000351164   0.0000025510   0.0003778368
        0.0002942914   0.0000340739   0.0008912678   0.0001935191   0.0015053214
        0.0006561911  -0.0001043664   0.0003881507   0.2238500507   0.0370805076
        0.1227520021  -0.0216173458  -0.0001084113  -0.0135538357   0.0005082087
        0.0003576048  -0.0001306932  -0.0001419700   0.0001785009  -0.0000594544
        0.0000051696  -0.0000426023   0.0000011576  -0.0000100591   0.0000111975
        0.0000109974   0.0000136409  -0.0000109493  -0.0000129315  -0.0000025561
       -0.0000123341  -0.0000040744   0.0000421000  -0.0000368717  -0.0000045845
       -0.0022561743   0.0003924856  -0.0026212663  -0.0284290187  -0.0490558485
       -0.0231045186  -0.0247397027  -0.0095299879  -0.0112011368  -0.0006969591
       -0.0041265767   0.0037220609  -0.0008925287  -0.0007573089  -0.0022983766
       -0.0005193857   0.0006140988  -0.0003245210   0.0000108823   0.0002113022
       -0.0001147401  -0.0000041087   0.0000439532   0.0000133074   0.0002249440
        0.0000694824   0.0005237319   0.0000265977   0.0007391102  -0.0009250613
       -0.0004211526  -0.0000632618  -0.0004131697   0.0370805076   0.0578544016
        0.0247385039   0.0207083157   0.0026571211   0.0128622674  -0.0003279099
        0.0003023021  -0.0004857322   0.0001740464   0.0006751311  -0.0003343325
        0.0000953828  -0.0000135561   0.0000011194  -0.0000312523  -0.0000232732
       -0.0000409934   0.0000120824  -0.0000147077   0.0000112295   0.0000081555
        0.0000042430  -0.0000051654  -0.0000227216   0.0000208894  -0.0000032064
       -0.0220899418  -0.0051428970  -0.0236797617  -0.1083527230  -0.0230314611
       -0.1173909986   0.0060076828   0.0020550845   0.0038349167   0.0005863909
        0.0013629246  -0.0002253778   0.0003390425   0.0000509178   0.0005855205
       -0.0001437858  -0.0000741041  -0.0000600656   0.0001861281   0.0000138606
        0.0001367746  -0.0000038662   0.0000018513   0.0000366893  -0.0004522553
        0.0000640479   0.0003523583   0.0016054614  -0.0007360481  -0.0072596395
       -0.0005649257  -0.0000006246   0.0007988646   0.1227520021   0.0247385039
        0.1409669524  -0.0004782729   0.0006274822   0.0013791859  -0.0000301330
       -0.0002342288  -0.0000214469   0.0005615554   0.0003175526   0.0005523144
        0.0000079917  -0.0000076423   0.0000107553   0.0000489977  -0.0000067116
       -0.0000120613   0.0000062818   0.0000004606   0.0000116903   0.0000072465
        0.0000002559  -0.0000024898   0.0000071227   0.0000007757  -0.0000141812
       -0.0068287199   0.0076632741   0.0045092465  -0.1432125390   0.1158973593
        0.0126478646   0.0069358865  -0.0092822220  -0.0007193054   0.0010067744
       -0.0006100620  -0.0000600840  -0.0000543634   0.0003162213   0.0002076438
       -0.0001647081  -0.0004035364   0.0000794684  -0.0004145830  -0.0001391924
       -0.0002231042  -0.0000095459  -0.0000813472   0.0000355534  -0.0002055589
       -0.0000021127   0.0000252149   0.0005996472  -0.0004220687  -0.0005066248
        0.0000783522   0.0001137642   0.0026795023  -0.0216173458   0.0207083157
       -0.0004782729   0.1638232021  -0.1313409182  -0.0184878334  -0.0002697531
       -0.0026572424   0.0004909989   0.0003249600   0.0000679562  -0.0002364305
        0.0000862861   0.0000559526   0.0000388991   0.0000335178  -0.0000064482
        0.0000106008  -0.0000235648   0.0000045497   0.0000267501   0.0000483412
        0.0000257306   0.0000006487  -0.0001362856   0.0000920265  -0.0000407362
        0.0037953976  -0.0027236875  -0.0024325338   0.1147044047  -0.1742253365
       -0.0182662114   0.0138417094  -0.0269368175  -0.0003765793   0.0018329665
       -0.0011216771  -0.0006746285  -0.0000648411   0.0001692315   0.0002718441
       -0.0006813379   0.0010306339  -0.0001842911  -0.0002180641  -0.0000034840
        0.0002173181   0.0001457140   0.0000586818   0.0000258775  -0.0002457359
        0.0004970613   0.0003359755  -0.0001832509  -0.0001146092   0.0001185124
        0.0003715830   0.0005043284  -0.0011841724  -0.0001084113   0.0026571211
        0.0006274822  -0.1313409182   0.2051173412   0.0195907576  -0.0024503722
       -0.0053433357   0.0019308376   0.0003381863   0.0004078219  -0.0001067910
        0.0001395795   0.0000365401   0.0000096532   0.0001118545  -0.0000251781
        0.0000567701  -0.0000440432  -0.0000251576   0.0000366178   0.0000539813
       -0.0000337587   0.0000151919   0.0000015978   0.0000742808  -0.0000116303
        0.0206879534  -0.0217885821  -0.0077673603   0.0126227477  -0.0180440292
       -0.0447490235  -0.0048702003   0.0079514617   0.0007378308   0.0002039442
       -0.0007960086   0.0006798114  -0.0001211400  -0.0001864424  -0.0002441904
       -0.0000224985   0.0001810979  -0.0004059233  -0.0000767122  -0.0000693680
        0.0001268146   0.0000107203  -0.0000086745   0.0000067453   0.0000195458
       -0.0003123849   0.0005903180   0.0002738929  -0.0003892605   0.0008240955
        0.0026407267  -0.0013161726  -0.0062394414  -0.0135538357   0.0128622674
        0.0013791859  -0.0184878334   0.0195907576   0.0551099865   0.0010466408
        0.0017516023   0.0000315752  -0.0003303376   0.0005649043   0.0000708784
        0.0000049988   0.0000270959  -0.0000421284  -0.0000565795  -0.0000548671
       -0.0001031256   0.0000592933   0.0000278789  -0.0000479754  -0.0000003933
       -0.0000074417  -0.0000229013  -0.0000509335   0.0000161657   0.0000648279
        0.0005818864  -0.0006762344  -0.0003647911   0.0073199444  -0.0084135813
       -0.0010403890  -0.1308084961   0.1119865499   0.0201286056  -0.0200974493
        0.0211243237   0.0023231619   0.0026397308   0.0003620140   0.0021779529
       -0.0070373661  -0.0001618901  -0.0038180676  -0.0008684918   0.0011410558
        0.0003041705  -0.0005061769   0.0000188193  -0.0001956161  -0.0000720199
       -0.0000491024  -0.0000441564  -0.0002357216   0.0001823228  -0.0001192696
        0.0000170704   0.0000998287   0.0000837338   0.0005082087  -0.0003279099
       -0.0000301330  -0.0002697531  -0.0024503722   0.0010466408   0.1536273311
       -0.1299200105  -0.0236352686  -0.0048277887   0.0070566732   0.0031420808
        0.0000377971   0.0000338652   0.0000333342   0.0000048669   0.0000031447
        0.0000234098   0.0000620833  -0.0000145459  -0.0000509622  -0.0001051441
        0.0000876376   0.0000299910   0.0000294885  -0.0000825881   0.0000055724
        0.0005124348   0.0011972682  -0.0007520524   0.0134440743  -0.0255376138
       -0.0013419211   0.1151024091  -0.1850530013  -0.0278371952   0.0005694579
        0.0014138164   0.0004383189  -0.0007289986   0.0005872631   0.0007257592
        0.0001391369   0.0003066838  -0.0003661720  -0.0005288697   0.0000966506
       -0.0003300238   0.0000033852   0.0000482127   0.0000335048   0.0001274190
        0.0003260893  -0.0002940441   0.0000489191  -0.0001116818   0.0000221810
       -0.0005229567   0.0001770775   0.0005377897   0.0003576048   0.0003023021
       -0.0002342288  -0.0026572424  -0.0053433357   0.0017516023  -0.1299200105
        0.2152481207   0.0303666445   0.0041322493  -0.0036676894  -0.0027002231
        0.0000232889   0.0000284345  -0.0000214030  -0.0000284987  -0.0000335590
        0.0000057609  -0.0000290721  -0.0000079253   0.0000010672  -0.0000019409
        0.0000164163   0.0000098757  -0.0000427896   0.0000064711  -0.0000152407
       -0.0007041029   0.0008273869   0.0006781675  -0.0045246082   0.0071554613
        0.0014364516   0.0218559523  -0.0289896677  -0.0505566753  -0.0091112924
        0.0111918313   0.0023689621   0.0011984694   0.0009273318   0.0005598009
       -0.0042098955  -0.0000438165  -0.0009119744  -0.0008560581   0.0003998729
        0.0003844542  -0.0002579862   0.0000164866  -0.0000878778  -0.0000117745
       -0.0001662900  -0.0000459980  -0.0001241549   0.0000486035  -0.0001184375
        0.0004174899   0.0001198946  -0.0001107209  -0.0001306932  -0.0004857322
       -0.0000214469   0.0004909989   0.0019308376   0.0000315752  -0.0236352686
        0.0303666445   0.0532762180   0.0195027436  -0.0233623715  -0.0069659297
        0.0000412372   0.0000329646   0.0000058213   0.0000949205   0.0000118167
        0.0000712691  -0.0000069130  -0.0000190383  -0.0000151630  -0.0000412841
        0.0000485044   0.0000299523   0.0000122199  -0.0000107204  -0.0000084488
       -0.0007504368  -0.0029135971   0.0010739743  -0.0031139811  -0.0013484861
        0.0138680680  -0.0514179333   0.0104305255   0.0493880644   0.0055737267
       -0.0013564513  -0.0247335638  -0.0048552730  -0.0035321077  -0.0019044901
       -0.0005795693  -0.0003945847   0.0007398768  -0.0004933260  -0.0003632894
        0.0000917470   0.0000143511   0.0000341692   0.0000390205  -0.0002515056
       -0.0001991576   0.0008690352  -0.0001396850  -0.0000372690  -0.0001241131
        0.0001591712  -0.0000863679  -0.0002160603  -0.0001419700   0.0001740464
        0.0005615554   0.0003249600   0.0003381863  -0.0003303376  -0.0048277887
        0.0041322493   0.0195027436   0.0604808885  -0.0048552540  -0.0588915888
       -0.0000480285   0.0000321243  -0.0000421406   0.0000893562  -0.0000429497
        0.0000865638  -0.0000721484   0.0000234251   0.0000137204   0.0000400547
       -0.0000158983   0.0000138250   0.0000091373  -0.0000193134  -0.0000058999
       -0.0022879678  -0.0037843558   0.0016900405  -0.0076834807  -0.0013300418
        0.0243233230   0.0110759103  -0.0393706375  -0.0241200837  -0.0028494156
        0.0002569876  -0.0065209814  -0.0015863721  -0.0004602106   0.0002058316
        0.0015786795  -0.0007948876  -0.0002876607  -0.0000819259  -0.0000899610
        0.0001302019   0.0000096043  -0.0000020231  -0.0000075166  -0.0005834890
       -0.0000554022   0.0013387408   0.0000232377  -0.0000970546  -0.0001589146
       -0.0000474113  -0.0001392973  -0.0000429562   0.0001785009   0.0006751311
        0.0003175526   0.0000679562   0.0004078219   0.0005649043   0.0070566732
       -0.0036676894  -0.0233623715  -0.0048552540   0.0485112644   0.0258958715
       -0.0000758067  -0.0000177234  -0.0000578621   0.0000495354  -0.0000309589
        0.0000574103   0.0000166475   0.0000314990   0.0000092235  -0.0000155667
       -0.0000112176  -0.0000137768   0.0000099448  -0.0000312433   0.0000390235
        0.0013490957   0.0027454831  -0.0001635328   0.0047493432   0.0023779791
       -0.0118639607   0.0522077146  -0.0225115588  -0.2646620005   0.0013214672
       -0.0035893630  -0.0206477134  -0.0038450737  -0.0019972928  -0.0013496032
       -0.0004211862   0.0002040958   0.0011154611   0.0001062080  -0.0001421946
        0.0004407589   0.0001094049  -0.0000193997   0.0000768787   0.0003080960
        0.0000800083  -0.0007173745   0.0000732587  -0.0000344386   0.0003520991
       -0.0002157298   0.0001325296   0.0001551652  -0.0000594544  -0.0003343325
        0.0005523144  -0.0002364305  -0.0001067910   0.0000708784   0.0031420808
       -0.0027002231  -0.0069659297  -0.0588915888   0.0258958715   0.3034475407
        0.0000598232   0.0000404290  -0.0000068365   0.0002169596  -0.0000557894
        0.0001332261  -0.0000482655  -0.0000022506   0.0000648256   0.0000646080
       -0.0000216967   0.0000012856   0.0000096688   0.0000389345  -0.0000334826
       -0.0000732155   0.0000061938   0.0000108821   0.0000735933   0.0001265793
        0.0000558523   0.0002355000   0.0003899690  -0.0006839251   0.0003699165
       -0.0043518902  -0.0017657670   0.0008814328   0.0011399557   0.0013448840
       -0.0297264243  -0.0275145979  -0.0039137719  -0.0623371494  -0.0679933069
        0.0134040080   0.0050718057   0.0170175940  -0.0018587123   0.0000149459
        0.0000118562   0.0000021851   0.0000216257  -0.0000336639  -0.0000401706
       -0.0000091515  -0.0000001518  -0.0000080694   0.0000051696   0.0000953828
        0.0000079917   0.0000862861   0.0001395795   0.0000049988   0.0000377971
        0.0000232889   0.0000412372  -0.0000480285  -0.0000758067   0.0000598232
        0.0869860306   0.0843664026  -0.0117291923  -0.0005978196  -0.0070615966
        0.0037507659   0.0004717916  -0.0000115491  -0.0004613095   0.0003235820
        0.0003861037   0.0000688405  -0.0017876880   0.0033396579   0.0017094494
        0.0000049013   0.0000321897  -0.0000106024   0.0000016713   0.0000714948
       -0.0000720361  -0.0000183392  -0.0002481404   0.0001325802   0.0018243344
        0.0000469890  -0.0003762939  -0.0000958162   0.0002675278   0.0008675784
       -0.0123122043  -0.0040519247  -0.0052585768  -0.0691453575  -0.2312998702
        0.0373149083  -0.0036959574  -0.0234591863   0.0022240730   0.0000180237
       -0.0000097599   0.0000105823   0.0000080617  -0.0000502658  -0.0000159802
       -0.0000182158   0.0000259342  -0.0000011498  -0.0000426023  -0.0000135561
       -0.0000076423   0.0000559526   0.0000365401   0.0000270959   0.0000338652
        0.0000284345   0.0000329646   0.0000321243  -0.0000177234   0.0000404290
        0.0843664026   0.2688389495  -0.0383666136  -0.0034690818  -0.0080482599
        0.0049885272  -0.0006616349   0.0007600477   0.0003681948  -0.0002103800
        0.0002636212   0.0002437143   0.0033242523  -0.0031730419  -0.0021417528
       -0.0000017581   0.0000096260   0.0000192928  -0.0000279489   0.0000792494
        0.0000130635  -0.0000430122   0.0000589829  -0.0003204087   0.0000621385
        0.0007497902   0.0019482780  -0.0002969679  -0.0004344531  -0.0010099821
       -0.0138810972  -0.0161684086   0.0001127694   0.0165511510   0.0379882307
       -0.0510961874  -0.0027580324  -0.0106637460   0.0023717603  -0.0000130863
       -0.0000129658   0.0000045582  -0.0000486142   0.0000442605  -0.0000247438
        0.0000360785  -0.0000054286   0.0000028643   0.0000011576   0.0000011194
        0.0000107553   0.0000388991   0.0000096532  -0.0000421284   0.0000333342
       -0.0000214030   0.0000058213  -0.0000421406  -0.0000578621  -0.0000068365
       -0.0117291923  -0.0383666136   0.0574707794   0.0115266987   0.0294315796
       -0.0098857780  -0.0002767916  -0.0007605629   0.0002990361  -0.0003326923
        0.0003165924   0.0001181849   0.0012018764  -0.0021976408   0.0000089016
       -0.0000923923  -0.0000171444  -0.0000598590  -0.0002041453  -0.0000508374
       -0.0001206953  -0.0007527330  -0.0004882936   0.0005886385   0.0007096744
       -0.0014156756  -0.0026795350   0.0006931548   0.0003268243   0.0006186258
       -0.0097310799   0.0045328289  -0.0363572931  -0.0445547538  -0.0077629508
        0.0399471094  -0.0043801166   0.0000337267   0.0188020225   0.0000333108
        0.0000095149   0.0000213609  -0.0001008076   0.0000182417   0.0000310146
        0.0000556882  -0.0000003545   0.0000306545  -0.0000100591  -0.0000312523
        0.0000489977   0.0000335178   0.0001118545  -0.0000565795   0.0000048669
       -0.0000284987   0.0000949205   0.0000893562   0.0000495354   0.0002169596
       -0.0005978196  -0.0034690818   0.0115266987   0.0604028469   0.0053803625
       -0.0345525421  -0.0021450864   0.0034781815   0.0018769748   0.0000231601
       -0.0000136667   0.0003815715   0.0005234175  -0.0006633144  -0.0003590450
        0.0000279609  -0.0000110618   0.0000321874  -0.0000086307   0.0000561641
        0.0000128906  -0.0000419411  -0.0000093179  -0.0001148814   0.0004398305
        0.0022187563   0.0019060644  -0.0011768264  -0.0002158392  -0.0011582753
       -0.0002588870   0.0012840950  -0.0042390517  -0.0052785180  -0.0485193141
        0.0325708229   0.0053628309   0.0016132244  -0.0204433853  -0.0000411127
       -0.0000271647  -0.0000177553  -0.0000199598   0.0000935010  -0.0000119852
        0.0000440825  -0.0000285028   0.0000032901   0.0000111975  -0.0000232732
       -0.0000067116  -0.0000064482  -0.0000251781  -0.0000548671   0.0000031447
       -0.0000335590   0.0000118167  -0.0000429497  -0.0000309589  -0.0000557894
       -0.0070615966  -0.0080482599   0.0294315796   0.0053803625   0.0533211772
       -0.0345572237   0.0030349288  -0.0025107160  -0.0025154717  -0.0003653426
        0.0003079253  -0.0000460986  -0.0000021257   0.0005883024  -0.0007471555
        0.0000490016  -0.0000116842   0.0000665208  -0.0000714374   0.0000812275
       -0.0000065282  -0.0003416987  -0.0003555132   0.0001957628   0.0015602849
       -0.0025974782  -0.0011386665   0.0006746401   0.0012197259   0.0004680082
       -0.0165085215   0.0019207466  -0.0235436676   0.0386977790   0.0315102081
       -0.2508972805   0.0053331204  -0.0006912772  -0.0137313329   0.0000013159
       -0.0000105379   0.0000131636  -0.0001229255   0.0000219737   0.0000427673
        0.0000102182   0.0000059417  -0.0000008788   0.0000109974  -0.0000409934
       -0.0000120613   0.0000106008   0.0000567701  -0.0001031256   0.0000234098
        0.0000057609   0.0000712691   0.0000865638   0.0000574103   0.0001332261
        0.0037507659   0.0049885272  -0.0098857780  -0.0345525421  -0.0345572237
        0.2980323098   0.0020109652  -0.0023087518  -0.0004706415  -0.0000842237
        0.0003049318   0.0003266746  -0.0005383142   0.0004002358   0.0004402587
       -0.0000136347   0.0000021997  -0.0000228212  -0.0000199130  -0.0000067626
       -0.0000007877   0.0000879405   0.0000272720  -0.0000425032  -0.0003456202
        0.0008347419   0.0007690797  -0.0000782657  -0.0005177118  -0.0003882735
        0.0020283629  -0.0008840452  -0.0002310405  -0.0046140981  -0.0000344269
        0.0205039181  -0.0456035416  -0.0049852034   0.0248498937   0.0000082213
        0.0000093564  -0.0000089827   0.0000260385  -0.0000033489   0.0000067787
        0.0000116643  -0.0000137919  -0.0000124718   0.0000136409   0.0000120824
        0.0000062818  -0.0000235648  -0.0000440432   0.0000592933   0.0000620833
       -0.0000290721  -0.0000069130  -0.0000721484   0.0000166475  -0.0000482655
        0.0004717916  -0.0006616349  -0.0002767916  -0.0021450864   0.0030349288
        0.0020109652   0.0500348098   0.0031763492  -0.0318141645   0.0014367373
        0.0042064226  -0.0289614794  -0.0012654175  -0.0041399596   0.0136082841
        0.0000219887   0.0000073382   0.0000167125  -0.0000244461   0.0000310216
        0.0000007558  -0.0000498079   0.0000040513   0.0000286932   0.0000358811
       -0.0001401321  -0.0002832025   0.0000154949  -0.0000257319   0.0000482636
       -0.0014657561   0.0005391188   0.0004215534   0.0041845931   0.0017554901
       -0.0224409925  -0.0049932353  -0.0498375157   0.0377980907   0.0000010411
       -0.0000003153   0.0000105052  -0.0000287851  -0.0000137170  -0.0000102851
        0.0000025867   0.0000067108  -0.0000122007  -0.0000109493  -0.0000147077
        0.0000004606   0.0000045497  -0.0000251576   0.0000278789  -0.0000145459
       -0.0000079253  -0.0000190383   0.0000234251   0.0000314990  -0.0000022506
       -0.0000115491   0.0007600477  -0.0007605629   0.0034781815  -0.0025107160
       -0.0023087518   0.0031763492   0.0556501953  -0.0402112182  -0.0001331109
        0.0009988344  -0.0021504869  -0.0042119053  -0.0072083887   0.0298460755
        0.0000071176   0.0000166641   0.0000322736  -0.0000105026  -0.0000304659
        0.0000225068  -0.0000886451   0.0000594514   0.0000265446  -0.0002771484
        0.0003490971  -0.0002415097  -0.0000979008   0.0001113403   0.0001121459
       -0.0001512965   0.0000234676   0.0009229251   0.0051036743  -0.0018085942
       -0.0157184743   0.0257001965   0.0363621833  -0.2813281683  -0.0000072560
        0.0000069206  -0.0000046447  -0.0000343411   0.0000021406  -0.0000241476
        0.0000017706  -0.0000093964   0.0000120612  -0.0000129315   0.0000112295
        0.0000116903   0.0000267501   0.0000366178  -0.0000479754  -0.0000509622
        0.0000010672  -0.0000151630   0.0000137204   0.0000092235   0.0000648256
       -0.0004613095   0.0003681948   0.0002990361   0.0018769748  -0.0025154717
       -0.0004706415  -0.0318141645  -0.0402112182   0.3236756405  -0.0013182848
        0.0030632964  -0.0186808142   0.0015945386   0.0041542521  -0.0086481113
       -0.0000459325  -0.0000153131   0.0000124898   0.0000146569   0.0000240713
        0.0000020035  -0.0003295174   0.0002980502   0.0000440988  -0.0007202239
       -0.0012328230  -0.0011167517   0.0002345396   0.0003877960   0.0004144442
       -0.0038902502   0.0046314150   0.0021665296  -0.0193500731   0.0002175703
       -0.0082676010  -0.2378496267  -0.0170008604  -0.1005049901   0.0000016280
       -0.0000057496  -0.0000055916   0.0000061875   0.0000082977  -0.0000352892
        0.0000058587   0.0000111808  -0.0000089806  -0.0000025561   0.0000081555
        0.0000072465   0.0000483412   0.0000539813  -0.0000003933  -0.0001051441
       -0.0000019409  -0.0000412841   0.0000400547  -0.0000155667   0.0000646080
        0.0003235820  -0.0002103800  -0.0003326923   0.0000231601  -0.0003653426
       -0.0000842237   0.0014367373  -0.0001331109  -0.0013182848   0.2744492527
        0.0178059320   0.1159652432  -0.0142906748  -0.0044653629  -0.0069605814
        0.0000164402   0.0000328878  -0.0000049721  -0.0000029882  -0.0000035456
       -0.0000309707   0.0002734831  -0.0003052630  -0.0000007113   0.0012556800
        0.0003390829   0.0006158618  -0.0002380498   0.0000757081  -0.0000163547
        0.0043022144  -0.0030944969  -0.0013854711   0.0175828271   0.0005347932
        0.0080852274  -0.0183149228  -0.0432283323  -0.0086541298  -0.0000014018
        0.0000019639   0.0000040501  -0.0000147759  -0.0000181219   0.0000091911
       -0.0000079861   0.0000058759   0.0000101155  -0.0000123341   0.0000042430
        0.0000002559   0.0000257306  -0.0000337587  -0.0000074417   0.0000876376
        0.0000164163   0.0000485044  -0.0000158983  -0.0000112176  -0.0000216967
        0.0003861037   0.0002636212   0.0003165924  -0.0000136667   0.0003079253
        0.0003049318   0.0042064226   0.0009988344   0.0030632964   0.0178059320
        0.0485138108   0.0106332858  -0.0273204476  -0.0044004266  -0.0129695645
        0.0000178523   0.0000086532   0.0000066710   0.0000178182  -0.0000037507
        0.0000008236   0.0001321321  -0.0001234154  -0.0000251201   0.0008326479
       -0.0003778601   0.0001773539  -0.0000711052   0.0002939045   0.0001079622
        0.0019086905  -0.0013018453   0.0002218165   0.0077745298   0.0005903748
        0.0039233843  -0.1016914230  -0.0080571143  -0.0941719738   0.0000043920
       -0.0000052843   0.0000081642  -0.0000093823  -0.0000065664   0.0000042175
       -0.0000048205   0.0000076654   0.0000111117  -0.0000040744  -0.0000051654
       -0.0000024898   0.0000006487   0.0000151919  -0.0000229013   0.0000299910
        0.0000098757   0.0000299523   0.0000138250  -0.0000137768   0.0000012856
        0.0000688405   0.0002437143   0.0001181849   0.0003815715  -0.0000460986
        0.0003266746  -0.0289614794  -0.0021504869  -0.0186808142   0.1159652432
        0.0106332858   0.1055662711   0.0035941023   0.0002886986   0.0023994258
       -0.0000014151  -0.0000137054   0.0000142902  -0.0000743536   0.0000512180
        0.0000273345   0.0000185323   0.0000026729   0.0000124246  -0.0003283442
        0.0009654684   0.0004119574  -0.0001598598  -0.0003301561  -0.0003221058
        0.0020503958  -0.0010549001   0.0002310094   0.0060476351   0.0180953398
       -0.0022983849  -0.0806689415  -0.0890320661   0.0155064259  -0.0000217185
        0.0000014580  -0.0000001405  -0.0000063682   0.0000312210   0.0000172544
        0.0000275112  -0.0000258968  -0.0000116671   0.0000421000  -0.0000227216
        0.0000071227  -0.0001362856   0.0000015978  -0.0000509335   0.0000294885
       -0.0000427896   0.0000122199   0.0000091373   0.0000099448   0.0000096688
       -0.0017876880   0.0033242523   0.0012018764   0.0005234175  -0.0000021257
       -0.0005383142  -0.0012654175  -0.0042119053   0.0015945386  -0.0142906748
       -0.0273204476   0.0035941023   0.0899928491   0.0995735413  -0.0194186790
       -0.0000117751   0.0000543153   0.0000090411   0.0000159940   0.0000201822
       -0.0000093566  -0.0000641782   0.0000991782  -0.0000086592  -0.0003771552
       -0.0004310172  -0.0001112140   0.0001064303   0.0003852075   0.0002144791
       -0.0007226203   0.0012388806  -0.0000156657  -0.0047876033  -0.0266099813
        0.0013260179  -0.0877408946  -0.2449554802   0.0363126180  -0.0000036433
        0.0000125725   0.0000006081   0.0000141068  -0.0000518564  -0.0000421849
       -0.0000264766   0.0000023430  -0.0000025208  -0.0000368717   0.0000208894
        0.0000007757   0.0000920265   0.0000742808   0.0000161657  -0.0000825881
        0.0000064711  -0.0000107204  -0.0000193134  -0.0000312433   0.0000389345
        0.0033396579  -0.0031730419  -0.0021976408  -0.0006633144   0.0005883024
        0.0004002358  -0.0041399596  -0.0072083887   0.0041542521  -0.0044653629
       -0.0044004266   0.0002886986   0.0995735413   0.2843588126  -0.0403638644
        0.0000249679  -0.0000002901   0.0000072175  -0.0000297308   0.0000320361
        0.0000126934  -0.0000114705   0.0000212934   0.0000130423  -0.0001423799
        0.0001634493   0.0000930211   0.0000410546  -0.0001863833  -0.0001419221
       -0.0002585573   0.0004864675  -0.0001493703  -0.0041006553  -0.0112548435
        0.0019631696   0.0159267638   0.0371513740  -0.0512242152   0.0000156713
        0.0000005830  -0.0000069920   0.0000014998  -0.0000380918  -0.0000164485
       -0.0000009436  -0.0000082790  -0.0000212843  -0.0000045845  -0.0000032064
       -0.0000141812  -0.0000407362  -0.0000116303   0.0000648279   0.0000055724
       -0.0000152407  -0.0000084488  -0.0000058999   0.0000390235  -0.0000334826
        0.0017094494  -0.0021417528   0.0000089016  -0.0003590450  -0.0007471555
        0.0004402587   0.0136082841   0.0298460755  -0.0086481113  -0.0069605814
       -0.0129695645   0.0023994258  -0.0194186790  -0.0403638644   0.0552618984
