           1           2   1.02162818134083     
           2           3  0.983133345053020     
           3           4  0.978344366785675     
           4           5   1.69045909207135     
           4           6   1.17105206770678     
           5           6  0.170266471432619     
           6           7  0.920002077715016     
           7           8   1.01954839456527     
           1           9  0.985595948949835     
           1          10  0.987450036158347     
           1          11  0.986625402982722     
           2          12  0.975008709528170     
           2          13  0.976792396719151     
           3          14  0.972745381093979     
           3          15  0.953320444510774     
           7          16  0.969210776981222     
           7          17  0.968616530122121     
           8          18  0.983746084478052     
           8          19  0.980148815462516     
           8          20  0.983441745142816     
