           1           2   1.01979755475315     
           2           3   1.00894737229781     
           3           4  0.983859927311179     
           4           5  0.979573392022484     
           5           6   1.69741285699556     
           5           7   1.16188624625941     
           6           7  0.168955488098188     
           7           8  0.941180429404663     
           1           9  0.986650225558137     
           1          10  0.986672352155964     
           1          11  0.986993549438200     
           2          12  0.977801491678883     
           2          13  0.977137895523831     
           3          14  0.974077991125542     
           3          15  0.976378572305261     
           4          16  0.971248354381515     
           4          17  0.951708306560545     
           8          18  0.976022491415626     
           8          19  0.976827671126126     
           8          20  0.976931773798024     
