           1           2   1.02104481287952     
           2           3  0.992539782128087     
           3           4  0.978395305361978     
           4           5   1.69568858188221     
           4           6   1.16422331089203     
           5           6  0.170154710317837     
           6           7  0.919855734026767     
           7           8   1.01336325835623     
           1           9  0.987539327711260     
           1          10  0.986088676760204     
           1          11  0.986384311724920     
           2          12  0.976832528886164     
           2          13  0.975926607588222     
           3          14  0.943225090443039     
           3          15  0.970381739736951     
           7          16  0.969023113112390     
           7          17  0.970251262514162     
           8          18  0.980275896348071     
           8          19  0.986070035630333     
           8          20  0.984355817185790     
