           1           2   1.02051359297517     
           2           3   1.00668000592361     
           3           4  0.992956123587928     
           4           5  0.981963655790694     
           5           6   1.69602274030835     
           5           7   1.15989706784608     
           6           7  0.169723784882177     
           7           8  0.937726616689542     
           1           9  0.987226071368566     
           1          10  0.986399091934057     
           1          11  0.985057971652754     
           2          12  0.977220173826047     
           2          13  0.976592532454604     
           3          14  0.975336661339359     
           3          15  0.978086026324242     
           4          16  0.969449981898823     
           4          17  0.937539757438741     
           8          18  0.974603230506018     
           8          19  0.977060038928017     
           8          20  0.976141516998512     
