$hessian                                                                        
        0.4804978338   0.0314264770  -0.0004878956  -0.1544085225   0.0669327031
       -0.0011711709  -0.0290790281   0.0109135440   0.0001503661  -0.0032723191
       -0.0026808063   0.0001474231  -0.0015535665   0.0005519527  -0.0001539200
       -0.0428944860   0.0010498057  -0.0035160508  -0.0427423726  -0.0023100858
       -0.0013295762  -0.2003641207  -0.1150685964   0.0066615103  -0.0032063184
        0.0037795536   0.0015898929  -0.0038021533   0.0040751188  -0.0018378700
        0.0007038280   0.0008184962   0.0002460029   0.0007705014   0.0008272649
       -0.0003888078  -0.0000963750  -0.0001376386   0.0001429789  -0.0001081057
       -0.0000817137  -0.0001208572  -0.0004377112  -0.0001980272   0.0000581857
       -0.0000070840   0.0001019519   0.0000097886
        0.0314264770   0.5017777911   0.0006334134   0.0657877861  -0.1130168167
        0.0007429191  -0.0102750638   0.0072701912  -0.0000825834  -0.0021049599
       -0.0017043103   0.0000510306  -0.0007646485   0.0005501787  -0.0000885367
        0.0011721699  -0.1148481554   0.1084801552  -0.0022951904  -0.1319426315
       -0.1149073828  -0.1146704398  -0.1245787120   0.0047339972   0.0177143634
       -0.0135774314  -0.0024875573   0.0162110032  -0.0121299781   0.0028482638
       -0.0008103638   0.0008726572   0.0004513615  -0.0008392396   0.0008505827
       -0.0004571078  -0.0001192372   0.0001898220  -0.0001716833  -0.0001682637
        0.0002942691   0.0002382147  -0.0003366531  -0.0000791899   0.0000412949
        0.0000722601   0.0000717332  -0.0000257991
       -0.0004878956   0.0006334134   0.5215622025  -0.0012281992   0.0007650030
       -0.0680651333   0.0007718514  -0.0003743989   0.0000738024   0.0001386429
        0.0001212275   0.0001713214   0.0001260008  -0.0000091205   0.0001692646
       -0.0032856127   0.1083192225  -0.2117877495  -0.0016602048  -0.1147328695
       -0.1956132934   0.0066688058   0.0047621098  -0.0448724866   0.0196027601
       -0.0157144140  -0.0010564622  -0.0206868270   0.0163659140  -0.0017902028
       -0.0006608686   0.0004292992   0.0004472689   0.0007419023  -0.0005027514
        0.0005546346   0.0001358884  -0.0001332014   0.0000914322  -0.0001448945
        0.0001205150   0.0001055191   0.0000100426   0.0000098380   0.0000002164
       -0.0000413920  -0.0000597867   0.0000096654
       -0.1544085225   0.0657877861  -0.0012281992   0.4549560241  -0.0036279267
        0.0011121419  -0.1477810693  -0.0644575845   0.0036695325  -0.0267510906
       -0.0103694946   0.0010474656  -0.0049829180   0.0025302541  -0.0001511323
       -0.0032997224   0.0041455462  -0.0025841646  -0.0026275775   0.0038566430
        0.0023371097  -0.0256868660   0.0138960948  -0.0001403341  -0.0409891957
       -0.0024372332  -0.0026941177  -0.0408109339   0.0005529317  -0.0015085611
       -0.0041433414  -0.0042797425  -0.0018628454  -0.0034586284  -0.0036909515
        0.0021493830   0.0006447396  -0.0008267533   0.0002306545   0.0007168624
       -0.0007187750  -0.0002796980  -0.0012444410  -0.0007280872   0.0000311484
       -0.0001333194   0.0003672925  -0.0001283830
        0.0669327031  -0.1130168167   0.0007650030  -0.0036279267   0.4963512075
        0.0002645895  -0.0635315419  -0.1096478476   0.0024109955   0.0083045323
        0.0069835173  -0.0004794098   0.0040541251  -0.0008362234   0.0004900620
        0.0155268159  -0.0127724062   0.0033538937   0.0169719317  -0.0141722298
       -0.0029280171  -0.0127478670   0.0086737159  -0.0001178741  -0.0031987090
       -0.1264359360  -0.1071944818   0.0000281471  -0.1113897616   0.1024418847
       -0.0168870979  -0.0132591097  -0.0023297378  -0.0156192378  -0.0122227983
        0.0037679298   0.0011476094   0.0007226979  -0.0003581443   0.0014040969
        0.0006197937   0.0002721483   0.0011152606   0.0004534277  -0.0001661200
        0.0001271582  -0.0000512307  -0.0001927215
       -0.0011711709   0.0007429191  -0.0680651333   0.0011121419   0.0002645895
        0.5362957896   0.0033161703   0.0022768197  -0.0689190758   0.0001698248
        0.0000697916  -0.0001718276   0.0000053374   0.0000976596   0.0002025090
       -0.0211340398   0.0164632488  -0.0017883729   0.0199125842  -0.0156245815
       -0.0010201191   0.0008777184  -0.0005254001   0.0003647588  -0.0030976964
       -0.1067645441  -0.1886620696  -0.0012718918   0.1018370738  -0.2055647570
       -0.0195107830  -0.0152361255  -0.0006622459   0.0210407201   0.0164904818
       -0.0029867965  -0.0008366384  -0.0002728834   0.0004267638   0.0007566605
        0.0002388671   0.0003409503  -0.0000466405  -0.0000321953   0.0002006139
       -0.0001222966  -0.0000257211   0.0000090123
       -0.0290790281  -0.0102750638   0.0007718514  -0.1477810693  -0.0635315419
        0.0033161703   0.4570226669   0.0047922644   0.0037341922  -0.1380001167
        0.0614137030   0.0002523158  -0.0359501896   0.0107337703  -0.0010137757
        0.0009325031  -0.0008122160   0.0003138748   0.0009452162  -0.0008192557
       -0.0002674049  -0.0048347054   0.0025366243  -0.0000169276  -0.0044638527
       -0.0048386576  -0.0021387163  -0.0037420118  -0.0040615670   0.0024353748
       -0.0411992820  -0.0038826056  -0.0056140304  -0.0415917148   0.0009065039
       -0.0010557120  -0.0039267357   0.0042359413  -0.0024580253  -0.0039971445
        0.0057210919   0.0022529047  -0.0052304762  -0.0028619949   0.0003481058
        0.0008959406   0.0007430032  -0.0008601975
        0.0109135440   0.0072701912  -0.0003743989  -0.0644575845  -0.1096478476
        0.0022768197   0.0047922644   0.4966652342   0.0049032487   0.0662236285
       -0.1128932937   0.0008583017  -0.0137559266   0.0096509764  -0.0001281227
        0.0009037848   0.0007891234  -0.0004410789   0.0009448374   0.0008566704
        0.0003942957   0.0043027784  -0.0009041923  -0.0000010744  -0.0172861230
       -0.0138617078  -0.0025136943  -0.0155331825  -0.0123399112   0.0037500064
       -0.0046416096  -0.1273116158  -0.1096916781   0.0012874350  -0.1118089625
        0.1017565675   0.0152160265  -0.0124120147   0.0031656695   0.0164705693
       -0.0142000526  -0.0034578897  -0.0045141219  -0.0011322983  -0.0002898966
       -0.0008663202   0.0012797008  -0.0002070755
        0.0001503661  -0.0000825834   0.0000738024   0.0036695325   0.0024109955
       -0.0689190758   0.0037341922   0.0049032487   0.5378779781  -0.0014130448
        0.0008566564  -0.0693109445  -0.0002952925   0.0008541739   0.0016446854
       -0.0008890484  -0.0003859908   0.0004130506   0.0007759546   0.0003830732
        0.0003703839  -0.0000715822   0.0000216177   0.0005908743  -0.0198237073
       -0.0157985376  -0.0007334850   0.0209448327   0.0166040021  -0.0027870352
       -0.0062011263  -0.1094459591  -0.1933800939  -0.0013529874   0.1014127805
       -0.2028098302  -0.0201123030   0.0164603804  -0.0017655504   0.0199263957
       -0.0174479840  -0.0023218484   0.0000660664  -0.0001177956   0.0007362558
        0.0008917518  -0.0006280778   0.0003208328
       -0.0032723191  -0.0021049599   0.0001386429  -0.0267510906   0.0083045323
        0.0001698248  -0.1380001167   0.0662236285  -0.0014130448   0.4446330926
       -0.0082545346   0.0007936714  -0.1613797491  -0.0605059183   0.0020251339
       -0.0001085144  -0.0001803399   0.0002324360  -0.0001167092  -0.0002062094
       -0.0002262419  -0.0010139604   0.0006402308  -0.0000074143   0.0004056688
        0.0008267423   0.0002289709   0.0005263883   0.0007900519  -0.0003130280
       -0.0027351623   0.0034536874   0.0018121187  -0.0038526245   0.0042099664
       -0.0019047000  -0.0404084841   0.0037221444  -0.0031408321  -0.0384838073
        0.0077518182   0.0069592737  -0.0268500529  -0.0187693395  -0.0055830792
       -0.0025925593  -0.0059015006   0.0002282682
       -0.0026808063  -0.0017043103   0.0001212275  -0.0103694946   0.0069835173
        0.0000697916   0.0614137030  -0.1128932937   0.0008566564  -0.0082545346
        0.4738861559  -0.0276143360  -0.0775116700  -0.1212095216   0.0133739046
       -0.0000492323   0.0002016602  -0.0001970880  -0.0000355986   0.0001804417
        0.0001507519  -0.0011988101   0.0004708252   0.0000041806  -0.0014469747
        0.0006608560   0.0001999977  -0.0012704678   0.0006974389  -0.0002737745
        0.0174153882  -0.0140097340  -0.0034244186   0.0159385912  -0.0129802898
        0.0034382775   0.0054296013  -0.1084628770   0.0998983236   0.0037955795
       -0.1033145967  -0.0830854195   0.0156150008   0.0081738802  -0.0015738225
       -0.0167902752  -0.0166801525  -0.0019442523
        0.0001474231   0.0000510306   0.0001713214   0.0010474656  -0.0004794098
       -0.0001718276   0.0002523158   0.0008583017  -0.0693109445   0.0007936714
       -0.0276143360   0.5082070891  -0.0236549150  -0.0041243223  -0.0624343324
        0.0000960024  -0.0000313028   0.0000458060  -0.0000652407   0.0000347274
        0.0000061370   0.0000127997  -0.0000217376   0.0002224474  -0.0009634024
        0.0001675045   0.0002713625   0.0009291745  -0.0002123397   0.0002559558
        0.0197834999  -0.0164439113  -0.0019554432  -0.0208597525   0.0172197819
       -0.0021017127  -0.0049771828   0.0982542266  -0.1990236002   0.0017100213
       -0.0854167521  -0.1707191385   0.0017506116  -0.0011607072  -0.0016442785
        0.0239975081   0.0189192460  -0.0018188415
       -0.0015535665  -0.0007646485   0.0001260008  -0.0049829180   0.0040541251
        0.0000053374  -0.0359501896  -0.0137559266  -0.0002952925  -0.1613797491
       -0.0775116700  -0.0236549150   0.5362636317  -0.0588528000   0.0024680844
        0.0000382713  -0.0000384350  -0.0000059909   0.0000465832  -0.0000443088
       -0.0000051146  -0.0004908598   0.0002180218  -0.0000058208   0.0003680802
        0.0001711301   0.0001872340   0.0002151714   0.0001577355  -0.0002129724
        0.0016438452  -0.0010002361  -0.0000318952   0.0015000077  -0.0008035224
       -0.0001035176  -0.0049663721  -0.0067565456   0.0039850739  -0.0142565927
       -0.0197797755  -0.0112494340  -0.2671342980   0.1762982554   0.0265328392
       -0.0493610451  -0.0015913996   0.0022603832
        0.0005519527   0.0005501787  -0.0000091205   0.0025302541  -0.0008362234
        0.0000976596   0.0107337703   0.0096509764   0.0008541739  -0.0605059183
       -0.1212095216  -0.0041243223  -0.0588528000   0.4497602971  -0.1778264406
       -0.0000639061   0.0000223771  -0.0000505888  -0.0001122781   0.0000767685
        0.0000806137   0.0003015576  -0.0000581388  -0.0000009652   0.0005301400
        0.0001165222   0.0003062252   0.0002115887   0.0000061913  -0.0002284504
       -0.0003985619   0.0008717525   0.0006384611   0.0009674499   0.0003878650
       -0.0006560573  -0.0200352830  -0.0173313080   0.0050591349  -0.0276807641
       -0.0237176421  -0.0104124421   0.1556776409  -0.1624180197  -0.0039366010
       -0.0038548430  -0.1358720752   0.1902087199
       -0.0001539200  -0.0000885367   0.0001692646  -0.0001511323   0.0004900620
        0.0002025090  -0.0010137757  -0.0001281227   0.0016446854   0.0020251339
        0.0133739046  -0.0624343324   0.0024680844  -0.1778264406   0.3573745044
        0.0000496602  -0.0000494388   0.0000068794  -0.0000873259   0.0001001367
        0.0000818621  -0.0000885261   0.0000203193   0.0000076055   0.0003186862
        0.0001742945   0.0001423947  -0.0001397727  -0.0001552902   0.0001353709
       -0.0004425709   0.0005744267   0.0005057778  -0.0003631472  -0.0006337455
        0.0004390071   0.0218077521   0.0177806578  -0.0009235137  -0.0220727814
       -0.0188423070  -0.0001191539  -0.0058445231   0.0186722467  -0.0268187580
        0.0036881586   0.1465378332  -0.2704141029
       -0.0428944860   0.0011721699  -0.0032856127  -0.0032997224   0.0155268159
       -0.0211340398   0.0009325031   0.0009037848  -0.0008890484  -0.0001085144
       -0.0000492323   0.0000960024   0.0000382713  -0.0000639061   0.0000496602
        0.0501922649  -0.0045584113   0.0043120322   0.0007056351   0.0001083269
       -0.0012130093  -0.0015278552  -0.0161890307   0.0227915757   0.0006805611
       -0.0004835681  -0.0003190933  -0.0043012323   0.0039352885  -0.0008385365
       -0.0000367770  -0.0000451696  -0.0000086676  -0.0005351758  -0.0001362722
        0.0003774106   0.0001083976  -0.0000772966   0.0001040176   0.0000545657
       -0.0000258806  -0.0000608813   0.0000568031  -0.0000236395  -0.0000151531
       -0.0000652387   0.0000060211   0.0000333433
        0.0010498057  -0.1148481554   0.1083192225   0.0041455462  -0.0127724062
        0.0164632488  -0.0008122160   0.0007891234  -0.0003859908  -0.0001803399
        0.0002016602  -0.0000313028  -0.0000384350   0.0000223771  -0.0000494388
       -0.0045584113   0.1328940218  -0.1278943823  -0.0002637617   0.0096796800
       -0.0161360607  -0.0031152206  -0.0133217596   0.0189585528  -0.0004149320
       -0.0000291120   0.0004185284   0.0040537674  -0.0026506413   0.0005288923
        0.0000312320  -0.0001012881  -0.0000514802   0.0002467841   0.0002505604
       -0.0000957389  -0.0001289243  -0.0000546211  -0.0000327873   0.0000061150
       -0.0000806634  -0.0000009170  -0.0000322912   0.0000028967   0.0000163902
        0.0000112815   0.0000183274  -0.0000267361
       -0.0035160508   0.1084801552  -0.2117877495  -0.0025841646   0.0033538937
       -0.0017883729   0.0003138748  -0.0004410789   0.0004130506   0.0002324360
       -0.0001970880   0.0000458060  -0.0000059909  -0.0000505888   0.0000068794
        0.0043120322  -0.1278943823   0.2434177131   0.0003538234   0.0132762778
       -0.0287694734   0.0015518894   0.0031731374  -0.0033507851   0.0002781794
       -0.0003746484   0.0007402565  -0.0006472902   0.0007292432   0.0010492166
       -0.0000082940   0.0000335150  -0.0003624388  -0.0004171778  -0.0000742449
        0.0003272098   0.0001152198  -0.0000060062   0.0000000961   0.0000237719
       -0.0000045492   0.0000145358   0.0000300263  -0.0000174235  -0.0000159858
       -0.0000322848   0.0000137878   0.0000600416
       -0.0427423726  -0.0022951904  -0.0016602048  -0.0026275775   0.0169719317
        0.0199125842   0.0009452162   0.0009448374   0.0007759546  -0.0001167092
       -0.0000355986  -0.0000652407   0.0000465832  -0.0001122781  -0.0000873259
        0.0007056351  -0.0002637617   0.0003538234   0.0499771907  -0.0006065064
        0.0014933354  -0.0022165455  -0.0178894636  -0.0214651360  -0.0042822622
        0.0040027183   0.0007270754   0.0006774325  -0.0004365180   0.0003555642
       -0.0005274262  -0.0001389362  -0.0003288766  -0.0000347933  -0.0000497562
        0.0000139616   0.0000563277  -0.0000139135   0.0000515296   0.0001094000
       -0.0000937093  -0.0001063115   0.0000514578  -0.0000035615  -0.0000015744
       -0.0000215567   0.0000197062   0.0000308416
       -0.0023100858  -0.1319426315  -0.1147328695   0.0038566430  -0.0141722298
       -0.0156245815  -0.0008192557   0.0008566704   0.0003830732  -0.0002062094
        0.0001804417   0.0000347274  -0.0000443088   0.0000767685   0.0001001367
        0.0001083269   0.0096796800   0.0132762778  -0.0006065064   0.1529354469
        0.1351272879  -0.0037682949  -0.0148596223  -0.0179140749   0.0040892811
       -0.0027352387  -0.0003961755  -0.0004425244  -0.0000345268  -0.0003609059
        0.0002753482   0.0002557936   0.0000797904   0.0000427026  -0.0000965773
        0.0000275374  -0.0000089105  -0.0000706602  -0.0000079977  -0.0001272875
       -0.0000480999   0.0000354304  -0.0000305511  -0.0000043551  -0.0000093334
       -0.0000083672  -0.0000208595  -0.0000183229
       -0.0013295762  -0.1149073828  -0.1956132934   0.0023371097  -0.0029280171
       -0.0010201191  -0.0002674049   0.0003942957   0.0003703839  -0.0002262419
        0.0001507519   0.0000061370  -0.0000051146   0.0000806137   0.0000818621
       -0.0012130093  -0.0161360607  -0.0287694734   0.0014933354   0.1351272879
        0.2242554967  -0.0012910483  -0.0017222511  -0.0010118750   0.0004836083
       -0.0005506762   0.0010877126  -0.0002525176   0.0004498008   0.0007302945
        0.0003970936   0.0000617771   0.0003028386   0.0000085475  -0.0000429339
       -0.0003848646  -0.0000345080   0.0000124338   0.0000124802  -0.0000948290
        0.0000191901   0.0000096087  -0.0000253177   0.0000076902  -0.0000094346
        0.0000198729  -0.0000165194  -0.0000477542
       -0.2003641207  -0.1146704398   0.0066688058  -0.0256868660  -0.0127478670
        0.0008777184  -0.0048347054   0.0043027784  -0.0000715822  -0.0010139604
       -0.0011988101   0.0000127997  -0.0004908598   0.0003015576  -0.0000885261
       -0.0015278552  -0.0031152206   0.0015518894  -0.0022165455  -0.0037682949
       -0.0012910483   0.2349429806   0.1313005131  -0.0077652534   0.0004327130
       -0.0004184064   0.0002426187   0.0004110664  -0.0004419712  -0.0002192001
        0.0002540552   0.0002175931   0.0001419935   0.0002277340   0.0002060668
       -0.0001439304   0.0000091118  -0.0000191826  -0.0000200823  -0.0000213168
        0.0000280635   0.0000598776  -0.0001867700  -0.0000165429   0.0000588761
        0.0000653388   0.0000401630  -0.0000149564
       -0.1150685964  -0.1245787120   0.0047621098   0.0138960948   0.0086737159
       -0.0005254001   0.0025366243  -0.0009041923   0.0000216177   0.0006402308
        0.0004708252  -0.0000217376   0.0002180218  -0.0000581388   0.0000203193
       -0.0161890307  -0.0133217596   0.0031731374  -0.0178894636  -0.0148596223
       -0.0017222511   0.1313005131   0.1434076372  -0.0056331050   0.0001572512
        0.0005443900   0.0002045243   0.0001227820   0.0005185889  -0.0002485290
        0.0001679867   0.0000000122   0.0001605453   0.0001553894  -0.0000125552
       -0.0001752456  -0.0000643203   0.0000569011  -0.0000416834  -0.0000723499
        0.0000567619   0.0000404517   0.0000587744   0.0000396935   0.0000012826
        0.0000300923  -0.0000335456  -0.0000160363
        0.0066615103   0.0047339972  -0.0448724866  -0.0001403341  -0.0001178741
        0.0003647588  -0.0000169276  -0.0000010744   0.0005908743  -0.0000074143
        0.0000041806   0.0002224474  -0.0000058208  -0.0000009652   0.0000076055
        0.0227915757   0.0189585528  -0.0033507851  -0.0214651360  -0.0179140749
       -0.0010118750  -0.0077652534  -0.0056331050   0.0480298550   0.0004751103
        0.0001036575  -0.0000281078  -0.0005076567  -0.0001250626   0.0000224202
        0.0001164583   0.0000351295   0.0000062682  -0.0001357529  -0.0000425917
        0.0000239610   0.0000240332  -0.0000196687   0.0000014722  -0.0000204681
        0.0000189611  -0.0000069009   0.0000029493  -0.0000031910  -0.0000045306
       -0.0000068732   0.0000031290   0.0000050232
       -0.0032063184   0.0177143634   0.0196027601  -0.0409891957  -0.0031987090
       -0.0030976964  -0.0044638527  -0.0172861230  -0.0198237073   0.0004056688
       -0.0014469747  -0.0009634024   0.0003680802   0.0005301400   0.0003186862
        0.0006805611  -0.0004149320   0.0002781794  -0.0042822622   0.0040892811
        0.0004836083   0.0004327130   0.0001572512   0.0004751103   0.0539221472
        0.0027098168   0.0031543726   0.0011943776  -0.0001361328  -0.0002735696
       -0.0043263565  -0.0035379962  -0.0002657678   0.0007696283   0.0004525063
       -0.0003228707   0.0000003589   0.0000641925   0.0000181035  -0.0005532109
        0.0003006013   0.0005264976  -0.0000024941   0.0000396509  -0.0000243034
        0.0000501556  -0.0000369356  -0.0000860003
        0.0037795536  -0.0135774314  -0.0157144140  -0.0024372332  -0.1264359360
       -0.1067645441  -0.0048386576  -0.0138617078  -0.0157985376   0.0008267423
        0.0006608560   0.0001675045   0.0001711301   0.0001165222   0.0001742945
       -0.0004835681  -0.0000291120  -0.0003746484   0.0040027183  -0.0027352387
       -0.0005506762  -0.0004184064   0.0005443900   0.0001036575   0.0027098168
        0.1489505563   0.1269480921   0.0002324716   0.0090915253   0.0125784868
       -0.0036725279  -0.0028225501  -0.0004647464   0.0004349447  -0.0000295348
       -0.0004036106  -0.0000517607  -0.0000900870   0.0000256997  -0.0002858827
        0.0002204333   0.0001255038   0.0000272700   0.0000417411  -0.0000037928
        0.0000033892  -0.0000444263  -0.0000482686
        0.0015898929  -0.0024875573  -0.0010564622  -0.0026941177  -0.1071944818
       -0.1886620696  -0.0021387163  -0.0025136943  -0.0007334850   0.0002289709
        0.0001999977   0.0002713625   0.0001872340   0.0003062252   0.0001423947
       -0.0003190933   0.0004185284   0.0007402565   0.0007270754  -0.0003961755
        0.0010877126   0.0002426187   0.0002045243  -0.0000281078   0.0031543726
        0.1269480921   0.2159297130  -0.0005356601  -0.0154686862  -0.0294292337
       -0.0003443029  -0.0005552146   0.0010756382   0.0002799265   0.0004446210
        0.0007233476  -0.0000112881  -0.0000271134  -0.0003593346  -0.0004085873
        0.0001392354   0.0003488706  -0.0000131193  -0.0000083415  -0.0000192676
        0.0000547941  -0.0000099596  -0.0000313353
       -0.0038021533   0.0162110032  -0.0206868270  -0.0408109339   0.0000281471
       -0.0012718918  -0.0037420118  -0.0155331825   0.0209448327   0.0005263883
       -0.0012704678   0.0009291745   0.0002151714   0.0002115887  -0.0001397727
       -0.0043012323   0.0040537674  -0.0006472902   0.0006774325  -0.0004425244
       -0.0002525176   0.0004110664   0.0001227820  -0.0005076567   0.0011943776
        0.0002324716  -0.0005356601   0.0537552244  -0.0009807006   0.0016222248
        0.0007777300   0.0004201801   0.0002916204  -0.0043736107  -0.0035461927
        0.0008180627  -0.0006583656   0.0002237457  -0.0003789406   0.0000398129
        0.0000803572  -0.0000321583  -0.0000098255   0.0000895077   0.0000121082
        0.0001009299   0.0000995173  -0.0001653083
        0.0040751188  -0.0121299781   0.0163659140   0.0005529317  -0.1113897616
        0.1018370738  -0.0040615670  -0.0123399112   0.0166040021   0.0007900519
        0.0006974389  -0.0002123397   0.0001577355   0.0000061913  -0.0001552902
        0.0039352885  -0.0026506413   0.0007292432  -0.0004365180  -0.0000345268
        0.0004498008  -0.0004419712   0.0005185889  -0.0001250626  -0.0001361328
        0.0090915253  -0.0154686862  -0.0009807006   0.1309171112  -0.1213681126
        0.0004414162  -0.0000366274   0.0004757516  -0.0037326932  -0.0027947703
        0.0010201085  -0.0002288789   0.0002007890  -0.0000719690  -0.0000438794
       -0.0000979789  -0.0000403881   0.0000226250   0.0000825802   0.0000148551
        0.0000871733  -0.0000400292  -0.0000549008
       -0.0018378700   0.0028482638  -0.0017902028  -0.0015085611   0.1024418847
       -0.2055647570   0.0024353748   0.0037500064  -0.0027870352  -0.0003130280
       -0.0002737745   0.0002559558  -0.0002129724  -0.0002284504   0.0001353709
       -0.0008385365   0.0005288923   0.0010492166   0.0003555642  -0.0003609059
        0.0007302945  -0.0002192001  -0.0002485290   0.0000224202  -0.0002735696
        0.0125784868  -0.0294292337   0.0016222248  -0.1213681126   0.2357074720
       -0.0003352297  -0.0004278068   0.0007318699   0.0007790138   0.0008976703
        0.0009155274   0.0004488217  -0.0000773413   0.0003441598  -0.0000048941
       -0.0000225709  -0.0003538618   0.0000198719  -0.0000247478  -0.0000231247
       -0.0001170095  -0.0000129650   0.0000559280
        0.0007038280  -0.0008103638  -0.0006608686  -0.0041433414  -0.0168870979
       -0.0195107830  -0.0411992820  -0.0046416096  -0.0062011263  -0.0027351623
        0.0174153882   0.0197834999   0.0016438452  -0.0003985619  -0.0004425709
       -0.0000367770   0.0000312320  -0.0000082940  -0.0005274262   0.0002753482
        0.0003970936   0.0002540552   0.0001679867   0.0001164583  -0.0043263565
       -0.0036725279  -0.0003443029   0.0007777300   0.0004414162  -0.0003352297
        0.0517994510   0.0047285328   0.0062324548   0.0012438760  -0.0000203383
       -0.0002113649   0.0007871177  -0.0004416698   0.0003820857  -0.0044446078
        0.0037823813   0.0005989491   0.0003259201  -0.0000783155   0.0000381259
       -0.0001228700   0.0001081991   0.0001658728
        0.0008184962   0.0008726572   0.0004292992  -0.0042797425  -0.0132591097
       -0.0152361255  -0.0038826056  -0.1273116158  -0.1094459591   0.0034536874
       -0.0140097340  -0.0164439113  -0.0010002361   0.0008717525   0.0005744267
       -0.0000451696  -0.0001012881   0.0000335150  -0.0001389362   0.0002557936
        0.0000617771   0.0002175931   0.0000000122   0.0000351295  -0.0035379962
       -0.0028225501  -0.0005552146   0.0004201801  -0.0000366274  -0.0004278068
        0.0047285328   0.1495861861   0.1292102700   0.0003179108   0.0090865793
        0.0129100910  -0.0005054797  -0.0000477484  -0.0004671411   0.0037700709
       -0.0031349085  -0.0008276974  -0.0003610130   0.0001459759   0.0001003952
        0.0000247075  -0.0000953746   0.0000489520
        0.0002460029   0.0004513615   0.0004472689  -0.0018628454  -0.0023297378
       -0.0006622459  -0.0056140304  -0.1096916781  -0.1933800939   0.0018121187
       -0.0034244186  -0.0019554432  -0.0000318952   0.0006384611   0.0005057778
       -0.0000086676  -0.0000514802  -0.0003624388  -0.0003288766   0.0000797904
        0.0003028386   0.0001419935   0.0001605453   0.0000062682  -0.0002657678
       -0.0004647464   0.0010756382   0.0002916204   0.0004757516   0.0007318699
        0.0062324548   0.1292102700   0.2209836482  -0.0006222469  -0.0150724943
       -0.0291016607  -0.0003122617   0.0004972020   0.0006938080   0.0004949927
       -0.0006492525   0.0011356194  -0.0002829901   0.0003095625   0.0000581258
        0.0001103987  -0.0001391367  -0.0004789805
        0.0007705014  -0.0008392396   0.0007419023  -0.0034586284  -0.0156192378
        0.0210407201  -0.0415917148   0.0012874350  -0.0013529874  -0.0038526245
        0.0159385912  -0.0208597525   0.0015000077   0.0009674499  -0.0003631472
       -0.0005351758   0.0002467841  -0.0004171778  -0.0000347933   0.0000427026
        0.0000085475   0.0002277340   0.0001553894  -0.0001357529   0.0007696283
        0.0004349447   0.0002799265  -0.0043736107  -0.0037326932   0.0007790138
        0.0012438760   0.0003179108  -0.0006222469   0.0531764455  -0.0013532044
        0.0012581262  -0.0043283458   0.0033392903  -0.0004066096   0.0007838713
       -0.0006340211  -0.0005010024   0.0003461230  -0.0002977609   0.0000208562
       -0.0006432940  -0.0002543412   0.0005295843
        0.0008272649   0.0008505827  -0.0005027514  -0.0036909515  -0.0122227983
        0.0164904818   0.0009065039  -0.1118089625   0.1014127805   0.0042099664
       -0.0129802898   0.0172197819  -0.0008035224   0.0003878650  -0.0006337455
       -0.0001362722   0.0002505604  -0.0000742449  -0.0000497562  -0.0000965773
       -0.0000429339   0.0002060668  -0.0000125552  -0.0000425917   0.0004525063
       -0.0000295348   0.0004446210  -0.0035461927  -0.0027947703   0.0008976703
       -0.0000203383   0.0090865793  -0.0150724943  -0.0013532044   0.1317543892
       -0.1213234824   0.0036850768  -0.0029007873   0.0006764030  -0.0005234729
        0.0000106127   0.0005123301  -0.0003399443   0.0002182873   0.0000899631
        0.0001762698   0.0002873990  -0.0000517875
       -0.0003888078  -0.0004571078   0.0005546346   0.0021493830   0.0037679298
       -0.0029867965  -0.0010557120   0.1017565675  -0.2028098302  -0.0019047000
        0.0034382775  -0.0021017127  -0.0001035176  -0.0006560573   0.0004390071
        0.0003774106  -0.0000957389   0.0003272098   0.0000139616   0.0000275374
       -0.0003848646  -0.0001439304  -0.0001752456   0.0000239610  -0.0003228707
       -0.0004036106   0.0007233476   0.0008180627   0.0010201085   0.0009155274
       -0.0002113649   0.0129100910  -0.0291016607   0.0012581262  -0.1213234824
        0.2323985321  -0.0005447709   0.0008601505   0.0010128785   0.0003264110
       -0.0004285867   0.0007612000   0.0003078605  -0.0003720642  -0.0001446462
       -0.0005755413   0.0001312313   0.0003732127
       -0.0000963750  -0.0001192372   0.0001358884   0.0006447396   0.0011476094
       -0.0008366384  -0.0039267357   0.0152160265  -0.0201123030  -0.0404084841
        0.0054296013  -0.0049771828  -0.0049663721  -0.0200352830   0.0218077521
        0.0001083976  -0.0001289243   0.0001152198   0.0000563277  -0.0000089105
       -0.0000345080   0.0000091118  -0.0000643203   0.0000240332   0.0000003589
       -0.0000517607  -0.0000112881  -0.0006583656  -0.0002288789   0.0004488217
        0.0007871177  -0.0005054797  -0.0003122617  -0.0043283458   0.0036850768
       -0.0005447709   0.0553528083   0.0007621594   0.0015136145   0.0017002059
       -0.0001140513   0.0009201589   0.0004135407  -0.0006022296   0.0012236155
       -0.0046879299  -0.0043813980   0.0006398488
       -0.0001376386   0.0001898220  -0.0001332014  -0.0008267533   0.0007226979
       -0.0002728834   0.0042359413  -0.0124120147   0.0164603804   0.0037221444
       -0.1084628770   0.0982542266  -0.0067565456  -0.0173313080   0.0177806578
       -0.0000772966  -0.0000546211  -0.0000060062  -0.0000139135  -0.0000706602
        0.0000124338  -0.0000191826   0.0000569011  -0.0000196687   0.0000641925
       -0.0000900870  -0.0000271134   0.0002237457   0.0002007890  -0.0000773413
       -0.0004416698  -0.0000477484   0.0004972020   0.0033392903  -0.0029007873
        0.0008601505   0.0007621594   0.1340033911  -0.1203187392   0.0000695033
        0.0083457904  -0.0139934330   0.0006650671   0.0002207981   0.0000744062
       -0.0048090440  -0.0023700858   0.0009089293
        0.0001429789  -0.0001716833   0.0000914322   0.0002306545  -0.0003581443
        0.0004267638  -0.0024580253   0.0031656695  -0.0017655504  -0.0031408321
        0.0998983236  -0.1990236002   0.0039850739   0.0050591349  -0.0009235137
        0.0001040176  -0.0000327873   0.0000000961   0.0000515296  -0.0000079977
        0.0000124802  -0.0000200823  -0.0000416834   0.0000014722   0.0000181035
        0.0000256997  -0.0003593346  -0.0003789406  -0.0000719690   0.0003441598
        0.0003820857  -0.0004671411   0.0006938080  -0.0004066096   0.0006764030
        0.0010128785   0.0015136145  -0.1203187392   0.2288971507  -0.0011476745
        0.0123452588  -0.0310000354   0.0000918543   0.0001699231   0.0002588644
        0.0010322518   0.0001297328   0.0013329282
       -0.0001081057  -0.0001682637  -0.0001448945   0.0007168624   0.0014040969
        0.0007566605  -0.0039971445   0.0164705693   0.0199263957  -0.0384838073
        0.0037955795   0.0017100213  -0.0142565927  -0.0276807641  -0.0220727814
        0.0000545657   0.0000061150   0.0000237719   0.0001094000  -0.0001272875
       -0.0000948290  -0.0000213168  -0.0000723499  -0.0000204681  -0.0005532109
       -0.0002858827  -0.0004085873   0.0000398129  -0.0000438794  -0.0000048941
       -0.0044446078   0.0037700709   0.0004949927   0.0007838713  -0.0005234729
        0.0003264110   0.0017002059   0.0000695033  -0.0011476745   0.0568242376
        0.0028313062   0.0012339256   0.0009982087  -0.0005877375  -0.0001640347
        0.0006376213   0.0011423966  -0.0004140150
       -0.0000817137   0.0002942691   0.0001205150  -0.0007187750   0.0006197937
        0.0002388671   0.0057210919  -0.0142000526  -0.0174479840   0.0077518182
       -0.1033145967  -0.0854167521  -0.0197797755  -0.0237176421  -0.0188423070
       -0.0000258806  -0.0000806634  -0.0000045492  -0.0000937093  -0.0000480999
        0.0000191901   0.0000280635   0.0000567619   0.0000189611   0.0003006013
        0.0002204333   0.0001392354   0.0000803572  -0.0000979789  -0.0000225709
        0.0037823813  -0.0031349085  -0.0006492525  -0.0006340211   0.0000106127
       -0.0004285867  -0.0001140513   0.0083457904   0.0123452588   0.0028313062
        0.1331489549   0.1088167818   0.0007320455   0.0009493712   0.0014303263
        0.0002202613   0.0009479549  -0.0003171332
       -0.0001208572   0.0002382147   0.0001055191  -0.0002796980   0.0002721483
        0.0003409503   0.0022529047  -0.0034578897  -0.0023218484   0.0069592737
       -0.0830854195  -0.1707191385  -0.0112494340  -0.0104124421  -0.0001191539
       -0.0000608813  -0.0000009170   0.0000145358  -0.0001063115   0.0000354304
        0.0000096087   0.0000598776   0.0000404517  -0.0000069009   0.0005264976
        0.0001255038   0.0003488706  -0.0000321583  -0.0000403881  -0.0003538618
        0.0005989491  -0.0008276974   0.0011356194  -0.0005010024   0.0005123301
        0.0007612000   0.0009201589  -0.0139934330  -0.0310000354   0.0012339256
        0.1088167818   0.1987219865  -0.0002839552   0.0005553171   0.0010493556
        0.0000827106   0.0012220088   0.0020332929
       -0.0004377112  -0.0003366531   0.0000100426  -0.0012444410   0.0011152606
       -0.0000466405  -0.0052304762  -0.0045141219   0.0000660664  -0.0268500529
        0.0156150008   0.0017506116  -0.2671342980   0.1556776409  -0.0058445231
        0.0000568031  -0.0000322912   0.0000300263   0.0000514578  -0.0000305511
       -0.0000253177  -0.0001867700   0.0000587744   0.0000029493  -0.0000024941
        0.0000272700  -0.0000131193  -0.0000098255   0.0000226250   0.0000198719
        0.0003259201  -0.0003610130  -0.0002829901   0.0003461230  -0.0003399443
        0.0003078605   0.0004135407   0.0006650671   0.0000918543   0.0009982087
        0.0007320455  -0.0002839552   0.3001924183  -0.1712380680   0.0030016416
       -0.0012884030   0.0029389580   0.0012156213
       -0.0001980272  -0.0000791899   0.0000098380  -0.0007280872   0.0004534277
       -0.0000321953  -0.0028619949  -0.0011322983  -0.0001177956  -0.0187693395
        0.0081738802  -0.0011607072   0.1762982554  -0.1624180197   0.0186722467
       -0.0000236395   0.0000028967  -0.0000174235  -0.0000035615  -0.0000043551
        0.0000076902  -0.0000165429   0.0000396935  -0.0000031910   0.0000396509
        0.0000417411  -0.0000083415   0.0000895077   0.0000825802  -0.0000247478
       -0.0000783155   0.0001459759   0.0003095625  -0.0002977609   0.0002182873
       -0.0003720642  -0.0006022296   0.0002207981   0.0001699231  -0.0005877375
        0.0009493712   0.0005553171  -0.1712380680   0.1678076560  -0.0178614998
        0.0189778902  -0.0145024449  -0.0001266118
        0.0000581857   0.0000412949   0.0000002164   0.0000311484  -0.0001661200
        0.0002006139   0.0003481058  -0.0002898966   0.0007362558  -0.0055830792
       -0.0015738225  -0.0016442785   0.0265328392  -0.0039366010  -0.0268187580
       -0.0000151531   0.0000163902  -0.0000159858  -0.0000015744  -0.0000093334
       -0.0000094346   0.0000588761   0.0000012826  -0.0000045306  -0.0000243034
       -0.0000037928  -0.0000192676   0.0000121082   0.0000148551  -0.0000231247
        0.0000381259   0.0001003952   0.0000581258   0.0000208562   0.0000899631
       -0.0001446462   0.0012236155   0.0000744062   0.0002588644  -0.0001640347
        0.0014303263   0.0010493556   0.0030016416  -0.0178614998   0.0292631472
       -0.0255373576   0.0220721526  -0.0028865532
       -0.0000070840   0.0000722601  -0.0000413920  -0.0001333194   0.0001271582
       -0.0001222966   0.0008959406  -0.0008663202   0.0008917518  -0.0025925593
       -0.0167902752   0.0239975081  -0.0493610451  -0.0038548430   0.0036881586
       -0.0000652387   0.0000112815  -0.0000322848  -0.0000215567  -0.0000083672
        0.0000198729   0.0000653388   0.0000300923  -0.0000068732   0.0000501556
        0.0000033892   0.0000547941   0.0001009299   0.0000871733  -0.0001170095
       -0.0001228700   0.0000247075   0.0001103987  -0.0006432940   0.0001762698
       -0.0005755413  -0.0046879299  -0.0048090440   0.0010322518   0.0006376213
        0.0002202613   0.0000827106  -0.0012884030   0.0189778902  -0.0255373576
        0.0571733139   0.0065983661  -0.0034446915
        0.0001019519   0.0000717332  -0.0000597867   0.0003672925  -0.0000512307
       -0.0000257211   0.0007430032   0.0012797008  -0.0006280778  -0.0059015006
       -0.0166801525   0.0189192460  -0.0015913996  -0.1358720752   0.1465378332
        0.0000060211   0.0000183274   0.0000137878   0.0000197062  -0.0000208595
       -0.0000165194   0.0000401630  -0.0000335456   0.0000031290  -0.0000369356
       -0.0000444263  -0.0000099596   0.0000995173  -0.0000400292  -0.0000129650
        0.0001081991  -0.0000953746  -0.0001391367  -0.0002543412   0.0002873990
        0.0001312313  -0.0043813980  -0.0023700858   0.0001297328   0.0011423966
        0.0009479549   0.0012220088   0.0029389580  -0.0145024449   0.0220721526
        0.0065983661   0.1671051090  -0.1881369554
        0.0000097886  -0.0000257991   0.0000096654  -0.0001283830  -0.0001927215
        0.0000090123  -0.0008601975  -0.0002070755   0.0003208328   0.0002282682
       -0.0019442523  -0.0018188415   0.0022603832   0.1902087199  -0.2704141029
        0.0000333433  -0.0000267361   0.0000600416   0.0000308416  -0.0000183229
       -0.0000477542  -0.0000149564  -0.0000160363   0.0000050232  -0.0000860003
       -0.0000482686  -0.0000313353  -0.0001653083  -0.0000549008   0.0000559280
        0.0001658728   0.0000489520  -0.0004789805   0.0005295843  -0.0000517875
        0.0003732127   0.0006398488   0.0009089293   0.0013329282  -0.0004140150
       -0.0003171332   0.0020332929   0.0012156213  -0.0001266118  -0.0028865532
       -0.0034446915  -0.1881369554   0.2714776305
