           1           2   1.01681243596750     
           2           3   1.01669858966001     
           2           4  0.956009988899624     
           4           5  0.962417525764911     
           5           6   1.01645391967579     
           5           7   1.01647153026976     
           1           8  0.985812666550523     
           1           9  0.985758803549524     
           1          10  0.979345103981474     
           2          11  0.961229185241079     
           3          12  0.985739540431670     
           3          13  0.979354225729250     
           3          14  0.985903315055249     
           5          15  0.960163555757497     
           6          16  0.981791697008366     
           6          17  0.978057715636933     
           6          18  0.985841243587006     
           7          19  0.985868895913541     
           7          20  0.981628700877802     
           7          21  0.978054106446275     
