           1           2   1.02001369323261     
           2           3   1.00878336498256     
           3           4   1.00421823959578     
           4           5   1.02049170713508     
           5           6  0.915327412286238     
           1           7  0.985292847971623     
           1           8  0.986924614974475     
           1           9  0.986711187344763     
           2          10  0.978104860611855     
           2          11  0.977695578404477     
           3          12  0.978641296299831     
           3          13  0.974955456925354     
           4          14  0.962592578429412     
           4          15  0.976097781429155     
           5          16  0.977390951622901     
           5          17  0.973203956833481     
