$hessian                                                                        
        0.5150747874  -0.0055730164  -0.0158381637  -0.0789099697  -0.0167754971
       -0.0335847078  -0.0078706311  -0.0125956210  -0.0132171874  -0.0001993029
       -0.0008751181  -0.0004806380   0.0000797244  -0.0001014185  -0.0005422395
       -0.0001725489   0.0000888669  -0.0000345112   0.0003106526  -0.0000708149
       -0.0000080942   0.0000379756   0.0001207017   0.0000666537  -0.1932187999
        0.0626056551   0.0955849322  -0.1225933553  -0.1066406012   0.0378097559
       -0.1114392107   0.0785448718  -0.0728379205  -0.0056501196  -0.0071305435
       -0.0162232413   0.0058917290   0.0109327432   0.0190148917  -0.0017088301
       -0.0031894614   0.0002727725   0.0005898193   0.0008342708   0.0000821627
       -0.0000470686  -0.0000253252  -0.0000307914  -0.0000928816  -0.0000716430
       -0.0000018166  -0.0000125983  -0.0000289704  -0.0000000964  -0.0000687739
       -0.0000325429  -0.0000098849  -0.0000005979  -0.0000165358  -0.0000218758
       -0.0055730164   0.5098429132  -0.0272669139  -0.0164566890  -0.0964444897
       -0.0546124531  -0.0121123137  -0.0170614637  -0.0174533757   0.0014610960
       -0.0004013267   0.0004103079  -0.0003457051  -0.0002727066  -0.0004850902
       -0.0005157668   0.0006713551  -0.0004858743   0.0001866346  -0.0002019846
       -0.0001064667  -0.0000356384  -0.0000169140   0.0000019396   0.0628101246
       -0.0705442856  -0.0385681648  -0.1064553270  -0.1894755458   0.0515760635
        0.0781193637  -0.1348315833   0.0868101828   0.0044128392   0.0077481817
        0.0129875564  -0.0019124832  -0.0062531126  -0.0121440944  -0.0034027407
       -0.0037445842   0.0003957907  -0.0001990613   0.0008747494  -0.0010688030
       -0.0000691239   0.0000518299   0.0000106374   0.0000646206   0.0000054904
        0.0000085170   0.0000125999   0.0000007960   0.0000050792  -0.0000227456
        0.0000114624   0.0000024352   0.0000333324   0.0000412185  -0.0000172737
       -0.0158381637  -0.0272669139   0.4814229961  -0.0335098542  -0.0543893347
       -0.1619799948  -0.0014213124  -0.0012572672   0.0035195599  -0.0001110024
        0.0011993814  -0.0002048930   0.0000166917  -0.0001486263   0.0007328892
        0.0002617844  -0.0004047925   0.0005304356   0.0001235785  -0.0000133310
       -0.0001214412   0.0000089765  -0.0000606576  -0.0000931020   0.0958143271
       -0.0385112474  -0.1045687972   0.0374908428   0.0510990514  -0.0596378274
       -0.0730045716   0.0870088774  -0.1246734657  -0.0086421740  -0.0084869422
       -0.0194257667  -0.0030215612  -0.0107104263  -0.0172947532   0.0010377846
        0.0013744762   0.0007213160   0.0007474371   0.0004861959   0.0009730730
        0.0000249151  -0.0000239097   0.0000262825   0.0000118192   0.0000800297
        0.0000211865   0.0000213752   0.0000261431   0.0000314755   0.0000044954
       -0.0000006755   0.0000086826  -0.0000153882  -0.0000000306   0.0000121442
       -0.0789099697  -0.0164566890  -0.0335098542   0.5114171897  -0.0486663766
       -0.0032504205  -0.1004866950  -0.0565139702   0.0130548887  -0.0224958123
       -0.0173051793   0.0092522815  -0.0023279301   0.0020513151   0.0028592762
       -0.0007044451  -0.0004040798   0.0016706567   0.0006865375   0.0004300015
        0.0003562791   0.0002239081  -0.0000039195  -0.0000777458   0.0067333411
        0.0116037423   0.0199096450  -0.0064901162  -0.0103061823  -0.0141049592
       -0.0063514757  -0.0073152998  -0.0163618545  -0.1100501097   0.0788262600
       -0.0704289221  -0.1932682876   0.0647160954   0.0925413674  -0.0052460582
       -0.0096095441   0.0006706817   0.0074853751   0.0088539452  -0.0026067844
       -0.0000855230   0.0000145601   0.0000318096  -0.0001319435   0.0000615641
       -0.0000200199  -0.0000222265  -0.0000027249   0.0000331381   0.0000163198
        0.0000179712  -0.0000126951   0.0000079213   0.0000085105  -0.0000067684
       -0.0167754971  -0.0964444897  -0.0543893347  -0.0486663766   0.4744038350
       -0.0104303469  -0.0459526707  -0.1396507928   0.0240657039  -0.0079124820
        0.0103554484   0.0061972964   0.0014314130  -0.0009850010  -0.0049495202
        0.0019767419  -0.0022704663   0.0012276452  -0.0002099093   0.0000062250
        0.0000915206   0.0001662367  -0.0002459377  -0.0000450821  -0.0020926177
       -0.0069244560  -0.0120123034  -0.0094095582  -0.0140533571  -0.0193902104
        0.0048356324   0.0082602395   0.0138632682   0.0798500533  -0.1312250766
        0.0833235854   0.0643428707  -0.0673983576  -0.0371562394  -0.0114021557
       -0.0153188751   0.0016863216  -0.0102465420  -0.0186979244   0.0079889251
        0.0000658706   0.0000015716  -0.0000070320   0.0000119073   0.0000531528
       -0.0000582607  -0.0000307274   0.0000401115   0.0000276252   0.0000667380
        0.0000357078  -0.0000243556  -0.0000489273   0.0000584426  -0.0000092062
       -0.0335847078  -0.0546124531  -0.1619799948  -0.0032504205  -0.0104303469
        0.4929851553   0.0157374806   0.0303469950  -0.0662309848   0.0148646202
        0.0084372937  -0.0057839362   0.0010930606  -0.0024783052  -0.0013285616
       -0.0017104082   0.0020790642  -0.0004977617   0.0002371073  -0.0005910477
       -0.0005638328  -0.0001432650   0.0000776329   0.0000029162  -0.0027200333
       -0.0112242336  -0.0179024042   0.0010098422   0.0019159068   0.0044559351
       -0.0090408465  -0.0075941491  -0.0202616268  -0.0712460555   0.0836643321
       -0.1210768568   0.0931558521  -0.0371752512  -0.1006412924  -0.0134366574
       -0.0184294993   0.0042856607   0.0090273715   0.0160382741  -0.0055269018
       -0.0000458582   0.0000082215   0.0000278387   0.0000854097   0.0000035762
        0.0000184461   0.0000225123  -0.0000004850  -0.0000067230  -0.0000648505
       -0.0000384830   0.0000152887   0.0000098464   0.0000029575   0.0000096361
       -0.0078706311  -0.0121123137  -0.0014213124  -0.1004866950  -0.0459526707
        0.0157374806   0.4571419674  -0.0334134241   0.0429944899  -0.1409053904
        0.0208901911   0.0442205457  -0.0089405008   0.0075079808   0.0214050246
       -0.0367193015   0.0244306281   0.0003603612   0.0021828010   0.0030959315
       -0.0017018134  -0.0000384545  -0.0001274411  -0.0000841302   0.0008262448
        0.0006026719   0.0002356668  -0.0002660223  -0.0016912949  -0.0022903684
        0.0001350828  -0.0002752468   0.0006393588   0.0070884882   0.0091008833
       -0.0026301454  -0.0187878932  -0.0215318461   0.0096202399  -0.0516784440
       -0.0238776055  -0.0533154098  -0.1002987085   0.0727606951  -0.0743742323
       -0.0012032427   0.0005794872   0.0005565310  -0.0002230427  -0.0000248712
       -0.0000084610   0.0000320354   0.0000119068   0.0000087242  -0.0000848156
       -0.0000306083   0.0000176418   0.0000965227   0.0000569466   0.0000298085
       -0.0125956210  -0.0170614637  -0.0012572672  -0.0565139702  -0.1396507928
        0.0303469950  -0.0334134241   0.4706713900  -0.0146363698   0.0350772172
       -0.0801171667  -0.0251674570  -0.0030188242   0.0153339720   0.0136586598
        0.0278389102  -0.0098905903  -0.0041419741   0.0027049663   0.0014990382
        0.0037612802   0.0010119914  -0.0003727692  -0.0004114635   0.0000530643
        0.0005829159   0.0008561280  -0.0011920391  -0.0015015888  -0.0028659328
        0.0006830990   0.0010824986   0.0005679673  -0.0113552985  -0.0207257728
        0.0081803934   0.0012466793   0.0031980922  -0.0004443220  -0.0221258778
       -0.0933321012  -0.0974164952   0.0712194294  -0.1300074293   0.0889614484
        0.0004425258  -0.0001205825  -0.0001006371  -0.0004056889   0.0003232515
        0.0000943377   0.0000084714  -0.0000881196  -0.0000109871   0.0002937037
        0.0002775690   0.0000511082   0.0000406859  -0.0001003505  -0.0000254124
       -0.0132171874  -0.0174533757   0.0035195599   0.0130548887   0.0240657039
       -0.0662309848   0.0429944899  -0.0146363698   0.5255859047   0.0306949131
       -0.0138595219  -0.0819664693   0.0431474527   0.0002875801  -0.0352210973
       -0.0097291233   0.0021235391   0.0109868527  -0.0017346257   0.0045095728
       -0.0006365286   0.0003910991  -0.0001364756  -0.0001906820  -0.0004427714
        0.0000377542   0.0010531019  -0.0022999346  -0.0034173101  -0.0031109982
       -0.0000546009  -0.0011060722   0.0009223902   0.0094010915   0.0162691517
       -0.0056644785   0.0099039215   0.0113574651  -0.0042750777  -0.0499093141
       -0.0962119721  -0.2090540843  -0.0711492682   0.0875636766  -0.1358339086
       -0.0008974059   0.0004143262   0.0003872883  -0.0001383030   0.0003016318
       -0.0002461480  -0.0000035149  -0.0000082446   0.0001156692   0.0000712321
        0.0000099844  -0.0000120090  -0.0000830392  -0.0001110438  -0.0001283007
       -0.0001993029   0.0014610960  -0.0001110024  -0.0224958123  -0.0079124820
        0.0148646202  -0.1409053904   0.0350772172   0.0306949131   0.4570236398
       -0.0770627983  -0.1665861862  -0.1251632640  -0.0426598048   0.1698344947
       -0.1235913711   0.0586018677  -0.0397180190  -0.0321426854   0.0269678627
       -0.0126728759   0.0010871744   0.0014699127  -0.0004018127   0.0003811116
       -0.0007982463  -0.0003405321   0.0004331571   0.0006685848   0.0002180574
       -0.0004812676  -0.0001862857  -0.0003707749   0.0011216680   0.0010938655
       -0.0010820410  -0.0007483776  -0.0015861903   0.0002249972   0.0058370537
       -0.0035236603   0.0005535997  -0.0161619380   0.0078336384   0.0048053557
       -0.0037461233   0.0014349886   0.0013716655   0.0008881860   0.0003023464
       -0.0012959532  -0.0005464785   0.0000272398  -0.0001192063   0.0001256025
       -0.0006500360  -0.0001758682  -0.0007155819  -0.0005591161   0.0003065684
       -0.0008751181  -0.0004013267   0.0011993814  -0.0173051793   0.0103554484
        0.0084372937   0.0208901911  -0.0801171667  -0.0138595219  -0.0770627983
        0.3193765844  -0.1713556452  -0.0355077782  -0.1006106080   0.1258000786
        0.0591480105  -0.1151592277   0.0614669991   0.0244258897  -0.0173534307
       -0.0005554062  -0.0027200287   0.0007801383   0.0010981370   0.0000021280
       -0.0000520388  -0.0012465360  -0.0002544461  -0.0004843242  -0.0003139438
        0.0006154575  -0.0001603560  -0.0000344069  -0.0005108614   0.0001152996
        0.0012730627  -0.0040242180  -0.0043704718   0.0021295447   0.0132483680
       -0.0039734903  -0.0095755253   0.0175455930  -0.0072559729  -0.0062313632
        0.0036642560  -0.0015490973   0.0003831758   0.0001750270   0.0017215799
        0.0016726263   0.0001108435  -0.0001030488  -0.0003608790  -0.0009490283
       -0.0003269252   0.0000331864  -0.0006163079  -0.0004315656   0.0000397420
       -0.0004806380   0.0004103079  -0.0002048930   0.0092522815   0.0061972964
       -0.0057839362   0.0442205457  -0.0251674570  -0.0819664693  -0.1665861862
       -0.1713556452   0.7712380907   0.1548038633   0.1320452456  -0.5463656159
       -0.0466639263   0.0660832508  -0.1401558754  -0.0089866490   0.0012697574
        0.0170295042   0.0023529676  -0.0006920272  -0.0022111894   0.0003337103
       -0.0013906174   0.0006721316  -0.0000477251  -0.0002568973  -0.0004994404
       -0.0007500480   0.0003081513  -0.0000994922   0.0005723141   0.0009783620
       -0.0007436510  -0.0001701729  -0.0000058347   0.0008040563   0.0206460029
       -0.0106053097  -0.0165493478  -0.0155597308   0.0065095710   0.0069391410
        0.0033680261  -0.0020699244  -0.0024380673   0.0021393679  -0.0033861191
       -0.0001413714  -0.0006357740   0.0000863154  -0.0005303773   0.0013863100
        0.0003299908   0.0001023009   0.0008054608   0.0007115834   0.0009045020
        0.0000797244  -0.0003457051   0.0000166917  -0.0023279301   0.0014314130
        0.0010930606  -0.0089405008  -0.0030188242   0.0431474527  -0.1251632640
       -0.0355077782   0.1548038633   0.1245156938   0.0238480425  -0.1775037576
        0.0147468093   0.0149338618  -0.0195766431   0.0007614489   0.0000928956
       -0.0037148920  -0.0007472007  -0.0003193841  -0.0003319101  -0.0004435653
       -0.0000842232  -0.0000176295  -0.0000610405  -0.0001169485   0.0000653883
        0.0002348843   0.0001189087   0.0000927197   0.0000128715   0.0000809011
        0.0001414908  -0.0009781548  -0.0008946811   0.0002945557  -0.0051910274
        0.0017434752   0.0038592173   0.0024882097  -0.0017304991  -0.0005743686
        0.0005491288  -0.0005075422  -0.0011337357  -0.0001779286  -0.0007089246
       -0.0008682184   0.0001537645   0.0001134102  -0.0000665463   0.0001853530
        0.0001833437   0.0001201808   0.0003027242   0.0006882584   0.0001530803
       -0.0001014185  -0.0002727066  -0.0001486263   0.0020513151  -0.0009850010
       -0.0024783052   0.0075079808   0.0153339720   0.0002875801  -0.0426598048
       -0.1006106080   0.1320452456   0.0238480425   0.1013976533  -0.1933727163
        0.0155423631  -0.0135295098   0.0628575392  -0.0030001202  -0.0020100424
        0.0011896436  -0.0003665341   0.0002435801   0.0000579718  -0.0002741780
       -0.0001842726   0.0001143771   0.0000866839  -0.0000165558   0.0000222773
       -0.0001442563   0.0000349744  -0.0000008425   0.0001846259   0.0000068966
       -0.0000072596   0.0003641467   0.0007845752  -0.0002134863  -0.0012104825
        0.0000182502   0.0004839589  -0.0011983387   0.0000916795  -0.0005346200
       -0.0004146809   0.0005797623   0.0000332491  -0.0004271505  -0.0009628477
       -0.0002029634  -0.0000996269  -0.0000153797   0.0000249911  -0.0000899387
       -0.0000561972  -0.0000751381   0.0004013719   0.0001517772  -0.0000828763
       -0.0005422395  -0.0004850902   0.0007328892   0.0028592762  -0.0049495202
       -0.0013285616   0.0214050246   0.0136586598  -0.0352210973   0.1698344947
        0.1258000786  -0.5463656159  -0.1775037576  -0.1933727163   0.6650496602
       -0.0173048146   0.0625667669  -0.0851958061   0.0012161618  -0.0049594026
       -0.0005309902  -0.0012793198   0.0003103509   0.0018051241  -0.0001629695
        0.0010289919  -0.0002402776  -0.0002123189   0.0000628069   0.0002403936
        0.0005462039  -0.0002713225  -0.0000251292  -0.0004390026  -0.0004317088
       -0.0000024911   0.0018526030   0.0018872518  -0.0009196008   0.0027231627
       -0.0014146679  -0.0011712294  -0.0017893950   0.0001448830   0.0012794458
        0.0001282842  -0.0003606472   0.0011476585  -0.0005300798   0.0011263826
        0.0009964846   0.0004455323   0.0002146018   0.0002270714  -0.0006328375
       -0.0001635869  -0.0000671334  -0.0006140087  -0.0003921118  -0.0004107950
       -0.0001725489  -0.0005157668   0.0002617844  -0.0007044451   0.0019767419
       -0.0017104082  -0.0367193015   0.0278389102  -0.0097291233  -0.1235913711
        0.0591480105  -0.0466639263   0.0147468093   0.0155423631  -0.0173048146
        0.3577748824  -0.1547853826  -0.0115812927  -0.1291177944   0.0241334094
        0.0544549526  -0.0444606430   0.0061436824   0.0124471669  -0.0000461757
        0.0000336918  -0.0002104361   0.0000266214  -0.0001622493   0.0000556339
        0.0000731733   0.0003268578  -0.0000122136  -0.0005739674  -0.0003981172
        0.0003109936  -0.0004619410  -0.0000443553   0.0002719463  -0.0005135432
        0.0015170595  -0.0004434447  -0.0065648383   0.0036602523   0.0027487460
       -0.0160205114   0.0125040301   0.0037146107  -0.0112606509   0.0063528227
        0.0144195400   0.0025580747   0.0012117887   0.0001573034  -0.0070603780
       -0.0053344195  -0.0011393740   0.0020885488   0.0008506704  -0.0000476442
        0.0000888669   0.0006713551  -0.0004047925  -0.0004040798  -0.0022704663
        0.0020790642   0.0244306281  -0.0098905903   0.0021235391   0.0586018677
       -0.1151592277   0.0660832508   0.0149338618  -0.0135295098   0.0625667669
       -0.1547853826   0.2113788195  -0.1065437158   0.0292033006  -0.0643792371
       -0.0125494727  -0.0113246600   0.0098842130   0.0040063683  -0.0000289775
       -0.0000710372   0.0007544810   0.0000839926   0.0002719860   0.0001261581
       -0.0002562421  -0.0000584527  -0.0000519759  -0.0002636483   0.0005896779
       -0.0009918483   0.0001356244   0.0005870230  -0.0004297376  -0.0004321776
       -0.0003512944   0.0007116758   0.0031502084  -0.0007954175  -0.0010342900
        0.0278744713  -0.0137633499  -0.0095565382   0.0112618757  -0.0040821197
       -0.0079890401   0.0005703319   0.0007541988   0.0009979124  -0.0031647410
       -0.0013068885  -0.0001876884   0.0003248793   0.0015203178   0.0002898829
       -0.0000345112  -0.0004858743   0.0005304356   0.0016706567   0.0012276452
       -0.0004977617   0.0003603612  -0.0041419741   0.0109868527  -0.0397180190
        0.0614669991  -0.1401558754  -0.0195766431   0.0628575392  -0.0851958061
       -0.0115812927  -0.1065437158   0.3227331670   0.0446217994  -0.0086316993
       -0.0998153015   0.0016187738   0.0024313871   0.0045782786  -0.0002832482
        0.0001450344  -0.0002819978   0.0000480119  -0.0001420254  -0.0001570931
        0.0001225075   0.0000126732  -0.0000702162   0.0001619009  -0.0005537226
        0.0000934928  -0.0001045575  -0.0001057604  -0.0000118393  -0.0002189606
        0.0012641781   0.0002104006   0.0026447073  -0.0005845974  -0.0003157996
       -0.0120079210   0.0054857088   0.0060436347   0.0335714266  -0.0141017302
       -0.0191887708  -0.0001515525   0.0004635503   0.0004894270  -0.0010447665
        0.0001056827   0.0006170594  -0.0000986728  -0.0001692988  -0.0005922870
        0.0003106526   0.0001866346   0.0001235785   0.0006865375  -0.0002099093
        0.0002371073   0.0021828010   0.0027049663  -0.0017346257  -0.0321426854
        0.0244258897  -0.0089866490   0.0007614489  -0.0030001202   0.0012161618
       -0.1291177944   0.0292033006   0.0446217994   0.3872367346   0.0077627878
        0.0365253602  -0.1218531075  -0.0662903373  -0.0216234351  -0.0002698259
       -0.0001104737  -0.0002385771  -0.0000607218   0.0000137493  -0.0001015401
        0.0000266161  -0.0001570048   0.0000205730  -0.0004595927  -0.0000594693
        0.0001697349   0.0002143673  -0.0001232049  -0.0001367237  -0.0006055319
        0.0000465858  -0.0000311969  -0.0006341220   0.0001985782   0.0008881423
       -0.0403758931   0.0281620932  -0.0203360624  -0.0409838283  -0.0037344003
       -0.0257594802  -0.0046202021  -0.0036991954  -0.0039520347  -0.0217122693
       -0.0144497978  -0.0030077414   0.0014164164  -0.0008706723   0.0021056088
       -0.0000708149  -0.0002019846  -0.0000133310   0.0004300015   0.0000062250
       -0.0005910477   0.0030959315   0.0014990382   0.0045095728   0.0269678627
       -0.0173534307   0.0012697574   0.0000928956  -0.0020100424  -0.0049594026
        0.0241334094  -0.0643792371  -0.0086316993   0.0077627878   0.4933703859
       -0.0402737548  -0.0641533852  -0.1301044316  -0.0162014190  -0.0000618369
        0.0000511917  -0.0000714910  -0.0000301885  -0.0000550583  -0.0000107840
       -0.0000086788   0.0000489573  -0.0000492569  -0.0000063485   0.0000273232
        0.0001043844   0.0000598573   0.0001858143  -0.0000195740  -0.0004203616
        0.0002655889   0.0004008340   0.0011169518  -0.0000966430  -0.0003756494
        0.0260761004  -0.2100598784   0.1036551752  -0.0036553399  -0.0479151539
       -0.0329969160  -0.0073927374  -0.0059893587  -0.0043942260   0.0076899870
        0.0060794883   0.0015298975  -0.0216260933  -0.0233687941  -0.0028810696
       -0.0000080942  -0.0001064667  -0.0001214412   0.0003562791   0.0000915206
       -0.0005638328  -0.0017018134   0.0037612802  -0.0006365286  -0.0126728759
       -0.0005554062   0.0170295042  -0.0037148920   0.0011896436  -0.0005309902
        0.0544549526  -0.0125494727  -0.0998153015   0.0365253602  -0.0402737548
        0.5229091558  -0.0216975193  -0.0171495350  -0.0726618797  -0.0001086208
       -0.0000753803   0.0000223856   0.0000294424  -0.0000321086   0.0000283914
       -0.0000140240   0.0001108596   0.0000016138   0.0001953798  -0.0001791281
        0.0001827752   0.0000533731   0.0000317302   0.0000996776  -0.0000330184
        0.0001435483   0.0002985566  -0.0007936589   0.0006151833   0.0002967723
       -0.0167388888   0.1010367801  -0.1047999995  -0.0281382086  -0.0296697378
       -0.2577307965  -0.0234495225  -0.0216674694  -0.0082476014   0.0066490710
        0.0048818222   0.0011748652   0.0108072786   0.0103960915   0.0030646735
        0.0000379756  -0.0000356384   0.0000089765   0.0002239081   0.0001662367
       -0.0001432650  -0.0000384545   0.0010119914   0.0003910991   0.0010871744
       -0.0027200287   0.0023529676  -0.0007472007  -0.0003665341  -0.0012793198
       -0.0444606430  -0.0113246600   0.0016187738  -0.1218531075  -0.0641533852
       -0.0216975193   0.4914434557  -0.0383644152  -0.0119545393   0.0000055816
        0.0000598438   0.0000703713  -0.0000612391  -0.0000360980  -0.0000116690
       -0.0000302586   0.0000118847  -0.0000088706   0.0000673521   0.0000932050
       -0.0000952410  -0.0000924744   0.0000167167  -0.0000167405  -0.0001292820
       -0.0000144595  -0.0000389904  -0.0001616840   0.0001008996   0.0000716600
        0.0010395716  -0.0015591662   0.0009577801  -0.0049954275  -0.0058014231
       -0.0040602396  -0.0433175844  -0.0014924069  -0.0113941775  -0.2264077335
        0.0868291746   0.0673527520  -0.0516099297   0.0375782627  -0.0221238085
        0.0001207017  -0.0000169140  -0.0000606576  -0.0000039195  -0.0002459377
        0.0000776329  -0.0001274411  -0.0003727692  -0.0001364756   0.0014699127
        0.0007801383  -0.0006920272  -0.0003193841   0.0002435801   0.0003103509
        0.0061436824   0.0098842130   0.0024313871  -0.0662903373  -0.1301044316
       -0.0171495350  -0.0383644152   0.4948751464  -0.0048790685  -0.0000235058
        0.0000110994   0.0000632595   0.0000074411   0.0000467604   0.0000229787
       -0.0000486778   0.0000197242  -0.0000069486  -0.0000095486   0.0000356408
       -0.0000709179  -0.0000068097   0.0000610460   0.0000017689   0.0000242259
        0.0000124579  -0.0000089738   0.0000009490   0.0000140416  -0.0000343415
       -0.0194249256  -0.0211637303  -0.0031675027  -0.0067784843  -0.0049468208
       -0.0033851469  -0.0008703016  -0.0531661338  -0.0463976989   0.0857024006
       -0.0813308636  -0.0306771718   0.0387984373  -0.2146362472   0.1037590881
        0.0000666537   0.0000019396  -0.0000931020  -0.0000777458  -0.0000450821
        0.0000029162  -0.0000841302  -0.0004114635  -0.0001906820  -0.0004018127
        0.0010981370  -0.0022111894  -0.0003319101   0.0000579718   0.0018051241
        0.0124471669   0.0040063683   0.0045782786  -0.0216234351  -0.0162014190
       -0.0726618797  -0.0119545393  -0.0048790685   0.5266922366   0.0000129696
       -0.0000001533   0.0000191844  -0.0000074312   0.0000239075   0.0000278721
       -0.0000173090  -0.0000000408   0.0000284791  -0.0000142823   0.0000084879
        0.0000253550  -0.0000027856  -0.0000011387   0.0000447731   0.0000401367
        0.0000158662   0.0000374810  -0.0000039781  -0.0000292048  -0.0000198496
        0.0093435430   0.0104834785   0.0029482725  -0.0215813716  -0.0204655097
       -0.0079293013  -0.0105100238  -0.0453325785  -0.2784108894   0.0667698028
       -0.0308795903  -0.0669280342  -0.0220695180   0.1025490924  -0.1077650452
       -0.1932187999   0.0628101246   0.0958143271   0.0067333411  -0.0020926177
       -0.0027200333   0.0008262448   0.0000530643  -0.0004427714   0.0003811116
        0.0000021280   0.0003337103  -0.0004435653  -0.0002741780  -0.0001629695
       -0.0000461757  -0.0000289775  -0.0002832482  -0.0002698259  -0.0000618369
       -0.0001086208   0.0000055816  -0.0000235058   0.0000129696   0.2230838321
       -0.0726450261  -0.1111563755  -0.0195384383   0.0044940726   0.0117818060
       -0.0184687080   0.0088992064   0.0081401317   0.0005078957  -0.0003507960
        0.0000164796   0.0008223145  -0.0010061181  -0.0013678192  -0.0001334474
       -0.0000064359  -0.0000608016  -0.0001946324   0.0001145856   0.0000589072
       -0.0000049232   0.0000320702   0.0000016932  -0.0000837090   0.0000241124
        0.0001103445   0.0000244635   0.0000357693   0.0000221515   0.0000177024
        0.0000144097   0.0000043532  -0.0000002622   0.0000099491   0.0000057655
        0.0626056551  -0.0705442856  -0.0385112474   0.0116037423  -0.0069244560
       -0.0112242336   0.0006026719   0.0005829159   0.0000377542  -0.0007982463
       -0.0000520388  -0.0013906174  -0.0000842232  -0.0001842726   0.0010289919
        0.0000336918  -0.0000710372   0.0001450344  -0.0001104737   0.0000511917
       -0.0000753803   0.0000598438   0.0000110994  -0.0000001533  -0.0726450261
        0.0797086043   0.0486853749  -0.0210385905   0.0070256789   0.0129400180
        0.0203663692  -0.0087532594  -0.0090077535  -0.0000976869   0.0004329411
        0.0007614247  -0.0008180146  -0.0011940730  -0.0036080087   0.0000692836
        0.0001586329   0.0001954942   0.0002228830  -0.0001844651  -0.0000204066
        0.0000833479  -0.0000352911   0.0000372813  -0.0000460811   0.0000335667
        0.0000036145  -0.0000033216  -0.0000059192  -0.0000066897   0.0000298795
        0.0000023487   0.0000034233  -0.0000357041  -0.0000578817   0.0000060790
        0.0955849322  -0.0385681648  -0.1045687972   0.0199096450  -0.0120123034
       -0.0179024042   0.0002356668   0.0008561280   0.0010531019  -0.0003405321
       -0.0012465360   0.0006721316  -0.0000176295   0.0001143771  -0.0002402776
       -0.0002104361   0.0007544810  -0.0002819978  -0.0002385771  -0.0000714910
        0.0000223856   0.0000703713   0.0000632595   0.0000191844  -0.1111563755
        0.0486853749   0.1229698337   0.0109121768  -0.0018071729  -0.0055488250
       -0.0141875225   0.0063475479   0.0087441349   0.0007088532   0.0001138462
        0.0003786204  -0.0013822484  -0.0034821555  -0.0052637562   0.0001389633
        0.0002814318   0.0000914439  -0.0000224674   0.0000166197  -0.0000942228
       -0.0000465219   0.0000111817  -0.0000815934   0.0000233575  -0.0000495803
        0.0000466054  -0.0000095543  -0.0000198158  -0.0000268689   0.0000198714
        0.0000100052   0.0000036235   0.0000080275   0.0000029667   0.0000076779
       -0.1225933553  -0.1064553270   0.0374908428  -0.0064901162  -0.0094095582
        0.0010098422  -0.0002660223  -0.0011920391  -0.0022999346   0.0004331571
       -0.0002544461  -0.0000477251  -0.0000610405   0.0000866839  -0.0002123189
        0.0000266214   0.0000839926   0.0000480119  -0.0000607218  -0.0000301885
        0.0000294424  -0.0000612391   0.0000074411  -0.0000074312  -0.0195384383
       -0.0210385905   0.0109121768   0.1398279997   0.1257086904  -0.0425328744
        0.0089475490   0.0126921940  -0.0047401291  -0.0002332320  -0.0000802782
        0.0001164038   0.0004784890   0.0003915498   0.0002558448  -0.0004061852
       -0.0006592707   0.0000910801  -0.0000484198   0.0001678228  -0.0000862590
       -0.0000287475  -0.0000058461  -0.0000221251   0.0000494298  -0.0000203151
       -0.0000014349   0.0000104233  -0.0000105152   0.0000025080  -0.0000081934
       -0.0000001842   0.0000036761   0.0000220421   0.0000181842  -0.0000095966
       -0.1066406012  -0.1894755458   0.0510990514  -0.0103061823  -0.0140533571
        0.0019159068  -0.0016912949  -0.0015015888  -0.0034173101   0.0006685848
       -0.0004843242  -0.0002568973  -0.0001169485  -0.0000165558   0.0000628069
       -0.0001622493   0.0002719860  -0.0001420254   0.0000137493  -0.0000550583
       -0.0000321086  -0.0000360980   0.0000467604   0.0000239075   0.0044940726
        0.0070256789  -0.0018071729   0.1257086904   0.2185102863  -0.0575197133
       -0.0114218834  -0.0201682192   0.0095513171   0.0000661572   0.0005224155
        0.0003401064   0.0001136252  -0.0001822737   0.0002792904  -0.0007779383
       -0.0007978260   0.0000662100   0.0000676395   0.0003766578  -0.0001652224
       -0.0000043855   0.0000122120  -0.0000138906   0.0000016089  -0.0000268624
        0.0000205417   0.0000167524  -0.0000066149  -0.0000087631  -0.0000123863
        0.0000108160   0.0000087973   0.0000190875  -0.0000085868  -0.0000048318
        0.0378097559   0.0515760635  -0.0596378274  -0.0141049592  -0.0193902104
        0.0044559351  -0.0022903684  -0.0028659328  -0.0031109982   0.0002180574
       -0.0003139438  -0.0004994404   0.0000653883   0.0000222773   0.0002403936
        0.0000556339   0.0001261581  -0.0001570931  -0.0001015401  -0.0000107840
        0.0000283914  -0.0000116690   0.0000229787   0.0000278721   0.0117818060
        0.0129400180  -0.0055488250  -0.0425328744  -0.0575197133   0.0695290932
        0.0101751831   0.0169537557  -0.0064975990  -0.0001145267  -0.0002741688
        0.0005553524  -0.0002388074  -0.0001051072   0.0005617019  -0.0007594868
       -0.0010810410   0.0001769822   0.0000578178  -0.0000595760  -0.0001294146
        0.0000112032  -0.0000089513  -0.0000048929  -0.0000285091   0.0000018516
       -0.0000006884   0.0000043646  -0.0000110725   0.0000096183   0.0000051023
        0.0000026760   0.0000057145  -0.0000015714  -0.0000052777  -0.0000042758
       -0.1114392107   0.0781193637  -0.0730045716  -0.0063514757   0.0048356324
       -0.0090408465   0.0001350828   0.0006830990  -0.0000546009  -0.0004812676
        0.0006154575  -0.0007500480   0.0002348843  -0.0001442563   0.0005462039
        0.0000731733  -0.0002562421   0.0001225075   0.0000266161  -0.0000086788
       -0.0000140240  -0.0000302586  -0.0000486778  -0.0000173090  -0.0184687080
        0.0203663692  -0.0141875225   0.0089475490  -0.0114218834   0.0101751831
        0.1266174501  -0.0908798991   0.0876797982   0.0000067903  -0.0012112853
       -0.0023656295   0.0005518355  -0.0000530289   0.0007413249   0.0001416786
        0.0000487101   0.0002081297  -0.0000469204  -0.0006525192  -0.0000434007
        0.0000536630  -0.0000254416   0.0000289517   0.0000241286   0.0000382114
       -0.0000230515   0.0000064719   0.0000032993   0.0000038133   0.0000154980
        0.0000043462  -0.0000018549  -0.0000169803  -0.0000125762  -0.0000030531
        0.0785448718  -0.1348315833   0.0870088774  -0.0073152998   0.0082602395
       -0.0075941491  -0.0002752468   0.0010824986  -0.0011060722  -0.0001862857
       -0.0001603560   0.0003081513   0.0001189087   0.0000349744  -0.0002713225
        0.0003268578  -0.0000584527   0.0000126732  -0.0001570048   0.0000489573
        0.0001108596   0.0000118847   0.0000197242  -0.0000000408   0.0088992064
       -0.0087532594   0.0063475479   0.0126921940  -0.0201682192   0.0169537557
       -0.0908798991   0.1547110095  -0.0992387613  -0.0014468330  -0.0004301833
       -0.0026693244  -0.0003447860   0.0004998570   0.0001398460   0.0000301884
       -0.0000829738   0.0000164972   0.0000148102  -0.0001594725  -0.0000063344
       -0.0000132863  -0.0000084915  -0.0000197140  -0.0000171319  -0.0000235785
        0.0000108299  -0.0000055366   0.0000054489   0.0000043227   0.0000081852
        0.0000004247  -0.0000005060  -0.0000057971   0.0000134360  -0.0000071361
       -0.0728379205   0.0868101828  -0.1246734657  -0.0163618545   0.0138632682
       -0.0202616268   0.0006393588   0.0005679673   0.0009223902  -0.0003707749
       -0.0000344069  -0.0000994922   0.0000927197  -0.0000008425  -0.0000251292
       -0.0000122136  -0.0000519759  -0.0000702162   0.0000205730  -0.0000492569
        0.0000016138  -0.0000088706  -0.0000069486   0.0000284791   0.0081401317
       -0.0090077535   0.0087441349  -0.0047401291   0.0095513171  -0.0064975990
        0.0876797982  -0.0992387613   0.1464689636  -0.0022175764  -0.0028055894
       -0.0052685353  -0.0001099740   0.0006884744   0.0003052726   0.0002542994
        0.0001876261   0.0001202766  -0.0002058184  -0.0004666286   0.0002872766
        0.0000252107   0.0000000906  -0.0000152230  -0.0000109212  -0.0000122894
        0.0000264008   0.0000129863   0.0000025174  -0.0000069174   0.0000074816
        0.0000095095   0.0000078750   0.0000034936  -0.0000065005   0.0000055215
       -0.0056501196   0.0044128392  -0.0086421740  -0.1100501097   0.0798500533
       -0.0712460555   0.0070884882  -0.0113552985   0.0094010915   0.0011216680
       -0.0005108614   0.0005723141   0.0000128715   0.0001846259  -0.0004390026
       -0.0005739674  -0.0002636483   0.0001619009  -0.0004595927  -0.0000063485
        0.0001953798   0.0000673521  -0.0000095486  -0.0000142823   0.0005078957
       -0.0000976869   0.0007088532  -0.0002332320   0.0000661572  -0.0001145267
        0.0000067903  -0.0014468330  -0.0022175764   0.1265259494  -0.0870579218
        0.0835819348  -0.0175877581   0.0191037977  -0.0135006477   0.0004244200
        0.0001849717   0.0001619205  -0.0012093450  -0.0031165285   0.0014683641
       -0.0000897786   0.0000465294   0.0000097609   0.0000777634  -0.0000139337
       -0.0000726009  -0.0000330080  -0.0000170376  -0.0000070852   0.0000422343
        0.0000246608  -0.0000019054   0.0000114781   0.0000220115  -0.0000056632
       -0.0071305435   0.0077481817  -0.0084869422   0.0788262600  -0.1312250766
        0.0836643321   0.0091008833  -0.0207257728   0.0162691517   0.0010938655
        0.0001152996   0.0009783620   0.0000809011   0.0000068966  -0.0004317088
       -0.0003981172   0.0005896779  -0.0005537226  -0.0000594693   0.0000273232
       -0.0001791281   0.0000932050   0.0000356408   0.0000084879  -0.0003507960
        0.0004329411   0.0001138462  -0.0000802782   0.0005224155  -0.0002741688
       -0.0012112853  -0.0004301833  -0.0028055894  -0.0870579218   0.1554662862
       -0.0961651073   0.0096967955  -0.0080768182   0.0061908009   0.0004260282
       -0.0000146013   0.0001333989  -0.0032625313  -0.0043336577   0.0016818550
        0.0001391263  -0.0000049718  -0.0000358170   0.0001097777  -0.0000594882
       -0.0000861940  -0.0000423676  -0.0000241030  -0.0000334533   0.0000301798
       -0.0000022783  -0.0000090994  -0.0000037121  -0.0000477112   0.0000206963
       -0.0162232413   0.0129875564  -0.0194257667  -0.0704289221   0.0833235854
       -0.1210768568  -0.0026301454   0.0081803934  -0.0056644785  -0.0010820410
        0.0012730627  -0.0007436510   0.0001414908  -0.0000072596  -0.0000024911
        0.0003109936  -0.0009918483   0.0000934928   0.0001697349   0.0001043844
        0.0001827752  -0.0000952410  -0.0000709179   0.0000253550   0.0000164796
        0.0007614247   0.0003786204   0.0001164038   0.0003401064   0.0005553524
       -0.0023656295  -0.0026693244  -0.0052685353   0.0835819348  -0.0961651073
        0.1424122063   0.0076807822  -0.0084677811   0.0081255538  -0.0000280001
       -0.0005631606   0.0004539710   0.0009246545   0.0019086257  -0.0000531202
        0.0000128331   0.0000119431   0.0000597453  -0.0000467543   0.0000530924
       -0.0000334721  -0.0000224019  -0.0000155985   0.0000084954  -0.0000252591
       -0.0000071821  -0.0000087238  -0.0000076716   0.0000140054  -0.0000184726
        0.0058917290  -0.0019124832  -0.0030215612  -0.1932682876   0.0643428707
        0.0931558521  -0.0187878932   0.0012466793   0.0099039215  -0.0007483776
       -0.0040242180  -0.0001701729  -0.0009781548   0.0003641467   0.0018526030
       -0.0004619410   0.0001356244  -0.0001045575   0.0002143673   0.0000598573
        0.0000533731  -0.0000924744  -0.0000068097  -0.0000027856   0.0008223145
       -0.0008180146  -0.0013822484   0.0004784890   0.0001136252  -0.0002388074
        0.0005518355  -0.0003447860  -0.0001099740  -0.0175877581   0.0096967955
        0.0076807822   0.2234555718  -0.0695399043  -0.1075047360  -0.0000826186
        0.0003018471  -0.0000800215   0.0005291276   0.0003881502  -0.0000495973
        0.0000146691   0.0000028275   0.0000103794   0.0000072307  -0.0000179939
       -0.0000051523   0.0000172108  -0.0000018957   0.0000087519  -0.0000080585
        0.0000070431   0.0000067397   0.0000330185   0.0000066385  -0.0000027889
        0.0109327432  -0.0062531126  -0.0107104263   0.0647160954  -0.0673983576
       -0.0371752512  -0.0215318461   0.0031980922   0.0113574651  -0.0015861903
       -0.0043704718  -0.0000058347  -0.0008946811   0.0007845752   0.0018872518
       -0.0000443553   0.0005870230  -0.0001057604  -0.0001232049   0.0001858143
        0.0000317302   0.0000167167   0.0000610460  -0.0000011387  -0.0010061181
       -0.0011940730  -0.0034821555   0.0003915498  -0.0001822737  -0.0001051072
       -0.0000530289   0.0004998570   0.0006884744   0.0191037977  -0.0080768182
       -0.0084677811  -0.0695399043   0.0810225910   0.0457782604  -0.0000901303
        0.0006098542   0.0002486922  -0.0002609675   0.0005263103   0.0000651930
       -0.0000583195   0.0000180428  -0.0000153775  -0.0000109101  -0.0000276178
        0.0000030212   0.0000088156  -0.0000087924   0.0000097737   0.0000040308
        0.0000164266   0.0000033734   0.0000259072   0.0000018844  -0.0000044029
        0.0190148917  -0.0121440944  -0.0172947532   0.0925413674  -0.0371562394
       -0.1006412924   0.0096202399  -0.0004443220  -0.0042750777   0.0002249972
        0.0021295447   0.0008040563   0.0002945557  -0.0002134863  -0.0009196008
        0.0002719463  -0.0004297376  -0.0000118393  -0.0001367237  -0.0000195740
        0.0000996776  -0.0000167405   0.0000017689   0.0000447731  -0.0013678192
       -0.0036080087  -0.0052637562   0.0002558448   0.0002792904   0.0005617019
        0.0007413249   0.0001398460   0.0003052726  -0.0135006477   0.0061908009
        0.0081255538  -0.1075047360   0.0457782604   0.1181816544  -0.0006231683
       -0.0002662638   0.0005302054   0.0002573491  -0.0001990792  -0.0002324987
        0.0000180454  -0.0000213525  -0.0000116800  -0.0000509686  -0.0000144884
       -0.0000015517  -0.0000101428   0.0000053312   0.0000122784  -0.0000119070
       -0.0000134529  -0.0000032491  -0.0000177087   0.0000052567  -0.0000098744
       -0.0017088301  -0.0034027407   0.0010377846  -0.0052460582  -0.0114021557
       -0.0134366574  -0.0516784440  -0.0221258778  -0.0499093141   0.0058370537
        0.0132483680   0.0206460029  -0.0051910274  -0.0012104825   0.0027231627
       -0.0005135432  -0.0004321776  -0.0002189606  -0.0006055319  -0.0004203616
       -0.0000330184  -0.0001292820   0.0000242259   0.0000401367  -0.0001334474
        0.0000692836   0.0001389633  -0.0004061852  -0.0007779383  -0.0007594868
        0.0001416786   0.0000301884   0.0002542994   0.0004244200   0.0004260282
       -0.0000280001  -0.0000826186  -0.0000901303  -0.0006231683   0.0631334951
        0.0325405795   0.0556321303  -0.0039314494  -0.0063320592  -0.0154050579
        0.0001321737  -0.0000858768  -0.0000278807   0.0000858948  -0.0000661553
       -0.0000405017  -0.0001089998   0.0000586487  -0.0000528866   0.0000026335
       -0.0000619849  -0.0000274772  -0.0000219321   0.0000106184   0.0000899300
       -0.0031894614  -0.0037445842   0.0013744762  -0.0096095441  -0.0153188751
       -0.0184294993  -0.0238776055  -0.0933321012  -0.0962119721  -0.0035236603
       -0.0039734903  -0.0106053097   0.0017434752   0.0000182502  -0.0014146679
        0.0015170595  -0.0003512944   0.0012641781   0.0000465858   0.0002655889
        0.0001435483  -0.0000144595   0.0000124579   0.0000158662  -0.0000064359
        0.0001586329   0.0002814318  -0.0006592707  -0.0007978260  -0.0010810410
        0.0000487101  -0.0000829738   0.0001876261   0.0001849717  -0.0000146013
       -0.0005631606   0.0003018471   0.0006098542  -0.0002662638   0.0325405795
        0.1083341724   0.1103835776   0.0047185220   0.0081753853   0.0148355034
       -0.0000978016   0.0000073389  -0.0000112137  -0.0001252554   0.0000249834
        0.0000699877   0.0000421571   0.0000083107   0.0000380188  -0.0000295885
        0.0000043770   0.0000034449  -0.0000108251  -0.0000036056  -0.0000145311
        0.0002727725   0.0003957907   0.0007213160   0.0006706817   0.0016863216
        0.0042856607  -0.0533154098  -0.0974164952  -0.2090540843   0.0005535997
       -0.0095755253  -0.0165493478   0.0038592173   0.0004839589  -0.0011712294
       -0.0004434447   0.0007116758   0.0002104006  -0.0000311969   0.0004008340
        0.0002985566  -0.0000389904  -0.0000089738   0.0000374810  -0.0000608016
        0.0001954942   0.0000914439   0.0000910801   0.0000662100   0.0001769822
        0.0002081297   0.0000164972   0.0001202766   0.0001619205   0.0001333989
        0.0004539710  -0.0000800215   0.0002486922   0.0005302054   0.0556321303
        0.1103835776   0.2395988730  -0.0072037001  -0.0079158442  -0.0198211797
       -0.0001236117   0.0000724956   0.0000415447  -0.0001824732   0.0000796688
        0.0000537428   0.0000237123  -0.0000067297   0.0000804634  -0.0000404733
        0.0000421389   0.0000013909   0.0000468793   0.0000068138  -0.0001064675
        0.0005898193  -0.0001990613   0.0007474371   0.0074853751  -0.0102465420
        0.0090273715  -0.1002987085   0.0712194294  -0.0711492682  -0.0161619380
        0.0175455930  -0.0155597308   0.0024882097  -0.0011983387  -0.0017893950
       -0.0065648383   0.0031502084   0.0026447073  -0.0006341220   0.0011169518
       -0.0007936589  -0.0001616840   0.0000009490  -0.0000039781  -0.0001946324
        0.0002228830  -0.0000224674  -0.0000484198   0.0000676395   0.0000578178
       -0.0000469204   0.0000148102  -0.0002058184  -0.0012093450  -0.0032625313
        0.0009246545   0.0005291276  -0.0002609675   0.0002573491  -0.0039314494
        0.0047185220  -0.0072037001   0.1184252529  -0.0830396861   0.0829509372
       -0.0003555890   0.0001294536   0.0001494541   0.0000544990  -0.0000069617
       -0.0000584285   0.0000575903   0.0000161555   0.0000512684  -0.0000161311
       -0.0000285838   0.0000079782  -0.0000060958   0.0000400771  -0.0000325299
        0.0008342708   0.0008747494   0.0004861959   0.0088539452  -0.0186979244
        0.0160382741   0.0727606951  -0.1300074293   0.0875636766   0.0078336384
       -0.0072559729   0.0065095710  -0.0017304991   0.0000916795   0.0001448830
        0.0036602523  -0.0007954175  -0.0005845974   0.0001985782  -0.0000966430
        0.0006151833   0.0001008996   0.0000140416  -0.0000292048   0.0001145856
       -0.0001844651   0.0000166197   0.0001678228   0.0003766578  -0.0000595760
       -0.0006525192  -0.0001594725  -0.0004666286  -0.0031165285  -0.0043336577
        0.0019086257   0.0003881502   0.0005263103  -0.0001990792  -0.0063320592
        0.0081753853  -0.0079158442  -0.0830396861   0.1514882663  -0.1039958114
        0.0000595468  -0.0000365856  -0.0000664847  -0.0000843894   0.0000172204
        0.0000343123  -0.0000216419  -0.0000137689  -0.0000060652   0.0000070352
        0.0000162494   0.0000020300  -0.0000020966   0.0000007770   0.0000039199
        0.0000821627  -0.0010688030   0.0009730730  -0.0026067844   0.0079889251
       -0.0055269018  -0.0743742323   0.0889614484  -0.1358339086   0.0048053557
       -0.0062313632   0.0069391410  -0.0005743686  -0.0005346200   0.0012794458
        0.0027487460  -0.0010342900  -0.0003157996   0.0008881423  -0.0003756494
        0.0002967723   0.0000716600  -0.0000343415  -0.0000198496   0.0000589072
       -0.0000204066  -0.0000942228  -0.0000862590  -0.0001652224  -0.0001294146
       -0.0000434007  -0.0000063344   0.0002872766   0.0014683641   0.0016818550
       -0.0000531202  -0.0000495973   0.0000651930  -0.0002324987  -0.0154050579
        0.0148355034  -0.0198211797   0.0829509372  -0.1039958114   0.1521960272
        0.0001213963  -0.0000765509  -0.0000262103  -0.0000725854   0.0000212909
        0.0000863692   0.0000262732  -0.0000002988  -0.0000132682   0.0000211932
        0.0000080975   0.0000075695  -0.0000308523  -0.0000186217   0.0000006995
       -0.0000470686  -0.0000691239   0.0000249151  -0.0000855230   0.0000658706
       -0.0000458582  -0.0012032427   0.0004425258  -0.0008974059  -0.0037461233
        0.0036642560   0.0033680261   0.0005491288  -0.0004146809   0.0001282842
       -0.0160205114   0.0278744713  -0.0120079210  -0.0403758931   0.0260761004
       -0.0167388888   0.0010395716  -0.0194249256   0.0093435430  -0.0000049232
        0.0000833479  -0.0000465219  -0.0000287475  -0.0000043855   0.0000112032
        0.0000536630  -0.0000132863   0.0000252107  -0.0000897786   0.0001391263
        0.0000128331   0.0000146691  -0.0000583195   0.0000180454   0.0001321737
       -0.0000978016  -0.0001236117  -0.0003555890   0.0000595468   0.0001213963
        0.0613222158  -0.0372978687   0.0202528767   0.0010203588   0.0031030725
       -0.0031807706   0.0005927186   0.0001755135   0.0004515880   0.0002744215
       -0.0003974944   0.0001737404  -0.0030415203  -0.0039059448  -0.0008906841
       -0.0000253252   0.0000518299  -0.0000239097   0.0000145601   0.0000015716
        0.0000082215   0.0005794872  -0.0001205825   0.0004143262   0.0014349886
       -0.0015490973  -0.0020699244  -0.0005075422   0.0005797623  -0.0003606472
        0.0125040301  -0.0137633499   0.0054857088   0.0281620932  -0.2100598784
        0.1010367801  -0.0015591662  -0.0211637303   0.0104834785   0.0000320702
       -0.0000352911   0.0000111817  -0.0000058461   0.0000122120  -0.0000089513
       -0.0000254416  -0.0000084915   0.0000000906   0.0000465294  -0.0000049718
        0.0000119431   0.0000028275   0.0000180428  -0.0000213525  -0.0000858768
        0.0000073389   0.0000724956   0.0001294536  -0.0000365856  -0.0000765509
       -0.0372978687   0.2458630728  -0.1149322133  -0.0004915050   0.0023683685
        0.0004879880   0.0006283085   0.0003273835   0.0002500305   0.0003877711
        0.0004902537   0.0001259781  -0.0039235475  -0.0029778577  -0.0008946734
       -0.0000307914   0.0000106374   0.0000262825   0.0000318096  -0.0000070320
        0.0000278387   0.0005565310  -0.0001006371   0.0003872883   0.0013716655
        0.0003831758  -0.0024380673  -0.0011337357   0.0000332491   0.0011476585
        0.0037146107  -0.0095565382   0.0060436347  -0.0203360624   0.1036551752
       -0.1047999995   0.0009577801  -0.0031675027   0.0029482725   0.0000016932
        0.0000372813  -0.0000815934  -0.0000221251  -0.0000138906  -0.0000048929
        0.0000289517  -0.0000197140  -0.0000152230   0.0000097609  -0.0000358170
        0.0000597453   0.0000103794  -0.0000153775  -0.0000116800  -0.0000278807
       -0.0000112137   0.0000415447   0.0001494541  -0.0000664847  -0.0000262103
        0.0202528767  -0.1149322133   0.1137630912  -0.0050757723   0.0255775316
       -0.0184551403  -0.0001435359  -0.0008688806   0.0004751552   0.0002775168
        0.0000873993   0.0000196823  -0.0005931260  -0.0009891483   0.0008926128
       -0.0000928816   0.0000646206   0.0000118192  -0.0001319435   0.0000119073
        0.0000854097  -0.0002230427  -0.0004056889  -0.0001383030   0.0008881860
        0.0001750270   0.0021393679  -0.0001779286  -0.0004271505  -0.0005300798
       -0.0112606509   0.0112618757   0.0335714266  -0.0409838283  -0.0036553399
       -0.0281382086  -0.0049954275  -0.0067784843  -0.0215813716  -0.0000837090
       -0.0000460811   0.0000233575   0.0000494298   0.0000016089  -0.0000285091
        0.0000241286  -0.0000171319  -0.0000109212   0.0000777634   0.0001097777
       -0.0000467543   0.0000072307  -0.0000109101  -0.0000509686   0.0000858948
       -0.0001252554  -0.0001824732   0.0000544990  -0.0000843894  -0.0000725854
        0.0010203588  -0.0004915050  -0.0050757723   0.0583289408   0.0036125657
        0.0216318738  -0.0033346570  -0.0037945447  -0.0011463107   0.0000830093
       -0.0000677010  -0.0003734857   0.0006646281   0.0006667995  -0.0000875112
       -0.0000716430   0.0000054904   0.0000800297   0.0000615641   0.0000531528
        0.0000035762  -0.0000248712   0.0003232515   0.0003016318   0.0003023464
        0.0017215799  -0.0033861191  -0.0007089246  -0.0009628477   0.0011263826
        0.0063528227  -0.0040821197  -0.0141017302  -0.0037344003  -0.0479151539
       -0.0296697378  -0.0058014231  -0.0049468208  -0.0204655097   0.0000241124
        0.0000335667  -0.0000495803  -0.0000203151  -0.0000268624   0.0000018516
        0.0000382114  -0.0000235785  -0.0000122894  -0.0000139337  -0.0000594882
        0.0000530924  -0.0000179939  -0.0000276178  -0.0000144884  -0.0000661553
        0.0000249834   0.0000796688  -0.0000069617   0.0000172204   0.0000212909
        0.0031030725   0.0023683685   0.0255775316   0.0036125657   0.0555304213
        0.0427537989  -0.0037278145  -0.0025893703  -0.0015627170   0.0004132181
        0.0003099570   0.0000396521   0.0002865231   0.0002458673  -0.0007763347
       -0.0000018166   0.0000085170   0.0000211865  -0.0000200199  -0.0000582607
        0.0000184461  -0.0000084610   0.0000943377  -0.0002461480  -0.0012959532
        0.0016726263  -0.0001413714  -0.0008682184  -0.0002029634   0.0009964846
        0.0144195400  -0.0079890401  -0.0191887708  -0.0257594802  -0.0329969160
       -0.2577307965  -0.0040602396  -0.0033851469  -0.0079293013   0.0001103445
        0.0000036145   0.0000466054  -0.0000014349   0.0000205417  -0.0000006884
       -0.0000230515   0.0000108299   0.0000264008  -0.0000726009  -0.0000861940
       -0.0000334721  -0.0000051523   0.0000030212  -0.0000015517  -0.0000405017
        0.0000699877   0.0000537428  -0.0000584285   0.0000343123   0.0000863692
       -0.0031807706   0.0004879880  -0.0184551403   0.0216318738   0.0427537989
        0.3009810469  -0.0013806070  -0.0011478879   0.0006445885  -0.0000035307
        0.0002941872   0.0001827690   0.0006185086   0.0004126464   0.0006696007
       -0.0000125983   0.0000125999   0.0000213752  -0.0000222265  -0.0000307274
        0.0000225123   0.0000320354   0.0000084714  -0.0000035149  -0.0005464785
        0.0001108435  -0.0006357740   0.0001537645  -0.0000996269   0.0004455323
        0.0025580747   0.0005703319  -0.0001515525  -0.0046202021  -0.0073927374
       -0.0234495225  -0.0433175844  -0.0008703016  -0.0105100238   0.0000244635
       -0.0000033216  -0.0000095543   0.0000104233   0.0000167524   0.0000043646
        0.0000064719  -0.0000055366   0.0000129863  -0.0000330080  -0.0000423676
       -0.0000224019   0.0000172108   0.0000088156  -0.0000101428  -0.0001089998
        0.0000421571   0.0000237123   0.0000575903  -0.0000216419   0.0000262732
        0.0005927186   0.0006283085  -0.0001435359  -0.0033346570  -0.0037278145
       -0.0013806070   0.0483983920   0.0046223481   0.0149372243  -0.0002417432
        0.0063042605   0.0280154608   0.0003863529  -0.0001308134  -0.0071928115
       -0.0000289704   0.0000007960   0.0000261431  -0.0000027249   0.0000401115
       -0.0000004850   0.0000119068  -0.0000881196  -0.0000082446   0.0000272398
       -0.0001030488   0.0000863154   0.0001134102  -0.0000153797   0.0002146018
        0.0012117887   0.0007541988   0.0004635503  -0.0036991954  -0.0059893587
       -0.0216674694  -0.0014924069  -0.0531661338  -0.0453325785   0.0000357693
       -0.0000059192  -0.0000198158  -0.0000105152  -0.0000066149  -0.0000110725
        0.0000032993   0.0000054489   0.0000025174  -0.0000170376  -0.0000241030
       -0.0000155985  -0.0000018957  -0.0000087924   0.0000053312   0.0000586487
        0.0000083107  -0.0000067297   0.0000161555  -0.0000137689  -0.0000002988
        0.0001755135   0.0003273835  -0.0008688806  -0.0037945447  -0.0025893703
       -0.0011478879   0.0046223481   0.0599135369   0.0550727113   0.0012813490
       -0.0026109205  -0.0141228976   0.0014898619   0.0035717435   0.0273307883
       -0.0000000964   0.0000050792   0.0000314755   0.0000331381   0.0000276252
       -0.0000067230   0.0000087242  -0.0000109871   0.0001156692  -0.0001192063
       -0.0003608790  -0.0005303773  -0.0000665463   0.0000249911   0.0002270714
        0.0001573034   0.0009979124   0.0004894270  -0.0039520347  -0.0043942260
       -0.0082476014  -0.0113941775  -0.0463976989  -0.2784108894   0.0000221515
       -0.0000066897  -0.0000268689   0.0000025080  -0.0000087631   0.0000096183
        0.0000038133   0.0000043227  -0.0000069174  -0.0000070852  -0.0000334533
        0.0000084954   0.0000087519   0.0000097737   0.0000122784  -0.0000528866
        0.0000380188   0.0000804634   0.0000512684  -0.0000060652  -0.0000132682
        0.0004515880   0.0002500305   0.0004751552  -0.0011463107  -0.0015627170
        0.0006445885   0.0149372243   0.0550727113   0.3196273357   0.0020773380
       -0.0032579028  -0.0134078323  -0.0010154655  -0.0003910829  -0.0210711001
       -0.0000687739  -0.0000227456   0.0000044954   0.0000163198   0.0000667380
       -0.0000648505  -0.0000848156   0.0002937037   0.0000712321   0.0001256025
       -0.0009490283   0.0013863100   0.0001853530  -0.0000899387  -0.0006328375
       -0.0070603780  -0.0031647410  -0.0010447665  -0.0217122693   0.0076899870
        0.0066490710  -0.2264077335   0.0857024006   0.0667698028   0.0000177024
        0.0000298795   0.0000198714  -0.0000081934  -0.0000123863   0.0000051023
        0.0000154980   0.0000081852   0.0000074816   0.0000422343   0.0000301798
       -0.0000252591  -0.0000080585   0.0000040308  -0.0000119070   0.0000026335
       -0.0000295885  -0.0000404733  -0.0000161311   0.0000070352   0.0000211932
        0.0002744215   0.0003877711   0.0002775168   0.0000830093   0.0004132181
       -0.0000035307  -0.0002417432   0.0012813490   0.0020773380   0.2622630089
       -0.0977994032  -0.0772116070  -0.0074176868   0.0061533536   0.0017458170
       -0.0000325429   0.0000114624  -0.0000006755   0.0000179712   0.0000357078
       -0.0000384830  -0.0000306083   0.0002775690   0.0000099844  -0.0006500360
       -0.0003269252   0.0003299908   0.0001833437  -0.0000561972  -0.0001635869
       -0.0053344195  -0.0013068885   0.0001056827  -0.0144497978   0.0060794883
        0.0048818222   0.0868291746  -0.0813308636  -0.0308795903   0.0000144097
        0.0000023487   0.0000100052  -0.0000001842   0.0000108160   0.0000026760
        0.0000043462   0.0000004247   0.0000095095   0.0000246608  -0.0000022783
       -0.0000071821   0.0000070431   0.0000164266  -0.0000134529  -0.0000619849
        0.0000043770   0.0000421389  -0.0000285838   0.0000162494   0.0000080975
       -0.0003974944   0.0004902537   0.0000873993  -0.0000677010   0.0003099570
        0.0002941872   0.0063042605  -0.0026109205  -0.0032579028  -0.0977994032
        0.0922289490   0.0358726599   0.0254675463  -0.0138499563  -0.0072932801
       -0.0000098849   0.0000024352   0.0000086826  -0.0000126951  -0.0000243556
        0.0000152887   0.0000176418   0.0000511082  -0.0000120090  -0.0001758682
        0.0000331864   0.0001023009   0.0001201808  -0.0000751381  -0.0000671334
       -0.0011393740  -0.0001876884   0.0006170594  -0.0030077414   0.0015298975
        0.0011748652   0.0673527520  -0.0306771718  -0.0669280342   0.0000043532
        0.0000034233   0.0000036235   0.0000036761   0.0000087973   0.0000057145
       -0.0000018549  -0.0000005060   0.0000078750  -0.0000019054  -0.0000090994
       -0.0000087238   0.0000067397   0.0000033734  -0.0000032491  -0.0000274772
        0.0000034449   0.0000013909   0.0000079782   0.0000020300   0.0000075695
        0.0001737404   0.0001259781   0.0000196823  -0.0003734857   0.0000396521
        0.0001827690   0.0280154608  -0.0141228976  -0.0134078323  -0.0772116070
        0.0358726599   0.0734557971  -0.0137406290   0.0074208705   0.0048243631
       -0.0000005979   0.0000333324  -0.0000153882   0.0000079213  -0.0000489273
        0.0000098464   0.0000965227   0.0000406859  -0.0000830392  -0.0007155819
       -0.0006163079   0.0008054608   0.0003027242   0.0004013719  -0.0006140087
        0.0020885488   0.0003248793  -0.0000986728   0.0014164164  -0.0216260933
        0.0108072786  -0.0516099297   0.0387984373  -0.0220695180  -0.0000002622
       -0.0000357041   0.0000080275   0.0000220421   0.0000190875  -0.0000015714
       -0.0000169803  -0.0000057971   0.0000034936   0.0000114781  -0.0000037121
       -0.0000076716   0.0000330185   0.0000259072  -0.0000177087  -0.0000219321
       -0.0000108251   0.0000468793  -0.0000060958  -0.0000020966  -0.0000308523
       -0.0030415203  -0.0039235475  -0.0005931260   0.0006646281   0.0002865231
        0.0006185086   0.0003863529   0.0014898619  -0.0010154655  -0.0074176868
        0.0254675463  -0.0137406290   0.0578009340  -0.0406146218   0.0259881565
       -0.0000165358   0.0000412185  -0.0000000306   0.0000085105   0.0000584426
        0.0000029575   0.0000569466  -0.0001003505  -0.0001110438  -0.0005591161
       -0.0004315656   0.0007115834   0.0006882584   0.0001517772  -0.0003921118
        0.0008506704   0.0015203178  -0.0001692988  -0.0008706723  -0.0233687941
        0.0103960915   0.0375782627  -0.2146362472   0.1025490924   0.0000099491
       -0.0000578817   0.0000029667   0.0000181842  -0.0000085868  -0.0000052777
       -0.0000125762   0.0000134360  -0.0000065005   0.0000220115  -0.0000477112
        0.0000140054   0.0000066385   0.0000018844   0.0000052567   0.0000106184
       -0.0000036056   0.0000068138   0.0000400771   0.0000007770  -0.0000186217
       -0.0039059448  -0.0029778577  -0.0009891483   0.0006667995   0.0002458673
        0.0004126464  -0.0001308134   0.0035717435  -0.0003910829   0.0061533536
       -0.0138499563   0.0074208705  -0.0406146218   0.2498770926  -0.1194391682
       -0.0000218758  -0.0000172737   0.0000121442  -0.0000067684  -0.0000092062
        0.0000096361   0.0000298085  -0.0000254124  -0.0001283007   0.0003065684
        0.0000397420   0.0009045020   0.0001530803  -0.0000828763  -0.0004107950
       -0.0000476442   0.0002898829  -0.0005922870   0.0021056088  -0.0028810696
        0.0030646735  -0.0221238085   0.1037590881  -0.1077650452   0.0000057655
        0.0000060790   0.0000076779  -0.0000095966  -0.0000048318  -0.0000042758
       -0.0000030531  -0.0000071361   0.0000055215  -0.0000056632   0.0000206963
       -0.0000184726  -0.0000027889  -0.0000044029  -0.0000098744   0.0000899300
       -0.0000145311  -0.0001064675  -0.0000325299   0.0000039199   0.0000006995
       -0.0008906841  -0.0008946734   0.0008926128  -0.0000875112  -0.0007763347
        0.0006696007  -0.0071928115   0.0273307883  -0.0210711001   0.0017458170
       -0.0072932801   0.0048243631   0.0259881565  -0.1194391682   0.1197151868
