$hessian                                                                        
        0.5235709053   0.0052709471   0.0039393048  -0.0662696190   0.0110295608
        0.0028212524  -0.0024040815  -0.0246011917  -0.0047563381   0.0003585448
       -0.0010264310  -0.0010993343  -0.0000982057  -0.0003750968   0.0004367035
        0.0001147966  -0.0002098218   0.0001020815   0.0005622986  -0.0000605526
       -0.0000758388   0.0000746418   0.0000330395   0.0000753203  -0.0493033707
        0.0146548465  -0.0292915114  -0.2196867675  -0.0680115884  -0.0837129637
       -0.1817486459   0.0398622560   0.1091162341  -0.0026258951   0.0235018018
        0.0038881606   0.0006948333   0.0035718356   0.0000943813   0.0007353568
       -0.0004837056   0.0007345004  -0.0037646418  -0.0030967711  -0.0021877633
       -0.0000822661  -0.0000178654  -0.0000645680  -0.0000775473  -0.0000140187
        0.0000139081   0.0000149222  -0.0000281496   0.0000074493  -0.0000470707
       -0.0000019330  -0.0000230127  -0.0000181880   0.0000028385  -0.0000179660
        0.0052709471   0.4602277052  -0.0080044887   0.0109976940  -0.2016063269
       -0.0139230317  -0.0063352055  -0.0172362299  -0.0048227102   0.0008165740
        0.0000294594   0.0006086078  -0.0001555161   0.0000342570  -0.0002923365
       -0.0003662440   0.0001835110  -0.0002536255   0.0001993167  -0.0001537926
       -0.0000990193  -0.0000308671  -0.0000478870   0.0000266012   0.0145759172
       -0.0879649866   0.0934656361  -0.0685620547  -0.0679661470  -0.0323340030
        0.0402106856  -0.0539771853  -0.0317146973   0.0031462161  -0.0124216282
       -0.0033798385   0.0013629525  -0.0198034167   0.0011276154   0.0008584770
        0.0011301840   0.0005071633  -0.0019961939  -0.0005072737  -0.0009121692
        0.0000201780   0.0000231581   0.0000392369  -0.0000031289   0.0000219629
       -0.0000233662  -0.0000101568   0.0000122406  -0.0000223906  -0.0000184182
        0.0000081716  -0.0000097552   0.0000188270   0.0000142242   0.0000165714
        0.0039393048  -0.0080044887   0.5227591034   0.0032072821  -0.0140781359
       -0.0696191806  -0.0026501393  -0.0131171368  -0.0022638826   0.0007554520
        0.0008901699  -0.0010335757   0.0002399680  -0.0002904380   0.0009580392
       -0.0001287830  -0.0001405126   0.0001966224   0.0001719457  -0.0000301865
       -0.0002155512  -0.0000174327   0.0000148676  -0.0000860048  -0.0293774280
        0.0931220435  -0.2331745390  -0.0837323513  -0.0320344697  -0.0845244116
        0.1088041988  -0.0313161180  -0.1326797417   0.0030695945  -0.0188311846
       -0.0024951924  -0.0022037829   0.0265973492   0.0018001847   0.0002666656
       -0.0011386188   0.0006972826  -0.0024096458  -0.0016261872  -0.0004465426
        0.0000783732   0.0000130932   0.0000284362  -0.0000254279  -0.0000067530
        0.0000355682   0.0000069695  -0.0000111015   0.0000379327  -0.0000048073
       -0.0000005368   0.0000067286   0.0000100442  -0.0000116554   0.0000187244
       -0.0662696190   0.0109976940   0.0032072821   0.4883091920  -0.0195095399
       -0.0327813899  -0.1454871503  -0.0400557390  -0.0497818388  -0.0330225381
       -0.0083178894   0.0012809274   0.0007754453   0.0024231751  -0.0046591769
       -0.0021651439  -0.0002422484   0.0027699569  -0.0009741526   0.0012396835
        0.0002991766  -0.0000381331   0.0000210579  -0.0000062117  -0.0000715764
        0.0042438113  -0.0002472837  -0.0003415851  -0.0254915529  -0.0037452720
       -0.0027453255   0.0245870179   0.0041296954  -0.1841790391   0.0414924949
        0.1080779802  -0.0462144099   0.0119670250  -0.0207402949  -0.0071567439
       -0.0014487169  -0.0062633687  -0.0003298186  -0.0020134600  -0.0014091221
       -0.0002161861  -0.0000019305   0.0000107757   0.0001869967   0.0000683866
       -0.0001585762  -0.0000480526  -0.0000055097   0.0000178520  -0.0000306867
        0.0000147750  -0.0000543812   0.0000185266   0.0000314655   0.0000532698
        0.0110295608  -0.2016063269  -0.0140781359  -0.0195095399   0.4681989376
       -0.0201230640  -0.0346056246  -0.0742096090  -0.0163341330   0.0001258690
        0.0017705675   0.0024245317  -0.0002931407   0.0002773383   0.0002722040
        0.0003856644  -0.0005897200  -0.0009313497   0.0004928056  -0.0005309815
       -0.0002255653   0.0000269206  -0.0000692381  -0.0000222048   0.0015738053
       -0.0197807936   0.0022510973  -0.0016460124  -0.0140052845  -0.0025335545
        0.0036476496  -0.0125215752  -0.0040369295   0.0417787374  -0.0527986257
       -0.0287334325   0.0115732185  -0.0848766066   0.0901444466   0.0097346366
        0.0043858153   0.0051517014  -0.0243486521  -0.0137122932  -0.0132473990
        0.0000713671   0.0000170420  -0.0000061933  -0.0000566170   0.0000246958
        0.0000062291  -0.0000001269   0.0000099541   0.0000026833   0.0000079626
        0.0000098454  -0.0000017627   0.0000115162   0.0000068582   0.0000208307
        0.0028212524  -0.0139230317  -0.0696191806  -0.0327813899  -0.0201230640
        0.5255064357  -0.0410653361  -0.0145699981  -0.0912104767   0.0064731594
        0.0085227503   0.0107699908   0.0011154566  -0.0005656756  -0.0016869223
        0.0045466080  -0.0024274731  -0.0003555747   0.0001625481  -0.0009922042
        0.0001378209   0.0001886612  -0.0000575284  -0.0001455091  -0.0022096320
        0.0276106949   0.0015562039  -0.0005621824  -0.0128234967  -0.0016311022
        0.0026085913  -0.0201041369  -0.0029522289   0.1073611550  -0.0288352027
       -0.1243175671  -0.0196704737   0.0896955941  -0.2302341389  -0.0228001929
       -0.0073431809  -0.0134785125  -0.0061988371  -0.0040948542  -0.0023478001
        0.0001157077  -0.0000727032  -0.0000676773  -0.0001156314   0.0000847119
        0.0000434461  -0.0000281095  -0.0000118990   0.0000056398   0.0000591136
       -0.0000012767   0.0000126299  -0.0000204683   0.0000319743   0.0000145232
       -0.0024040815  -0.0063352055  -0.0026501393  -0.1454871503  -0.0346056246
       -0.0410653361   0.4390830304  -0.0262509501   0.0161928278  -0.1218518184
        0.0032483833   0.0533793132  -0.0000334498   0.0004464172   0.0131999927
       -0.0482975001   0.0177674790   0.0119273822   0.0012526426   0.0029507648
       -0.0027202757  -0.0012359536   0.0002128297   0.0005993741   0.0005109998
        0.0006817864   0.0004060219   0.0010437305  -0.0005398427  -0.0001537638
        0.0009383969   0.0004059316   0.0001788640  -0.0268318792  -0.0086834028
       -0.0104667883  -0.0073687043  -0.0016309344  -0.0070096262  -0.0509804841
        0.0220628756  -0.0387199121  -0.0373906898   0.0300079877   0.0062724718
       -0.0009484700   0.0002349579   0.0006037640   0.0001758053  -0.0000165111
        0.0000977580   0.0000761018  -0.0000840012   0.0000634795  -0.0004101167
        0.0000781840  -0.0002237647   0.0001595904   0.0000488751   0.0000883569
       -0.0246011917  -0.0172362299  -0.0131171368  -0.0400557390  -0.0742096090
       -0.0145699981  -0.0262509501   0.5053129073  -0.0370423506   0.0054092263
       -0.0696795573  -0.0097704807  -0.0067701297   0.0125070032   0.0138807267
        0.0213330996   0.0011080264  -0.0036697933   0.0031209478   0.0048214762
        0.0028434200   0.0010021822  -0.0001241220  -0.0005514724  -0.0007347367
        0.0009537668  -0.0009519060  -0.0007366044  -0.0065022361  -0.0014481180
       -0.0005597339   0.0012169156   0.0002454107   0.0013132968   0.0012863477
        0.0010653556   0.0089931332   0.0041941881   0.0047765436   0.0237833294
       -0.0986475156   0.0979472536   0.0344684120  -0.2649049899  -0.0400065883
       -0.0008963019   0.0001968652   0.0004854343   0.0008872481  -0.0002512577
       -0.0002100684  -0.0000750087   0.0000564779  -0.0000876456   0.0003062492
       -0.0001061365   0.0002103625   0.0000632714   0.0000076795  -0.0000289486
       -0.0047563381  -0.0048227102  -0.0022638826  -0.0497818388  -0.0163341330
       -0.0912104767   0.0161928278  -0.0370423506   0.5083829692   0.0552210532
       -0.0083715455  -0.1078749207   0.0336228018   0.0051561612  -0.0447218879
       -0.0027082567   0.0008629727   0.0090018955  -0.0013762951   0.0030366396
        0.0001734186  -0.0002264220   0.0000570842   0.0001194185   0.0008854795
        0.0007552602   0.0008844546   0.0000827370  -0.0007182782   0.0004836715
       -0.0003898760   0.0002541123   0.0002034646   0.0131837596   0.0045632616
        0.0063249799  -0.0253558256  -0.0088280477  -0.0158063517  -0.0411919539
        0.0989041943  -0.2148651104   0.0069275878  -0.0375334780  -0.0487660916
       -0.0003830088   0.0001422316   0.0001810145   0.0001482368  -0.0000859075
       -0.0002756274  -0.0000122555   0.0000048914   0.0000489139  -0.0001476658
        0.0000210372  -0.0000772845   0.0000652530  -0.0000213956   0.0000574328
        0.0003585448   0.0008165740   0.0007554520  -0.0330225381   0.0001258690
        0.0064731594  -0.1218518184   0.0054092263   0.0552210532   0.4542710528
       -0.0736421015  -0.0585087688  -0.0754479481  -0.0123813406   0.0479597879
       -0.1729757393   0.0596132953  -0.0499332985  -0.0450912099   0.0162477054
       -0.0011585820  -0.0030698462   0.0010428464   0.0020281019   0.0000834624
       -0.0001536590  -0.0004434546   0.0001884922   0.0005141124   0.0002356500
        0.0005685813  -0.0008731449   0.0000699217  -0.0030248667  -0.0018356721
       -0.0014367263  -0.0007443981  -0.0000254225   0.0003159633   0.0050338696
       -0.0003240689  -0.0017798677  -0.0049764354   0.0046318295   0.0035812646
        0.0006680221  -0.0009768855  -0.0015537444   0.0006465265   0.0016331442
       -0.0010964313  -0.0004091175  -0.0001509814   0.0003633072  -0.0006708090
        0.0001574596  -0.0013159276  -0.0005338251   0.0001712142   0.0002231399
       -0.0010264310   0.0000294594   0.0008901699  -0.0083178894   0.0017705675
        0.0085227503   0.0032483833  -0.0696795573  -0.0083715455  -0.0736421015
        0.2769652577  -0.1782567431  -0.0058538482  -0.1101780387   0.1504582675
        0.0617804246  -0.0903195636   0.0403871513   0.0158750299  -0.0030766396
       -0.0049126616  -0.0015983437   0.0000320576   0.0008527349  -0.0001631152
       -0.0003441272   0.0004622143   0.0002612953  -0.0003311775  -0.0001276999
        0.0001217433  -0.0002743661  -0.0011192683  -0.0027827145  -0.0003234585
       -0.0010345771   0.0015997651   0.0004556748   0.0006901881  -0.0109033777
        0.0006195294   0.0105759803   0.0233158969  -0.0068675929  -0.0199267312
        0.0003402816   0.0010805852   0.0004739592  -0.0023904765   0.0005946389
        0.0005369935   0.0005455928  -0.0001928991   0.0000815146  -0.0005746408
        0.0002562473   0.0002194366   0.0001645258  -0.0002165973  -0.0004021341
       -0.0010993343   0.0006086078  -0.0010335757   0.0012809274   0.0024245317
        0.0107699908   0.0533793132  -0.0097704807  -0.1078749207  -0.0585087688
       -0.1782567431   0.8141676088   0.0292292551   0.1558019710  -0.5840050982
       -0.0570769003   0.0442423842  -0.1184628035   0.0005327730  -0.0072564400
        0.0151514835   0.0046976005   0.0001085786  -0.0036527852   0.0003832386
        0.0003664932  -0.0005834790  -0.0003786395  -0.0008574835  -0.0001861148
        0.0003113518  -0.0011061754   0.0006842166  -0.0038323447  -0.0011446615
       -0.0012390501  -0.0021881609   0.0007744555  -0.0002203345   0.0172656456
       -0.0003137793  -0.0201937212   0.0088870570  -0.0039843435  -0.0038165760
        0.0034463431  -0.0031334903  -0.0008458223   0.0038828241   0.0015194046
        0.0012054809  -0.0008526729   0.0003292451  -0.0001067123   0.0017603860
       -0.0004297024   0.0003169933  -0.0011198939   0.0000776279  -0.0000747804
       -0.0000982057  -0.0001555161   0.0002399680   0.0007754453  -0.0002931407
        0.0011154566  -0.0000334498  -0.0067701297   0.0336228018  -0.0754479481
       -0.0058538482   0.0292292551   0.0853520341  -0.0143591706  -0.0156905682
       -0.0088633345   0.0281399027  -0.0483382280   0.0009871093  -0.0005411798
       -0.0056113810   0.0005452716   0.0004877935  -0.0008489949   0.0000009492
        0.0000440447   0.0001679660  -0.0000318681   0.0000560161  -0.0000308852
       -0.0002677641   0.0001516857  -0.0000354639   0.0002334776   0.0000872895
        0.0000487035   0.0008681207  -0.0000198676   0.0003213555  -0.0047649632
        0.0006666405   0.0048923977  -0.0005886791  -0.0005423176   0.0006853584
        0.0008218751  -0.0010442280   0.0001740398   0.0004151331  -0.0000389653
       -0.0001573821  -0.0001424099   0.0000067353  -0.0001065247   0.0001972946
       -0.0000957890   0.0002195274   0.0000419117   0.0000740446   0.0001025983
       -0.0003750968   0.0000342570  -0.0002904380   0.0024231751   0.0002773383
       -0.0005656756   0.0004464172   0.0125070032   0.0051561612  -0.0123813406
       -0.1101780387   0.1558019710  -0.0143591706   0.0995053406  -0.2117685163
        0.0280499204  -0.0006803233   0.0504311352  -0.0032326225  -0.0027937797
        0.0003439149   0.0001691406   0.0001565329  -0.0001552224   0.0000501262
        0.0000520110   0.0000949331  -0.0000032291  -0.0000677372  -0.0000707592
       -0.0002404631  -0.0000448280   0.0001650766   0.0002730861   0.0000411903
        0.0001798265  -0.0003168719  -0.0004973554  -0.0004533907   0.0005041304
        0.0014147309   0.0001988889  -0.0011445601   0.0005109543   0.0022600400
       -0.0000025530   0.0001201050  -0.0009660415   0.0003659864  -0.0004177623
       -0.0001549262  -0.0001174797   0.0002004558  -0.0000772445   0.0000850579
       -0.0000581147  -0.0001750722  -0.0001936527  -0.0000819799   0.0000453393
        0.0004367035  -0.0002923365   0.0009580392  -0.0046591769   0.0002722040
       -0.0016869223   0.0131999927   0.0138807267  -0.0447218879   0.0479597879
        0.1504582675  -0.5840050982  -0.0156905682  -0.2117685163   0.7053986433
       -0.0480991167   0.0490884913  -0.0743564193   0.0038271617  -0.0015372617
        0.0011483548  -0.0012206488  -0.0002668693   0.0016258311  -0.0001954503
       -0.0002480631   0.0000581067   0.0001029458   0.0003660203   0.0001557673
       -0.0001389643   0.0009722076  -0.0002360742   0.0004943030   0.0000090999
        0.0005805695   0.0006060854  -0.0006093567   0.0008781640   0.0071166837
       -0.0006759413  -0.0058836390  -0.0016808082   0.0008403665  -0.0003242463
       -0.0009739417   0.0013366829   0.0002511262  -0.0015971283  -0.0016586634
       -0.0001781388   0.0005129817  -0.0004153358   0.0000905481  -0.0005914374
        0.0001144694   0.0002377474   0.0005905954   0.0001338082   0.0000095284
        0.0001147966  -0.0003662440  -0.0001287830  -0.0021651439   0.0003856644
        0.0045466080  -0.0482975001   0.0213330996  -0.0027082567  -0.1729757393
        0.0617804246  -0.0570769003  -0.0088633345   0.0280499204  -0.0480991167
        0.4184904181  -0.1260995952   0.0006793469  -0.1137130927   0.0016235374
        0.0610414187  -0.0376918719   0.0071789419   0.0112043128   0.0000040232
       -0.0000448447   0.0004088310   0.0000992368  -0.0000283261  -0.0001576518
       -0.0001213199   0.0000322147  -0.0004224230  -0.0020086521  -0.0004658093
       -0.0003472730   0.0008582178   0.0004784572  -0.0001162598   0.0003403281
       -0.0006230971  -0.0005750470  -0.0031668018   0.0012512931   0.0021786504
       -0.0088535718   0.0089853480   0.0138026795  -0.0212453261  -0.0041131862
        0.0182943789   0.0023226445  -0.0002888310   0.0006355041  -0.0055295956
        0.0016834490  -0.0040519347   0.0024022845  -0.0007524167   0.0008919156
       -0.0002098218   0.0001835110  -0.0001405126  -0.0002422484  -0.0005897200
       -0.0024274731   0.0177674790   0.0011080264   0.0008629727   0.0596132953
       -0.0903195636   0.0442423842   0.0281399027  -0.0006803233   0.0490884913
       -0.1260995952   0.1472471039  -0.0849646014   0.0054731551  -0.0596762393
       -0.0017427935   0.0108829738   0.0009214879  -0.0032712248   0.0002414260
        0.0001726735  -0.0003742199  -0.0002090052   0.0001057059   0.0000602024
       -0.0000233196  -0.0000521041   0.0006157388   0.0008318056   0.0001717704
        0.0003062708  -0.0005352127  -0.0001365905   0.0000189103  -0.0002957516
       -0.0003554981  -0.0004186054  -0.0001722295  -0.0000703155  -0.0004292686
        0.0247693358  -0.0038600027  -0.0169155533  -0.0207293849   0.0051997758
        0.0145616382  -0.0008191852   0.0001223062  -0.0007203715   0.0019087977
        0.0000552852   0.0010804949  -0.0002924169   0.0004527109   0.0005675205
        0.0001020815  -0.0002536255   0.0001966224   0.0027699569  -0.0009313497
       -0.0003555747   0.0119273822  -0.0036697933   0.0090018955  -0.0499332985
        0.0403871513  -0.1184628035  -0.0483382280   0.0504311352  -0.0743564193
        0.0006793469  -0.0849646014   0.3277875088   0.0523483839   0.0026027644
       -0.1195534195  -0.0150325251   0.0024559921   0.0121485521  -0.0001123398
       -0.0000631733   0.0001369214   0.0001466681   0.0000245186  -0.0001199499
       -0.0002089129   0.0000843906  -0.0002626309   0.0004797651   0.0003253204
        0.0002507108   0.0003482011   0.0000754310  -0.0001229792   0.0004049333
       -0.0010011250   0.0005715893   0.0010185012  -0.0007268541  -0.0008413653
        0.0247100839  -0.0073113593  -0.0181498953   0.0222330764   0.0016118537
       -0.0178813757   0.0002914434  -0.0003782053   0.0005545949  -0.0044505592
        0.0010977646  -0.0013535210   0.0006160394   0.0002037648   0.0008115392
        0.0005622986   0.0001993167   0.0001719457  -0.0009741526   0.0004928056
        0.0001625481   0.0012526426   0.0031209478  -0.0013762951  -0.0450912099
        0.0158750299   0.0005327730   0.0009871093  -0.0032326225   0.0038271617
       -0.1137130927   0.0054731551   0.0523483839   0.4007766848   0.0158654120
        0.0436356071  -0.1292678533   0.0174412339  -0.0718737638  -0.0001886867
       -0.0000578878   0.0000023629   0.0000776869  -0.0000074773   0.0000777543
       -0.0002146880  -0.0001498703  -0.0002047340  -0.0001575990  -0.0001596977
       -0.0002690556  -0.0001327193  -0.0000708356   0.0001950691  -0.0001587508
        0.0002105282  -0.0004611235  -0.0015448773  -0.0000409159   0.0005658188
       -0.0434047852  -0.0277590489  -0.0245308355  -0.0439974437  -0.0334093481
        0.0165376214   0.0028593136   0.0017372710   0.0012460846  -0.0217625138
        0.0055846401  -0.0140568706  -0.0059073638  -0.0011126361  -0.0065304524
       -0.0000605526  -0.0001537926  -0.0000301865   0.0012396835  -0.0005309815
       -0.0009922042   0.0029507648   0.0048214762   0.0030366396   0.0162477054
       -0.0030766396  -0.0072564400  -0.0005411798  -0.0027937797  -0.0015372617
        0.0016235374  -0.0596762393   0.0026027644   0.0158654120   0.5169160294
       -0.0104371765   0.0172917388  -0.0734874595   0.0194464937  -0.0000142491
       -0.0000152068   0.0000687868   0.0000051783  -0.0000186033  -0.0000150194
       -0.0001325141  -0.0000373434  -0.0001086099   0.0004559743   0.0001514611
        0.0001870699  -0.0000476365   0.0000443058  -0.0000694561   0.0000080828
        0.0001785941   0.0000259646  -0.0006447929   0.0001263068   0.0003525581
       -0.0301212561  -0.1753343774  -0.1033547638  -0.0303711611  -0.2032670523
        0.0924830820   0.0193435265  -0.0072614514   0.0192544863   0.0039141288
       -0.0009549619   0.0023806455  -0.0170123903   0.0043697154  -0.0160373726
       -0.0000758388  -0.0000990193  -0.0002155512   0.0002991766  -0.0002255653
        0.0001378209  -0.0027202757   0.0028434200   0.0001734186  -0.0011585820
       -0.0049126616   0.0151514835  -0.0056113810   0.0003439149   0.0011483548
        0.0610414187  -0.0017427935  -0.1195534195   0.0436356071  -0.0104371765
        0.4800507874  -0.0685799829   0.0184638904  -0.1309873288   0.0000986994
       -0.0000243253   0.0000924785  -0.0000331423  -0.0000180483  -0.0000327363
       -0.0000878833  -0.0000091256   0.0000595213  -0.0000943322   0.0000310133
        0.0001024083   0.0000951965   0.0001289956  -0.0001053420   0.0003056770
       -0.0001246450   0.0003270411  -0.0003047708   0.0003193931   0.0005302045
       -0.0236381838  -0.1045866380  -0.1252663872   0.0179038769   0.0941185835
       -0.0981926127  -0.0137814590   0.0071384977  -0.0142587572   0.0101441008
       -0.0026251560   0.0078316207  -0.0174379212   0.0014174461  -0.0169930048
        0.0000746418  -0.0000308671  -0.0000174327  -0.0000381331   0.0000269206
        0.0001886612  -0.0012359536   0.0010021822  -0.0002264220  -0.0030698462
       -0.0015983437   0.0046976005   0.0005452716   0.0001691406  -0.0012206488
       -0.0376918719   0.0108829738  -0.0150325251  -0.1292678533   0.0172917388
       -0.0685799829   0.4968644461   0.0092191015  -0.0364035979   0.0000039222
        0.0000440857  -0.0000079630  -0.0000681688  -0.0000143136  -0.0000107902
       -0.0000145188   0.0000702670   0.0000391036  -0.0001536191  -0.0000359589
       -0.0000242470  -0.0000057424   0.0000047743  -0.0000055505   0.0000615566
        0.0000553169  -0.0002033882  -0.0002839438   0.0000454562   0.0001689714
       -0.0057777502  -0.0002872434  -0.0072631775   0.0019364555   0.0011766345
        0.0000974086  -0.0559033400  -0.0477211857   0.0299172393  -0.2206592638
        0.0301737260   0.1094437883  -0.0453162888  -0.0204744056  -0.0155570470
        0.0000330395  -0.0000478870   0.0000148676   0.0000210579  -0.0000692381
       -0.0000575284   0.0002128297  -0.0001241220   0.0000570842   0.0010428464
        0.0000320576   0.0001085786   0.0004877935   0.0001565329  -0.0002668693
        0.0071789419   0.0009214879   0.0024559921   0.0174412339  -0.0734874595
        0.0184638904   0.0092191015   0.5253756281   0.0094454260  -0.0000202946
        0.0000163859  -0.0000084752   0.0000034421   0.0000212594   0.0000063485
        0.0000203797   0.0000024140  -0.0000161550   0.0000364228   0.0000338780
        0.0000096397  -0.0000066095   0.0000115796  -0.0000072684  -0.0000062293
        0.0000159192   0.0000225351   0.0000228427   0.0000219064   0.0000231846
       -0.0155718859   0.0037319211  -0.0151577338   0.0178918630  -0.0060466336
        0.0178060884  -0.0485940926  -0.2112042328   0.1037656847   0.0303138689
       -0.0475990991  -0.0188697363  -0.0197265514  -0.1917622980  -0.1177955534
        0.0000753203   0.0000266012  -0.0000860048  -0.0000062117  -0.0000222048
       -0.0001455091   0.0005993741  -0.0005514724   0.0001194185   0.0020281019
        0.0008527349  -0.0036527852  -0.0008489949  -0.0001552224   0.0016258311
        0.0112043128  -0.0032712248   0.0121485521  -0.0718737638   0.0194464937
       -0.1309873288  -0.0364035979   0.0094454260   0.5031336980  -0.0000243580
       -0.0000291251   0.0000305224  -0.0000150506   0.0000063177   0.0000310890
       -0.0000150221   0.0000245518   0.0000247582   0.0000168497   0.0000234809
        0.0000258111   0.0000313029  -0.0000340992   0.0000566000  -0.0000885080
        0.0000024739   0.0000983167   0.0000982341  -0.0000492658  -0.0000602307
       -0.0160689393   0.0018022539  -0.0147217525  -0.0126300909   0.0054470417
       -0.0116178471   0.0310307692   0.1045833977  -0.1096816196   0.1076864452
       -0.0184738766  -0.1068513116  -0.0147961729  -0.1190742821  -0.1394902078
       -0.0493033707   0.0145759172  -0.0293774280  -0.0000715764   0.0015738053
       -0.0022096320   0.0005109998  -0.0007347367   0.0008854795   0.0000834624
       -0.0001631152   0.0003832386   0.0000009492   0.0000501262  -0.0001954503
        0.0000040232   0.0002414260  -0.0001123398  -0.0001886867  -0.0000142491
        0.0000986994   0.0000039222  -0.0000202946  -0.0000243580   0.0529847680
       -0.0173965347   0.0345567273  -0.0064767159   0.0110677050  -0.0276172660
        0.0018783621  -0.0099705367   0.0244227066  -0.0000554476   0.0003780904
       -0.0004401757   0.0006000221   0.0006177452   0.0000195360   0.0000713306
       -0.0002723961  -0.0002669895  -0.0001038372   0.0000235545  -0.0000839036
        0.0000374941  -0.0000189245   0.0000138334   0.0000422931   0.0000401682
       -0.0000339097  -0.0000423285   0.0000101657  -0.0000095261   0.0000298026
        0.0000037155  -0.0000124240  -0.0000054665   0.0000083684   0.0000031820
        0.0146548465  -0.0879649866   0.0931220435   0.0042438113  -0.0197807936
        0.0276106949   0.0006817864   0.0009537668   0.0007552602  -0.0001536590
       -0.0003441272   0.0003664932   0.0000440447   0.0000520110  -0.0002480631
       -0.0000448447   0.0001726735  -0.0000631733  -0.0000578878  -0.0000152068
       -0.0000243253   0.0000440857   0.0000163859  -0.0000291251  -0.0173965347
        0.1055745847  -0.1090586866  -0.0012589148   0.0046296164  -0.0078254836
       -0.0010351017   0.0032149829  -0.0043154080  -0.0000788179   0.0007525586
        0.0004965487   0.0006937646  -0.0073889971  -0.0002039355  -0.0005606291
       -0.0001908019  -0.0005535792   0.0001655046   0.0003323782  -0.0000191891
        0.0000182511  -0.0000137245  -0.0000110598   0.0000377323  -0.0000000283
       -0.0000012334  -0.0000084017   0.0000235828   0.0000006264   0.0000234580
       -0.0000050453   0.0000038687  -0.0000124938  -0.0000188294  -0.0000022735
       -0.0292915114   0.0934656361  -0.2331745390  -0.0002472837   0.0022510973
        0.0015562039   0.0004060219  -0.0009519060   0.0008844546  -0.0004434546
        0.0004622143  -0.0005834790   0.0001679660   0.0000949331   0.0000581067
        0.0004088310  -0.0003742199   0.0001369214   0.0000023629   0.0000687868
        0.0000924785  -0.0000079630  -0.0000084752   0.0000305224   0.0345567273
       -0.1090586866   0.2684938995  -0.0048403966   0.0058372151  -0.0158704922
       -0.0002877794   0.0087318004  -0.0233344472  -0.0001248595  -0.0003115145
        0.0005409628  -0.0003534029  -0.0001334770   0.0010561577   0.0001689694
        0.0001272043   0.0002215919  -0.0000495335  -0.0001823082  -0.0000520582
       -0.0000247014   0.0000153408  -0.0000543380  -0.0000382035  -0.0000259814
       -0.0000119352   0.0000187406  -0.0000125721   0.0000203061  -0.0000130437
        0.0000002407  -0.0000096488  -0.0000074858   0.0000046718  -0.0000006678
       -0.2196867675  -0.0685620547  -0.0837323513  -0.0003415851  -0.0016460124
       -0.0005621824   0.0010437305  -0.0007366044   0.0000827370   0.0001884922
        0.0002612953  -0.0003786395  -0.0000318681  -0.0000032291   0.0001029458
        0.0000992368  -0.0002090052   0.0001466681   0.0000776869   0.0000051783
       -0.0000331423  -0.0000681688   0.0000034421  -0.0000150506  -0.0064767159
       -0.0012589148  -0.0048403966   0.2526115825   0.0797315601   0.0976476852
       -0.0280650899  -0.0077537281  -0.0089392910   0.0005726603   0.0003326238
       -0.0000141692   0.0000449873  -0.0000422909   0.0002942479   0.0001184774
        0.0000530985   0.0002908262  -0.0001755803  -0.0001501674  -0.0000629896
        0.0000484989  -0.0000005377  -0.0000186184  -0.0000053202  -0.0000135216
        0.0000074817   0.0000301473  -0.0000213546   0.0000124463  -0.0000061099
        0.0000018784   0.0000067407   0.0000217055   0.0000083443   0.0000050520
       -0.0680115884  -0.0679661470  -0.0320344697  -0.0254915529  -0.0140052845
       -0.0128234967  -0.0005398427  -0.0065022361  -0.0007182782   0.0005141124
       -0.0003311775  -0.0008574835   0.0000560161  -0.0000677372   0.0003660203
       -0.0000283261   0.0001057059   0.0000245186  -0.0000074773  -0.0000186033
       -0.0000180483  -0.0000143136   0.0000212594   0.0000063177   0.0110677050
        0.0046296164   0.0058372151   0.0797315601   0.0813021511   0.0385120687
        0.0047419357   0.0027667720   0.0024183955  -0.0003719615   0.0006237446
       -0.0001395836  -0.0004508221   0.0004207489  -0.0000450536   0.0002385400
       -0.0000869540   0.0001705498  -0.0014528067  -0.0008864573  -0.0007119784
       -0.0000109844   0.0000089923   0.0000074734   0.0000131759  -0.0000098211
        0.0000054662   0.0000029910   0.0000001096  -0.0000051530   0.0000032462
        0.0000017948   0.0000089556   0.0000103932  -0.0000064770  -0.0000034358
       -0.0837129637  -0.0323340030  -0.0845244116  -0.0037452720  -0.0025335545
       -0.0016311022  -0.0001537638  -0.0014481180   0.0004836715   0.0002356500
       -0.0001276999  -0.0001861148  -0.0000308852  -0.0000707592   0.0001557673
       -0.0001576518   0.0000602024  -0.0001199499   0.0000777543  -0.0000150194
       -0.0000327363  -0.0000107902   0.0000063485   0.0000310890  -0.0276172660
       -0.0078254836  -0.0158704922   0.0976476852   0.0385120687   0.0940913517
        0.0175417251   0.0057241758   0.0072640401  -0.0002125147  -0.0001772219
       -0.0002026658   0.0002464325   0.0003738763   0.0002988423   0.0001848979
        0.0000655200   0.0001792893  -0.0002720669  -0.0002111137   0.0000426933
       -0.0000327047   0.0000152205   0.0000098940  -0.0000094082  -0.0000134587
        0.0000140581   0.0000153090  -0.0000026377  -0.0000099859  -0.0000064430
       -0.0000000211   0.0000098648   0.0000122762   0.0000016784  -0.0000031027
       -0.1817486459   0.0402106856   0.1088041988  -0.0027453255   0.0036476496
        0.0026085913   0.0009383969  -0.0005597339  -0.0003898760   0.0005685813
        0.0001217433   0.0003113518  -0.0002677641  -0.0002404631  -0.0001389643
       -0.0001213199  -0.0000233196  -0.0002089129  -0.0002146880  -0.0001325141
       -0.0000878833  -0.0000145188   0.0000203797  -0.0000150221   0.0018783621
       -0.0010351017  -0.0002877794  -0.0280650899   0.0047419357   0.0175417251
        0.2093551106  -0.0480892392  -0.1281741125   0.0007462262   0.0013113779
        0.0000003407  -0.0001075909  -0.0000112597  -0.0001542564  -0.0000725197
        0.0000604335   0.0000231364  -0.0001207829  -0.0001349141  -0.0000195010
       -0.0000765723   0.0000562309   0.0001102695   0.0000239871   0.0000387287
        0.0000283086  -0.0000069141   0.0000089145  -0.0000072311   0.0000177942
       -0.0000002020   0.0000153794   0.0000332735   0.0000086681   0.0000402374
        0.0398622560  -0.0539771853  -0.0313161180   0.0245870179  -0.0125215752
       -0.0201041369   0.0004059316   0.0012169156   0.0002541123  -0.0008731449
       -0.0002743661  -0.0011061754   0.0001516857  -0.0000448280   0.0009722076
        0.0000322147  -0.0000521041   0.0000843906  -0.0001498703  -0.0000373434
       -0.0000091256   0.0000702670   0.0000024140   0.0000245518  -0.0099705367
        0.0032149829   0.0087318004  -0.0077537281   0.0027667720   0.0057241758
       -0.0480892392   0.0657979150   0.0384977583   0.0013153829  -0.0071925254
       -0.0015129600   0.0002991103   0.0009178829  -0.0003839809   0.0000239291
       -0.0000622796  -0.0000055413   0.0000754107   0.0002533307   0.0001964070
       -0.0000010185   0.0000632858  -0.0000534108  -0.0000143270  -0.0000525592
       -0.0000122118   0.0000135212   0.0000052131   0.0000175771   0.0000259415
       -0.0000046174   0.0000099759  -0.0000108037  -0.0000193283  -0.0000092961
        0.1091162341  -0.0317146973  -0.1326797417   0.0041296954  -0.0040369295
       -0.0029522289   0.0001788640   0.0002454107   0.0002034646   0.0000699217
       -0.0011192683   0.0006842166  -0.0000354639   0.0001650766  -0.0002360742
       -0.0004224230   0.0006157388  -0.0002626309  -0.0002047340  -0.0001086099
        0.0000595213   0.0000391036  -0.0000161550   0.0000247582   0.0244227066
       -0.0043154080  -0.0233344472  -0.0089392910   0.0024183955   0.0072640401
       -0.1281741125   0.0384977583   0.1501869114   0.0001488731  -0.0014125212
        0.0007968256  -0.0005231285   0.0005150135   0.0006410034   0.0001724542
        0.0000029887  -0.0003361883   0.0000019045   0.0002211499  -0.0000076728
       -0.0000107035  -0.0000264659   0.0000531503   0.0000514479   0.0000371888
       -0.0000369162  -0.0000403564   0.0000254655  -0.0000463103   0.0000276550
        0.0000021028  -0.0000016571  -0.0000086472   0.0000037659  -0.0000200237
       -0.0026258951   0.0031462161   0.0030695945  -0.1841790391   0.0417787374
        0.1073611550  -0.0268318792   0.0013132968   0.0131837596  -0.0030248667
       -0.0027827145  -0.0038323447   0.0002334776   0.0002730861   0.0004943030
       -0.0020086521   0.0008318056   0.0004797651  -0.0001575990   0.0004559743
       -0.0000943322  -0.0001536191   0.0000364228   0.0000168497  -0.0000554476
       -0.0000788179  -0.0001248595   0.0005726603  -0.0003719615  -0.0002125147
        0.0007462262   0.0013153829   0.0001488731   0.2153517010  -0.0459188886
       -0.1226825883   0.0012855475  -0.0004657556   0.0013527154   0.0002087049
        0.0003336664   0.0003198896   0.0005549854   0.0001579794   0.0004769704
       -0.0000409868   0.0000092614   0.0000423457   0.0000905658  -0.0000224042
       -0.0000200806   0.0000205848  -0.0000083362   0.0000109576  -0.0000186537
        0.0000022445  -0.0000016413   0.0000321848  -0.0000051951   0.0000111825
        0.0235018018  -0.0124216282  -0.0188311846   0.0414924949  -0.0527986257
       -0.0288352027  -0.0086834028   0.0012863477   0.0045632616  -0.0018356721
       -0.0003234585  -0.0011446615   0.0000872895   0.0000411903   0.0000090999
       -0.0004658093   0.0001717704   0.0003253204  -0.0001596977   0.0001514611
        0.0000310133  -0.0000359589   0.0000338780   0.0000234809   0.0003780904
        0.0007525586  -0.0003115145   0.0003326238   0.0006237446  -0.0001772219
        0.0013113779  -0.0071925254  -0.0014125212  -0.0459188886   0.0660762262
        0.0366533223  -0.0095292648   0.0032739987   0.0087141071   0.0003620595
        0.0000296021   0.0000589659  -0.0007771165   0.0003016891   0.0003443123
       -0.0000533610  -0.0000126380   0.0000042542   0.0000138075   0.0000087952
       -0.0000033244  -0.0000019278  -0.0000085350  -0.0000058655  -0.0000209287
        0.0000007292  -0.0000081593   0.0000024829   0.0000054195   0.0000025178
        0.0038881606  -0.0033798385  -0.0024951924   0.1080779802  -0.0287334325
       -0.1243175671  -0.0104667883   0.0010653556   0.0063249799  -0.0014367263
       -0.0010345771  -0.0012390501   0.0000487035   0.0001798265   0.0005805695
       -0.0003472730   0.0003062708   0.0002507108  -0.0002690556   0.0001870699
        0.0001024083  -0.0000242470   0.0000096397   0.0000258111  -0.0004401757
        0.0004965487   0.0005409628  -0.0000141692  -0.0001395836  -0.0002026658
        0.0000003407  -0.0015129600   0.0007968256  -0.1226825883   0.0366533223
        0.1411179935   0.0239211047  -0.0044145556  -0.0221821757  -0.0002939951
       -0.0000140400   0.0003453754   0.0000741136   0.0003177877   0.0003567367
       -0.0000490480   0.0000197648   0.0000026968   0.0000094463  -0.0000036775
       -0.0000253834  -0.0000031683  -0.0000116299   0.0000052229  -0.0000023571
       -0.0000014911  -0.0000050921   0.0000097423   0.0000101999   0.0000168333
        0.0006948333   0.0013629525  -0.0022037829  -0.0462144099   0.0115732185
       -0.0196704737  -0.0073687043   0.0089931332  -0.0253558256  -0.0007443981
        0.0015997651  -0.0021881609   0.0008681207  -0.0003168719   0.0006060854
        0.0008582178  -0.0005352127   0.0003482011  -0.0001327193  -0.0000476365
        0.0000951965  -0.0000057424  -0.0000066095   0.0000313029   0.0006000221
        0.0006937646  -0.0003534029   0.0000449873  -0.0004508221   0.0002464325
       -0.0001075909   0.0002991103  -0.0005231285   0.0012855475  -0.0095292648
        0.0239211047   0.0543241314  -0.0122567765   0.0280451422  -0.0046142147
       -0.0016145009  -0.0031008974   0.0004855532   0.0002314700   0.0001358086
        0.0000096509   0.0000228250  -0.0000310768  -0.0000371077  -0.0000032695
       -0.0000243035   0.0000133199  -0.0000272984   0.0000067188   0.0000215086
       -0.0000045779   0.0000095708   0.0000189947   0.0000166016   0.0000054888
        0.0035718356  -0.0198034167   0.0265973492   0.0119670250  -0.0848766066
        0.0896955941  -0.0016309344   0.0041941881  -0.0088280477  -0.0000254225
        0.0004556748   0.0007744555  -0.0000198676  -0.0004973554  -0.0006093567
        0.0004784572  -0.0001365905   0.0000754310  -0.0000708356   0.0000443058
        0.0001289956   0.0000047743   0.0000115796  -0.0000340992   0.0006177452
       -0.0073889971  -0.0001334770  -0.0000422909   0.0004207489   0.0003738763
       -0.0000112597   0.0009178829   0.0005150135  -0.0004657556   0.0032739987
       -0.0044145556  -0.0122567765   0.1031469252  -0.1028512333  -0.0019689606
       -0.0000398509  -0.0008115444  -0.0001148155   0.0003002690  -0.0004869538
       -0.0000004317  -0.0000356853   0.0000047666  -0.0000136443   0.0000208004
        0.0000054856  -0.0000097107  -0.0000111712   0.0000065067   0.0000010409
       -0.0000004539  -0.0000025251  -0.0000101728   0.0000037543  -0.0000056813
        0.0000943813   0.0011276154   0.0018001847  -0.0207402949   0.0901444466
       -0.2302341389  -0.0070096262   0.0047765436  -0.0158063517   0.0003159633
        0.0006901881  -0.0002203345   0.0003213555  -0.0004533907   0.0008781640
       -0.0001162598   0.0000189103  -0.0001229792   0.0001950691  -0.0000694561
       -0.0001053420  -0.0000055505  -0.0000072684   0.0000566000   0.0000195360
       -0.0002039355   0.0010561577   0.0002942479  -0.0000450536   0.0002988423
       -0.0001542564  -0.0003839809   0.0006410034   0.0013527154   0.0087141071
       -0.0221821757   0.0280451422  -0.1028512333   0.2652206117  -0.0027617440
       -0.0014275828  -0.0011656797   0.0001108822  -0.0000073494  -0.0001220974
        0.0000096663   0.0000254723   0.0000033288  -0.0000123134  -0.0000372532
        0.0000149814   0.0000235300  -0.0000095567  -0.0000121847  -0.0000028565
       -0.0000002455   0.0000188137   0.0000204127  -0.0000009773  -0.0000174040
        0.0007353568   0.0008584770   0.0002666656  -0.0071567439   0.0097346366
       -0.0228001929  -0.0509804841   0.0237833294  -0.0411919539   0.0050338696
       -0.0109033777   0.0172656456  -0.0047649632   0.0005041304   0.0071166837
        0.0003403281  -0.0002957516   0.0004049333  -0.0001587508   0.0000080828
        0.0003056770   0.0000615566  -0.0000062293  -0.0000885080   0.0000713306
       -0.0005606291   0.0001689694   0.0001184774   0.0002385400   0.0001848979
       -0.0000725197   0.0000239291   0.0001724542   0.0002087049   0.0003620595
       -0.0002939951  -0.0046142147  -0.0019689606  -0.0027617440   0.0605749308
       -0.0250628298   0.0454555738   0.0003799533   0.0033172808  -0.0040332286
        0.0000920670  -0.0000803072  -0.0000706032   0.0001609777   0.0000312133
       -0.0000587792  -0.0000473329   0.0000824765  -0.0000070396   0.0000822975
       -0.0000122655  -0.0000259261  -0.0000648408  -0.0000538045  -0.0000095300
       -0.0004837056   0.0011301840  -0.0011386188  -0.0014487169   0.0043858153
       -0.0073431809   0.0220628756  -0.0986475156   0.0989041943  -0.0003240689
        0.0006195294  -0.0003137793   0.0006666405   0.0014147309  -0.0006759413
       -0.0006230971  -0.0003554981  -0.0010011250   0.0002105282   0.0001785941
       -0.0001246450   0.0000553169   0.0000159192   0.0000024739  -0.0002723961
       -0.0001908019   0.0001272043   0.0000530985  -0.0000869540   0.0000655200
        0.0000604335  -0.0000622796   0.0000029887   0.0003336664   0.0000296021
       -0.0000140400  -0.0016145009  -0.0000398509  -0.0014275828  -0.0250628298
        0.1105566019  -0.1130960793   0.0062879661  -0.0188517480   0.0261197437
        0.0000360714  -0.0000346850  -0.0000501559   0.0000769995  -0.0000324841
       -0.0000129419   0.0000288834   0.0000165117  -0.0000080828   0.0000120782
       -0.0000209109  -0.0000017794  -0.0000552431  -0.0000247604  -0.0000141724
        0.0007345004   0.0005071633   0.0006972826  -0.0062633687   0.0051517014
       -0.0134785125  -0.0387199121   0.0979472536  -0.2148651104  -0.0017798677
        0.0105759803  -0.0201937212   0.0048923977   0.0001988889  -0.0058836390
       -0.0005750470  -0.0004186054   0.0005715893  -0.0004611235   0.0000259646
        0.0003270411  -0.0002033882   0.0000225351   0.0000983167  -0.0002669895
       -0.0005535792   0.0002215919   0.0002908262   0.0001705498   0.0001792893
        0.0000231364  -0.0000055413  -0.0003361883   0.0003198896   0.0000589659
        0.0003453754  -0.0031008974  -0.0008115444  -0.0011656797   0.0454555738
       -0.1130960793   0.2503806661   0.0000861225   0.0001784147   0.0029699765
       -0.0001436214   0.0000890791   0.0000267335  -0.0002412517  -0.0000366971
        0.0000662911   0.0000282843  -0.0000624597   0.0000431657  -0.0000995760
        0.0000241714  -0.0000272749   0.0000243121   0.0000338385   0.0000228067
       -0.0037646418  -0.0019961939  -0.0024096458  -0.0003298186  -0.0243486521
       -0.0061988371  -0.0373906898   0.0344684120   0.0069275878  -0.0049764354
        0.0233158969   0.0088870570  -0.0005886791  -0.0011445601  -0.0016808082
       -0.0031668018  -0.0001722295   0.0010185012  -0.0015448773  -0.0006447929
       -0.0003047708  -0.0002839438   0.0000228427   0.0000982341  -0.0001038372
        0.0001655046  -0.0000495335  -0.0001755803  -0.0014528067  -0.0002720669
       -0.0001207829   0.0000754107   0.0000019045   0.0005549854  -0.0007771165
        0.0000741136   0.0004855532  -0.0001148155   0.0001108822   0.0003799533
        0.0062879661   0.0000861225   0.0509800601  -0.0335974224  -0.0061495532
        0.0002234829  -0.0001377064  -0.0001666573  -0.0001291775   0.0000693703
        0.0000434863   0.0000401000  -0.0000464343   0.0000412555  -0.0000493241
        0.0000103470  -0.0000498532  -0.0000395453   0.0000169799  -0.0000074187
       -0.0030967711  -0.0005072737  -0.0016261872  -0.0020134600  -0.0137122932
       -0.0040948542   0.0300079877  -0.2649049899  -0.0375334780   0.0046318295
       -0.0068675929  -0.0039843435  -0.0005423176   0.0005109543   0.0008403665
        0.0012512931  -0.0000703155  -0.0007268541  -0.0000409159   0.0001263068
        0.0003193931   0.0000454562   0.0000219064  -0.0000492658   0.0000235545
        0.0003323782  -0.0001823082  -0.0001501674  -0.0008864573  -0.0002111137
       -0.0001349141   0.0002533307   0.0002211499   0.0001579794   0.0003016891
        0.0003177877   0.0002314700   0.0003002690  -0.0000073494   0.0033172808
       -0.0188517480   0.0001784147  -0.0335974224   0.3038760077   0.0464570253
       -0.0001074341   0.0000408570   0.0000758822   0.0000423488   0.0000143155
       -0.0000054729  -0.0000415012   0.0000060786  -0.0000151694  -0.0000022166
        0.0000067271   0.0000136721   0.0000179203   0.0000098499   0.0000127050
       -0.0021877633  -0.0009121692  -0.0004465426  -0.0014091221  -0.0132473990
       -0.0023478001   0.0062724718  -0.0400065883  -0.0487660916   0.0035812646
       -0.0199267312  -0.0038165760   0.0006853584   0.0022600400  -0.0003242463
        0.0021786504  -0.0004292686  -0.0008413653   0.0005658188   0.0003525581
        0.0005302045   0.0001689714   0.0000231846  -0.0000602307  -0.0000839036
       -0.0000191891  -0.0000520582  -0.0000629896  -0.0007119784   0.0000426933
       -0.0000195010   0.0001964070  -0.0000076728   0.0004769704   0.0003443123
        0.0003567367   0.0001358086  -0.0004869538  -0.0001220974  -0.0040332286
        0.0261197437   0.0029699765  -0.0061495532   0.0464570253   0.0528409684
       -0.0001332815   0.0000471905   0.0000285640   0.0000164720  -0.0000526478
        0.0000222057  -0.0000157083   0.0000066718  -0.0000234605   0.0000294208
       -0.0000180609   0.0000162985  -0.0000161558   0.0000038529   0.0000004940
       -0.0000822661   0.0000201780   0.0000783732  -0.0002161861   0.0000713671
        0.0001157077  -0.0009484700  -0.0008963019  -0.0003830088   0.0006680221
        0.0003402816   0.0034463431   0.0008218751  -0.0000025530  -0.0009739417
       -0.0088535718   0.0247693358   0.0247100839  -0.0434047852  -0.0301212561
       -0.0236381838  -0.0057777502  -0.0155718859  -0.0160689393   0.0000374941
        0.0000182511  -0.0000247014   0.0000484989  -0.0000109844  -0.0000327047
       -0.0000765723  -0.0000010185  -0.0000107035  -0.0000409868  -0.0000533610
       -0.0000490480   0.0000096509  -0.0000004317   0.0000096663   0.0000920670
        0.0000360714  -0.0001436214   0.0002234829  -0.0001074341  -0.0001332815
        0.0592780465   0.0265628507   0.0201550094   0.0008604348  -0.0054684176
       -0.0034548120   0.0006539881  -0.0003596168   0.0005914272   0.0000990402
       -0.0003044665  -0.0002541315  -0.0033920120   0.0010793918  -0.0039395329
       -0.0000178654   0.0000231581   0.0000130932  -0.0000019305   0.0000170420
       -0.0000727032   0.0002349579   0.0001968652   0.0001422316  -0.0009768855
        0.0010805852  -0.0031334903  -0.0010442280   0.0001201050   0.0013366829
        0.0089853480  -0.0038600027  -0.0073113593  -0.0277590489  -0.1753343774
       -0.1045866380  -0.0002872434   0.0037319211   0.0018022539  -0.0000189245
       -0.0000137245   0.0000153408  -0.0000005377   0.0000089923   0.0000152205
        0.0000562309   0.0000632858  -0.0000264659   0.0000092614  -0.0000126380
        0.0000197648   0.0000228250  -0.0000356853   0.0000254723  -0.0000803072
       -0.0000346850   0.0000890791  -0.0001377064   0.0000408570   0.0000471905
        0.0265628507   0.1996044075   0.1252698601  -0.0064441599  -0.0274611280
       -0.0152232703   0.0004109658   0.0006977517   0.0005517044  -0.0001966210
        0.0001465388   0.0001664352   0.0006830187   0.0010207314   0.0008595974
       -0.0000645680   0.0000392369   0.0000284362   0.0000107757  -0.0000061933
       -0.0000676773   0.0006037640   0.0004854343   0.0001810145  -0.0015537444
        0.0004739592  -0.0008458223   0.0001740398  -0.0009660415   0.0002511262
        0.0138026795  -0.0169155533  -0.0181498953  -0.0245308355  -0.1033547638
       -0.1252663872  -0.0072631775  -0.0151577338  -0.0147217525   0.0000138334
       -0.0000110598  -0.0000543380  -0.0000186184   0.0000074734   0.0000098940
        0.0001102695  -0.0000534108   0.0000531503   0.0000423457   0.0000042542
        0.0000026968  -0.0000310768   0.0000047666   0.0000033288  -0.0000706032
       -0.0000501559   0.0000267335  -0.0001666573   0.0000758822   0.0000285640
        0.0201550094   0.1252698601   0.1523025878   0.0017179159   0.0101357469
        0.0083872177   0.0004173578  -0.0005246666   0.0001653855   0.0003724815
       -0.0001086236   0.0004552392  -0.0037211909   0.0006515886  -0.0027895016
       -0.0000775473  -0.0000031289  -0.0000254279   0.0001869967  -0.0000566170
       -0.0001156314   0.0001758053   0.0008872481   0.0001482368   0.0006465265
       -0.0023904765   0.0038828241   0.0004151331   0.0003659864  -0.0015971283
       -0.0212453261  -0.0207293849   0.0222330764  -0.0439974437  -0.0303711611
        0.0179038769   0.0019364555   0.0178918630  -0.0126300909   0.0000422931
        0.0000377323  -0.0000382035  -0.0000053202   0.0000131759  -0.0000094082
        0.0000239871  -0.0000143270   0.0000514479   0.0000905658   0.0000138075
        0.0000094463  -0.0000371077  -0.0000136443  -0.0000123134   0.0001609777
        0.0000769995  -0.0002412517  -0.0001291775   0.0000423488   0.0000164720
        0.0008604348  -0.0064441599   0.0017179159   0.0630837310   0.0388874376
       -0.0277510502  -0.0030555952   0.0012380446  -0.0037019479   0.0002910340
        0.0002499702  -0.0002506093   0.0006335770   0.0003182854   0.0004097668
       -0.0000140187   0.0000219629  -0.0000067530   0.0000683866   0.0000246958
        0.0000847119  -0.0000165111  -0.0002512577  -0.0000859075   0.0016331442
        0.0005946389   0.0015194046  -0.0000389653  -0.0004177623  -0.0016586634
       -0.0041131862   0.0051997758   0.0016118537  -0.0334093481  -0.2032670523
        0.0941185835   0.0011766345  -0.0060466336   0.0054470417   0.0000401682
       -0.0000000283  -0.0000259814  -0.0000135216  -0.0000098211  -0.0000134587
        0.0000387287  -0.0000525592   0.0000371888  -0.0000224042   0.0000087952
       -0.0000036775  -0.0000032695   0.0000208004  -0.0000372532   0.0000312133
       -0.0000324841  -0.0000366971   0.0000693703   0.0000143155  -0.0000526478
       -0.0054684176  -0.0274611280   0.0101357469   0.0388874376   0.2301821670
       -0.1113530085   0.0015182239   0.0007318318   0.0011154184   0.0000830577
       -0.0000325272  -0.0001225661  -0.0004467227   0.0007722703  -0.0006733352
        0.0000139081  -0.0000233662   0.0000355682  -0.0001585762   0.0000062291
        0.0000434461   0.0000977580  -0.0002100684  -0.0002756274  -0.0010964313
        0.0005369935   0.0012054809  -0.0001573821  -0.0001549262  -0.0001781388
        0.0182943789   0.0145616382  -0.0178813757   0.0165376214   0.0924830820
       -0.0981926127   0.0000974086   0.0178060884  -0.0116178471  -0.0000339097
       -0.0000012334  -0.0000119352   0.0000074817   0.0000054662   0.0000140581
        0.0000283086  -0.0000122118  -0.0000369162  -0.0000200806  -0.0000033244
       -0.0000253834  -0.0000243035   0.0000054856   0.0000149814  -0.0000587792
       -0.0000129419   0.0000662911   0.0000434863  -0.0000054729   0.0000222057
       -0.0034548120  -0.0152232703   0.0083872177  -0.0277510502  -0.1113530085
        0.1203560802  -0.0033376517   0.0013260554  -0.0025435576   0.0004128641
       -0.0001315767   0.0004337669   0.0005597607   0.0004003624   0.0001842979
        0.0000149222  -0.0000101568   0.0000069695  -0.0000480526  -0.0000001269
       -0.0000281095   0.0000761018  -0.0000750087  -0.0000122555  -0.0004091175
        0.0005455928  -0.0008526729  -0.0001424099  -0.0001174797   0.0005129817
        0.0023226445  -0.0008191852   0.0002914434   0.0028593136   0.0193435265
       -0.0137814590  -0.0559033400  -0.0485940926   0.0310307692  -0.0000423285
       -0.0000084017   0.0000187406   0.0000301473   0.0000029910   0.0000153090
       -0.0000069141   0.0000135212  -0.0000403564   0.0000205848  -0.0000019278
       -0.0000031683   0.0000133199  -0.0000097107   0.0000235300  -0.0000473329
        0.0000288834   0.0000282843   0.0000401000  -0.0000415012  -0.0000157083
        0.0006539881   0.0004109658   0.0004173578  -0.0030555952   0.0015182239
       -0.0033376517   0.0623635754   0.0541559664  -0.0318432716  -0.0084908687
       -0.0228297405   0.0158859927  -0.0002487384  -0.0035123392   0.0016832749
       -0.0000281496   0.0000122406  -0.0000111015  -0.0000055097   0.0000099541
       -0.0000118990  -0.0000840012   0.0000564779   0.0000048914  -0.0001509814
       -0.0001928991   0.0003292451   0.0000067353   0.0002004558  -0.0004153358
       -0.0002888310   0.0001223062  -0.0003782053   0.0017372710  -0.0072614514
        0.0071384977  -0.0477211857  -0.2112042328   0.1045833977   0.0000101657
        0.0000235828  -0.0000125721  -0.0000213546   0.0000001096  -0.0000026377
        0.0000089145   0.0000052131   0.0000254655  -0.0000083362  -0.0000085350
       -0.0000116299  -0.0000272984  -0.0000111712  -0.0000095567   0.0000824765
        0.0000165117  -0.0000624597  -0.0000464343   0.0000060786   0.0000066718
       -0.0003596168   0.0006977517  -0.0005246666   0.0012380446   0.0007318318
        0.0013260554   0.0541559664   0.2407593641  -0.1227196628  -0.0006687543
        0.0022987751  -0.0007030738  -0.0078291207  -0.0262623633   0.0114485761
        0.0000074493  -0.0000223906   0.0000379327   0.0000178520   0.0000026833
        0.0000056398   0.0000634795  -0.0000876456   0.0000489139   0.0003633072
        0.0000815146  -0.0001067123  -0.0001065247  -0.0000772445   0.0000905481
        0.0006355041  -0.0007203715   0.0005545949   0.0012460846   0.0192544863
       -0.0142587572   0.0299172393   0.1037656847  -0.1096816196  -0.0000095261
        0.0000006264   0.0000203061   0.0000124463  -0.0000051530  -0.0000099859
       -0.0000072311   0.0000175771  -0.0000463103   0.0000109576  -0.0000058655
        0.0000052229   0.0000067188   0.0000065067  -0.0000121847  -0.0000070396
       -0.0000080828   0.0000431657   0.0000412555  -0.0000151694  -0.0000234605
        0.0005914272   0.0005517044   0.0001653855  -0.0037019479   0.0011154184
       -0.0025435576  -0.0318432716  -0.1227196628   0.1262929101   0.0071182298
        0.0147851863  -0.0100094501  -0.0043564100  -0.0159198023   0.0094274184
       -0.0000470707  -0.0000184182  -0.0000048073  -0.0000306867   0.0000079626
        0.0000591136  -0.0004101167   0.0003062492  -0.0001476658  -0.0006708090
       -0.0005746408   0.0017603860   0.0001972946   0.0000850579  -0.0005914374
       -0.0055295956   0.0019087977  -0.0044505592  -0.0217625138   0.0039141288
        0.0101441008  -0.2206592638   0.0303138689   0.1076864452   0.0000298026
        0.0000234580  -0.0000130437  -0.0000061099   0.0000032462  -0.0000064430
        0.0000177942   0.0000259415   0.0000276550  -0.0000186537  -0.0000209287
       -0.0000023571   0.0000215086   0.0000010409  -0.0000028565   0.0000822975
        0.0000120782  -0.0000995760  -0.0000493241  -0.0000022166   0.0000294208
        0.0000990402  -0.0001966210   0.0003724815   0.0002910340   0.0000830577
        0.0004128641  -0.0084908687  -0.0006687543   0.0071182298   0.2554358392
       -0.0360592728  -0.1232675767   0.0015004017   0.0008559648   0.0009756261
       -0.0000019330   0.0000081716  -0.0000005368   0.0000147750   0.0000098454
       -0.0000012767   0.0000781840  -0.0001061365   0.0000210372   0.0001574596
        0.0002562473  -0.0004297024  -0.0000957890  -0.0000581147   0.0001144694
        0.0016834490   0.0000552852   0.0010977646   0.0055846401  -0.0009549619
       -0.0026251560   0.0301737260  -0.0475990991  -0.0184738766   0.0000037155
       -0.0000050453   0.0000002407   0.0000018784   0.0000017948  -0.0000000211
       -0.0000002020  -0.0000046174   0.0000021028   0.0000022445   0.0000007292
       -0.0000014911  -0.0000045779  -0.0000004539  -0.0000002455  -0.0000122655
       -0.0000209109   0.0000241714   0.0000103470   0.0000067271  -0.0000180609
       -0.0003044665   0.0001465388  -0.0001086236   0.0002499702  -0.0000325272
       -0.0001315767  -0.0228297405   0.0022987751   0.0147851863  -0.0360592728
        0.0514650940   0.0210192585   0.0213478580  -0.0054673417  -0.0152736633
       -0.0000230127  -0.0000097552   0.0000067286  -0.0000543812  -0.0000017627
        0.0000126299  -0.0002237647   0.0002103625  -0.0000772845  -0.0013159276
        0.0002194366   0.0003169933   0.0002195274  -0.0001750722   0.0002377474
       -0.0040519347   0.0010804949  -0.0013535210  -0.0140568706   0.0023806455
        0.0078316207   0.1094437883  -0.0188697363  -0.1068513116  -0.0000124240
        0.0000038687  -0.0000096488   0.0000067407   0.0000089556   0.0000098648
        0.0000153794   0.0000099759  -0.0000016571  -0.0000016413  -0.0000081593
       -0.0000050921   0.0000095708  -0.0000025251   0.0000188137  -0.0000259261
       -0.0000017794  -0.0000272749  -0.0000498532   0.0000136721   0.0000162985
       -0.0002541315   0.0001664352   0.0004552392  -0.0002506093  -0.0001225661
        0.0004337669   0.0158859927  -0.0007030738  -0.0100094501  -0.1232675767
        0.0210192585   0.1213014683   0.0180070542  -0.0052186752  -0.0123059312
       -0.0000181880   0.0000188270   0.0000100442   0.0000185266   0.0000115162
       -0.0000204683   0.0001595904   0.0000632714   0.0000652530  -0.0005338251
        0.0001645258  -0.0011198939   0.0000419117  -0.0001936527   0.0005905954
        0.0024022845  -0.0002924169   0.0006160394  -0.0059073638  -0.0170123903
       -0.0174379212  -0.0453162888  -0.0197265514  -0.0147961729  -0.0000054665
       -0.0000124938  -0.0000074858   0.0000217055   0.0000103932   0.0000122762
        0.0000332735  -0.0000108037  -0.0000086472   0.0000321848   0.0000024829
        0.0000097423   0.0000189947  -0.0000101728   0.0000204127  -0.0000648408
       -0.0000552431   0.0000243121  -0.0000395453   0.0000179203  -0.0000161558
       -0.0033920120   0.0006830187  -0.0037211909   0.0006335770  -0.0004467227
        0.0005597607  -0.0002487384  -0.0078291207  -0.0043564100   0.0015004017
        0.0213478580   0.0180070542   0.0506638184   0.0232697548   0.0215688560
        0.0000028385   0.0000142242  -0.0000116554   0.0000314655   0.0000068582
        0.0000319743   0.0000488751   0.0000076795  -0.0000213956   0.0001712142
       -0.0002165973   0.0000776279   0.0000740446  -0.0000819799   0.0001338082
       -0.0007524167   0.0004527109   0.0002037648  -0.0011126361   0.0043697154
        0.0014174461  -0.0204744056  -0.1917622980  -0.1190742821   0.0000083684
       -0.0000188294   0.0000046718   0.0000083443  -0.0000064770   0.0000016784
        0.0000086681  -0.0000193283   0.0000037659  -0.0000051951   0.0000054195
        0.0000101999   0.0000166016   0.0000037543  -0.0000009773  -0.0000538045
       -0.0000247604   0.0000338385   0.0000169799   0.0000098499   0.0000038529
        0.0010793918   0.0010207314   0.0006515886   0.0003182854   0.0007722703
        0.0004003624  -0.0035123392  -0.0262623633  -0.0159198023   0.0008559648
       -0.0054673417  -0.0052186752   0.0232697548   0.2171967618   0.1372722082
       -0.0000179660   0.0000165714   0.0000187244   0.0000532698   0.0000208307
        0.0000145232   0.0000883569  -0.0000289486   0.0000574328   0.0002231399
       -0.0004021341  -0.0000747804   0.0001025983   0.0000453393   0.0000095284
        0.0008919156   0.0005675205   0.0008115392  -0.0065304524  -0.0160373726
       -0.0169930048  -0.0155570470  -0.1177955534  -0.1394902078   0.0000031820
       -0.0000022735  -0.0000006678   0.0000050520  -0.0000034358  -0.0000031027
        0.0000402374  -0.0000092961  -0.0000200237   0.0000111825   0.0000025178
        0.0000168333   0.0000054888  -0.0000056813  -0.0000174040  -0.0000095300
       -0.0000141724   0.0000228067  -0.0000074187   0.0000127050   0.0000004940
       -0.0039395329   0.0008595974  -0.0027895016   0.0004097668  -0.0006733352
        0.0001842979   0.0016832749   0.0114485761   0.0094274184   0.0009756261
       -0.0152736633  -0.0123059312   0.0215688560   0.1372722082   0.1611310256
