           1           2   1.02112588730091     
           2           3  0.990005500903766     
           3           4  0.978395204488434     
           4           5   1.69047274189235     
           4           6   1.16947343756358     
           5           6  0.170942680238801     
           6           7  0.918374190076849     
           7           8   1.01922989323116     
           1           9  0.986240973272064     
           1          10  0.985982975276485     
           1          11  0.987646314115161     
           2          12  0.975614196437045     
           2          13  0.976995449825709     
           3          14  0.971121710771502     
           3          15  0.944891588357415     
           7          16  0.967979611613268     
           7          17  0.969495793799698     
           8          18  0.983271251232566     
           8          19  0.980074237367623     
           8          20  0.984076495722518     
