           1           2   1.01840970840458     
           2           3   1.00477312367373     
           3           4  0.974096540479546     
           4           5  0.979656938508824     
           5           6   1.69686944887727     
           5           7   1.16340360239681     
           6           7  0.170057178663864     
           7           8  0.938841002703836     
           1           9  0.987380230964565     
           1          10  0.987542953243428     
           1          11  0.986015428756189     
           2          12  0.977577866633956     
           2          13  0.977829423475444     
           3          14  0.977027576180223     
           3          15  0.977674557871775     
           4          16  0.968714944764098     
           4          17  0.964992846554568     
           8          18  0.976386256635550     
           8          19  0.976697745123236     
           8          20  0.976176372785728     
