           1           2   1.01963640092845     
           2           3   1.00385729518801     
           3           4  0.981672600507316     
           4           5   1.69811030374449     
           4           6   1.15902385757195     
           5           6  0.168312778584393     
           6           7  0.919396943957083     
           7           8   1.01360942882145     
           1           9  0.986143863584658     
           1          10  0.986863298154835     
           1          11  0.986815722947914     
           2          12  0.978276632916227     
           2          13  0.976666103511223     
           3          14  0.938102655851548     
           3          15  0.959137235280466     
           7          16  0.970155186049423     
           7          17  0.969003725690079     
           8          18  0.985888105157846     
           8          19  0.980178558252692     
           8          20  0.984419651500591     
