$hessian                                                                        
        0.4959539437   0.0228762850  -0.0217605520  -0.1101688242   0.0451414977
       -0.0446904052  -0.0170299595   0.0168187557  -0.0089906162   0.0006034609
       -0.0004195806   0.0002703001  -0.0003035921  -0.0001119495  -0.0002789482
       -0.0802887992  -0.0488701252  -0.0701842731  -0.1100865166  -0.0986020344
        0.0447343556  -0.1736432383   0.0600680451   0.1029153958   0.0078506565
       -0.0079794498   0.0078693747  -0.0095138874   0.0083450430  -0.0110130968
        0.0009685547  -0.0008649604  -0.0006878055  -0.0030802802   0.0024769724
        0.0019388552  -0.0000023972   0.0002494986  -0.0001213876  -0.0012476785
        0.0008249271  -0.0000050417   0.0000099984  -0.0000051840  -0.0000234014
       -0.0000214410   0.0000522594   0.0000272465
        0.0228762850   0.5007037112   0.0198207861   0.0439108330  -0.1158853019
        0.0460690112   0.0120239146  -0.0106672342   0.0040733454   0.0000246604
       -0.0002517217  -0.0000521697   0.0000163249  -0.0001030460   0.0001773713
       -0.0488064453  -0.1062728669  -0.0933912604  -0.0985819469  -0.1854352807
        0.0634325736   0.0601996271  -0.0720322811  -0.0494470451   0.0128486970
       -0.0183877070   0.0164829552  -0.0066723100   0.0079681749  -0.0070910704
        0.0001994730   0.0004495948   0.0010082113   0.0025169583  -0.0007136896
       -0.0013571515  -0.0000864084   0.0000270368   0.0000500162  -0.0005812300
        0.0004104654   0.0002285734   0.0001151740   0.0001720839  -0.0000821938
       -0.0000036067   0.0000180619   0.0000780473
       -0.0217605520   0.0198207861   0.5037524113  -0.0431187906   0.0453691794
       -0.1089155070   0.0061467530  -0.0077532388   0.0077173836  -0.0005945614
        0.0001467168  -0.0003867404   0.0003062237   0.0000013832   0.0002355703
       -0.0701700605  -0.0933383337  -0.1826090791   0.0446698894   0.0636548207
       -0.0733514880   0.1026631689  -0.0492169947  -0.1230870703  -0.0071008692
        0.0110056040  -0.0082726658  -0.0160130968   0.0136521572  -0.0162038355
        0.0012030601  -0.0004098751   0.0013103538   0.0029329243  -0.0024131424
       -0.0006828492   0.0001539313  -0.0001283608   0.0001704988   0.0007031025
       -0.0005668790   0.0003037408   0.0000201376   0.0001146530  -0.0000264536
       -0.0000412603   0.0000615241   0.0000457303
       -0.1101688242   0.0439108330  -0.0431187906   0.4802931115   0.0377502440
        0.0121367038  -0.1277628170   0.0404216716   0.0478648149  -0.0196778353
        0.0040661663   0.0138037946   0.0000276151  -0.0000991849   0.0001592987
       -0.0097257943   0.0073032346  -0.0108079069   0.0094598845  -0.0080427998
        0.0074874437  -0.0164328395   0.0162246898  -0.0117268016  -0.1164087034
       -0.0970266082   0.0482738172  -0.0801601991  -0.0503494218  -0.0694937093
        0.0065084207  -0.0033569695  -0.0039722108  -0.0135255580   0.0101691897
        0.0080116077  -0.0026563382  -0.0023022331   0.0015385039   0.0007039899
        0.0009391850  -0.0005234377  -0.0006376497   0.0000425303   0.0004158743
        0.0001635371   0.0003494731  -0.0000490018
        0.0451414977  -0.1158853019   0.0453691794   0.0377502440   0.5050634513
        0.0073506806   0.0364359845  -0.0912157729  -0.0305500943  -0.0106584429
        0.0090738393   0.0083414552   0.0002099865   0.0002152681  -0.0001489509
       -0.0070956737   0.0086665650  -0.0067546839   0.0127448999  -0.0182186459
        0.0157012290   0.0094254901  -0.0086217403   0.0061147464  -0.0970157186
       -0.1633412038   0.0618041220  -0.0500767902  -0.1049961443  -0.0883349621
        0.0104615781  -0.0080741666  -0.0113495084   0.0169430009  -0.0117726457
       -0.0103732071  -0.0036056493  -0.0017122940   0.0022116235  -0.0000080671
        0.0009115728   0.0001573174  -0.0005580733  -0.0001590087   0.0004061029
       -0.0000942666   0.0000662275   0.0000549503
       -0.0446904052   0.0460690112  -0.1089155070   0.0121367038   0.0073506806
        0.4967657822   0.0473782508  -0.0329052022  -0.1045855384   0.0114728240
       -0.0006971070  -0.0073460063   0.0000797294  -0.0004007818  -0.0003243561
       -0.0165929916   0.0131188223  -0.0170393251  -0.0059940423   0.0099318547
       -0.0077629426   0.0093820496  -0.0091847475   0.0081066370   0.0485078438
        0.0619675147  -0.0770256753  -0.0692438831  -0.0885005322  -0.1722332263
        0.0168558525  -0.0146106442  -0.0177708115  -0.0096830646   0.0075933272
        0.0074010958   0.0017469749   0.0013306606   0.0000411282  -0.0001934931
       -0.0005194669   0.0002329134  -0.0009526098  -0.0005933558   0.0005599022
       -0.0002097392   0.0000499664  -0.0001040704
       -0.0170299595   0.0120239146   0.0061467530  -0.1277628170   0.0364359845
        0.0473782508   0.4797397692  -0.0093025298   0.0411564543  -0.1210550362
       -0.0496208889   0.0290423635  -0.0204716748  -0.0175345202  -0.0005325236
        0.0004521707   0.0000605090   0.0009496681   0.0003676834  -0.0004747066
        0.0002836515  -0.0021049106   0.0026469465  -0.0017787649  -0.0179100552
        0.0069560597   0.0142947479   0.0073980240  -0.0030541998  -0.0040380946
       -0.0810410799  -0.0409322708  -0.0774660904  -0.0883371486   0.0716799353
       -0.0606908141  -0.0175133068  -0.0124988687   0.0102117061   0.0073029817
        0.0048267915  -0.0022683630  -0.0000975577   0.0006735157   0.0005144705
       -0.0019370824  -0.0018856719  -0.0032034152
        0.0168187557  -0.0106672342  -0.0077532388   0.0404216716  -0.0912157729
       -0.0329052022  -0.0093025298   0.4844932507  -0.0046847097  -0.0523866891
       -0.1164154238   0.0287620114  -0.0145249881  -0.0093724724  -0.0014145807
       -0.0008955712   0.0007898638  -0.0003275274  -0.0001476002   0.0003963682
       -0.0004940390   0.0025754851  -0.0022057114   0.0017891927  -0.0142514283
        0.0069280280   0.0114847571   0.0115826606  -0.0081337897  -0.0121051831
       -0.0412452063  -0.0874799564  -0.0796563943   0.0719469884  -0.1538184106
        0.0909059889   0.0075986677   0.0071094317  -0.0046066496  -0.0162530487
       -0.0200066733   0.0124875698  -0.0004533708   0.0001777118   0.0003684647
       -0.0014837965  -0.0005792093  -0.0018504597
       -0.0089906162   0.0040733454   0.0077173836   0.0478648149  -0.0305500943
       -0.1045855384   0.0411564543  -0.0046847097   0.5168595030   0.0304064666
        0.0277373006  -0.0804412063  -0.0181393177  -0.0142698574   0.0073287581
       -0.0008467367   0.0008286455   0.0010823008   0.0001909445  -0.0000515509
        0.0004892400  -0.0028756883   0.0027054817  -0.0008429383   0.0115658360
       -0.0044842213  -0.0080336762   0.0163709390  -0.0127966399  -0.0164662323
       -0.0765858255  -0.0788712783  -0.1884438324  -0.0608009810   0.0902844682
       -0.1188497192   0.0150891603   0.0110557443  -0.0078385620   0.0097752746
        0.0123097039  -0.0056954050  -0.0001021026  -0.0006315157   0.0009465465
       -0.0040786225  -0.0026548222  -0.0032266221
        0.0006034609   0.0000246604  -0.0005945614  -0.0196778353  -0.0106584429
        0.0114728240  -0.1210550362  -0.0523866891   0.0304064666   0.4729070981
       -0.0291711671  -0.0269253583  -0.1212471340  -0.0357562057  -0.0597626696
       -0.0002212127  -0.0000396686   0.0001321662  -0.0010661229   0.0002755865
        0.0004497025   0.0001443829  -0.0001776378  -0.0000836115  -0.0029523465
        0.0015639257   0.0024511102   0.0006305127  -0.0006194363  -0.0008604930
       -0.0113286584  -0.0112503635   0.0030187470   0.0069932660   0.0057635594
       -0.0028468191  -0.1227320655   0.0683809526   0.0824568667  -0.0732645980
        0.0618900082  -0.0304877847   0.0104844453   0.0067678448   0.0121361463
       -0.0182181566  -0.0046069264  -0.0209627317
       -0.0004195806  -0.0002517217   0.0001467168   0.0040661663   0.0090738393
       -0.0006971070  -0.0496208889  -0.1164154238   0.0277373006  -0.0291711671
        0.4805094102   0.0107630996  -0.0130771892  -0.0672919044  -0.0196651876
        0.0000822410  -0.0000284466   0.0000179300   0.0009081680  -0.0001054385
       -0.0003513496   0.0003717548   0.0000346084   0.0000204182   0.0026872965
       -0.0000067400  -0.0022888031  -0.0000811742   0.0006751407  -0.0001520684
       -0.0109687457  -0.0098822741   0.0028446717  -0.0155166136  -0.0195131571
        0.0109253254   0.0692784556  -0.0983189350  -0.0659135673   0.0664898820
       -0.1634669002   0.0708185111  -0.0095605479  -0.0073711644  -0.0179999775
       -0.0154680570  -0.0076408929  -0.0162059130
        0.0002703001  -0.0000521697  -0.0003867404   0.0138037946   0.0083414552
       -0.0073460063   0.0290423635   0.0287620114  -0.0804412063  -0.0269253583
        0.0107630996   0.4719861938  -0.0581848571  -0.0477595264  -0.1567785211
       -0.0000348283  -0.0000469094  -0.0000571768  -0.0005353857   0.0005412088
        0.0004753621  -0.0000027474   0.0002098054  -0.0001163275   0.0031576670
       -0.0012242743  -0.0015862389  -0.0001507466   0.0003016203   0.0002915603
       -0.0157563778  -0.0159594146   0.0049275361   0.0116756010   0.0154271584
       -0.0070957591   0.0847727836  -0.0665292897  -0.1258145536  -0.0320726993
        0.0662906534  -0.0802098385  -0.0136830550  -0.0048921825  -0.0233559527
        0.0046235458   0.0058267540   0.0055076688
       -0.0003035921   0.0000163249   0.0003062237   0.0000276151   0.0002099865
        0.0000797294  -0.0204716748  -0.0145249881  -0.0181393177  -0.1212471340
       -0.0130771892  -0.0581848571   0.5098872307   0.1033427932  -0.1264263321
        0.0001586223   0.0000370699  -0.0000678903   0.0001637863  -0.0002775490
       -0.0001558969  -0.0000909940  -0.0000555421   0.0001827376  -0.0000793937
       -0.0002642384  -0.0001546131  -0.0009402031  -0.0003757418  -0.0003719242
       -0.0038757760  -0.0038425150   0.0008686014   0.0011539150   0.0011303059
       -0.0000862680   0.0094892242   0.0031678680   0.0102881157  -0.0175253298
       -0.0007816465  -0.0274842651  -0.1533846179   0.1024502396   0.1125605383
       -0.2029616781  -0.1771551780   0.1067854185
       -0.0001119495  -0.0001030460   0.0000013832  -0.0000991849   0.0002152681
       -0.0004007818  -0.0175345202  -0.0093724724  -0.0142698574  -0.0357562057
       -0.0672919044  -0.0477595264   0.1033427932   0.3689357429   0.1053493114
        0.0000210593   0.0000149380  -0.0000125909  -0.0001634327   0.0003308209
       -0.0001804272   0.0000294112   0.0000584112  -0.0000570577   0.0003870768
        0.0001267151  -0.0001235672   0.0004304862   0.0001036467   0.0003139563
       -0.0037188091  -0.0026423897   0.0006855166   0.0010365141   0.0017398058
       -0.0010521464  -0.0088093308  -0.0067569610  -0.0175520749   0.0086787940
        0.0096919540   0.0132224538   0.0904125769  -0.1324193124  -0.1083385137
       -0.1381452788  -0.1626312168   0.0701739221
       -0.0002789482   0.0001773713   0.0002355703   0.0001592987  -0.0001489509
       -0.0003243561  -0.0005325236  -0.0014145807   0.0073287581  -0.0597626696
       -0.0196651876  -0.1567785211  -0.1264263321   0.1053493114   0.4640460453
        0.0002269335   0.0000597782   0.0000423089   0.0002038655  -0.0004646944
       -0.0001127760  -0.0001650272  -0.0000535990   0.0001789353   0.0000679619
       -0.0000159193   0.0001132277   0.0009208713   0.0008774651   0.0002830192
        0.0017321007   0.0017614531   0.0007351459   0.0004003857  -0.0003993439
        0.0008325575  -0.0117832461  -0.0131887800  -0.0269773902  -0.0251060722
        0.0000049994  -0.0297613149   0.1352243099  -0.1441810012  -0.1693081310
        0.0851190918   0.0713016787  -0.0905330787
       -0.0802887992  -0.0488064453  -0.0701700605  -0.0097257943  -0.0070956737
       -0.0165929916   0.0004521707  -0.0008955712  -0.0008467367  -0.0002212127
        0.0000822410  -0.0000348283   0.0001586223   0.0000210593   0.0002269335
        0.0918300104   0.0547055979   0.0848859537  -0.0086572629  -0.0134361080
       -0.0141804487   0.0081603096   0.0126647310   0.0187448473   0.0005060995
       -0.0002972056   0.0005968263  -0.0020970486   0.0026674122  -0.0031750420
       -0.0002737292   0.0006398998   0.0003842321   0.0002339845  -0.0001011652
        0.0001484466  -0.0000260340   0.0000283316   0.0000037720  -0.0001172823
       -0.0002739562  -0.0000558380   0.0000284714   0.0001043482   0.0000220483
        0.0000374948  -0.0000074959   0.0000428861
       -0.0488701252  -0.1062728669  -0.0933383337   0.0073032346   0.0086665650
        0.0131188223   0.0000605090   0.0007898638   0.0008286455  -0.0000396686
       -0.0000284466  -0.0000469094   0.0000370699   0.0000149380   0.0000597782
        0.0547055979   0.1218712114   0.1076616110  -0.0123479554  -0.0170762926
       -0.0197333045  -0.0036480698  -0.0072393245  -0.0112306256   0.0002404537
        0.0006976476   0.0002345772   0.0027967615  -0.0012113574   0.0025957178
        0.0000092895  -0.0000225382  -0.0001642241  -0.0000863316   0.0000365542
        0.0000374498  -0.0000555392   0.0000151951   0.0000369196  -0.0001823254
       -0.0001586466  -0.0000860213   0.0000433484  -0.0000559652   0.0000611656
        0.0000337506  -0.0000265372  -0.0000352685
       -0.0701842731  -0.0933912604  -0.1826090791  -0.0108079069  -0.0067546839
       -0.0170393251   0.0009496681  -0.0003275274   0.0010823008   0.0001321662
        0.0000179300  -0.0000571768  -0.0000678903  -0.0000125909   0.0000423089
        0.0848859537   0.1076616110   0.2124572321   0.0033627960   0.0040744913
        0.0072660812  -0.0057451659  -0.0137402922  -0.0189382732   0.0002337716
       -0.0003840710  -0.0000336298  -0.0027644348   0.0027976996  -0.0026098277
       -0.0002686908   0.0001927694   0.0004451660   0.0003194067  -0.0001320183
       -0.0000321922   0.0000339667  -0.0000120010   0.0000115436  -0.0001480914
       -0.0000645287   0.0000180768   0.0000600042   0.0001012284  -0.0000391976
        0.0000087201  -0.0000267559   0.0000359922
       -0.1100865166  -0.0985819469   0.0446698894   0.0094598845   0.0127448999
       -0.0059940423   0.0003676834  -0.0001476002   0.0001909445  -0.0010661229
        0.0009081680  -0.0005353857   0.0001637863  -0.0001634327   0.0002038655
       -0.0086572629  -0.0123479554   0.0033627960   0.1288454731   0.1135669362
       -0.0519020258  -0.0172426716  -0.0193337752   0.0113892048  -0.0009638133
        0.0030905103  -0.0022659986   0.0006984335   0.0002267544   0.0002756494
       -0.0000677483  -0.0000712538   0.0000037191  -0.0000904379  -0.0001908529
        0.0000230778   0.0002258862  -0.0001769436   0.0000509567  -0.0013646763
        0.0003690574   0.0007900645  -0.0001111461   0.0000719873  -0.0002166459
       -0.0001107513   0.0000354474  -0.0000460696
       -0.0986020344  -0.1854352807   0.0636548207  -0.0080427998  -0.0182186459
        0.0099318547  -0.0004747066   0.0003963682  -0.0000515509   0.0002755865
       -0.0001054385   0.0005412088  -0.0002775490   0.0003308209  -0.0004646944
       -0.0134361080  -0.0170762926   0.0040744913   0.1135669362   0.2144141426
       -0.0770216463   0.0040240586   0.0071242163  -0.0028405605   0.0027732950
       -0.0028102260   0.0033319708  -0.0003077182   0.0008261503  -0.0005521577
       -0.0001849222  -0.0002655132  -0.0000112209  -0.0002170978   0.0001318273
       -0.0001248630  -0.0001679877   0.0001335986  -0.0000808961   0.0009362399
        0.0007010770  -0.0006552044   0.0001102789  -0.0000441152   0.0002045423
        0.0000245287  -0.0001026892   0.0000639058
        0.0447343556   0.0634325736  -0.0733514880   0.0074874437   0.0157012290
       -0.0077629426   0.0002836515  -0.0004940390   0.0004892400   0.0004497025
       -0.0003513496   0.0004753621  -0.0001558969  -0.0001804272  -0.0001127760
       -0.0141804487  -0.0197333045   0.0072660812  -0.0519020258  -0.0770216463
        0.0838428300   0.0145889027   0.0151653085  -0.0085729098  -0.0022867734
        0.0033381669  -0.0021145058   0.0006054859   0.0002385808   0.0000956658
       -0.0000953338  -0.0000543126  -0.0001111466   0.0001360508  -0.0000357027
       -0.0000565309   0.0000121069   0.0000069400  -0.0000996673   0.0005063036
       -0.0000806226   0.0002594313  -0.0001580500   0.0000037337  -0.0002096635
       -0.0000254746   0.0000648719  -0.0000369798
       -0.1736432383   0.0601996271   0.1026631689  -0.0164328395   0.0094254901
        0.0093820496  -0.0021049106   0.0025754851  -0.0028756883   0.0001443829
        0.0003717548  -0.0000027474  -0.0000909940   0.0000294112  -0.0001650272
        0.0081603096  -0.0036480698  -0.0057451659  -0.0172426716   0.0040240586
        0.0145889027   0.2012189026  -0.0729240362  -0.1185860455   0.0007566525
       -0.0002885583   0.0002943286  -0.0001648540  -0.0002627466   0.0002189352
        0.0000624573  -0.0001733617  -0.0002335752  -0.0009187601   0.0007190469
        0.0005110480   0.0000584053  -0.0000189208  -0.0000432148   0.0001825303
        0.0000158751  -0.0001376533  -0.0000364196  -0.0000092460   0.0000961633
        0.0000510471  -0.0000358096   0.0000345214
        0.0600680451  -0.0720322811  -0.0492169947   0.0162246898  -0.0086217403
       -0.0091847475   0.0026469465  -0.0022057114   0.0027054817  -0.0001776378
        0.0000346084   0.0002098054  -0.0000555421   0.0000584112  -0.0000535990
        0.0126647310  -0.0072393245  -0.0137402922  -0.0193337752   0.0071242163
        0.0151653085  -0.0729240362   0.0831597152   0.0551803101   0.0002631918
       -0.0000811586  -0.0005564219  -0.0003249427   0.0003867582  -0.0002074053
       -0.0001590695   0.0001167067   0.0002350623   0.0009791389  -0.0007041458
       -0.0003969294  -0.0000570763   0.0000899048  -0.0000803339   0.0001439588
       -0.0000914146  -0.0000664621   0.0000297815  -0.0000033081   0.0000231850
        0.0000115963   0.0000087637  -0.0000159671
        0.1029153958  -0.0494470451  -0.1230870703  -0.0117268016   0.0061147464
        0.0081066370  -0.0017787649   0.0017891927  -0.0008429383  -0.0000836115
        0.0000204182  -0.0001163275   0.0001827376  -0.0000570577   0.0001789353
        0.0187448473  -0.0112306256  -0.0189382732   0.0113892048  -0.0028405605
       -0.0085729098  -0.1185860455   0.0551803101   0.1418036686  -0.0003147515
       -0.0002413891   0.0005365697  -0.0001182837   0.0001843489   0.0004700185
       -0.0000098483   0.0001920245   0.0000164159  -0.0004799724   0.0004890327
        0.0004000273  -0.0000416614  -0.0000566562   0.0000214022  -0.0000386634
       -0.0001659501   0.0000440431  -0.0000323398   0.0000553499  -0.0000213074
       -0.0000214415   0.0000138609   0.0000011089
        0.0078506565   0.0128486970  -0.0071008692  -0.1164087034  -0.0970157186
        0.0485078438  -0.0179100552  -0.0142514283   0.0115658360  -0.0029523465
        0.0026872965   0.0031576670  -0.0000793937   0.0003870768   0.0000679619
        0.0005060995   0.0002404537   0.0002337716  -0.0009638133   0.0027732950
       -0.0022867734   0.0007566525   0.0002631918  -0.0003147515   0.1394226868
        0.1072484569  -0.0574587847  -0.0097510554  -0.0140266433   0.0033855424
        0.0004899654  -0.0002076407  -0.0002176145  -0.0003399677  -0.0004988477
       -0.0000146799  -0.0011332238  -0.0007093126   0.0005923930   0.0000313495
        0.0002689535  -0.0001968797   0.0003112650   0.0000714553   0.0000551300
        0.0001698840  -0.0000792853   0.0000242071
       -0.0079794498  -0.0183877070   0.0110056040  -0.0970266082  -0.1633412038
        0.0619675147   0.0069560597   0.0069280280  -0.0044842213   0.0015639257
       -0.0000067400  -0.0012242743  -0.0002642384   0.0001267151  -0.0000159193
       -0.0002972056   0.0006976476  -0.0003840710   0.0030905103  -0.0028102260
        0.0033381669  -0.0002885583  -0.0000811586  -0.0002413891   0.1072484569
        0.1922650585  -0.0738517780  -0.0141533438  -0.0167424461   0.0043750275
        0.0001555810   0.0002530881   0.0001866900   0.0003110321   0.0008021324
       -0.0004799361   0.0003354283   0.0002465132  -0.0001994790   0.0000894495
       -0.0000055226  -0.0001108083   0.0001755360   0.0000787078   0.0000614520
        0.0000834247  -0.0000228866   0.0000574212
        0.0078693747   0.0164829552  -0.0082726658   0.0482738172   0.0618041220
       -0.0770256753   0.0142947479   0.0114847571  -0.0080336762   0.0024511102
       -0.0022888031  -0.0015862389  -0.0001546131  -0.0001235672   0.0001132277
        0.0005968263   0.0002345772  -0.0000336298  -0.0022659986   0.0033319708
       -0.0021145058   0.0002943286  -0.0005564219   0.0005365697  -0.0574587847
       -0.0738517780   0.0891480839  -0.0141433943  -0.0179336798   0.0073381267
        0.0000477839   0.0004233725  -0.0001985748  -0.0004984563   0.0002626749
        0.0006828693   0.0008166671   0.0005971389  -0.0005539377  -0.0002176222
       -0.0000882217  -0.0000148103   0.0001685113   0.0002146477  -0.0001124225
       -0.0000742979   0.0000062556   0.0001272598
       -0.0095138874  -0.0066723100  -0.0160130968  -0.0801601991  -0.0500767902
       -0.0692438831   0.0073980240   0.0115826606   0.0163709390   0.0006305127
       -0.0000811742  -0.0001507466  -0.0009402031   0.0004304862   0.0009208713
       -0.0020970486   0.0027967615  -0.0027644348   0.0006984335  -0.0003077182
        0.0006054859  -0.0001648540  -0.0003249427  -0.0001182837  -0.0097510554
       -0.0141533438  -0.0141433943   0.0967335706   0.0555189995   0.0817787777
       -0.0024697354   0.0024814385   0.0033814861   0.0003744697  -0.0001164809
        0.0000858671   0.0000776504   0.0000079045  -0.0003558482  -0.0000499223
        0.0000219069  -0.0001546653  -0.0009892891  -0.0011549918  -0.0000068978
        0.0002235334   0.0000475940  -0.0001921764
        0.0083450430   0.0079681749   0.0136521572  -0.0503494218  -0.1049961443
       -0.0885005322  -0.0030541998  -0.0081337897  -0.0127966399  -0.0006194363
        0.0006751407   0.0003016203  -0.0003757418   0.0001036467   0.0008774651
        0.0026674122  -0.0012113574   0.0027976996   0.0002267544   0.0008261503
        0.0002385808  -0.0002627466   0.0003867582   0.0001843489  -0.0140266433
       -0.0167424461  -0.0179336798   0.0555189995   0.1224897932   0.1032543609
        0.0025358799  -0.0012134634  -0.0020001695  -0.0001773394  -0.0003116080
       -0.0001274475  -0.0001536070  -0.0000960278   0.0000133702   0.0000404352
       -0.0001370432   0.0000530322  -0.0002954219   0.0005434433  -0.0001129419
       -0.0000199663  -0.0001512274   0.0000987757
       -0.0110130968  -0.0070910704  -0.0162038355  -0.0694937093  -0.0883349621
       -0.1722332263  -0.0040380946  -0.0121051831  -0.0164662323  -0.0008604930
       -0.0001520684   0.0002915603  -0.0003719242   0.0003139563   0.0002830192
       -0.0031750420   0.0025957178  -0.0026098277   0.0002756494  -0.0005521577
        0.0000956658   0.0002189352  -0.0002074053   0.0004700185   0.0033855424
        0.0043750275   0.0073381267   0.0817787777   0.1032543609   0.2008462479
        0.0029444451  -0.0028092220  -0.0025706323  -0.0002180779   0.0001291648
        0.0002878083  -0.0003346884   0.0000957368   0.0000317840  -0.0000337462
        0.0000564544  -0.0003106145   0.0009486837   0.0007740293   0.0004889629
       -0.0000131609  -0.0003423789   0.0002611750
        0.0009685547   0.0001994730   0.0012030601   0.0065084207   0.0104615781
        0.0168558525  -0.0810410799  -0.0412452063  -0.0765858255  -0.0113286584
       -0.0109687457  -0.0157563778  -0.0038757760  -0.0037188091   0.0017321007
       -0.0002737292   0.0000092895  -0.0002686908  -0.0000677483  -0.0001849222
       -0.0000953338   0.0000624573  -0.0001590695  -0.0000098483   0.0004899654
        0.0001555810   0.0000477839  -0.0024697354   0.0025358799   0.0029444451
        0.0989734248   0.0486157867   0.0855655228  -0.0067047760  -0.0048661385
       -0.0143361335  -0.0004640518  -0.0002158582  -0.0006955208   0.0002040652
        0.0001675025  -0.0000231252  -0.0000862222   0.0000991590   0.0003411071
       -0.0008951109  -0.0008855002  -0.0009190166
       -0.0008649604   0.0004495948  -0.0004098751  -0.0033569695  -0.0080741666
       -0.0146106442  -0.0409322708  -0.0874799564  -0.0788712783  -0.0112503635
       -0.0098822741  -0.0159594146  -0.0038425150  -0.0026423897   0.0017614531
        0.0006398998  -0.0000225382   0.0001927694  -0.0000712538  -0.0002655132
       -0.0000543126  -0.0001733617   0.0001167067   0.0001920245  -0.0002076407
        0.0002530881   0.0004233725   0.0024814385  -0.0012134634  -0.0028092220
        0.0486157867   0.1004952798   0.0940536738   0.0092887036   0.0084603150
        0.0173615784   0.0003140648   0.0006585372  -0.0003817007   0.0000948912
       -0.0003132233  -0.0000986568   0.0000741939  -0.0000001538   0.0002052209
       -0.0008096431  -0.0005398430  -0.0009949885
       -0.0006878055   0.0010082113   0.0013103538  -0.0039722108  -0.0113495084
       -0.0177708115  -0.0774660904  -0.0796563943  -0.1884438324   0.0030187470
        0.0028446717   0.0049275361   0.0008686014   0.0006855166   0.0007351459
        0.0003842321  -0.0001642241   0.0004451660   0.0000037191  -0.0000112209
       -0.0001111466  -0.0002335752   0.0002350623   0.0000164159  -0.0002176145
        0.0001866900  -0.0001985748   0.0033814861  -0.0020001695  -0.0025706323
        0.0855655228   0.0940536738   0.2196473309  -0.0111554246  -0.0065883578
       -0.0191319595   0.0001243151   0.0004981324   0.0007765285   0.0000949161
       -0.0000907181   0.0001225119   0.0000829557   0.0002986026   0.0000288925
        0.0002082257   0.0000500323   0.0002170756
       -0.0030802802   0.0025169583   0.0029329243  -0.0135255580   0.0169430009
       -0.0096830646  -0.0883371486   0.0719469884  -0.0608009810   0.0069932660
       -0.0155166136   0.0116756010   0.0011539150   0.0010365141   0.0004003857
        0.0002339845  -0.0000863316   0.0003194067  -0.0000904379  -0.0002170978
        0.0001360508  -0.0009187601   0.0009791389  -0.0004799724  -0.0003399677
        0.0003110321  -0.0004984563   0.0003744697  -0.0001773394  -0.0002180779
       -0.0067047760   0.0092887036  -0.0111554246   0.1060272858  -0.0833274126
        0.0655267655   0.0005235164  -0.0001916545  -0.0000020782  -0.0024388561
       -0.0036136353   0.0016056788  -0.0000160442   0.0001399064   0.0000527950
        0.0001453915  -0.0000321579   0.0001884474
        0.0024769724  -0.0007136896  -0.0024131424   0.0101691897  -0.0117726457
        0.0075933272   0.0716799353  -0.1538184106   0.0902844682   0.0057635594
       -0.0195131571   0.0154271584   0.0011303059   0.0017398058  -0.0003993439
       -0.0001011652   0.0000365542  -0.0001320183  -0.0001908529   0.0001318273
       -0.0000357027   0.0007190469  -0.0007041458   0.0004890327  -0.0004988477
        0.0008021324   0.0002626749  -0.0001164809  -0.0003116080   0.0001291648
       -0.0048661385   0.0084603150  -0.0065883578  -0.0833274126   0.1788015143
       -0.1069106175   0.0003595950   0.0003618719  -0.0001554327  -0.0036999675
       -0.0034537771   0.0025231692   0.0000597381  -0.0004647222   0.0000744713
        0.0004425227   0.0004181352  -0.0001488516
        0.0019388552  -0.0013571515  -0.0006828492   0.0080116077  -0.0103732071
        0.0074010958  -0.0606908141   0.0909059889  -0.1188497192  -0.0028468191
        0.0109253254  -0.0070957591  -0.0000862680  -0.0010521464   0.0008325575
        0.0001484466   0.0000374498  -0.0000321922   0.0000230778  -0.0001248630
       -0.0000565309   0.0005110480  -0.0003969294   0.0004000273  -0.0000146799
       -0.0004799361   0.0006828693   0.0000858671  -0.0001274475   0.0002878083
       -0.0143361335   0.0173615784  -0.0191319595   0.0655267655  -0.1069106175
        0.1374196925  -0.0001469101   0.0000741311  -0.0003919922   0.0021201479
        0.0018437022  -0.0006139538   0.0000008367  -0.0001071651  -0.0001117087
       -0.0002450278  -0.0002187123  -0.0000573860
       -0.0000023972  -0.0000864084   0.0001539313  -0.0026563382  -0.0036056493
        0.0017469749  -0.0175133068   0.0075986677   0.0150891603  -0.1227320655
        0.0692784556   0.0847727836   0.0094892242  -0.0088093308  -0.0117832461
       -0.0000260340  -0.0000555392   0.0000339667   0.0002258862  -0.0001679877
        0.0000121069   0.0000584053  -0.0000570763  -0.0000416614  -0.0011332238
        0.0003354283   0.0008166671   0.0000776504  -0.0001536070  -0.0003346884
       -0.0004640518   0.0003140648   0.0001243151   0.0005235164   0.0003595950
       -0.0001469101   0.1443705396  -0.0742957268  -0.0945368515  -0.0105271438
        0.0115534240   0.0082935756  -0.0007127322  -0.0015717389  -0.0036847367
        0.0010220712  -0.0006365710  -0.0005153875
        0.0002494986   0.0000270368  -0.0001283608  -0.0023022331  -0.0017122940
        0.0013306606  -0.0124988687   0.0071094317   0.0110557443   0.0683809526
       -0.0983189350  -0.0665292897   0.0031678680  -0.0067569610  -0.0131887800
        0.0000283316   0.0000151951  -0.0000120010  -0.0001769436   0.0001335986
        0.0000069400  -0.0000189208   0.0000899048  -0.0000566562  -0.0007093126
        0.0002465132   0.0005971389   0.0000079045  -0.0000960278   0.0000957368
       -0.0002158582   0.0006585372   0.0004981324  -0.0001916545   0.0003618719
        0.0000741311  -0.0742957268   0.1165030477   0.0837064669   0.0203904252
       -0.0178835379  -0.0143495218  -0.0021823457  -0.0001271212  -0.0024838885
        0.0003668832  -0.0002502602  -0.0006164528
       -0.0001213876   0.0000500162   0.0001704988   0.0015385039   0.0022116235
        0.0000411282   0.0102117061  -0.0046066496  -0.0078385620   0.0824568667
       -0.0659135673  -0.1258145536   0.0102881157  -0.0175520749  -0.0269773902
        0.0000037720   0.0000369196   0.0000115436   0.0000509567  -0.0000808961
       -0.0000996673  -0.0000432148  -0.0000803339   0.0000214022   0.0005923930
       -0.0001994790  -0.0005539377  -0.0003558482   0.0000133702   0.0000317840
       -0.0006955208  -0.0003817007   0.0007765285  -0.0000020782  -0.0001554327
       -0.0003919922  -0.0945368515   0.0837064669   0.1576847810  -0.0062241554
        0.0060373923   0.0076327209  -0.0039778926  -0.0032445920  -0.0049261190
        0.0008146351   0.0001589375   0.0002318349
       -0.0012476785  -0.0005812300   0.0007031025   0.0007039899  -0.0000080671
       -0.0001934931   0.0073029817  -0.0162530487   0.0097752746  -0.0732645980
        0.0664898820  -0.0320726993  -0.0175253298   0.0086787940  -0.0251060722
       -0.0001172823  -0.0001823254  -0.0001480914  -0.0013646763   0.0009362399
        0.0005063036   0.0001825303   0.0001439588  -0.0000386634   0.0000313495
        0.0000894495  -0.0002176222  -0.0000499223   0.0000404352  -0.0000337462
        0.0002040652   0.0000948912   0.0000949161  -0.0024388561  -0.0036999675
        0.0021201479  -0.0105271438   0.0203904252  -0.0062241554   0.0968115824
       -0.0753924773   0.0495978084   0.0007951537  -0.0008081252   0.0014176688
        0.0005038342   0.0000611654  -0.0001806786
        0.0008249271   0.0004104654  -0.0005668790   0.0009391850   0.0009115728
       -0.0005194669   0.0048267915  -0.0200066733   0.0123097039   0.0618900082
       -0.1634669002   0.0662906534  -0.0007816465   0.0096919540   0.0000049994
       -0.0002739562  -0.0001586466  -0.0000645287   0.0003690574   0.0007010770
       -0.0000806226   0.0000158751  -0.0000914146  -0.0001659501   0.0002689535
       -0.0000055226  -0.0000882217   0.0000219069  -0.0001370432   0.0000564544
        0.0001675025  -0.0003132233  -0.0000907181  -0.0036136353  -0.0034537771
        0.0018437022   0.0115534240  -0.0178835379   0.0060373923  -0.0753924773
        0.1907413993  -0.0840993488  -0.0006802999   0.0016337732  -0.0002575728
       -0.0001356158   0.0014264970  -0.0006095970
       -0.0000050417   0.0002285734   0.0003037408  -0.0005234377   0.0001573174
        0.0002329134  -0.0022683630   0.0124875698  -0.0056954050  -0.0304877847
        0.0708185111  -0.0802098385  -0.0274842651   0.0132224538  -0.0297613149
       -0.0000558380  -0.0000860213   0.0000180768   0.0007900645  -0.0006552044
        0.0002594313  -0.0001376533  -0.0000664621   0.0000440431  -0.0001968797
       -0.0001108083  -0.0000148103  -0.0001546653   0.0000530322  -0.0003106145
       -0.0000231252  -0.0000986568   0.0001225119   0.0016056788   0.0025231692
       -0.0006139538   0.0082935756  -0.0143495218   0.0076327209   0.0495978084
       -0.0840993488   0.1060697029  -0.0002842245   0.0004551966   0.0012463080
        0.0013341509  -0.0004797999   0.0006764878
        0.0000099984   0.0001151740   0.0000201376  -0.0006376497  -0.0005580733
       -0.0009526098  -0.0000975577  -0.0004533708  -0.0001021026   0.0104844453
       -0.0095605479  -0.0136830550  -0.1533846179   0.0904125769   0.1352243099
        0.0000284714   0.0000433484   0.0000600042  -0.0001111461   0.0001102789
       -0.0001580500  -0.0000364196   0.0000297815  -0.0000323398   0.0003112650
        0.0001755360   0.0001685113  -0.0009892891  -0.0002954219   0.0009486837
       -0.0000862222   0.0000741939   0.0000829557  -0.0000160442   0.0000597381
        0.0000008367  -0.0007127322  -0.0021823457  -0.0039778926   0.0007951537
       -0.0006802999  -0.0002842245   0.1624334919  -0.0925519470  -0.1362677203
       -0.0179911469   0.0152613788   0.0189525554
       -0.0000051840   0.0001720839   0.0001146530   0.0000425303  -0.0001590087
       -0.0005933558   0.0006735157   0.0001777118  -0.0006315157   0.0067678448
       -0.0073711644  -0.0048921825   0.1024502396  -0.1324193124  -0.1441810012
        0.0001043482  -0.0000559652   0.0001012284   0.0000719873  -0.0000441152
        0.0000037337  -0.0000092460  -0.0000033081   0.0000553499   0.0000714553
        0.0000787078   0.0002146477  -0.0011549918   0.0005434433   0.0007740293
        0.0000991590  -0.0000001538   0.0002986026   0.0001399064  -0.0004647222
       -0.0001071651  -0.0015717389  -0.0001271212  -0.0032445920  -0.0008081252
        0.0016337732   0.0004551966  -0.0925519470   0.1290127037   0.1365582528
       -0.0143197535   0.0090264475   0.0150741184
       -0.0000234014  -0.0000821938  -0.0000264536   0.0004158743   0.0004061029
        0.0005599022   0.0005144705   0.0003684647   0.0009465465   0.0121361463
       -0.0179999775  -0.0233559527   0.1125605383  -0.1083385137  -0.1693081310
        0.0000220483   0.0000611656  -0.0000391976  -0.0002166459   0.0002045423
       -0.0002096635   0.0000961633   0.0000231850  -0.0000213074   0.0000551300
        0.0000614520  -0.0001124225  -0.0000068978  -0.0001129419   0.0004889629
        0.0003411071   0.0002052209   0.0000288925   0.0000527950   0.0000744713
       -0.0001117087  -0.0036847367  -0.0024838885  -0.0049261190   0.0014176688
       -0.0002575728   0.0012463080  -0.1362677203   0.1365582528   0.2050805346
        0.0125874602  -0.0086877693  -0.0102401907
       -0.0000214410  -0.0000036067  -0.0000412603   0.0001635371  -0.0000942666
       -0.0002097392  -0.0019370824  -0.0014837965  -0.0040786225  -0.0182181566
       -0.0154680570   0.0046235458  -0.2029616781  -0.1381452788   0.0851190918
        0.0000374948   0.0000337506   0.0000087201  -0.0001107513   0.0000245287
       -0.0000254746   0.0000510471   0.0000115963  -0.0000214415   0.0001698840
        0.0000834247  -0.0000742979   0.0002235334  -0.0000199663  -0.0000131609
       -0.0008951109  -0.0008096431   0.0002082257   0.0001453915   0.0004425227
       -0.0002450278   0.0010220712   0.0003668832   0.0008146351   0.0005038342
       -0.0001356158   0.0013341509  -0.0179911469  -0.0143197535   0.0125874602
        0.2398185739   0.1695172781  -0.0999868049
        0.0000522594   0.0000180619   0.0000615241   0.0003494731   0.0000662275
        0.0000499664  -0.0018856719  -0.0005792093  -0.0026548222  -0.0046069264
       -0.0076408929   0.0058267540  -0.1771551780  -0.1626312168   0.0713016787
       -0.0000074959  -0.0000265372  -0.0000267559   0.0000354474  -0.0001026892
        0.0000648719  -0.0000358096   0.0000087637   0.0000138609  -0.0000792853
       -0.0000228866   0.0000062556   0.0000475940  -0.0001512274  -0.0003423789
       -0.0008855002  -0.0005398430   0.0000500323  -0.0000321579   0.0004181352
       -0.0002187123  -0.0006365710  -0.0002502602   0.0001589375   0.0000611654
        0.0014264970  -0.0004797999   0.0152613788   0.0090264475  -0.0086877693
        0.1695172781   0.1609806299  -0.0651236428
        0.0000272465   0.0000780473   0.0000457303  -0.0000490018   0.0000549503
       -0.0001040704  -0.0032034152  -0.0018504597  -0.0032266221  -0.0209627317
       -0.0162059130   0.0055076688   0.1067854185   0.0701739221  -0.0905330787
        0.0000428861  -0.0000352685   0.0000359922  -0.0000460696   0.0000639058
       -0.0000369798   0.0000345214  -0.0000159671   0.0000011089   0.0000242071
        0.0000574212   0.0001272598  -0.0001921764   0.0000987757   0.0002611750
       -0.0009190166  -0.0009949885   0.0002170756   0.0001884474  -0.0001488516
       -0.0000573860  -0.0005153875  -0.0006164528   0.0002318349  -0.0001806786
       -0.0006095970   0.0006764878   0.0189525554   0.0150741184  -0.0102401907
       -0.0999868049  -0.0651236428   0.0970939946
