           1           2   1.42132818701200     
           2           3   1.44435660641117     
           3           4   1.39295599686965     
           4           5   1.32708891017330     
           1           6   1.44819030823637     
           5           6   1.38417755776854     
           5           7   1.04992123733872     
           7           8   1.70241012038328     
           7           9   1.04837790830475     
           9          10   1.43429682312120     
          10          11   1.35205489353029     
          11          12   1.53365479949297     
          12          13   1.24561318423305     
           9          14   1.28091688233871     
          13          14   1.23379260605440     
           4          15   1.03813995964320     
          14          15   1.14615841311101     
          15          16   1.60845440664883     
          13          17   1.32844838309261     
          17          18  0.999169364323526     
          18          19   1.00502552998691     
          19          20  0.995622772803972     
           1          21  0.967183652963674     
           2          22  0.967116238231235     
           3          23  0.963666997606116     
           6          24  0.964802218017598     
          10          25  0.964972433286070     
          11          26  0.966383609873707     
          12          27  0.962220430468614     
          17          28  0.879749864585787     
          18          29  0.957137080353930     
          18          30  0.959623384250185     
          19          31  0.968059313367941     
          19          32  0.969289826181731     
          20          33  0.853625469213805     
