$hessian                                                                        
        0.4735860341   0.0224408803  -0.0113578866  -0.1783520011   0.0491753498
       -0.0249780775  -0.0290135472   0.0045014740  -0.0017421699  -0.0025016354
       -0.0023406003   0.0014067511  -0.0022944682  -0.0001681989   0.0001797531
        0.0001224203  -0.0006829552   0.0003980438  -0.0472349052   0.0022185174
       -0.0340126012  -0.1558693151  -0.1066363260   0.0644348393  -0.0448112125
        0.0215809627   0.0109892721  -0.0071463823   0.0053497787  -0.0002121762
       -0.0084022694   0.0035503084  -0.0044914474   0.0009687066   0.0004678360
       -0.0003694174   0.0009485755   0.0005429732  -0.0002448834
        0.0224408803   0.5178748098   0.0040355152   0.0476373116  -0.0840529751
        0.0083619461  -0.0132054775   0.0056396724  -0.0028017019  -0.0015116300
       -0.0037532633   0.0020739080  -0.0029559816  -0.0002133822   0.0003766608
        0.0003965612   0.0014593424  -0.0006682579   0.0024220496  -0.0462723146
        0.0192757956  -0.1055674583  -0.1406521036   0.0582640465   0.0211577204
       -0.2383261539  -0.0939876421   0.0262937058  -0.0121932723   0.0035291216
        0.0041450926  -0.0006456928   0.0017703700  -0.0004217693   0.0002353958
       -0.0004632045  -0.0008310048   0.0008999373   0.0002334427
       -0.0113578866   0.0040355152   0.5240831209  -0.0240919083   0.0083210906
       -0.0711139132   0.0084519535  -0.0033144371   0.0017483013   0.0009348157
        0.0021211667  -0.0014530911   0.0017703475   0.0002806361   0.0000495697
       -0.0002237508  -0.0006501077   0.0006881386  -0.0334121930   0.0189506970
       -0.2798483327   0.0638244498   0.0583014406  -0.0798071774   0.0105114821
       -0.0936737900  -0.0902127506   0.0108379621  -0.0050095578   0.0026684276
       -0.0279281183   0.0109374498  -0.0076201871   0.0007286224  -0.0001972551
        0.0007346879  -0.0000457760  -0.0001028483   0.0000832062
       -0.1783520011   0.0476373116  -0.0240919083   0.4536036034  -0.0122468236
        0.0096391985  -0.1076414508  -0.0537430122   0.0319860702  -0.0286209534
       -0.0101220085   0.0066265008  -0.0105650019  -0.0005292606   0.0007100235
       -0.0019901792  -0.0046678629   0.0027654355  -0.0084422803   0.0034168548
       -0.0051513161  -0.0242476436   0.0066759778  -0.0031150958  -0.0071160518
        0.0058350853   0.0002265830  -0.0416804629   0.0183845357   0.0088089658
       -0.0438536205   0.0023238230  -0.0300975990  -0.0001220535  -0.0002214997
        0.0021404944  -0.0009719043  -0.0027431207  -0.0004473524
        0.0491753498  -0.0840529751   0.0083210906  -0.0122468236   0.5127260789
        0.0166852618  -0.0587033123  -0.1236539816   0.0332733281  -0.0000790404
        0.0050428652  -0.0030091915   0.0047315598   0.0016797753   0.0005212478
        0.0034031330   0.0012167368  -0.0012769363   0.0037411468  -0.0012924857
        0.0023634396  -0.0158235078   0.0057373406  -0.0026680809   0.0267529999
       -0.0135274739   0.0039772775   0.0188943138  -0.2338751318  -0.0905942315
        0.0019079160  -0.0475074364   0.0197921511  -0.0034434491  -0.0026872662
        0.0042381042  -0.0183102859  -0.0198060459   0.0083765396
       -0.0249780775   0.0083619461  -0.0711139132   0.0096391985   0.0166852618
        0.5312978193   0.0348294440   0.0331360212  -0.0888909015   0.0009433926
       -0.0027536709   0.0013343271  -0.0023324253   0.0006960248   0.0025630853
       -0.0019146177  -0.0010359525  -0.0002060862  -0.0287184447   0.0118200450
       -0.0083180823   0.0097968099  -0.0033227500   0.0019083828   0.0116067880
       -0.0048548379   0.0025970874   0.0096518944  -0.0894638988  -0.0890013321
       -0.0309980948   0.0186717053  -0.2732374521   0.0190076663   0.0178245303
       -0.0134375422  -0.0065335336  -0.0057644243   0.0045046079
       -0.0290135472  -0.0132054775   0.0084519535  -0.1076414508  -0.0587033123
        0.0348294440   0.4155082711   0.0299133264  -0.0145730559  -0.1249079509
        0.0199228739  -0.0103571752  -0.0600103788  -0.0036740730   0.0045118642
       -0.0126608755   0.0195439753  -0.0102224681   0.0009672184  -0.0003501607
        0.0005966459  -0.0053501735   0.0012308433  -0.0005316740   0.0009879727
       -0.0006699035  -0.0000388692  -0.0011008869  -0.0031134105  -0.0009510575
       -0.0000806981   0.0001251560   0.0026221677  -0.0392039929  -0.0016385593
       -0.0235395044  -0.0374935076   0.0106187219   0.0092017291
        0.0045014740   0.0056396724  -0.0033144371  -0.0537430122  -0.1236539816
        0.0331360212   0.0299133264   0.5107985494  -0.0045467285   0.0106865205
       -0.0815565002  -0.0035850699  -0.0218169717   0.0127711290   0.0026531713
        0.0409673971  -0.0313440506   0.0302112209   0.0002836490   0.0002546320
       -0.0002698417   0.0028056955   0.0003387355   0.0000531955   0.0010132579
        0.0010608446  -0.0000136111  -0.0210626809  -0.0235615913   0.0107825196
       -0.0038339003  -0.0042226349   0.0045473954   0.0001691408  -0.0371819363
        0.0211010568   0.0101161039  -0.2293428681  -0.0907548925
       -0.0017421699  -0.0028017019   0.0017483013   0.0319860702   0.0332733281
       -0.0888909015  -0.0145730559  -0.0045467285   0.5083513626  -0.0051907426
       -0.0038774945  -0.0847565386   0.0151051651   0.0021255409   0.0143646990
       -0.0226728915   0.0308839763   0.0058296624  -0.0010106531  -0.0004551114
        0.0009381798  -0.0014375266   0.0000999966   0.0005594496   0.0002320199
        0.0002285457   0.0000970484  -0.0077129550  -0.0067640837   0.0045535924
        0.0220000592   0.0214533803  -0.0157958691  -0.0217536426   0.0219217224
       -0.2688330952   0.0067703228  -0.0915413701  -0.0781658913
       -0.0025016354  -0.0015116300   0.0009348157  -0.0286209534  -0.0000790404
        0.0009433926  -0.1249079509   0.0106865205  -0.0051907426   0.6246736231
        0.0763801309  -0.0566979932  -0.3421148496  -0.1684961088   0.1062491479
       -0.1107698845   0.0616566340  -0.0344935082  -0.0003269739  -0.0003944941
        0.0008517620  -0.0004054588   0.0008918756  -0.0004861886  -0.0003680574
       -0.0009335734  -0.0000634825   0.0002795259  -0.0000859722   0.0002733843
        0.0002940548  -0.0002559964  -0.0000435439  -0.0083210932   0.0099271500
       -0.0087771488  -0.0069103468   0.0122145043  -0.0034998947
       -0.0023406003  -0.0037532633   0.0021211667  -0.0101220085   0.0050428652
       -0.0027536709   0.0199228739  -0.0815565002  -0.0038774945   0.0763801309
        0.7116009739  -0.2839214600  -0.1778037503  -0.2091833016   0.0871709760
        0.0635208020  -0.4041960622   0.1927178651   0.0004447172   0.0002064552
       -0.0000025373  -0.0017347589   0.0002072246   0.0001398370   0.0003206238
        0.0001093712  -0.0001430133  -0.0024713652  -0.0007723204  -0.0015654955
       -0.0014318679   0.0011720915   0.0016412897   0.0049658877  -0.0014978527
        0.0051644489   0.0303493155  -0.0173796813   0.0033080880
        0.0014067511   0.0020739080  -0.0014530911   0.0066265008  -0.0030091915
        0.0013343271  -0.0103571752  -0.0035850699  -0.0847565386  -0.0566979932
       -0.2839214600   0.3926246120   0.1116442632   0.0869197454  -0.1222308661
       -0.0355536775   0.1927210254  -0.1794099275  -0.0000973434  -0.0000923627
       -0.0000112520   0.0010185121   0.0000700907   0.0003043559  -0.0003270859
       -0.0000215394   0.0001147055   0.0003485994   0.0004708927   0.0012015062
        0.0018865695  -0.0004412218  -0.0008441302  -0.0322751924   0.0131408874
       -0.0106612531   0.0123772715  -0.0043257043   0.0037875520
       -0.0022944682  -0.0029559816   0.0017703475  -0.0105650019   0.0047315598
       -0.0023324253  -0.0600103788  -0.0218169717   0.0151051651  -0.3421148496
       -0.1778037503   0.1116442632   0.4034527556   0.2271564493  -0.1435172467
        0.0129197803  -0.0245308275   0.0145424186   0.0003753570   0.0000275384
       -0.0002192066  -0.0013752940   0.0000858737  -0.0000141348   0.0003829551
        0.0001934969   0.0000595822   0.0001781094   0.0003097908  -0.0000576201
        0.0001615568   0.0001850807  -0.0002556078  -0.0004874693  -0.0027292940
        0.0018075192  -0.0006230523  -0.0028529645   0.0014669455
       -0.0001681989  -0.0002133822   0.0002806361  -0.0005292606   0.0016797753
        0.0006960248  -0.0036740730   0.0127711290   0.0021255409  -0.1684961088
       -0.2091833016   0.0869197454   0.2271564493   0.2630631581  -0.1453390398
       -0.0551007649  -0.0669858123   0.0540818821   0.0000578578  -0.0000122065
       -0.0002652620  -0.0000525297  -0.0000512081  -0.0000288510   0.0000498752
        0.0001848454   0.0001200196   0.0005073635   0.0001891802   0.0001969859
        0.0001048233  -0.0002436593  -0.0002699399   0.0011444891  -0.0013653645
       -0.0000409666  -0.0009999222   0.0001668465   0.0015232245
        0.0001797531   0.0003766608   0.0000495697   0.0007100235   0.0005212478
        0.0025630853   0.0045118642   0.0026531713   0.0143646990   0.1062491479
        0.0871709760  -0.1222308661  -0.1435172467  -0.1453390398   0.1133229410
        0.0322752573   0.0531603686  -0.0083961513  -0.0000241927   0.0000183166
        0.0001144316   0.0000729807  -0.0000360899  -0.0000899474  -0.0000627465
       -0.0001570015  -0.0000796137   0.0001594776  -0.0000264322  -0.0002877066
       -0.0005249006  -0.0000469019   0.0001832567   0.0018969984   0.0007295510
        0.0009294464  -0.0019264162   0.0009751732  -0.0004431446
        0.0001224203   0.0003965612  -0.0002237508  -0.0019901792   0.0034031330
       -0.0019146177  -0.0126608755   0.0409673971  -0.0226728915  -0.1107698845
        0.0635208020  -0.0355536775   0.0129197803  -0.0551007649   0.0322752573
        0.1224741635  -0.0579299698   0.0305723870  -0.0000786025   0.0001307882
       -0.0000470625   0.0000121745  -0.0001341309   0.0000762976  -0.0000731433
        0.0001122734  -0.0000814555  -0.0004408180   0.0002920664   0.0001275176
       -0.0004964066   0.0000246793  -0.0003131084  -0.0044774916   0.0023285139
       -0.0007891189  -0.0045411375   0.0019886511  -0.0014557766
       -0.0006829552   0.0014593424  -0.0006501077  -0.0046678629   0.0012167368
       -0.0010359525   0.0195439753  -0.0313440506   0.0308839763   0.0616566340
       -0.4041960622   0.1927210254  -0.0245308275  -0.0669858123   0.0531603686
       -0.0579299698   0.5012187407  -0.2751376031  -0.0002815958  -0.0002788536
        0.0001874459   0.0003600554   0.0001911247  -0.0001661103  -0.0002892763
       -0.0002538698   0.0001284884   0.0009279520   0.0009315297   0.0008330148
        0.0007394105  -0.0003071423  -0.0013091204   0.0034810299  -0.0020467168
       -0.0004856982   0.0016734304   0.0003950333   0.0008702729
        0.0003980438  -0.0006682579   0.0006881386   0.0027654355  -0.0012769363
       -0.0002060862  -0.0102224681   0.0302112209   0.0058296624  -0.0344935082
        0.1927178651  -0.1794099275   0.0145424186   0.0540818821  -0.0083961513
        0.0305723870  -0.2751376031   0.1824164330   0.0001658926   0.0001174254
       -0.0000577410  -0.0002082596  -0.0001550633   0.0000101336   0.0001745300
        0.0001910481  -0.0000864835  -0.0004083120  -0.0005640317  -0.0005981763
       -0.0005389020   0.0000693787   0.0007021334   0.0001934961  -0.0005312922
        0.0007259176  -0.0029407538   0.0009443642  -0.0016178528
       -0.0472349052   0.0024220496  -0.0334121930  -0.0084422803   0.0037411468
       -0.0287184447   0.0009672184   0.0002836490  -0.0010106531  -0.0003269739
        0.0004447172  -0.0000973434   0.0003753570   0.0000578578  -0.0000241927
       -0.0000786025  -0.0002815958   0.0001658926   0.0568095495  -0.0048856073
        0.0407458747   0.0022967540  -0.0029241216   0.0222215296   0.0011624594
       -0.0006178949   0.0019297322   0.0007907835  -0.0004264586  -0.0001782284
       -0.0055861951   0.0023094727  -0.0019644357  -0.0006740207  -0.0000869434
        0.0004025756  -0.0000591440  -0.0000362715  -0.0000601138
        0.0022185174  -0.0462723146   0.0189506970   0.0034168548  -0.0012924857
        0.0118200450  -0.0003501607   0.0002546320  -0.0004551114  -0.0003944941
        0.0002064552  -0.0000923627   0.0000275384  -0.0000122065   0.0000183166
        0.0001307882  -0.0002788536   0.0001174254  -0.0048856073   0.0500318014
       -0.0236509740   0.0006477578  -0.0026254166   0.0223775931  -0.0033517645
        0.0000228835  -0.0305478787  -0.0000022395   0.0000883214   0.0007259224
        0.0026764596  -0.0002580907   0.0008850939  -0.0001223798   0.0002615168
        0.0000593663  -0.0000112704  -0.0001262427  -0.0002081330
       -0.0340126012   0.0192757956  -0.2798483327  -0.0051513161   0.0023634396
       -0.0083180823   0.0005966459  -0.0002698417   0.0009381798   0.0008517620
       -0.0000025373  -0.0000112520  -0.0002192066  -0.0002652620   0.0001144316
       -0.0000470625   0.0001874459  -0.0000577410   0.0407458747  -0.0236509740
        0.3224646235   0.0005732337   0.0031870367  -0.0171794017  -0.0013698171
       -0.0018399037  -0.0190121382   0.0004139488   0.0000324568   0.0004779724
       -0.0019346310   0.0010735127   0.0004269782  -0.0003907794  -0.0000429886
        0.0003082131  -0.0000560513  -0.0000481801  -0.0003034508
       -0.1558693151  -0.1055674583   0.0638244498  -0.0242476436  -0.0158235078
        0.0097968099  -0.0053501735   0.0028056955  -0.0014375266  -0.0004054588
       -0.0017347589   0.0010185121  -0.0013752940  -0.0000525297   0.0000729807
        0.0000121745   0.0003600554  -0.0002082596   0.0022967540   0.0006477578
        0.0005732337   0.1826373494   0.1209703436  -0.0733566500   0.0013410903
       -0.0012456089  -0.0004570901   0.0004382846  -0.0003160219   0.0003596204
        0.0004075701  -0.0004950114   0.0000793599   0.0000507268   0.0001347484
       -0.0002845902   0.0000639352   0.0003162962   0.0000191500
       -0.1066363260  -0.1406521036   0.0583014406   0.0066759778   0.0057373406
       -0.0033227500   0.0012308433   0.0003387355   0.0000999966   0.0008918756
        0.0002072246   0.0000700907   0.0000858737  -0.0000512081  -0.0000360899
       -0.0001341309   0.0001911247  -0.0001550633  -0.0029241216  -0.0026254166
        0.0031870367   0.1209703436   0.1600815755  -0.0681744660  -0.0208821445
       -0.0240682870   0.0104565612   0.0003862779   0.0005617930  -0.0000862055
       -0.0000939669   0.0001780451  -0.0002946428   0.0001679591  -0.0000578321
       -0.0001672364   0.0002615388   0.0001590084   0.0001213281
        0.0644348393   0.0582640465  -0.0798071774  -0.0031150958  -0.0026680809
        0.0019083828  -0.0005316740   0.0000531955   0.0005594496  -0.0004861886
        0.0001398370   0.0003043559  -0.0000141348  -0.0000288510  -0.0000899474
        0.0000762976  -0.0001661103   0.0000101336   0.0222215296   0.0223775931
       -0.0171794017  -0.0733566500  -0.0681744660   0.0886925865  -0.0087871359
       -0.0094079034   0.0052207425   0.0003067076  -0.0000614116  -0.0000527749
       -0.0005007199  -0.0002832996   0.0003522738  -0.0001954478   0.0000029323
        0.0001539346  -0.0000523273  -0.0000474816  -0.0000725579
       -0.0448112125   0.0211577204   0.0105114821  -0.0071160518   0.0267529999
        0.0116067880   0.0009879727   0.0010132579   0.0002320199  -0.0003680574
        0.0003206238  -0.0003270859   0.0003829551   0.0000498752  -0.0000627465
       -0.0000731433  -0.0002892763   0.0001745300   0.0011624594  -0.0033517645
       -0.0013698171   0.0013410903  -0.0208821445  -0.0087871359   0.0539390357
       -0.0273963878  -0.0116885304  -0.0055259199   0.0030146622  -0.0007033061
        0.0007927583  -0.0000523582   0.0004492161  -0.0000536168   0.0000219932
        0.0000507514  -0.0006582699  -0.0003592013  -0.0000861656
        0.0215809627  -0.2383261539  -0.0936737900   0.0058350853  -0.0135274739
       -0.0048548379  -0.0006699035   0.0010608446   0.0002285457  -0.0009335734
        0.0001093712  -0.0000215394   0.0001934969   0.0001848454  -0.0001570015
        0.0001122734  -0.0002538698   0.0001910481  -0.0006178949   0.0000228835
       -0.0018399037  -0.0012456089  -0.0240682870  -0.0094079034  -0.0273963878
        0.2753359719   0.1088470800   0.0031814475  -0.0007539112   0.0007656929
       -0.0003799826   0.0000601554   0.0000132840   0.0000369577  -0.0001514148
       -0.0000600968   0.0003031278   0.0003070386  -0.0000305780
        0.0109892721  -0.0939876421  -0.0902127506   0.0002265830   0.0039772775
        0.0025970874  -0.0000388692  -0.0000136111   0.0000970484  -0.0000634825
       -0.0001430133   0.0001147055   0.0000595822   0.0001200196  -0.0000796137
       -0.0000814555   0.0001284884  -0.0000864835   0.0019297322  -0.0305478787
       -0.0190121382  -0.0004570901   0.0104565612   0.0052207425  -0.0116885304
        0.1088470800   0.1000077226  -0.0010442629   0.0005911168   0.0008586256
       -0.0001996919   0.0007051537   0.0005126579   0.0000223496  -0.0002227811
       -0.0002886767   0.0003458634   0.0000892290   0.0002710730
       -0.0071463823   0.0262937058   0.0108379621  -0.0416804629   0.0188943138
        0.0096518944  -0.0011008869  -0.0210626809  -0.0077129550   0.0002795259
       -0.0024713652   0.0003485994   0.0001781094   0.0005073635   0.0001594776
       -0.0004408180   0.0009279520  -0.0004083120   0.0007907835  -0.0000022395
        0.0004139488   0.0004382846   0.0003862779   0.0003067076  -0.0055259199
        0.0031814475  -0.0010442629   0.0548884014  -0.0208402653  -0.0115081122
        0.0017399485  -0.0032469473  -0.0021868338   0.0005217332   0.0001480363
       -0.0002786768  -0.0029423166  -0.0027155985   0.0014205628
        0.0053497787  -0.0121932723  -0.0050095578   0.0183845357  -0.2338751318
       -0.0894638988  -0.0031134105  -0.0235615913  -0.0067640837  -0.0000859722
       -0.0007723204   0.0004708927   0.0003097908   0.0001891802  -0.0000264322
        0.0002920664   0.0009315297  -0.0005640317  -0.0004264586   0.0000883214
        0.0000324568  -0.0003160219   0.0005617930  -0.0000614116   0.0030146622
       -0.0007539112   0.0005911168  -0.0208402653   0.2720287223   0.1024918537
        0.0000679195  -0.0003036392  -0.0029980655   0.0004195424   0.0001917266
       -0.0003020252  -0.0030561671  -0.0025314070   0.0016031866
       -0.0002121762   0.0035291216   0.0026684276   0.0088089658  -0.0905942315
       -0.0890013321  -0.0009510575   0.0107825196   0.0045535924   0.0002733843
       -0.0015654955   0.0012015062  -0.0000576201   0.0001969859  -0.0002877066
        0.0001275176   0.0008330148  -0.0005981763  -0.0001782284   0.0007259224
        0.0004779724   0.0003596204  -0.0000862055  -0.0000527749  -0.0007033061
        0.0007656929   0.0008586256  -0.0115081122   0.1024918537   0.0987427504
        0.0022220638  -0.0295349953  -0.0193436338   0.0000969861   0.0006789627
        0.0005398701   0.0017219624   0.0017768540   0.0002408790
       -0.0084022694   0.0041450926  -0.0279281183  -0.0438536205   0.0019079160
       -0.0309980948  -0.0000806981  -0.0038339003   0.0220000592   0.0002940548
       -0.0014318679   0.0018865695   0.0001615568   0.0001048233  -0.0005249006
       -0.0004964066   0.0007394105  -0.0005389020  -0.0055861951   0.0026764596
       -0.0019346310   0.0004075701  -0.0000939669  -0.0005007199   0.0007927583
       -0.0003799826  -0.0001996919   0.0017399485   0.0000679195   0.0022220638
        0.0574343892  -0.0017218636   0.0346907703  -0.0029268311  -0.0024781316
        0.0017957434   0.0005157430   0.0002980914   0.0000298523
        0.0035503084  -0.0006456928   0.0109374498   0.0023238230  -0.0475074364
        0.0186717053   0.0001251560  -0.0042226349   0.0214533803  -0.0002559964
        0.0011720915  -0.0004412218   0.0001850807  -0.0002436593  -0.0000469019
        0.0000246793  -0.0003071423   0.0000693787   0.0023094727  -0.0002580907
        0.0010735127  -0.0004950114   0.0001780451  -0.0002832996  -0.0000523582
        0.0000601554   0.0007051537  -0.0032469473  -0.0003036392  -0.0295349953
       -0.0017218636   0.0535859205  -0.0255470225  -0.0028993945  -0.0017841188
        0.0022133120   0.0001530515   0.0002762019   0.0007295485
       -0.0044914474   0.0017703700  -0.0076201871  -0.0300975990   0.0197921511
       -0.2732374521   0.0026221677   0.0045473954  -0.0157958691  -0.0000435439
        0.0016412897  -0.0008441302  -0.0002556078  -0.0002699399   0.0001832567
       -0.0003131084  -0.0013091204   0.0007021334  -0.0019644357   0.0008850939
        0.0004269782   0.0000793599  -0.0002946428   0.0003522738   0.0004492161
        0.0000132840   0.0005126579  -0.0021868338  -0.0029980655  -0.0193436338
        0.0346907703  -0.0255470225   0.3147079046   0.0019330280   0.0020180555
       -0.0005159130  -0.0004219660  -0.0002488487   0.0004719808
        0.0009687066  -0.0004217693   0.0007286224  -0.0001220535  -0.0034434491
        0.0190076663  -0.0392039929   0.0001691408  -0.0217536426  -0.0083210932
        0.0049658877  -0.0322751924  -0.0004874693   0.0011444891   0.0018969984
       -0.0044774916   0.0034810299   0.0001934961  -0.0006740207  -0.0001223798
       -0.0003907794   0.0000507268   0.0001679591  -0.0001954478  -0.0000536168
        0.0000369577   0.0000223496   0.0005217332   0.0004195424   0.0000969861
       -0.0029268311  -0.0028993945   0.0019330280   0.0520386317  -0.0032286480
        0.0293261626   0.0026867709  -0.0002693659   0.0014097527
        0.0004678360   0.0002353958  -0.0001972551  -0.0002214997  -0.0026872662
        0.0178245303  -0.0016385593  -0.0371819363   0.0219217224   0.0099271500
       -0.0014978527   0.0131408874  -0.0027292940  -0.0013653645   0.0007295510
        0.0023285139  -0.0020467168  -0.0005312922  -0.0000869434   0.0002615168
       -0.0000429886   0.0001347484  -0.0000578321   0.0000029323   0.0000219932
       -0.0001514148  -0.0002227811   0.0001480363   0.0001917266   0.0006789627
       -0.0024781316  -0.0017841188   0.0020180555  -0.0032286480   0.0459735591
       -0.0278588564  -0.0026452018   0.0001103039  -0.0274634683
       -0.0003694174  -0.0004632045   0.0007346879   0.0021404944   0.0042381042
       -0.0134375422  -0.0235395044   0.0211010568  -0.2688330952  -0.0087771488
        0.0051644489  -0.0106612531   0.0018075192  -0.0000409666   0.0009294464
       -0.0007891189  -0.0004856982   0.0007259176   0.0004025756   0.0000593663
        0.0003082131  -0.0002845902  -0.0001672364   0.0001539346   0.0000507514
       -0.0000600968  -0.0002886767  -0.0002786768  -0.0003020252   0.0005398701
        0.0017957434   0.0022133120  -0.0005159130   0.0293261626  -0.0278588564
        0.3083121267  -0.0014847900  -0.0033982041  -0.0179677162
        0.0009485755  -0.0008310048  -0.0000457760  -0.0009719043  -0.0183102859
       -0.0065335336  -0.0374935076   0.0101161039   0.0067703228  -0.0069103468
        0.0303493155   0.0123772715  -0.0006230523  -0.0009999222  -0.0019264162
       -0.0045411375   0.0016734304  -0.0029407538  -0.0000591440  -0.0000112704
       -0.0000560513   0.0000639352   0.0002615388  -0.0000523273  -0.0006582699
        0.0003031278   0.0003458634  -0.0029423166  -0.0030561671   0.0017219624
        0.0005157430   0.0001530515  -0.0004219660   0.0026867709  -0.0026452018
       -0.0014847900   0.0499846543  -0.0170027158  -0.0077538058
        0.0005429732   0.0008999373  -0.0001028483  -0.0027431207  -0.0198060459
       -0.0057644243   0.0106187219  -0.2293428681  -0.0915413701   0.0122145043
       -0.0173796813  -0.0043257043  -0.0028529645   0.0001668465   0.0009751732
        0.0019886511   0.0003950333   0.0009443642  -0.0000362715  -0.0001262427
       -0.0000481801   0.0003162962   0.0001590084  -0.0000474816  -0.0003592013
        0.0003070386   0.0000892290  -0.0027155985  -0.0025314070   0.0017768540
        0.0002980914   0.0002762019  -0.0002488487  -0.0002693659   0.0001103039
       -0.0033982041  -0.0170027158   0.2668718751   0.1016914410
       -0.0002448834   0.0002334427   0.0000832062  -0.0004473524   0.0083765396
        0.0045046079   0.0092017291  -0.0907548925  -0.0781658913  -0.0034998947
        0.0033080880   0.0037875520   0.0014669455   0.0015232245  -0.0004431446
       -0.0014557766   0.0008702729  -0.0016178528  -0.0000601138  -0.0002081330
       -0.0003034508   0.0000191500   0.0001213281  -0.0000725579  -0.0000861656
       -0.0000305780   0.0002710730   0.0014205628   0.0016031866   0.0002408790
        0.0000298523   0.0007295485   0.0004719808   0.0014097527  -0.0274634683
       -0.0179677162  -0.0077538058   0.1016914410   0.0892113146
