           1           2   1.01591533950227     
           2           3   1.01020573241353     
           3           4  0.942109783640616     
           4           5   1.45244223487219     
           4           6   1.47403049037512     
           5           6  0.341654586361801     
           1           7  0.986283980321208     
           1           8  0.985108452325050     
           1           9  0.986289534768810     
           2          10  0.972862750350300     
           2          11  0.972854578467456     
           3          12  0.927870256310018     
           3          13  0.927480354616765     
