           1           2   1.02144031475331     
           2           3  0.986520933054761     
           3           4  0.978533673422155     
           4           5   1.68934268774881     
           4           6   1.17172046216695     
           5           6  0.170011207967903     
           6           7  0.920078901868009     
           7           8   1.01958349086979     
           1           9  0.987336509308308     
           1          10  0.986731093845047     
           1          11  0.985689398016183     
           2          12  0.975416107525996     
           2          13  0.976332127039534     
           3          14  0.972790571905279     
           3          15  0.949423698495263     
           7          16  0.968650284729472     
           7          17  0.969264228324082     
           8          18  0.983387780314428     
           8          19  0.980182050716703     
           8          20  0.983756154404034     
