           1           2   1.02016475276224     
           2           3   1.00788462056796     
           3           4  0.998702659787581     
           4           5   1.01702691245870     
           5           6  0.917399692154552     
           1           7  0.985807484138663     
           1           8  0.987038643332526     
           1           9  0.987231539415406     
           2          10  0.976877993974194     
           2          11  0.977437290322737     
           3          12  0.975000599515209     
           3          13  0.976869661950654     
           4          14  0.972997366037185     
           4          15  0.974479595361221     
           5          16  0.975881105952871     
           5          17  0.976965808788059     
