           1           2   1.02147608060043     
           2           3  0.985845761188080     
           3           4  0.978493172513733     
           4           5   1.68969091398556     
           4           6   1.17148841991939     
           5           6  0.170021354823726     
           6           7  0.920124870851009     
           7           8   1.01962077266330     
           1           9  0.986708042787481     
           1          10  0.985674558622875     
           1          11  0.987343504255888     
           2          12  0.975341650451601     
           2          13  0.976413273386723     
           3          14  0.972844543501504     
           3          15  0.950154831975009     
           7          16  0.968804612759194     
           7          17  0.969165780399313     
           8          18  0.983688843027635     
           8          19  0.983439697783129     
           8          20  0.980185473677319     
