           1           2   1.01929309750058     
           2           3   1.00780038064472     
           3           4   1.00483774211926     
           4           5   1.02287476196936     
           1           6  0.987697462227323     
           1           7  0.987038250067036     
           1           8  0.987622806969859     
           2           9  0.978443710116688     
           2          10  0.978335321247979     
           3          11  0.976577031716045     
           3          12  0.976563332301422     
           4          13  0.969739674380627     
           4          14  0.975861962404907     
           5          15  0.961689648742045     
           5          16  0.960376225687347     
