           1           2   1.01918029849725     
           2           3   1.00821924053242     
           3           4  0.983323065500052     
           4           5   1.67875197245832     
           4           6   1.17451407966704     
           5           6  0.169471301901493     
           6           7  0.919440027674121     
           7           8   1.01342762458849     
           1           9  0.986208695175207     
           1          10  0.987084224720040     
           1          11  0.987025086250277     
           2          12  0.976905776525352     
           2          13  0.976843180740358     
           3          14  0.944426825460510     
           3          15  0.946260371496303     
           7          16  0.970071872662120     
           7          17  0.968823097875891     
           8          18  0.980189797526322     
           8          19  0.984462392450491     
           8          20  0.985815311952357     
