           1           2   1.01436930772799     
           2           3  0.959275604951743     
           3           4  0.942406074043508     
           4           5   1.46542249896008     
           4           6   1.46542895263994     
           5           6  0.346745123595713     
           1           7  0.985661653126157     
           1           8  0.980621032223955     
           1           9  0.985657557128235     
           2          10  0.975960331911446     
           2          11  0.975905122966197     
           3          12  0.958053271254002     
           3          13  0.957533755336440     
