           1           2   1.97734046154871     
           2           3   1.01155812070606     
           3           4   1.01153705447388     
           4           5   1.97733913983476     
           1           6  0.976058528369860     
           1           7  0.975075516878426     
           2           8  0.966380590071705     
           3           9  0.942688064868481     
           3          10  0.972808091567365     
           4          11  0.966379144092985     
           5          12  0.976055809267671     
           5          13  0.975077154018341     
