           1           2   1.42092586198108     
           2           3   1.44489875724234     
           3           4   1.39196563449410     
           4           5   1.32668617897096     
           1           6   1.44827484699628     
           5           6   1.38404764597834     
           5           7   1.05022748666532     
           7           8   1.70142520174525     
           7           9   1.04850293041368     
           9          10   1.43640463727746     
          10          11   1.35170580761882     
          11          12   1.53225455867432     
          12          13   1.25332952282875     
           9          14   1.27818858244322     
          13          14   1.23632847842660     
           4          15   1.04000400452071     
          14          15   1.14896684539569     
          15          16   1.60098372060745     
          13          17   1.31193710578726     
          17          18   1.00454997716456     
          18          19  0.973273968620968     
          19          20   1.00211744286221     
           1          21  0.967160422198736     
           2          22  0.967103887160636     
           3          23  0.963669107820142     
           6          24  0.964811243799490     
          10          25  0.964921677153208     
          11          26  0.966346645022935     
          12          27  0.958043786760369     
          17          28  0.876157613598926     
          18          29  0.960376976512781     
          18          30  0.966467062198361     
          19          31  0.967408561958859     
          19          32  0.971523569640879     
          20          33  0.861256515691892     
