           1           2   1.02135104231091     
           2           3  0.988108944705800     
           3           4  0.978386650771467     
           4           5   1.68742279749494     
           4           6   1.17306081444505     
           5           6  0.170415745702507     
           6           7  0.919784640472526     
           7           8   1.01891259899947     
           1           9  0.987312738483613     
           1          10  0.986790405245688     
           1          11  0.985739196792335     
           2          12  0.975557385318241     
           2          13  0.976148490710786     
           3          14  0.972573603662868     
           3          15  0.947956627528700     
           7          16  0.967567402352731     
           7          17  0.969426508315266     
           8          18  0.980099470369975     
           8          19  0.984273591440696     
           8          20  0.983190944496033     
