           1           2   1.02113594773503     
           2           3  0.989918201318203     
           3           4  0.978609721183866     
           4           5   1.69138923495231     
           4           6   1.16875480797517     
           5           6  0.170587990487527     
           6           7  0.918568889449297     
           7           8   1.01970850663064     
           1           9  0.987638736886299     
           1          10  0.986233791589954     
           1          11  0.985980350708748     
           2          12  0.975624961154591     
           2          13  0.976964116951054     
           3          14  0.971086310561817     
           3          15  0.944881389189235     
           7          16  0.968917432200151     
           7          17  0.969190187015542     
           8          18  0.983494192228940     
           8          19  0.980139867244073     
           8          20  0.983646184659543     
