           1           2   1.01942385238883     
           2           3   1.00108451723622     
           3           4  0.982632811469750     
           4           5   1.68026862984583     
           4           6   1.17580605537328     
           5           6  0.169600398868567     
           6           7  0.918193029556266     
           7           8   1.01965582864517     
           1           9  0.986960475999269     
           1          10  0.985808087651924     
           1          11  0.986961149813669     
           2          12  0.975998019923056     
           2          13  0.978302456731440     
           3          14  0.963032031476001     
           3          15  0.936853615732557     
           7          16  0.968928807066598     
           7          17  0.968826923188106     
           8          18  0.983470928794053     
           8          19  0.983560949619287     
           8          20  0.980047650384527     
