           1           2   1.02136434546180     
           2           3  0.983565249205820     
           3           4  0.978028535190621     
           4           5   1.68955082418305     
           4           6   1.17132523267549     
           5           6  0.171419895750647     
           6           7  0.918620241206886     
           7           8   1.01932136103492     
           1           9  0.987589456861762     
           1          10  0.986018474131621     
           1          11  0.985820172576690     
           2          12  0.974924747788923     
           2          13  0.977579172825004     
           3          14  0.972347340464629     
           3          15  0.951503185952024     
           7          16  0.969456276855322     
           7          17  0.968159068580998     
           8          18  0.983974658130305     
           8          19  0.980116858129229     
           8          20  0.983298025891412     
