           1           2   1.01761995108357     
           2           3  0.976182585845719     
           3           4  0.978687477609772     
           4           5   1.69249379126927     
           4           6   1.16836482299376     
           5           6  0.171128283698233     
           6           7  0.918864216200392     
           7           8   1.01337520150548     
           1           9  0.984456543960115     
           1          10  0.986823488959372     
           1          11  0.986576206383721     
           2          12  0.978721361383013     
           2          13  0.978233016958654     
           3          14  0.959962054819812     
           3          15  0.971678993266747     
           7          16  0.969021785936655     
           7          17  0.970130954952065     
           8          18  0.984485382895038     
           8          19  0.980116804239546     
           8          20  0.985827345232784     
