           1           2   1.01917336130784     
           2           3   1.00792960117748     
           3           4  0.983384429634325     
           4           5   1.67916180470297     
           4           6   1.17414411708074     
           5           6  0.169404353661391     
           6           7  0.919577651764033     
           7           8   1.01342084330589     
           1           9  0.986199790491508     
           1          10  0.987066038587868     
           1          11  0.987035793658655     
           2          12  0.976612091747052     
           2          13  0.977177217769526     
           3          14  0.948845995997125     
           3          15  0.942164354980109     
           7          16  0.970068990808416     
           7          17  0.968870164617777     
           8          18  0.985812193290348     
           8          19  0.980205882087899     
           8          20  0.984458396560510     
