$hessian                                                                        
        0.4856825479  -0.0308807806  -0.0103068115  -0.1494226361  -0.0657702645
       -0.0218620372  -0.0299122147  -0.0129991906  -0.0029731178  -0.0028757691
        0.0026639283   0.0013769508   0.0003617723   0.0001198175  -0.0000725658
       -0.0022374548  -0.0004899523  -0.0001472569  -0.0002515483   0.0002095017
       -0.0000003174  -0.0001451958  -0.0000768036  -0.0000225690  -0.2106241267
        0.1002677765   0.0542258238  -0.0431416929  -0.0006805716  -0.0084395685
       -0.0439313373   0.0154569528  -0.0085173987  -0.0040019497  -0.0036797099
       -0.0031182664  -0.0013874098  -0.0029805902   0.0005162138   0.0010727610
       -0.0005214981  -0.0006775686   0.0008740710  -0.0006735900   0.0000118876
       -0.0000095571   0.0000095507  -0.0000043703  -0.0000097123   0.0000078071
        0.0000127124   0.0000156492  -0.0000044988  -0.0000096977  -0.0000723853
        0.0000310544   0.0000022569   0.0000161886  -0.0000089387   0.0000057005
       -0.0308807806   0.5028001848  -0.0066785707  -0.0652340619  -0.1141037741
       -0.0150299796   0.0081335750   0.0065228856   0.0019664121   0.0011882476
       -0.0026175205  -0.0011623117  -0.0002579859   0.0012850067   0.0003832205
        0.0012807446   0.0004744687   0.0001513456   0.0002435023  -0.0002465265
       -0.0000239096   0.0001073310  -0.0000041209   0.0000069253   0.0994922889
       -0.1009058182  -0.0309305702  -0.0008280292  -0.0547717649  -0.0490347542
        0.0156061202  -0.2159495824   0.1072378470  -0.0077741381  -0.0050475940
       -0.0036444246  -0.0223905794  -0.0189342833  -0.0033922129   0.0005023596
        0.0003996684   0.0004198867   0.0008411683   0.0009864404  -0.0002833638
       -0.0000003752   0.0000352425  -0.0000178567  -0.0000004114   0.0000278638
        0.0000293964  -0.0000272461   0.0000183021   0.0000070173   0.0000215057
        0.0000091932   0.0000007182  -0.0000232353   0.0000217286  -0.0000048150
       -0.0103068115  -0.0066785707   0.5220872472  -0.0217644438  -0.0150869759
       -0.0726087397   0.0053330335   0.0035019074   0.0012431403   0.0008057338
       -0.0012449595  -0.0002214867  -0.0000834793   0.0004337855   0.0002142693
        0.0007666571   0.0001714823   0.0001009122   0.0001148527  -0.0001133152
       -0.0000263339   0.0000611195   0.0000169015  -0.0000139830   0.0539139370
       -0.0310137637  -0.0615649882  -0.0081334985  -0.0487485978  -0.2734619412
       -0.0088111340   0.1070391327  -0.1114519399  -0.0240504787  -0.0184269742
       -0.0083681487   0.0115494900   0.0097461217   0.0030545206   0.0008660565
        0.0005423581   0.0008516721  -0.0002513818  -0.0001630376   0.0001215362
       -0.0000202120  -0.0000013029   0.0000016443   0.0000193041   0.0000216211
        0.0000194837  -0.0000175325   0.0000103974   0.0000137799   0.0000142270
       -0.0000000730   0.0000044180  -0.0000054390  -0.0000061373   0.0000049376
       -0.1494226361  -0.0652340619  -0.0217644438   0.4552427718   0.0042052791
        0.0058598400  -0.1503564634   0.0559174328   0.0295659206  -0.0281821850
        0.0022896035   0.0040761585   0.0001587085   0.0051148162   0.0008088297
       -0.0050713718  -0.0023590444  -0.0002196276  -0.0007993730   0.0004848602
        0.0000223737  -0.0002807627  -0.0001165694  -0.0000304689  -0.0250133373
       -0.0145267685  -0.0043277248  -0.0038191233  -0.0034644039  -0.0037741827
       -0.0009432971  -0.0032257290   0.0011615603  -0.0411414959  -0.0009340272
       -0.0066014771  -0.0417975119   0.0142496743  -0.0084715767  -0.0026337103
        0.0022565884   0.0036284554  -0.0057974913   0.0052318519   0.0000658982
       -0.0000067540   0.0000644357  -0.0000606176  -0.0000388678   0.0000389874
        0.0000692847   0.0000110193  -0.0000345039  -0.0000519762  -0.0001104991
        0.0000869166   0.0000092923   0.0000023804  -0.0000453379   0.0000344820
       -0.0657702645  -0.1141037741  -0.0150869759   0.0042052791   0.5084880821
       -0.0126357280   0.0548454118  -0.0986709583  -0.0153060003  -0.0069776217
        0.0069259772   0.0040203967  -0.0022367404   0.0007990495   0.0004106509
       -0.0065257239  -0.0004351743  -0.0006557746  -0.0006273224   0.0007440366
       -0.0001715776  -0.0003796395  -0.0002419520  -0.0000541028   0.0095338176
        0.0070817547   0.0021431980  -0.0070496808  -0.0054726906  -0.0045155903
       -0.0221344292  -0.0201193546  -0.0031567438  -0.0005430648  -0.0565395183
       -0.0485757040   0.0140942095  -0.2098105224   0.1028500470   0.0075878143
       -0.0041336358  -0.0047488148   0.0219357639  -0.0146365442  -0.0045493593
        0.0000851742   0.0000273429   0.0000501970   0.0000257092   0.0000151297
       -0.0000337024   0.0000283090   0.0000144546   0.0000315346  -0.0001185336
        0.0000464251   0.0000058587   0.0000215322   0.0000218723  -0.0000218089
       -0.0218620372  -0.0150299796  -0.0726087397   0.0058598400  -0.0126357280
        0.5316350532   0.0293797407  -0.0153673506  -0.0763618527  -0.0010769631
        0.0012989261   0.0008464590  -0.0010910253   0.0003668437  -0.0002186003
       -0.0018032108  -0.0005998590   0.0008379970  -0.0003126999   0.0001333313
        0.0003686053  -0.0001282636  -0.0000730017  -0.0000449629   0.0058691704
        0.0038841227   0.0015302167  -0.0243170384  -0.0188669530  -0.0087111042
        0.0121982035   0.0096175170   0.0031169282  -0.0071846216  -0.0476919545
       -0.2637308399  -0.0077048121   0.1023174900  -0.1102208055   0.0242816840
       -0.0145670572  -0.0104544809  -0.0121197056   0.0071937997   0.0039687562
       -0.0000437661  -0.0000594572   0.0000060590   0.0000788509   0.0000479399
        0.0000141363  -0.0000079694   0.0000118310   0.0000148199  -0.0000414159
        0.0000098844   0.0000089244   0.0000260393   0.0000096547   0.0000034310
       -0.0299122147   0.0081335750   0.0053330335  -0.1503564634   0.0548454118
        0.0293797407   0.4618000210  -0.0193930542  -0.0004536316  -0.1293323793
       -0.0590632317  -0.0147907833  -0.0002831437  -0.0092140625  -0.0016709708
       -0.0542751043  -0.0105647767  -0.0033739623  -0.0002874236   0.0039003676
        0.0007650935  -0.0015722012  -0.0007519256  -0.0001715397  -0.0049016758
       -0.0027102715  -0.0007754369   0.0010782925   0.0006279206   0.0005263950
        0.0011479446   0.0008219763  -0.0000027684  -0.0037889669   0.0027728059
        0.0041672859  -0.0064410977   0.0065928526   0.0000346411  -0.0383834960
       -0.0000437099  -0.0059767564  -0.0434950047   0.0243570582  -0.0129347015
       -0.0003932657  -0.0002356718  -0.0000472824  -0.0003020836  -0.0001994319
       -0.0000204112   0.0001106885  -0.0000808301  -0.0000755518  -0.0005144479
        0.0002999681   0.0000318224   0.0001020219  -0.0000949700   0.0000557841
       -0.0129991906   0.0065228856   0.0035019074   0.0559174328  -0.0986709583
       -0.0153673506  -0.0193930542   0.4983651731  -0.0107542765  -0.0460298497
       -0.0972335793  -0.0055360574  -0.0319183353  -0.0464307565  -0.0161923253
        0.0021108179   0.0123334868   0.0018325890   0.0030436401  -0.0009249625
       -0.0010289840   0.0006083704   0.0003246084   0.0000580894  -0.0041433248
       -0.0009172980  -0.0003910472  -0.0003148162   0.0004275197   0.0005405328
       -0.0009357215   0.0011168392  -0.0001990067   0.0076944501  -0.0043619668
       -0.0039509825   0.0243644434  -0.0165161173  -0.0056389244  -0.0011721378
       -0.0506570559  -0.0538411303   0.0230276184  -0.2029654654   0.1069923713
        0.0000953703  -0.0001425643  -0.0000166045  -0.0001929854  -0.0001845174
       -0.0000002396  -0.0000111298   0.0000346173   0.0000253403   0.0002610235
       -0.0001696897  -0.0000171300  -0.0000126218   0.0000498012  -0.0000167712
       -0.0029731178   0.0019664121   0.0012431403   0.0295659206  -0.0153060003
       -0.0763618527  -0.0004536316  -0.0107542765   0.4924087924  -0.0091620475
       -0.0040082606  -0.0727522290  -0.0065780268  -0.0158334831   0.0146120127
       -0.0010119330   0.0027986832   0.0062221716   0.0008824606  -0.0014548839
        0.0051343362   0.0002450764   0.0001499905   0.0000561538  -0.0012309512
       -0.0004216540   0.0005857675  -0.0009541186   0.0003981368   0.0009624230
        0.0003808000  -0.0002581130   0.0001579990   0.0263226117  -0.0158808194
       -0.0106035972  -0.0126430844   0.0078030971   0.0040015027  -0.0093582034
       -0.0577453513  -0.2583778300  -0.0130232616   0.1088071185  -0.1072687126
       -0.0009706469  -0.0003575166  -0.0000613845   0.0008627615   0.0001638604
        0.0000332832  -0.0000544863   0.0000218301   0.0000380441   0.0000974626
       -0.0000612014  -0.0000385051   0.0000564157  -0.0000275686   0.0000084846
       -0.0028757691   0.0011882476   0.0008057338  -0.0281821850  -0.0069776217
       -0.0010769631  -0.1293323793  -0.0460298497  -0.0091620475   0.4772652215
        0.0173014239   0.0055373979  -0.0740014816  -0.0248523123  -0.0055501411
       -0.1896732088   0.0628280279   0.0140398100  -0.0511052735   0.0034256004
        0.0003056125  -0.0032189571  -0.0019075257  -0.0003020974  -0.0004717749
       -0.0007821784  -0.0002608917  -0.0002508341   0.0002500124   0.0004742724
       -0.0002789109   0.0005384297  -0.0001317573  -0.0002512348  -0.0003530052
       -0.0000591298  -0.0007173106  -0.0001356173  -0.0002290395  -0.0006666566
       -0.0055276250  -0.0028100553   0.0034389582  -0.0025635121  -0.0021773140
        0.0010048183   0.0016995557  -0.0010605373   0.0009599127   0.0011523870
        0.0016072206  -0.0004994203  -0.0002925781  -0.0002381967  -0.0006189488
        0.0013845748   0.0001843643  -0.0005245651  -0.0003464340   0.0001037595
        0.0026639283  -0.0026175205  -0.0012449595   0.0022896035   0.0069259772
        0.0012989261  -0.0590632317  -0.0972335793  -0.0040082606   0.0173014239
        0.8407617732   0.1483685873  -0.0042606051  -0.6077326030  -0.1238266555
        0.0742357329  -0.1278688017  -0.0160863133   0.0007502993   0.0161095172
        0.0038454380  -0.0048936212  -0.0035853287  -0.0009712580   0.0016376520
        0.0003909326  -0.0000327573  -0.0004138826   0.0001475668   0.0001131014
       -0.0003191142   0.0000996248   0.0000844710   0.0013969209   0.0010045490
       -0.0013421577   0.0021056210  -0.0001230259   0.0015079297  -0.0071478196
       -0.0064274091  -0.0054550825  -0.0191432712  -0.0210866787  -0.0020873105
       -0.0040162651  -0.0000972867   0.0024332902  -0.0033237146   0.0011425372
       -0.0026822623   0.0009856769  -0.0000324794  -0.0000653144  -0.0018671261
        0.0003184770   0.0000074406   0.0010817926  -0.0000962418   0.0001431474
        0.0013769508  -0.0011623117  -0.0002214867   0.0040761585   0.0040203967
        0.0008464590  -0.0147907833  -0.0055360574  -0.0727522290   0.0055373979
        0.1483685873   0.2278903756  -0.0012716093  -0.1235176629  -0.0937229908
        0.0169757175  -0.0167260747  -0.0588373020  -0.0000187661   0.0035658077
        0.0014158103  -0.0013623310  -0.0009199809   0.0000121686   0.0006502939
        0.0001329755   0.0002888629  -0.0000790958   0.0000023680   0.0000028810
       -0.0001670552   0.0000190373   0.0000110693   0.0014105461   0.0003237751
       -0.0003989189  -0.0002957259   0.0000699603   0.0006330320  -0.0240215226
       -0.0196750768  -0.0086099501   0.0135114817   0.0109012167   0.0020779020
        0.0006273305   0.0000073259   0.0012239651  -0.0020935152  -0.0000237569
        0.0002871107   0.0004116633  -0.0002068877  -0.0001873525  -0.0004742591
        0.0000985762   0.0001321979  -0.0000028767   0.0002577822  -0.0000916044
        0.0003617723  -0.0002579859  -0.0000834793   0.0001587085  -0.0022367404
       -0.0010910253  -0.0002831437  -0.0319183353  -0.0065780268  -0.0740014816
       -0.0042606051  -0.0012716093   0.0927792186  -0.0207798375  -0.0040066685
       -0.0183528585   0.0600609665   0.0133966778   0.0020514012   0.0052369202
        0.0009884255   0.0004967675   0.0008610870   0.0002780464   0.0000522901
        0.0001365998   0.0000430832   0.0000065339  -0.0000260467   0.0000179159
       -0.0000251958  -0.0000634697  -0.0000214260   0.0004767880   0.0001762981
       -0.0004439545   0.0003228555  -0.0004894454   0.0003838106  -0.0024129531
       -0.0021124211  -0.0005955360  -0.0034888583  -0.0032651292  -0.0007022915
        0.0009711682  -0.0003831507  -0.0007260657   0.0007128970  -0.0003830627
        0.0004606009  -0.0000394977   0.0000205402  -0.0001008561   0.0002160215
       -0.0002636288  -0.0000460696  -0.0000024335  -0.0000525533   0.0000984483
        0.0001198175   0.0012850067   0.0004337855   0.0051148162   0.0007990495
        0.0003668437  -0.0092140625  -0.0464307565  -0.0158334831  -0.0248523123
       -0.6077326030  -0.1235176629  -0.0207798375   0.7392952957   0.1626790498
        0.0592361479  -0.0853912103  -0.0250472374  -0.0047988549   0.0014481516
        0.0009535441   0.0010682475   0.0015379281   0.0003281949  -0.0004566079
        0.0001970403   0.0001196223   0.0003118880  -0.0001857069  -0.0000673066
        0.0002960197  -0.0001130826  -0.0001281207  -0.0004033981  -0.0002134621
        0.0011166248  -0.0008721936   0.0006349840  -0.0010017603  -0.0027063366
       -0.0029182805   0.0000671102  -0.0039068949  -0.0027834155  -0.0009695914
        0.0012776874   0.0002977851  -0.0013433062   0.0011791272  -0.0001350635
        0.0017777176  -0.0006039522   0.0000213253   0.0002833565   0.0005752255
        0.0002836862   0.0000685731  -0.0005845263   0.0001033284  -0.0002859539
       -0.0000725658   0.0003832205   0.0002142693   0.0008088297   0.0004106509
       -0.0002186003  -0.0016709708  -0.0161923253   0.0146120127  -0.0055501411
       -0.1238266555  -0.0937229908  -0.0040066685   0.1626790498   0.0630446097
        0.0126542268  -0.0247709398   0.0203371369  -0.0011405891   0.0012155106
       -0.0037073731   0.0002116777   0.0002939467   0.0003045383  -0.0001500543
        0.0000576270  -0.0000267012   0.0000917545  -0.0000039195   0.0000279746
        0.0000876960  -0.0000643517  -0.0000237934  -0.0005890865  -0.0003215453
        0.0004451262   0.0002039564   0.0001203922  -0.0004630261   0.0013972343
        0.0016710035   0.0003863085  -0.0026881432  -0.0021650065  -0.0004770131
        0.0001026746   0.0006215208  -0.0005255125   0.0004510504  -0.0002006555
       -0.0002132159  -0.0001406822   0.0000764842   0.0001092876   0.0001257193
        0.0000755791  -0.0000446234  -0.0001259181  -0.0000595862  -0.0000584142
       -0.0022374548   0.0012807446   0.0007666571  -0.0050713718  -0.0065257239
       -0.0018032108  -0.0542751043   0.0021108179  -0.0010119330  -0.1896732088
        0.0742357329   0.0169757175  -0.0183528585   0.0592361479   0.0126542268
        0.4573239513  -0.0327011305  -0.0068179015  -0.1138302399  -0.0604949803
       -0.0130877995  -0.0392045079  -0.0102294124  -0.0029758547  -0.0007522006
       -0.0001311541  -0.0000062053   0.0002440531   0.0000006872  -0.0001944247
        0.0002290556  -0.0001513838   0.0001044813   0.0004661504   0.0001950789
        0.0001910520   0.0009329014   0.0001340969   0.0000353733  -0.0015856479
        0.0011194585  -0.0006517803  -0.0008860488   0.0008479662   0.0015856572
       -0.0172117260  -0.0176175905   0.0044019272  -0.0153231613  -0.0139772350
       -0.0105841398   0.0025060532  -0.0008550577   0.0002281832  -0.0057624633
        0.0042183863   0.0005458236   0.0024638291  -0.0006954492  -0.0003558496
       -0.0004899523   0.0004744687   0.0001714823  -0.0023590444  -0.0004351743
       -0.0005998590  -0.0105647767   0.0123334868   0.0027986832   0.0628280279
       -0.1278688017  -0.0167260747   0.0600609665  -0.0853912103  -0.0247709398
       -0.0327011305   0.3416589926   0.0603233249  -0.0503971913  -0.1174055740
       -0.0140646005   0.0166213064   0.0116691816   0.0019934633  -0.0002977155
       -0.0001448227  -0.0000169904   0.0000009330  -0.0000160700   0.0000929502
        0.0000183983   0.0000859886  -0.0000761677  -0.0001298104  -0.0003978866
        0.0000572234  -0.0004865342  -0.0001602948  -0.0003310336   0.0003324373
       -0.0004662226   0.0002055416   0.0006137980   0.0004012515  -0.0010954666
       -0.0275054821  -0.0198217588  -0.0007765789  -0.0192290709  -0.0143381192
       -0.0070723157  -0.0004268779   0.0005110098   0.0003206959   0.0046738319
       -0.0015071612  -0.0002345683  -0.0005621130   0.0008187166  -0.0001987698
       -0.0001472569   0.0001513456   0.0001009122  -0.0002196276  -0.0006557746
        0.0008379970  -0.0033739623   0.0018325890   0.0062221716   0.0140398100
       -0.0160863133  -0.0588373020   0.0133966778  -0.0250472374   0.0203371369
       -0.0068179015   0.0603233249   0.0848192007  -0.0105459100  -0.0134873829
       -0.0592542943   0.0019039815   0.0012556105   0.0029344462  -0.0000958466
       -0.0000369459  -0.0000395729   0.0000345049   0.0000076057   0.0000340628
       -0.0000249204  -0.0000081826  -0.0000291816  -0.0002504467   0.0000191747
        0.0000628069   0.0000259890  -0.0001041723  -0.0001030265   0.0013402955
       -0.0001034044   0.0007764062  -0.0011510005  -0.0004337175   0.0001331662
        0.0192085199   0.0108805667   0.0046143749  -0.0279595187  -0.0183289147
       -0.0035195856  -0.0003057449   0.0007019971   0.0002882272   0.0006784005
       -0.0002566271   0.0005353937   0.0002639570  -0.0006235413   0.0000866604
       -0.0002515483   0.0002435023   0.0001148527  -0.0007993730  -0.0006273224
       -0.0003126999  -0.0002874236   0.0030436401   0.0008824606  -0.0511052735
        0.0007502993  -0.0000187661   0.0020514012  -0.0047988549  -0.0011405891
       -0.1138302399  -0.0503971913  -0.0105459100   0.3980124226  -0.0437057576
       -0.0119132816  -0.1316249300   0.0740416725   0.0104572932  -0.0001519162
       -0.0001619714  -0.0000521173  -0.0000680960   0.0000319318   0.0000696404
       -0.0000751612   0.0000610614  -0.0000145264  -0.0000762996  -0.0000797498
       -0.0002132613  -0.0000939131  -0.0001907008   0.0001041253  -0.0004732896
       -0.0001546298   0.0001448063  -0.0002635167   0.0001551534  -0.0001617385
       -0.0376753716  -0.0021458943   0.0060505843  -0.0377593996   0.0039698367
        0.0038305198  -0.0019766071   0.0026328564   0.0030114632  -0.0226658512
        0.0147774482   0.0018543794  -0.0008856133   0.0025546704  -0.0021472351
        0.0002095017  -0.0002465265  -0.0001133152   0.0004848602   0.0007440366
        0.0001333313   0.0039003676  -0.0009249625  -0.0014548839   0.0034256004
        0.0161095172   0.0035658077   0.0052369202   0.0014481516   0.0012155106
       -0.0604949803  -0.1174055740  -0.0134873829  -0.0437057576   0.4843620458
       -0.0054476392   0.0704319947  -0.1330465385  -0.0086785557   0.0001064383
       -0.0000089416  -0.0000077595  -0.0000475828   0.0000427424   0.0000684729
       -0.0000565955   0.0000673781  -0.0000125451  -0.0000510793   0.0000258483
       -0.0001216104  -0.0000693096  -0.0000623388   0.0001103044  -0.0004318638
       -0.0000700812   0.0001667634  -0.0002731155   0.0003134782  -0.0001183352
       -0.0028929737  -0.1467686844   0.1103651540   0.0025335877  -0.0806816931
       -0.0831311160   0.0127204735  -0.0122586771  -0.0048498480  -0.0096913715
        0.0075668686   0.0009786871   0.0186648851  -0.0192060489   0.0008189596
       -0.0000003174  -0.0000239096  -0.0000263339   0.0000223737  -0.0001715776
        0.0003686053   0.0007650935  -0.0010289840   0.0051343362   0.0003056125
        0.0038454380   0.0014158103   0.0009884255   0.0009535441  -0.0037073731
       -0.0130877995  -0.0140646005  -0.0592542943  -0.0119132816  -0.0054476392
        0.5143729494   0.0099336318  -0.0086485990  -0.0698022628   0.0000005782
       -0.0000082054  -0.0000280744  -0.0000387983  -0.0000155973  -0.0000251671
       -0.0000016296   0.0000423010   0.0000056112   0.0000251126   0.0000095567
       -0.0000869721  -0.0000276824   0.0000214319   0.0000104356   0.0005973076
        0.0006062782   0.0002107217  -0.0002538881  -0.0004466779  -0.0001256228
        0.0032835023   0.1092105592  -0.1597676640   0.0064426078  -0.0817273045
       -0.2261382091   0.0213933276  -0.0204004539  -0.0043576854  -0.0021342424
        0.0015888567   0.0002499550  -0.0162999338   0.0157055831   0.0015512342
       -0.0001451958   0.0001073310   0.0000611195  -0.0002807627  -0.0003796395
       -0.0001282636  -0.0015722012   0.0006083704   0.0002450764  -0.0032189571
       -0.0048936212  -0.0013623310   0.0004967675   0.0010682475   0.0002116777
       -0.0392045079   0.0166213064   0.0019039815  -0.1316249300   0.0704319947
        0.0099336318   0.4963281969   0.0373400953   0.0054455792  -0.0001080148
       -0.0000153723   0.0000000282   0.0000116063  -0.0000002690  -0.0000040606
        0.0000139309  -0.0000001908  -0.0000000897   0.0000034793  -0.0000007251
       -0.0000031255   0.0000044565   0.0000024423  -0.0000004285   0.0000262613
        0.0000363455   0.0000914284   0.0000432129   0.0001324575  -0.0000469700
       -0.0013244849   0.0032946661  -0.0012184373  -0.0023719076   0.0036565023
        0.0022788490  -0.0429339494  -0.0057335240  -0.0110266990  -0.2297251306
       -0.1068268586  -0.0218209947  -0.0444178694  -0.0154495588   0.0154400282
       -0.0000768036  -0.0000041209   0.0000169015  -0.0001165694  -0.0002419520
       -0.0000730017  -0.0007519256   0.0003246084   0.0001499905  -0.0019075257
       -0.0035853287  -0.0009199809   0.0008610870   0.0015379281   0.0002939467
       -0.0102294124   0.0116691816   0.0012556105   0.0740416725  -0.1330465385
       -0.0086485990   0.0373400953   0.5023524990  -0.0033947602  -0.0000213302
        0.0000087691   0.0000016556   0.0000197508   0.0000101737   0.0000032789
        0.0000254858   0.0000278359  -0.0000027122   0.0000050076   0.0000196774
        0.0000397885  -0.0000137792   0.0000632242  -0.0000214935   0.0000538105
        0.0000209176   0.0000116095   0.0000708240   0.0000629596  -0.0000051815
        0.0172270809  -0.0164936748   0.0002092949   0.0115688677  -0.0100175316
       -0.0034184183  -0.0065473118  -0.0899228397  -0.0958297401  -0.1050077155
       -0.1006132083  -0.0119192142  -0.0165413089  -0.1621725802   0.1222510249
       -0.0000225690   0.0000069253  -0.0000139830  -0.0000304689  -0.0000541028
       -0.0000449629  -0.0001715397   0.0000580894   0.0000561538  -0.0003020974
       -0.0009712580   0.0000121686   0.0002780464   0.0003281949   0.0003045383
       -0.0029758547   0.0019934633   0.0029344462   0.0104572932  -0.0086785557
       -0.0698022628   0.0054455792  -0.0033947602   0.5278919208  -0.0000066692
       -0.0000009360   0.0000047356   0.0000088822   0.0000113209   0.0000138536
        0.0000048289  -0.0000053480   0.0000059048  -0.0000134516   0.0000071265
        0.0000310783   0.0000098711   0.0000009154  -0.0000004627   0.0000149435
        0.0000435330   0.0000215990   0.0000137694  -0.0000122727   0.0000048622
       -0.0148969841   0.0149380910   0.0014835137   0.0196135308  -0.0187115526
       -0.0036788657  -0.0119762156  -0.0947506295  -0.2440321446  -0.0215332370
       -0.0119650449  -0.0449162100   0.0160823426   0.1211568006  -0.1702758830
       -0.2106241267   0.0994922889   0.0539139370  -0.0250133373   0.0095338176
        0.0058691704  -0.0049016758  -0.0041433248  -0.0012309512  -0.0004717749
        0.0016376520   0.0006502939   0.0000522901  -0.0004566079  -0.0001500543
       -0.0007522006  -0.0002977155  -0.0000958466  -0.0001519162   0.0001064383
        0.0000005782  -0.0001080148  -0.0000213302  -0.0000066692   0.2459147853
       -0.1133767048  -0.0621100812  -0.0010063034   0.0019361039   0.0024096522
       -0.0042006731   0.0051786772   0.0006726680   0.0003169882   0.0005018834
       -0.0000646971   0.0004180846   0.0003221152   0.0003511124   0.0002340166
       -0.0001503568  -0.0002892695   0.0002430563  -0.0002366926   0.0000816701
        0.0000123303  -0.0000082860   0.0000123831   0.0000088992  -0.0000058692
       -0.0000138028   0.0000241843  -0.0000023983  -0.0000088278  -0.0000166082
       -0.0000049495  -0.0000001182   0.0000219962  -0.0000047410   0.0000088526
        0.1002677765  -0.1009058182  -0.0310137637  -0.0145267685   0.0070817547
        0.0038841227  -0.0027102715  -0.0009172980  -0.0004216540  -0.0007821784
        0.0003909326   0.0001329755   0.0001365998   0.0001970403   0.0000576270
       -0.0001311541  -0.0001448227  -0.0000369459  -0.0001619714  -0.0000089416
       -0.0000082054  -0.0000153723   0.0000087691  -0.0000009360  -0.1133767048
        0.1153924711   0.0368053916   0.0069526379  -0.0040655046  -0.0037262045
        0.0249318252  -0.0178837352  -0.0060529856   0.0000455190   0.0003730329
        0.0003354013  -0.0003332415   0.0005604250   0.0000562158  -0.0000848599
       -0.0001105978   0.0001178691  -0.0002201822   0.0000226337  -0.0001320321
        0.0000113879   0.0000083344  -0.0000084082   0.0000109252   0.0000061427
        0.0000123491  -0.0000075700  -0.0000054602  -0.0000000213  -0.0000000460
        0.0000061212   0.0000008584  -0.0000063511  -0.0000054793  -0.0000016538
        0.0542258238  -0.0309305702  -0.0615649882  -0.0043277248   0.0021431980
        0.0015302167  -0.0007754369  -0.0003910472   0.0005857675  -0.0002608917
       -0.0000327573   0.0002888629   0.0000430832   0.0001196223  -0.0000267012
       -0.0000062053  -0.0000169904  -0.0000395729  -0.0000521173  -0.0000077595
       -0.0000280744   0.0000000282   0.0000016556   0.0000047356  -0.0621100812
        0.0368053916   0.0676097253   0.0275991346  -0.0178875777  -0.0127904097
       -0.0140303494   0.0098791298   0.0042131575  -0.0005329426   0.0002008147
        0.0002416608   0.0003473135   0.0001166876  -0.0000572789  -0.0001378340
       -0.0000156400   0.0000915283   0.0000199593   0.0000072324  -0.0000527812
        0.0000066058   0.0000081823  -0.0000064792  -0.0000011929  -0.0000000752
        0.0000045330  -0.0000049101  -0.0000033485  -0.0000034498   0.0000018250
        0.0000031470   0.0000008354  -0.0000040870   0.0000007046  -0.0000012874
       -0.0431416929  -0.0008280292  -0.0081334985  -0.0038191233  -0.0070496808
       -0.0243170384   0.0010782925  -0.0003148162  -0.0009541186  -0.0002508341
       -0.0004138826  -0.0000790958   0.0000065339   0.0003118880   0.0000917545
        0.0002440531   0.0000009330   0.0000345049  -0.0000680960  -0.0000475828
       -0.0000387983   0.0000116063   0.0000197508   0.0000088822  -0.0010063034
        0.0069526379   0.0275991346   0.0502973068   0.0040377467   0.0109389011
        0.0005991022   0.0001655502  -0.0034995251  -0.0040207528  -0.0034637108
       -0.0019362601   0.0006251789   0.0005818036  -0.0000834972  -0.0005342119
        0.0000025095   0.0004091458  -0.0000544959   0.0000282114  -0.0000512004
        0.0000122235   0.0000104082  -0.0000099329   0.0000193530   0.0000082977
        0.0000185067  -0.0000126317   0.0000000942  -0.0000008544   0.0000202079
        0.0000034939   0.0000021846  -0.0000057159  -0.0000056227   0.0000008053
       -0.0006805716  -0.0547717649  -0.0487485978  -0.0034644039  -0.0054726906
       -0.0188669530   0.0006279206   0.0004275197   0.0003981368   0.0002500124
        0.0001475668   0.0000023680  -0.0000260467  -0.0001857069  -0.0000039195
        0.0000006872  -0.0000160700   0.0000076057   0.0000319318   0.0000427424
       -0.0000155973  -0.0000002690   0.0000101737   0.0000113209   0.0019361039
       -0.0040655046  -0.0178875777   0.0040377467   0.0618146802   0.0589146451
        0.0008487876   0.0038699037   0.0282171350  -0.0037234730  -0.0020722116
       -0.0015393911   0.0002733813   0.0001760736  -0.0006894882  -0.0001092561
        0.0002532871   0.0000605542  -0.0000164850  -0.0001321755   0.0001456176
        0.0000007426  -0.0000077916   0.0000019666   0.0000081224  -0.0000122430
       -0.0000046859   0.0000029262   0.0000034945   0.0000008644  -0.0000002596
       -0.0000062064  -0.0000022511   0.0000024021  -0.0000030764  -0.0000017527
       -0.0084395685  -0.0490347542  -0.2734619412  -0.0037741827  -0.0045155903
       -0.0087111042   0.0005263950   0.0005405328   0.0009624230   0.0004742724
        0.0001131014   0.0000028810   0.0000179159  -0.0000673066   0.0000279746
       -0.0001944247   0.0000929502   0.0000340628   0.0000696404   0.0000684729
       -0.0000251671  -0.0000040606   0.0000032789   0.0000138536   0.0024096522
       -0.0037262045  -0.0127904097   0.0109389011   0.0589146451   0.3156585649
       -0.0002352303  -0.0008519343  -0.0226543614  -0.0017312430  -0.0016715061
        0.0003494275   0.0004070612   0.0001538350   0.0006049539  -0.0004714320
       -0.0000130681   0.0003200216  -0.0000332616   0.0000121287  -0.0003256711
        0.0000164383  -0.0000075083   0.0000094172   0.0000133025  -0.0000114392
       -0.0000089783   0.0000010767   0.0000035087   0.0000104831   0.0000047438
       -0.0000052988  -0.0000036714   0.0000040039   0.0000021570  -0.0000127589
       -0.0439313373   0.0156061202  -0.0088111340  -0.0009432971  -0.0221344292
        0.0121982035   0.0011479446  -0.0009357215   0.0003808000  -0.0002789109
       -0.0003191142  -0.0001670552  -0.0000251958   0.0002960197   0.0000876960
        0.0002290556   0.0000183983  -0.0000249204  -0.0000751612  -0.0000565955
       -0.0000016296   0.0000139309   0.0000254858   0.0000048289  -0.0042006731
        0.0249318252  -0.0140303494   0.0005991022   0.0008487876  -0.0002352303
        0.0511881491  -0.0148424123   0.0108741979   0.0006166769   0.0002969396
        0.0004561108  -0.0038295984  -0.0039350570  -0.0005471377  -0.0000616812
       -0.0000059493   0.0000553760  -0.0004800058   0.0001887066  -0.0002400231
        0.0000210552   0.0000140322  -0.0000166759   0.0000137457   0.0000045769
        0.0000168889  -0.0000094072  -0.0000047316   0.0000002288   0.0000203434
        0.0000051316   0.0000003149  -0.0000147356  -0.0000020132  -0.0000004901
        0.0154569528  -0.2159495824   0.1070391327  -0.0032257290  -0.0201193546
        0.0096175170   0.0008219763   0.0011168392  -0.0002581130   0.0005384297
        0.0000996248   0.0000190373  -0.0000634697  -0.0001130826  -0.0000643517
       -0.0001513838   0.0000859886  -0.0000081826   0.0000610614   0.0000673781
        0.0000423010  -0.0000001908   0.0000278359  -0.0000053480   0.0051786772
       -0.0178837352   0.0098791298   0.0001655502   0.0038699037  -0.0008519343
       -0.0148424123   0.2513383199  -0.1246525485   0.0005131389   0.0001497197
        0.0001578524  -0.0039741019  -0.0027583374  -0.0009317252  -0.0000515632
       -0.0001537458   0.0000706324  -0.0004689304   0.0002651757  -0.0000470778
        0.0000171134  -0.0000202933  -0.0000052755   0.0000171510  -0.0000175236
       -0.0000046334   0.0000025055  -0.0000025324   0.0000096418   0.0000056719
       -0.0000083052   0.0000006445  -0.0000004471   0.0000057069  -0.0000066989
       -0.0085173987   0.1072378470  -0.1114519399   0.0011615603  -0.0031567438
        0.0031169282  -0.0000027684  -0.0001990067   0.0001579990  -0.0001317573
        0.0000844710   0.0000110693  -0.0000214260  -0.0001281207  -0.0000237934
        0.0001044813  -0.0000761677  -0.0000291816  -0.0000145264  -0.0000125451
        0.0000056112  -0.0000000897  -0.0000027122   0.0000059048   0.0006726680
       -0.0060529856   0.0042131575  -0.0034995251   0.0282171350  -0.0226543614
        0.0108741979  -0.1246525485   0.1252286190  -0.0000528001  -0.0006680453
        0.0005903633  -0.0008294154  -0.0007583454   0.0009368588  -0.0000204401
        0.0001815916  -0.0003463434   0.0002996443  -0.0000096353   0.0002462282
       -0.0000074377   0.0000018102  -0.0000058594  -0.0000117971  -0.0000050460
        0.0000011044   0.0000025721  -0.0000011142  -0.0000105472  -0.0000059272
        0.0000000965  -0.0000017625   0.0000001852   0.0000000651   0.0000099451
       -0.0040019497  -0.0077741381  -0.0240504787  -0.0411414959  -0.0005430648
       -0.0071846216  -0.0037889669   0.0076944501   0.0263226117  -0.0002512348
        0.0013969209   0.0014105461   0.0004767880  -0.0004033981  -0.0005890865
        0.0004661504  -0.0001298104  -0.0002504467  -0.0000762996  -0.0000510793
        0.0000251126   0.0000034793   0.0000050076  -0.0000134516   0.0003169882
        0.0000455190  -0.0005329426  -0.0040207528  -0.0037234730  -0.0017312430
        0.0006166769   0.0005131389  -0.0000528001   0.0538991363   0.0008600163
        0.0071360207   0.0012480264  -0.0001555733  -0.0027374729  -0.0045366863
        0.0026156664   0.0021275622   0.0007745346  -0.0003332670   0.0001577571
        0.0000247825   0.0000156675  -0.0000068526  -0.0000426420  -0.0000118042
       -0.0000205376   0.0000211564  -0.0000145040  -0.0000185496   0.0000171867
       -0.0000110216  -0.0000026764  -0.0000048776   0.0000047470   0.0000115498
       -0.0036797099  -0.0050475940  -0.0184269742  -0.0009340272  -0.0565395183
       -0.0476919545   0.0027728059  -0.0043619668  -0.0158808194  -0.0003530052
        0.0010045490   0.0003237751   0.0001762981  -0.0002134621  -0.0003215453
        0.0001950789  -0.0003978866   0.0000191747  -0.0000797498   0.0000258483
        0.0000095567  -0.0000007251   0.0000196774   0.0000071265   0.0005018834
        0.0003730329   0.0002008147  -0.0034637108  -0.0020722116  -0.0016715061
        0.0002969396   0.0001497197  -0.0006680453   0.0008600163   0.0644529795
        0.0588474242   0.0010797703   0.0036480859   0.0276548197   0.0028407838
       -0.0011319989  -0.0017238304  -0.0001935467   0.0001142736  -0.0006746726
       -0.0000036726  -0.0000094945  -0.0000005995  -0.0000109140   0.0000082471
        0.0000021971  -0.0000043254  -0.0000134706  -0.0000043744  -0.0000049698
        0.0000012918   0.0000010502   0.0000047802  -0.0000101019  -0.0000016173
       -0.0031182664  -0.0036444246  -0.0083681487  -0.0066014771  -0.0485757040
       -0.2637308399   0.0041672859  -0.0039509825  -0.0106035972  -0.0000591298
       -0.0013421577  -0.0003989189  -0.0004439545   0.0011166248   0.0004451262
        0.0001910520   0.0000572234   0.0000628069  -0.0002132613  -0.0001216104
       -0.0000869721  -0.0000031255   0.0000397885   0.0000310783  -0.0000646971
        0.0003354013   0.0002416608  -0.0019362601  -0.0015393911   0.0003494275
        0.0004561108   0.0001578524   0.0005903633   0.0071360207   0.0588474242
        0.3045109562  -0.0010956061  -0.0001633469  -0.0236005320   0.0020890321
       -0.0013970829  -0.0000154365  -0.0004560531   0.0001759308   0.0005749732
       -0.0000075674   0.0000095119  -0.0000312953  -0.0000001092  -0.0000055787
        0.0000393248  -0.0000221594  -0.0000022240  -0.0000117099  -0.0000031282
        0.0000137364  -0.0000004332  -0.0000147063  -0.0000109909   0.0000021666
       -0.0013874098  -0.0223905794   0.0115494900  -0.0417975119   0.0140942095
       -0.0077048121  -0.0064410977   0.0243644434  -0.0126430844  -0.0007173106
        0.0021056210  -0.0002957259   0.0003228555  -0.0008721936   0.0002039564
        0.0009329014  -0.0004865342   0.0000259890  -0.0000939131  -0.0000693096
       -0.0000276824   0.0000044565  -0.0000137792   0.0000098711   0.0004180846
       -0.0003332415   0.0003473135   0.0006251789   0.0002733813   0.0004070612
       -0.0038295984  -0.0039741019  -0.0008294154   0.0012480264   0.0010797703
       -0.0010956061   0.0547501655  -0.0166997097   0.0091861253   0.0007125271
       -0.0001538708  -0.0003198098  -0.0047624172   0.0030837405   0.0011670073
       -0.0000364641   0.0000039380   0.0000265024   0.0000023234   0.0000172115
       -0.0000073457   0.0000094728   0.0000009478  -0.0000165118   0.0000178318
       -0.0000139975  -0.0000003286   0.0000218992  -0.0000159458   0.0000170060
       -0.0029805902  -0.0189342833   0.0097461217   0.0142496743  -0.2098105224
        0.1023174900   0.0065928526  -0.0165161173   0.0078030971  -0.0001356173
       -0.0001230259   0.0000699603  -0.0004894454   0.0006349840   0.0001203922
        0.0001340969  -0.0001602948  -0.0001041723  -0.0001907008  -0.0000623388
        0.0000214319   0.0000024423   0.0000632242   0.0000009154   0.0003221152
        0.0005604250   0.0001166876   0.0005818036   0.0001760736   0.0001538350
       -0.0039350570  -0.0027583374  -0.0007583454  -0.0001555733   0.0036480859
       -0.0001633469  -0.0166997097   0.2451066429  -0.1186208031  -0.0003487212
        0.0000272000   0.0002171481   0.0030920563  -0.0018288623  -0.0009103116
       -0.0000025607   0.0000092926  -0.0000297626  -0.0000008944  -0.0000103689
        0.0000222300  -0.0000134399  -0.0000182649  -0.0000031185  -0.0000014880
        0.0000125535   0.0000033383  -0.0000212434  -0.0000160657  -0.0000027874
        0.0005162138  -0.0033922129   0.0030545206  -0.0084715767   0.1028500470
       -0.1102208055   0.0000346411  -0.0056389244   0.0040015027  -0.0002290395
        0.0015079297   0.0006330320   0.0003838106  -0.0010017603  -0.0004630261
        0.0000353733  -0.0003310336  -0.0001030265   0.0001041253   0.0001103044
        0.0000104356  -0.0000004285  -0.0000214935  -0.0000004627   0.0003511124
        0.0000562158  -0.0000572789  -0.0000834972  -0.0006894882   0.0006049539
       -0.0005471377  -0.0009317252   0.0009368588  -0.0027374729   0.0276548197
       -0.0236005320   0.0091861253  -0.1186208031   0.1238818221   0.0002032676
       -0.0005796108   0.0005382725   0.0012360878  -0.0009713688   0.0007929119
        0.0000036589   0.0000021932   0.0000266839  -0.0000074877   0.0000067577
       -0.0000307082   0.0000138730  -0.0000048462   0.0000030237  -0.0000014117
       -0.0000052556  -0.0000007134   0.0000097628   0.0000002550  -0.0000074644
        0.0010727610   0.0005023596   0.0008660565  -0.0026337103   0.0075878143
        0.0242816840  -0.0383834960  -0.0011721378  -0.0093582034  -0.0006666566
       -0.0071478196  -0.0240215226  -0.0024129531  -0.0027063366   0.0013972343
       -0.0015856479   0.0003324373   0.0013402955  -0.0004732896  -0.0004318638
        0.0005973076   0.0000262613   0.0000538105   0.0000149435   0.0002340166
       -0.0000848599  -0.0001378340  -0.0005342119  -0.0001092561  -0.0004714320
       -0.0000616812  -0.0000515632  -0.0000204401  -0.0045366863   0.0028407838
        0.0020890321   0.0007125271  -0.0003487212   0.0002032676   0.0472872772
        0.0008231676   0.0062963444   0.0018799571  -0.0000960467  -0.0031896931
       -0.0001208318  -0.0000499888  -0.0000113144   0.0001754251   0.0000716130
        0.0000858439  -0.0000637341   0.0000198104   0.0000254311   0.0000542771
       -0.0000045989   0.0000109960   0.0000303964  -0.0000286038   0.0000020030
       -0.0005214981   0.0003996684   0.0005423581   0.0022565884  -0.0041336358
       -0.0145670572  -0.0000437099  -0.0506570559  -0.0577453513  -0.0055276250
       -0.0064274091  -0.0196750768  -0.0021124211  -0.0029182805   0.0016710035
        0.0011194585  -0.0004662226  -0.0001034044  -0.0001546298  -0.0000700812
        0.0006062782   0.0000363455   0.0000209176   0.0000435330  -0.0001503568
       -0.0001105978  -0.0000156400   0.0000025095   0.0002532871  -0.0000130681
       -0.0000059493  -0.0001537458   0.0001815916   0.0026156664  -0.0011319989
       -0.0013970829  -0.0001538708   0.0000272000  -0.0005796108   0.0008231676
        0.0607585949   0.0650469441   0.0017163597   0.0046230566   0.0259846090
       -0.0000989545  -0.0000207832  -0.0000318497   0.0001526798   0.0000152241
        0.0000543843   0.0000079876   0.0000242725  -0.0000055404   0.0000221956
       -0.0000164376  -0.0000123758   0.0000160567  -0.0000159729   0.0000153554
       -0.0006775686   0.0004198867   0.0008516721   0.0036284554  -0.0047488148
       -0.0104544809  -0.0059767564  -0.0538411303  -0.2583778300  -0.0028100553
       -0.0054550825  -0.0086099501  -0.0005955360   0.0000671102   0.0003863085
       -0.0006517803   0.0002055416   0.0007764062   0.0001448063   0.0001667634
        0.0002107217   0.0000914284   0.0000116095   0.0000215990  -0.0002892695
        0.0001178691   0.0000915283   0.0004091458   0.0000605542   0.0003200216
        0.0000553760   0.0000706324  -0.0003463434   0.0021275622  -0.0017238304
       -0.0000154365  -0.0003198098   0.0002171481   0.0005382725   0.0062963444
        0.0650469441   0.2972667458  -0.0016755653  -0.0007580493  -0.0227351768
        0.0000363459   0.0000382363   0.0000043301   0.0001754723   0.0000938926
        0.0000564044  -0.0000276553   0.0000115983   0.0000553046   0.0000498596
       -0.0000013206   0.0000017310   0.0000092002   0.0000004415  -0.0000418282
        0.0008740710   0.0008411683  -0.0002513818  -0.0057974913   0.0219357639
       -0.0121197056  -0.0434950047   0.0230276184  -0.0130232616   0.0034389582
       -0.0191432712   0.0135114817  -0.0034888583  -0.0039068949  -0.0026881432
       -0.0008860488   0.0006137980  -0.0011510005  -0.0002635167  -0.0002731155
       -0.0002538881   0.0000432129   0.0000708240   0.0000137694   0.0002430563
       -0.0002201822   0.0000199593  -0.0000544959  -0.0000164850  -0.0000332616
       -0.0004800058  -0.0004689304   0.0002996443   0.0007745346  -0.0001935467
       -0.0004560531  -0.0047624172   0.0030920563   0.0012360878   0.0018799571
        0.0017163597  -0.0016755653   0.0518531155  -0.0271761983   0.0166065536
        0.0001152159   0.0000499379  -0.0000445071   0.0000144895   0.0000240613
        0.0000422678  -0.0000030349  -0.0000128606   0.0000228801   0.0000687420
        0.0000116124  -0.0000092254  -0.0000744793   0.0000282846  -0.0000466507
       -0.0006735900   0.0009864404  -0.0001630376   0.0052318519  -0.0146365442
        0.0071937997   0.0243570582  -0.2029654654   0.1088071185  -0.0025635121
       -0.0210866787   0.0109012167  -0.0032651292  -0.0027834155  -0.0021650065
        0.0008479662   0.0004012515  -0.0004337175   0.0001551534   0.0003134782
       -0.0004466779   0.0001324575   0.0000629596  -0.0000122727  -0.0002366926
        0.0000226337   0.0000072324   0.0000282114  -0.0001321755   0.0000121287
        0.0001887066   0.0002651757  -0.0000096353  -0.0003332670   0.0001142736
        0.0001759308   0.0030837405  -0.0018288623  -0.0009713688  -0.0000960467
        0.0046230566  -0.0007580493  -0.0271761983   0.2365184240  -0.1221251956
        0.0002575141   0.0001041151  -0.0000616061   0.0000189523  -0.0000037526
        0.0000490434   0.0000037457  -0.0000004080   0.0000223798   0.0000698440
       -0.0000208800   0.0000050621  -0.0000307659   0.0000463737  -0.0000273448
        0.0000118876  -0.0002833638   0.0001215362   0.0000658982  -0.0045493593
        0.0039687562  -0.0129347015   0.1069923713  -0.1072687126  -0.0021773140
       -0.0020873105   0.0020779020  -0.0007022915  -0.0009695914  -0.0004770131
        0.0015856572  -0.0010954666   0.0001331662  -0.0001617385  -0.0001183352
       -0.0001256228  -0.0000469700  -0.0000051815   0.0000048622   0.0000816701
       -0.0001320321  -0.0000527812  -0.0000512004   0.0001456176  -0.0003256711
       -0.0002400231  -0.0000470778   0.0002462282   0.0001577571  -0.0006746726
        0.0005749732   0.0011670073  -0.0009103116   0.0007929119  -0.0031896931
        0.0259846090  -0.0227351768   0.0166065536  -0.1221251956   0.1231181885
       -0.0000789489  -0.0000437245  -0.0000208399  -0.0000979516  -0.0000696840
       -0.0000240701   0.0000300650   0.0000050121  -0.0000572438  -0.0000296352
       -0.0000080006  -0.0000075152   0.0000039718  -0.0000083030   0.0000561219
       -0.0000095571  -0.0000003752  -0.0000202120  -0.0000067540   0.0000851742
       -0.0000437661  -0.0003932657   0.0000953703  -0.0009706469   0.0010048183
       -0.0040162651   0.0006273305   0.0009711682   0.0012776874   0.0001026746
       -0.0172117260  -0.0275054821   0.0192085199  -0.0376753716  -0.0028929737
        0.0032835023  -0.0013244849   0.0172270809  -0.0148969841   0.0000123303
        0.0000113879   0.0000066058   0.0000122235   0.0000007426   0.0000164383
        0.0000210552   0.0000171134  -0.0000074377   0.0000247825  -0.0000036726
       -0.0000075674  -0.0000364641  -0.0000025607   0.0000036589  -0.0001208318
       -0.0000989545   0.0000363459   0.0001152159   0.0002575141  -0.0000789489
        0.0550814575   0.0117710961  -0.0082069260   0.0020607672  -0.0000901239
        0.0011955065   0.0006193375  -0.0004349900  -0.0004011281   0.0002172349
        0.0003193830  -0.0002561723  -0.0033619357   0.0039828478   0.0004092069
        0.0000095507   0.0000352425  -0.0000013029   0.0000644357   0.0000273429
       -0.0000594572  -0.0002356718  -0.0001425643  -0.0003575166   0.0016995557
       -0.0000972867   0.0000073259  -0.0003831507   0.0002977851   0.0006215208
       -0.0176175905  -0.0198217588   0.0108805667  -0.0021458943  -0.1467686844
        0.1092105592   0.0032946661  -0.0164936748   0.0149380910  -0.0000082860
        0.0000083344   0.0000081823   0.0000104082  -0.0000077916  -0.0000075083
        0.0000140322  -0.0000202933   0.0000018102   0.0000156675  -0.0000094945
        0.0000095119   0.0000039380   0.0000092926   0.0000021932  -0.0000499888
       -0.0000207832   0.0000382363   0.0000499379   0.0001041151  -0.0000437245
        0.0117710961   0.1775821103  -0.1287293593   0.0007347595   0.0074777904
       -0.0067591075  -0.0005752338   0.0002344129   0.0003735969  -0.0003782743
        0.0004745142   0.0000633931   0.0037260425  -0.0028686088  -0.0001970114
       -0.0000043703  -0.0000178567   0.0000016443  -0.0000606176   0.0000501970
        0.0000060590  -0.0000472824  -0.0000166045  -0.0000613845  -0.0010605373
        0.0024332902   0.0012239651  -0.0007260657  -0.0013433062  -0.0005255125
        0.0044019272  -0.0007765789   0.0046143749   0.0060505843   0.1103651540
       -0.1597676640  -0.0012184373   0.0002092949   0.0014835137   0.0000123831
       -0.0000084082  -0.0000064792  -0.0000099329   0.0000019666   0.0000094172
       -0.0000166759  -0.0000052755  -0.0000058594  -0.0000068526  -0.0000005995
       -0.0000312953   0.0000265024  -0.0000297626   0.0000266839  -0.0000113144
       -0.0000318497   0.0000043301  -0.0000445071  -0.0000616061  -0.0000208399
       -0.0082069260  -0.1287293593   0.1792205113   0.0008146345   0.0190968743
       -0.0280377342   0.0003356554  -0.0007152865   0.0006705731  -0.0002222332
       -0.0000597204   0.0000301533  -0.0000059341  -0.0003605629   0.0011655429
       -0.0000097123  -0.0000004114   0.0000193041  -0.0000388678   0.0000257092
        0.0000788509  -0.0003020836  -0.0001929854   0.0008627615   0.0009599127
       -0.0033237146  -0.0020935152   0.0007128970   0.0011791272   0.0004510504
       -0.0153231613  -0.0192290709  -0.0279595187  -0.0377593996   0.0025335877
        0.0064426078  -0.0023719076   0.0115688677   0.0196135308   0.0000088992
        0.0000109252  -0.0000011929   0.0000193530   0.0000081224   0.0000133025
        0.0000137457   0.0000171510  -0.0000117971  -0.0000426420  -0.0000109140
       -0.0000001092   0.0000023234  -0.0000008944  -0.0000074877   0.0001754251
        0.0001526798   0.0001754723   0.0000144895   0.0000189523  -0.0000979516
        0.0020607672   0.0007347595   0.0008146345   0.0544260156   0.0029991780
        0.0005072472  -0.0033811691   0.0038953775   0.0006396220   0.0001888530
        0.0001958738   0.0003267030   0.0006462622  -0.0005823205   0.0002264857
        0.0000078071   0.0000278638   0.0000216211   0.0000389874   0.0000151297
        0.0000479399  -0.0001994319  -0.0001845174   0.0001638604   0.0011523870
        0.0011425372  -0.0000237569  -0.0003830627  -0.0001350635  -0.0002006555
       -0.0139772350  -0.0143381192  -0.0183289147   0.0039698367  -0.0806816931
       -0.0817273045   0.0036565023  -0.0100175316  -0.0187115526  -0.0000058692
        0.0000061427  -0.0000000752   0.0000082977  -0.0000122430  -0.0000114392
        0.0000045769  -0.0000175236  -0.0000050460  -0.0000118042   0.0000082471
       -0.0000055787   0.0000172115  -0.0000103689   0.0000067577   0.0000716130
        0.0000152241   0.0000938926   0.0000240613  -0.0000037526  -0.0000696840
       -0.0000901239   0.0074777904   0.0190968743   0.0029991780   0.0987460514
        0.1010915137   0.0035525217  -0.0026371946  -0.0009104184  -0.0004178357
        0.0003997608   0.0000492770  -0.0004176178   0.0001992603  -0.0005773108
        0.0000127124   0.0000293964   0.0000194837   0.0000692847  -0.0000337024
        0.0000141363  -0.0000204112  -0.0000002396   0.0000332832   0.0016072206
       -0.0026822623   0.0002871107   0.0004606009   0.0017777176  -0.0002132159
       -0.0105841398  -0.0070723157  -0.0035195856   0.0038305198  -0.0831311160
       -0.2261382091   0.0022788490  -0.0034184183  -0.0036788657  -0.0000138028
        0.0000123491   0.0000045330   0.0000185067  -0.0000046859  -0.0000089783
        0.0000168889  -0.0000046334   0.0000011044  -0.0000205376   0.0000021971
        0.0000393248  -0.0000073457   0.0000222300  -0.0000307082   0.0000858439
        0.0000543843   0.0000564044   0.0000422678   0.0000490434  -0.0000240701
        0.0011955065  -0.0067591075  -0.0280377342   0.0005072472   0.1010915137
        0.2593548997   0.0009328826  -0.0006705813   0.0010227232   0.0001007863
        0.0002000700   0.0000744475  -0.0005128802   0.0005381609   0.0007439161
        0.0000156492  -0.0000272461  -0.0000175325   0.0000110193   0.0000283090
       -0.0000079694   0.0001106885  -0.0000111298  -0.0000544863  -0.0004994203
        0.0009856769   0.0004116633  -0.0000394977  -0.0006039522  -0.0001406822
        0.0025060532  -0.0004268779  -0.0003057449  -0.0019766071   0.0127204735
        0.0213933276  -0.0429339494  -0.0065473118  -0.0119762156   0.0000241843
       -0.0000075700  -0.0000049101  -0.0000126317   0.0000029262   0.0000010767
       -0.0000094072   0.0000025055   0.0000025721   0.0000211564  -0.0000043254
       -0.0000221594   0.0000094728  -0.0000134399   0.0000138730  -0.0000637341
        0.0000079876  -0.0000276553  -0.0000030349   0.0000037457   0.0000300650
        0.0006193375  -0.0005752338   0.0003356554  -0.0033811691   0.0035525217
        0.0009328826   0.0477552574   0.0034373715   0.0118713628  -0.0031028257
       -0.0133603665  -0.0257266162   0.0009494586   0.0008359354   0.0032914935
       -0.0000044988   0.0000183021   0.0000103974  -0.0000345039   0.0000144546
        0.0000118310  -0.0000808301   0.0000346173   0.0000218301  -0.0002925781
       -0.0000324794  -0.0002068877   0.0000205402   0.0000213253   0.0000764842
       -0.0008550577   0.0005110098   0.0007019971   0.0026328564  -0.0122586771
       -0.0204004539  -0.0057335240  -0.0899228397  -0.0947506295  -0.0000023983
       -0.0000054602  -0.0000033485   0.0000000942   0.0000034945   0.0000035087
       -0.0000047316  -0.0000025324  -0.0000011142  -0.0000145040  -0.0000134706
       -0.0000022240   0.0000009478  -0.0000182649  -0.0000048462   0.0000198104
        0.0000242725   0.0000115983  -0.0000128606  -0.0000004080   0.0000050121
       -0.0004349900   0.0002344129  -0.0007152865   0.0038953775  -0.0026371946
       -0.0006705813   0.0034373715   0.1032424159   0.1119770565  -0.0034898384
       -0.0077946713  -0.0159313471   0.0009533175   0.0085816931   0.0198670036
       -0.0000096977   0.0000070173   0.0000137799  -0.0000519762   0.0000315346
        0.0000148199  -0.0000755518   0.0000253403   0.0000380441  -0.0002381967
       -0.0000653144  -0.0001873525  -0.0001008561   0.0002833565   0.0001092876
        0.0002281832   0.0003206959   0.0002882272   0.0030114632  -0.0048498480
       -0.0043576854  -0.0110266990  -0.0958297401  -0.2440321446  -0.0000088278
       -0.0000000213  -0.0000034498  -0.0000008544   0.0000008644   0.0000104831
        0.0000002288   0.0000096418  -0.0000105472  -0.0000185496  -0.0000043744
       -0.0000117099  -0.0000165118  -0.0000031185   0.0000030237   0.0000254311
       -0.0000055404   0.0000553046   0.0000228801   0.0000223798  -0.0000572438
       -0.0004011281   0.0003735969   0.0006705731   0.0006396220  -0.0009104184
        0.0010227232   0.0118713628   0.1119770565   0.2783817766  -0.0022367806
       -0.0033138353  -0.0053176665  -0.0016135412  -0.0080692732  -0.0266302435
       -0.0000723853   0.0000215057   0.0000142270  -0.0001104991  -0.0001185336
       -0.0000414159  -0.0005144479   0.0002610235   0.0000974626  -0.0006189488
       -0.0018671261  -0.0004742591   0.0002160215   0.0005752255   0.0001257193
       -0.0057624633   0.0046738319   0.0006784005  -0.0226658512  -0.0096913715
       -0.0021342424  -0.2297251306  -0.1050077155  -0.0215332370  -0.0000166082
       -0.0000000460   0.0000018250   0.0000202079  -0.0000002596   0.0000047438
        0.0000203434   0.0000056719  -0.0000059272   0.0000171867  -0.0000049698
       -0.0000031282   0.0000178318  -0.0000014880  -0.0000014117   0.0000542771
        0.0000221956   0.0000498596   0.0000687420   0.0000698440  -0.0000296352
        0.0002172349  -0.0003782743  -0.0002222332   0.0001888530  -0.0004178357
        0.0001007863  -0.0031028257  -0.0034898384  -0.0022367806   0.2660600059
        0.1200423595   0.0247901108  -0.0042915443  -0.0046941992   0.0008191354
        0.0000310544   0.0000091932  -0.0000000730   0.0000869166   0.0000464251
        0.0000098844   0.0002999681  -0.0001696897  -0.0000612014   0.0013845748
        0.0003184770   0.0000985762  -0.0002636288   0.0002836862   0.0000755791
        0.0042183863  -0.0015071612  -0.0002566271   0.0147774482   0.0075668686
        0.0015888567  -0.1068268586  -0.1006132083  -0.0119650449  -0.0000049495
        0.0000061212   0.0000031470   0.0000034939  -0.0000062064  -0.0000052988
        0.0000051316  -0.0000083052   0.0000000965  -0.0000110216   0.0000012918
        0.0000137364  -0.0000139975   0.0000125535  -0.0000052556  -0.0000045989
       -0.0000164376  -0.0000013206   0.0000116124  -0.0000208800  -0.0000080006
        0.0003193830   0.0004745142  -0.0000597204   0.0001958738   0.0003997608
        0.0002000700  -0.0133603665  -0.0077946713  -0.0033138353   0.1200423595
        0.1141460234   0.0140023153  -0.0208907811  -0.0131283553  -0.0003158840
        0.0000022569   0.0000007182   0.0000044180   0.0000092923   0.0000058587
        0.0000089244   0.0000318224  -0.0000171300  -0.0000385051   0.0001843643
        0.0000074406   0.0001321979  -0.0000460696   0.0000685731  -0.0000446234
        0.0005458236  -0.0002345683   0.0005353937   0.0018543794   0.0009786871
        0.0002499550  -0.0218209947  -0.0119192142  -0.0449162100  -0.0000001182
        0.0000008584   0.0000008354   0.0000021846  -0.0000022511  -0.0000036714
        0.0000003149   0.0000006445  -0.0000017625  -0.0000026764   0.0000010502
       -0.0000004332  -0.0000003286   0.0000033383  -0.0000007134   0.0000109960
       -0.0000123758   0.0000017310  -0.0000092254   0.0000050621  -0.0000075152
       -0.0002561723   0.0000633931   0.0000301533   0.0003267030   0.0000492770
        0.0000744475  -0.0257266162  -0.0159313471  -0.0053176665   0.0247901108
        0.0140023153   0.0481119038   0.0201039533   0.0129296700   0.0011811406
        0.0000161886  -0.0000232353  -0.0000054390   0.0000023804   0.0000215322
        0.0000260393   0.0001020219  -0.0000126218   0.0000564157  -0.0005245651
        0.0010817926  -0.0000028767  -0.0000024335  -0.0005845263  -0.0001259181
        0.0024638291  -0.0005621130   0.0002639570  -0.0008856133   0.0186648851
       -0.0162999338  -0.0444178694  -0.0165413089   0.0160823426   0.0000219962
       -0.0000063511  -0.0000040870  -0.0000057159   0.0000024021   0.0000040039
       -0.0000147356  -0.0000004471   0.0000001852  -0.0000048776   0.0000047802
       -0.0000147063   0.0000218992  -0.0000212434   0.0000097628   0.0000303964
        0.0000160567   0.0000092002  -0.0000744793  -0.0000307659   0.0000039718
       -0.0033619357   0.0037260425  -0.0000059341   0.0006462622  -0.0004176178
       -0.0005128802   0.0009494586   0.0009533175  -0.0016135412  -0.0042915443
       -0.0208907811   0.0201039533   0.0493293371   0.0146202028  -0.0179745153
       -0.0000089387   0.0000217286  -0.0000061373  -0.0000453379   0.0000218723
        0.0000096547  -0.0000949700   0.0000498012  -0.0000275686  -0.0003464340
       -0.0000962418   0.0002577822  -0.0000525533   0.0001033284  -0.0000595862
       -0.0006954492   0.0008187166  -0.0006235413   0.0025546704  -0.0192060489
        0.0157055831  -0.0154495588  -0.1621725802   0.1211568006  -0.0000047410
       -0.0000054793   0.0000007046  -0.0000056227  -0.0000030764   0.0000021570
       -0.0000020132   0.0000057069   0.0000000651   0.0000047470  -0.0000101019
       -0.0000109909  -0.0000159458  -0.0000160657   0.0000002550  -0.0000286038
       -0.0000159729   0.0000004415   0.0000282846   0.0000463737  -0.0000083030
        0.0039828478  -0.0028686088  -0.0003605629  -0.0005823205   0.0001992603
        0.0005381609   0.0008359354   0.0085816931  -0.0080692732  -0.0046941992
       -0.0131283553   0.0129296700   0.0146202028   0.1876740501  -0.1414353109
        0.0000057005  -0.0000048150   0.0000049376   0.0000344820  -0.0000218089
        0.0000034310   0.0000557841  -0.0000167712   0.0000084846   0.0001037595
        0.0001431474  -0.0000916044   0.0000984483  -0.0002859539  -0.0000584142
       -0.0003558496  -0.0001987698   0.0000866604  -0.0021472351   0.0008189596
        0.0015512342   0.0154400282   0.1222510249  -0.1702758830   0.0000088526
       -0.0000016538  -0.0000012874   0.0000008053  -0.0000017527  -0.0000127589
       -0.0000004901  -0.0000066989   0.0000099451   0.0000115498  -0.0000016173
        0.0000021666   0.0000170060  -0.0000027874  -0.0000074644   0.0000020030
        0.0000153554  -0.0000418282  -0.0000466507  -0.0000273448   0.0000561219
        0.0004092069  -0.0001970114   0.0011655429   0.0002264857  -0.0005773108
        0.0007439161   0.0032914935   0.0198670036  -0.0266302435   0.0008191354
       -0.0003158840   0.0011811406  -0.0179745153  -0.1414353109   0.1923059033
