           1           2   1.01965960194196     
           2           3   1.00630690638976     
           3           4  0.982334255817279     
           4           5   1.69531972282936     
           4           6   1.16118037692785     
           5           6  0.168027092528028     
           6           7  0.918269121600441     
           7           8   1.01965162372452     
           1           9  0.986245354261345     
           1          10  0.986847656300716     
           1          11  0.986806844621982     
           2          12  0.977887459588149     
           2          13  0.977039292958259     
           3          14  0.941362358073594     
           3          15  0.952385883755324     
           7          16  0.969057457634546     
           7          17  0.969287400712632     
           8          18  0.983435512259768     
           8          19  0.980023427124448     
           8          20  0.983701951310451     
