           1           2   1.01850999253264     
           2           3  0.983298361609751     
           3           4  0.979266300669196     
           4           5   1.68930626919235     
           4           6   1.17160139366828     
           5           6  0.171407174081706     
           6           7  0.917116782965649     
           7           8   1.01973665916055     
           1           9  0.984928324117459     
           1          10  0.986807919575295     
           1          11  0.986545104641370     
           2          12  0.978971842934632     
           2          13  0.977427672171730     
           3          14  0.949236204290086     
           3          15  0.972983107798244     
           7          16  0.969118960739010     
           7          17  0.968633012759855     
           8          18  0.983667092095618     
           8          19  0.980000037525656     
           8          20  0.983418613169390     
