           1           2  0.946386673543984     
           2           3  0.996049131331850     
           3           4  0.960148174249448     
           4           5  0.959097123714383     
           3           6  0.987763748179766     
           6           7  0.952277096913253     
           1           8  0.981158198988646     
           1           9  0.980914743760876     
           1          10  0.978213755704277     
           3          11  0.930490272977495     
           5          12  0.976521320751463     
           5          13  0.977864112967455     
           5          14  0.980502051959523     
           7          15  0.978392336279636     
           7          16  0.979998233508794     
           7          17  0.976198661384438     
