           1           2   1.02074443271367     
           2           3   1.00494449443741     
           3           4   1.00508256312258     
           4           5   1.02363126384663     
           1           6  0.983441875228642     
           1           7  0.987847477321354     
           1           8  0.987334032726552     
           2           9  0.977453583390553     
           2          10  0.980598269229512     
           3          11  0.978376749655954     
           3          12  0.975672865047749     
           4          13  0.976729948192834     
           4          14  0.969045897734863     
           5          15  0.961271841802932     
           5          16  0.959403950965421     
