           1           2   1.02094065001373     
           2           3  0.995349023385758     
           3           4  0.978459425516923     
           4           5   1.68993321120401     
           4           6   1.16852519021877     
           5           6  0.171120662286131     
           6           7  0.917692202810447     
           7           8   1.01745009602456     
           1           9  0.986433105739186     
           1          10  0.987784265131658     
           1          11  0.986140328943829     
           2          12  0.976600831180249     
           2          13  0.976060053633180     
           3          14  0.941057942339307     
           3          15  0.968508370175840     
           7          16  0.966853782146759     
           7          17  0.969130302399134     
           8          18  0.983238880352774     
           8          19  0.979919862345258     
           8          20  0.984831179412064     
