$hessian                                                                        
        0.5231880393  -0.0029259776   0.0045188792  -0.0665652862  -0.0016433597
        0.0106416794  -0.0070633915   0.0036196757   0.0256121870   0.0003475778
        0.0007255866   0.0012552136  -0.0001976225  -0.0002904960   0.0002579822
       -0.0000256170  -0.0000519358   0.0001347651   0.0005652063   0.0001086630
        0.0000607921   0.0000213752  -0.0000482045  -0.0001294928  -0.2222795040
        0.0957271352   0.0462349505  -0.0446877171  -0.0026988515   0.0004705462
       -0.1817708313  -0.0921210312  -0.0712217392   0.0007348561  -0.0003782624
        0.0019789822   0.0012261744  -0.0015466469  -0.0228175008  -0.0040971731
        0.0023532132   0.0025416881   0.0007627541  -0.0008454581   0.0002741988
       -0.0000715965  -0.0000039385   0.0000667540  -0.0000278360   0.0000058754
        0.0000304649   0.0000054012   0.0000215654   0.0000248385  -0.0000599360
       -0.0000013065   0.0000331233  -0.0000048731  -0.0000062459   0.0000316877
       -0.0029259776   0.5240994144  -0.0031540925  -0.0020193544  -0.0678215232
       -0.0033119861   0.0045440273  -0.0014994977  -0.0136133431  -0.0009193983
       -0.0012427158   0.0004789159  -0.0001500199   0.0010865089  -0.0002537926
        0.0001069287   0.0002501253  -0.0000901177  -0.0002256548  -0.0001748692
       -0.0000867884   0.0000558776  -0.0000338046   0.0000049425   0.0956744227
       -0.0961044785  -0.0249006461  -0.0026044612  -0.2501102115   0.0826710816
       -0.0918824048  -0.1076098108  -0.0473720209  -0.0023656621  -0.0006097223
        0.0282623986  -0.0000684079  -0.0004519545  -0.0159488743   0.0028186184
       -0.0006701448  -0.0014797192   0.0000006434   0.0008433816  -0.0012348970
       -0.0000220620  -0.0000030253   0.0000500188  -0.0000113048   0.0000273599
       -0.0000047404  -0.0000032999   0.0000016806  -0.0000111653   0.0000166948
        0.0000125361  -0.0000096405  -0.0000192052   0.0000107513   0.0000044665
        0.0045188792  -0.0031540925   0.4592407873   0.0106448034  -0.0031774525
       -0.2030764814   0.0080233525  -0.0036999070  -0.0134207069  -0.0007907196
        0.0006848666   0.0002504953   0.0000999252  -0.0002619473   0.0000273864
        0.0002777812  -0.0002747965   0.0002361322  -0.0001104630  -0.0000389533
       -0.0001828516   0.0000046662   0.0000050861  -0.0000787603   0.0467639927
       -0.0252504604  -0.0537773301   0.0006094915   0.0829917594  -0.0754984798
       -0.0715927116  -0.0477575136  -0.0791294126   0.0020445401   0.0026735691
       -0.0174245709  -0.0011114568  -0.0024633705  -0.0183407219   0.0015248118
       -0.0007066590   0.0000476064  -0.0008929504   0.0004349076   0.0009955851
       -0.0000332511  -0.0000011990   0.0000379841   0.0000334389   0.0000047364
        0.0000282679  -0.0000113404  -0.0000180112   0.0000456005   0.0000097479
       -0.0000013706   0.0000089615  -0.0000125378   0.0000108082   0.0000105089
       -0.0665652862  -0.0020193544   0.0106448034   0.4882628142   0.0363920785
        0.0236376179  -0.1491195074   0.0536179775   0.0303522458  -0.0334215046
        0.0014820662   0.0032692052   0.0012300617   0.0046786916  -0.0017475912
       -0.0029403677  -0.0023630666  -0.0004097903  -0.0008811706   0.0001611690
       -0.0014218366   0.0002729051   0.0000938695   0.0000890238  -0.0046182790
        0.0020525154   0.0261765434   0.0001264509  -0.0001495193   0.0014604270
        0.0013879967  -0.0015967783  -0.0239925988  -0.0437270295  -0.0089492672
        0.0013098796  -0.1821340331  -0.0912195164  -0.0725254538  -0.0040955705
        0.0033201189   0.0034662379  -0.0034279338   0.0045580236  -0.0000792552
       -0.0000741469   0.0001073064  -0.0000334331  -0.0002958552  -0.0001625121
       -0.0000973736  -0.0000154545   0.0000451545  -0.0000438403   0.0000366281
        0.0000226217  -0.0000269703  -0.0000007179  -0.0000715785  -0.0000278408
       -0.0016433597  -0.0678215232  -0.0031774525   0.0363920785   0.5225602227
       -0.0116573747   0.0458969814  -0.0973458215  -0.0123544463  -0.0040269941
        0.0101116800   0.0076426723  -0.0012979277  -0.0016445222  -0.0007722621
       -0.0040552524   0.0004797956  -0.0029210365  -0.0000637443   0.0003021052
       -0.0007311317  -0.0000508784  -0.0000652950  -0.0000439208   0.0026563401
       -0.0007740366  -0.0139865161  -0.0025100259  -0.0010590563   0.0293016888
        0.0005576226  -0.0007843915  -0.0168850043  -0.0099460259  -0.2451153449
        0.0776713384  -0.0904273849  -0.1013689829  -0.0443039083   0.0049705588
       -0.0017613020  -0.0026903916   0.0236809687  -0.0156636512  -0.0050039299
        0.0000642216   0.0000195430   0.0000197151  -0.0002288866  -0.0001075446
       -0.0001419483   0.0000532135   0.0000153849   0.0000186032  -0.0000290129
       -0.0000040376  -0.0000165643   0.0000075073   0.0000267780   0.0000318696
        0.0106416794  -0.0033119861  -0.2030764814   0.0236376179  -0.0116573747
        0.4727174606   0.0248274596  -0.0123101129  -0.0661521287  -0.0061554581
        0.0028834124   0.0027753256   0.0003611896   0.0010136159  -0.0000458366
       -0.0011377324  -0.0012031522  -0.0007859498  -0.0006568255  -0.0000905992
       -0.0008952615   0.0000580632   0.0000229543  -0.0000806073   0.0032126567
       -0.0013681387  -0.0105933699   0.0017792428   0.0038085803  -0.0173868412
       -0.0015869152  -0.0031363028  -0.0187849691   0.0016803110   0.0783347779
       -0.0724074111  -0.0726620918  -0.0443083218  -0.0777339687   0.0251827360
       -0.0141009807  -0.0105051662  -0.0090450687   0.0054444324   0.0029018403
       -0.0000316755  -0.0000001143   0.0000427717  -0.0001269070  -0.0000226044
       -0.0000374425   0.0000095471  -0.0000069276   0.0000407170   0.0000185170
        0.0000023096  -0.0000047142  -0.0000063462   0.0000065326   0.0000120332
       -0.0070633915   0.0045440273   0.0080233525  -0.1491195074   0.0458969814
        0.0248274596   0.4348818567  -0.0076804402   0.0096859705  -0.1269461183
       -0.0494949294  -0.0160956902  -0.0038652775  -0.0169443888  -0.0044123185
       -0.0433144130  -0.0052050189  -0.0236650213   0.0018047569   0.0026372384
       -0.0034331144  -0.0001905411  -0.0000061324   0.0001416077   0.0006341866
        0.0002206164   0.0016764094   0.0004401509  -0.0001301584  -0.0007324341
        0.0009109299  -0.0002517538  -0.0004360458  -0.0033270241   0.0052488202
        0.0000145475  -0.0272045129   0.0122761700   0.0051108097  -0.0332737961
       -0.0009696558   0.0047005470  -0.0427268550   0.0107733826  -0.0048213130
       -0.0002518239  -0.0001168139   0.0000191742  -0.0014191629  -0.0007572097
       -0.0005858711   0.0000845663   0.0000083710  -0.0000714837  -0.0001409867
       -0.0000349204   0.0000810116   0.0000869634  -0.0000141857  -0.0000275976
        0.0036196757  -0.0014994977  -0.0036999070   0.0536179775  -0.0973458215
       -0.0123101129  -0.0076804402   0.5161019270  -0.0382702435  -0.0496350404
       -0.0965336165  -0.0171861282  -0.0371459390  -0.0430151754  -0.0058191595
        0.0089459431   0.0095326727   0.0037811524   0.0014203574  -0.0008132212
        0.0032292613  -0.0002367982  -0.0001387196   0.0000132277  -0.0001227680
        0.0006144623  -0.0002695376  -0.0010161094   0.0010131935   0.0006531092
        0.0002544629   0.0001561387   0.0002485740   0.0263769046  -0.0183041873
       -0.0063083738  -0.0107372991   0.0059518118   0.0023700461  -0.0017956869
       -0.0434829618  -0.0218918179   0.0130821663  -0.2324865662   0.0949426034
        0.0002567780  -0.0001517608   0.0003190160   0.0008157923   0.0003955287
        0.0003329504   0.0000276328  -0.0001087067  -0.0001105118   0.0000206411
        0.0000107909  -0.0000018032  -0.0000682503   0.0001037088  -0.0000223449
        0.0256121870  -0.0136133431  -0.0134207069   0.0303522458  -0.0123544463
       -0.0661521287   0.0096859705  -0.0382702435   0.5017390947  -0.0173024871
       -0.0174445942  -0.0752116504   0.0007247365   0.0047137736   0.0141575209
       -0.0267325906  -0.0015773139  -0.0049001235  -0.0022664102   0.0030136135
        0.0047084939  -0.0014578398  -0.0006772340  -0.0004696303   0.0018365314
       -0.0009523893  -0.0062646440   0.0004964955  -0.0010563448   0.0009087946
        0.0005723943   0.0000744191   0.0012997018  -0.0079843473   0.0048408891
        0.0027129793  -0.0068508238   0.0036390725   0.0021956006  -0.0003952059
       -0.0242757086  -0.2732052348  -0.0064493428   0.0939056306  -0.0887169320
        0.0005055126   0.0000620365   0.0003178251   0.0000541891   0.0000170611
        0.0000985804   0.0000045212  -0.0000330356  -0.0001088989  -0.0003914792
       -0.0000435251   0.0003897024  -0.0000142570   0.0000316824  -0.0000783442
        0.0003475778  -0.0009193983  -0.0007907196  -0.0334215046  -0.0040269941
       -0.0061554581  -0.1269461183  -0.0496350404  -0.0173024871   0.4378560727
        0.0934640775   0.0931530007  -0.0860329945  -0.0993723905   0.0129138550
       -0.1485892839   0.0520583261  -0.0553929051  -0.0391050166   0.0082563418
       -0.0234055562   0.0014630145   0.0011353848  -0.0013342285   0.0003401820
       -0.0002146745  -0.0004734678  -0.0000003701   0.0003148585   0.0002428925
        0.0003928199   0.0000284056   0.0009259779  -0.0004562827  -0.0004093646
       -0.0000782658  -0.0032604281   0.0016363994   0.0014379227  -0.0010362283
       -0.0005745941  -0.0040121456   0.0019587968  -0.0017186612  -0.0000110571
        0.0007746024   0.0015142378   0.0002534711  -0.0036900753  -0.0012536799
       -0.0010054026  -0.0004031271  -0.0004945783   0.0004629855   0.0004512582
        0.0001536478   0.0005324217  -0.0006428946   0.0000576965   0.0000391665
        0.0007255866  -0.0012427158   0.0006848666   0.0014820662   0.0101116800
        0.0028834124  -0.0494949294  -0.0965336165  -0.0174445942   0.0934640775
        0.8439282201  -0.1060446132  -0.0810553122  -0.6083340572   0.0867608122
        0.0596083846  -0.1390134245   0.0474506141   0.0048061819   0.0190502479
        0.0009349710  -0.0023891927  -0.0024900828  -0.0010284768   0.0004911596
       -0.0001227808  -0.0007256197  -0.0005074144  -0.0006405559   0.0002556196
       -0.0000232942   0.0008936494  -0.0011569946   0.0021820532  -0.0005337970
        0.0010894310   0.0038163027  -0.0015215609  -0.0007109756  -0.0063582680
       -0.0014999758  -0.0044503192  -0.0194103556  -0.0193223938  -0.0048638194
       -0.0023470501  -0.0000419987  -0.0032231115  -0.0033778338  -0.0028220550
       -0.0019870977  -0.0008326142   0.0006501346   0.0009908036  -0.0014250021
       -0.0000925779   0.0006105891   0.0006454545  -0.0004223393  -0.0000254979
        0.0012552136   0.0004789159   0.0002504953   0.0032692052   0.0076426723
        0.0027753256  -0.0160956902  -0.0171861282  -0.0752116504   0.0931530007
       -0.1060446132   0.2611376815   0.0080336374   0.0810348878  -0.0785676441
       -0.0558494032   0.0438016341  -0.0878514168  -0.0205347170  -0.0010235536
       -0.0119352819   0.0024287674   0.0009518520   0.0007610477  -0.0000984244
       -0.0001209656  -0.0005173240   0.0001953450   0.0004458892  -0.0002045607
       -0.0000667002  -0.0009154172  -0.0003572128  -0.0014675993   0.0006573930
        0.0003459579   0.0023737296  -0.0010590844   0.0002270842  -0.0243854538
       -0.0179807020  -0.0129972054   0.0108319578   0.0081389319   0.0028231396
       -0.0005236700   0.0011985117   0.0015029202  -0.0037909552  -0.0000588188
       -0.0011912484   0.0004632742   0.0002953637  -0.0004135954   0.0007432246
        0.0001566319  -0.0004394191   0.0000652578  -0.0004134005  -0.0001370931
       -0.0001976225  -0.0001500199   0.0000999252   0.0012300617  -0.0012979277
        0.0003611896  -0.0038652775  -0.0371459390   0.0007247365  -0.0860329945
       -0.0810553122   0.0080336374   0.0899557262   0.0800716708   0.0110614854
        0.0036305252   0.0404884079  -0.0194311702   0.0007046818   0.0038496718
        0.0004789725  -0.0007148206  -0.0000091107   0.0003955252  -0.0000262219
        0.0000617159  -0.0000314253   0.0000151091  -0.0001801486  -0.0000725786
       -0.0002875111   0.0000441363  -0.0001422671   0.0006684520  -0.0003287378
        0.0001923706   0.0003010689  -0.0000946061  -0.0000584591  -0.0010691465
       -0.0012003369   0.0001542201  -0.0051291957  -0.0046204587  -0.0020234861
       -0.0002293850   0.0006599079   0.0005221293   0.0005981206   0.0009742965
        0.0006635420   0.0001397662  -0.0000415800  -0.0006155149   0.0001192658
       -0.0000992059  -0.0001774133   0.0001893978   0.0000735765  -0.0001354190
       -0.0002904960   0.0010865089  -0.0002619473   0.0046786916  -0.0016445222
        0.0010136159  -0.0169443888  -0.0430151754   0.0047137736  -0.0993723905
       -0.6083340572   0.0810348878   0.0800716708   0.7430829166  -0.1291810564
        0.0383440982  -0.0911239072   0.0466055652  -0.0019500936  -0.0000403358
       -0.0041539043   0.0008983164   0.0018614807   0.0004348303  -0.0001492549
        0.0001275512   0.0003592882   0.0002398378   0.0000616233  -0.0002159064
       -0.0000753872  -0.0003247148   0.0009840304  -0.0005418582   0.0010728027
       -0.0005904029  -0.0003127326   0.0005583753  -0.0000419831   0.0011367974
       -0.0008248099   0.0008903312  -0.0067820411  -0.0048076139  -0.0021365995
        0.0004924534   0.0010555405   0.0013136300  -0.0002412999   0.0012893773
       -0.0001874229   0.0006348410  -0.0002812516  -0.0006014817   0.0005950950
        0.0000282295  -0.0002339324  -0.0004318588   0.0001719820   0.0002546847
        0.0002579822  -0.0002537926   0.0000273864  -0.0017475912  -0.0007722621
       -0.0000458366  -0.0044123185  -0.0058191595   0.0141575209   0.0129138550
        0.0867608122  -0.0785676441   0.0110614854  -0.1291810564   0.0622061361
       -0.0208528237   0.0468262067   0.0036621320   0.0021601756   0.0013484247
       -0.0025442574   0.0005174917   0.0003106720   0.0001956127  -0.0000157013
       -0.0000416209  -0.0000363767  -0.0000124270   0.0000760049   0.0000230840
        0.0002356571   0.0001087629   0.0001005964   0.0004377483  -0.0003743815
       -0.0005223273  -0.0002684128   0.0002532283   0.0000013011   0.0012920988
        0.0019594778   0.0009530459  -0.0022134886  -0.0010707828   0.0007563494
        0.0004273692   0.0000014806  -0.0009629931   0.0003941800   0.0000203507
        0.0004313955  -0.0003096798  -0.0001554935   0.0001961300   0.0001257960
       -0.0000442271  -0.0000657091   0.0000086036   0.0000473554   0.0000344540
       -0.0000256170   0.0001069287   0.0002777812  -0.0029403677  -0.0040552524
       -0.0011377324  -0.0433144130   0.0089459431  -0.0267325906  -0.1485892839
        0.0596083846  -0.0558494032   0.0036305252   0.0383440982  -0.0208528237
        0.3887429963  -0.0118294525   0.1430145552  -0.1217235733  -0.0548949401
       -0.0207773083  -0.0411513440  -0.0166630465  -0.0019865501   0.0000485057
        0.0001339294   0.0000418820   0.0000269890  -0.0003402749  -0.0000004814
        0.0000293931   0.0003140623  -0.0000042962   0.0008785860   0.0000741427
       -0.0002979309  -0.0020052874   0.0004663845   0.0001775722  -0.0029999573
       -0.0015454064  -0.0018625748   0.0002302622   0.0006717436   0.0007817982
       -0.0077734051  -0.0133853267  -0.0055847518  -0.0211868445  -0.0064164081
       -0.0127857308   0.0019210845   0.0004256534  -0.0008408066  -0.0061081419
       -0.0002603492   0.0058442749   0.0023098932   0.0002991863  -0.0014248831
       -0.0000519358   0.0002501253  -0.0002747965  -0.0023630666   0.0004797956
       -0.0012031522  -0.0052050189   0.0095326727  -0.0015773139   0.0520583261
       -0.1390134245   0.0438016341   0.0404884079  -0.0911239072   0.0468262067
       -0.0118294525   0.3420823696  -0.0693762664  -0.0443612119  -0.1094402577
       -0.0109171865  -0.0078412647   0.0017612538   0.0018986982  -0.0001742468
       -0.0001141444  -0.0000280242   0.0001583302   0.0001976030  -0.0000440442
        0.0001141039  -0.0003825752   0.0000991541  -0.0005289034  -0.0001227024
        0.0000220472  -0.0002568950   0.0002045565   0.0002456373  -0.0004951856
       -0.0005438720  -0.0006733283  -0.0002539609   0.0006282769  -0.0010913211
       -0.0326596589  -0.0223726008  -0.0128611917   0.0123829419   0.0074008750
        0.0045407684   0.0003417450  -0.0004963757  -0.0005103746  -0.0000325137
        0.0006686580   0.0008962606   0.0005094595   0.0004036737   0.0002265930
        0.0001347651  -0.0000901177   0.0002361322  -0.0004097903  -0.0029210365
       -0.0007859498  -0.0236650213   0.0037811524  -0.0049001235  -0.0553929051
        0.0474506141  -0.0878514168  -0.0194311702   0.0466055652   0.0036621320
        0.1430145552  -0.0693762664   0.1561188236  -0.0245791148  -0.0135618886
       -0.0618974756   0.0163657187   0.0067054806   0.0095545484   0.0001634445
        0.0000456078   0.0001555634  -0.0002820506  -0.0003685382   0.0000803556
       -0.0000038295   0.0005999624  -0.0000398314   0.0006374817  -0.0000334739
       -0.0000698280  -0.0010975865   0.0004214350   0.0000979498  -0.0003157195
       -0.0006355765  -0.0003127254   0.0000091653  -0.0002523236  -0.0003541087
       -0.0129891715  -0.0094280646  -0.0042669323  -0.0248366097  -0.0101928874
       -0.0098592910  -0.0003167052  -0.0000119770   0.0016218272   0.0038012587
        0.0004068222  -0.0023132367  -0.0008067150   0.0008555107   0.0011235872
        0.0005652063  -0.0002256548  -0.0001104630  -0.0008811706  -0.0000637443
       -0.0006568255   0.0018047569   0.0014203574  -0.0022664102  -0.0391050166
        0.0048061819  -0.0205347170   0.0007046818  -0.0019500936   0.0021601756
       -0.1217235733  -0.0443612119  -0.0245791148   0.3962713711  -0.0559396771
        0.0020128795  -0.1104392223   0.0083219387   0.0666254042   0.0000870441
       -0.0000810802   0.0000136880  -0.0001773502   0.0000237519   0.0000145624
       -0.0002509915   0.0001958543   0.0001063695  -0.0001351382  -0.0001962237
        0.0000362402  -0.0001529934   0.0002865611   0.0001615576  -0.0015179313
       -0.0003869469  -0.0001946519  -0.0001362016   0.0005291759  -0.0002142924
       -0.0476961972   0.0436468510   0.0111779353  -0.0562215421   0.0437052573
       -0.0532118756   0.0049542017  -0.0018121819  -0.0037755147  -0.0200229568
       -0.0009284692   0.0169391133  -0.0059269770   0.0030093543   0.0062959395
        0.0001086630  -0.0001748692  -0.0000389533   0.0001611690   0.0003021052
       -0.0000905992   0.0026372384  -0.0008132212   0.0030136135   0.0082563418
        0.0190502479  -0.0010235536   0.0038496718  -0.0000403358   0.0013484247
       -0.0548949401  -0.1094402577  -0.0135618886  -0.0559396771   0.5197671963
       -0.0319714542   0.0085794571  -0.0671488285  -0.0042041465   0.0000224719
       -0.0000154173  -0.0000110172  -0.0000701061   0.0000622341  -0.0000371276
        0.0000578711   0.0000600127  -0.0000548941  -0.0001072263  -0.0000383514
        0.0001029361   0.0001576211   0.0000346602   0.0000071189   0.0003073804
        0.0004091113   0.0003438624  -0.0002311264   0.0001950429  -0.0001055466
        0.0464045422  -0.2407692225  -0.0531790124   0.0396739232  -0.1189462932
        0.1017145305  -0.0112709064   0.0003395899   0.0141498990  -0.0077135951
       -0.0001816040   0.0068880715   0.0200112267  -0.0026517997  -0.0232902634
        0.0000607921  -0.0000867884  -0.0001828516  -0.0014218366  -0.0007311317
       -0.0008952615  -0.0034331144   0.0032292613   0.0047084939  -0.0234055562
        0.0009349710  -0.0119352819   0.0004789725  -0.0041539043  -0.0025442574
       -0.0207773083  -0.0109171865  -0.0618974756   0.0020128795  -0.0319714542
        0.4863631305   0.0643589499  -0.0035395316  -0.1471125101   0.0000179326
       -0.0000322380  -0.0000308654   0.0000030642   0.0000740693  -0.0000066518
        0.0001119345  -0.0000781764  -0.0000121449  -0.0000093071  -0.0000990890
        0.0000538343  -0.0004295127   0.0002497864   0.0001410136   0.0006373293
        0.0003811517   0.0003003790   0.0000729780   0.0001226720   0.0001557915
        0.0117425178  -0.0562247850  -0.0583009224  -0.0518053967   0.1040989382
       -0.1800910174   0.0174344010   0.0021824028  -0.0241590967  -0.0054616515
        0.0001348577   0.0057183491   0.0098119321  -0.0035738253  -0.0102726551
        0.0000213752   0.0000558776   0.0000046662   0.0002729051  -0.0000508784
        0.0000580632  -0.0001905411  -0.0002367982  -0.0014578398   0.0014630145
       -0.0023891927   0.0024287674  -0.0007148206   0.0008983164   0.0005174917
       -0.0411513440  -0.0078412647   0.0163657187  -0.1104392223   0.0085794571
        0.0643589499   0.4981825522   0.0041992515   0.0388052719  -0.0000734591
        0.0000183291   0.0000233842   0.0000210360   0.0000057324  -0.0000239149
        0.0000046539  -0.0000467247  -0.0000509195  -0.0000084279   0.0000154587
        0.0000124398  -0.0000724806   0.0000002195   0.0000001032  -0.0002758863
       -0.0001055277  -0.0000743244   0.0000348169   0.0001831250  -0.0000644904
       -0.0059405621   0.0029206297   0.0083932645   0.0041875234  -0.0009241050
       -0.0027039229  -0.0704362649   0.0451276248  -0.0611604330  -0.2280511899
       -0.0798091646  -0.0738160307  -0.0468336785   0.0293996345   0.0083837550
       -0.0000482045  -0.0000338046   0.0000050861   0.0000938695  -0.0000652950
        0.0000229543  -0.0000061324  -0.0001387196  -0.0006772340   0.0011353848
       -0.0024900828   0.0009518520  -0.0000091107   0.0018614807   0.0003106720
       -0.0166630465   0.0017612538   0.0067054806   0.0083219387  -0.0671488285
       -0.0035395316   0.0041992515   0.5284939377   0.0023534734  -0.0000041619
        0.0000204016   0.0000165110   0.0000205964   0.0000140297  -0.0000077206
       -0.0000136359  -0.0000014349  -0.0000004162  -0.0000055261   0.0000238902
       -0.0000172850  -0.0000041639   0.0000095002   0.0000139800  -0.0000796591
        0.0000085355  -0.0000185394   0.0000272463   0.0000998763   0.0000121591
        0.0183124397  -0.0027048025  -0.0217081367  -0.0096563973   0.0005816392
        0.0138783492   0.0450558145  -0.1216200757   0.1018032527  -0.0793697118
       -0.0767583156  -0.0311538993   0.0286932087  -0.2619131856  -0.0689510076
       -0.0001294928   0.0000049425  -0.0000787603   0.0000890238  -0.0000439208
       -0.0000806073   0.0001416077   0.0000132277  -0.0004696303  -0.0013342285
       -0.0010284768   0.0007610477   0.0003955252   0.0004348303   0.0001956127
       -0.0019865501   0.0018986982   0.0095545484   0.0666254042  -0.0042041465
       -0.1471125101   0.0388052719   0.0023534734   0.4857435901   0.0000268504
        0.0000113448   0.0000387804  -0.0000002041  -0.0000280404   0.0000267039
        0.0000183687   0.0000426221   0.0000409344   0.0000104574  -0.0000054033
        0.0000191011   0.0000111278   0.0000012650   0.0000392006  -0.0000781210
       -0.0000276028   0.0000021957  -0.0000049893  -0.0000302701  -0.0000201304
        0.0089641626  -0.0026766515  -0.0090970937   0.0157881550   0.0013427704
       -0.0219044366  -0.0624468702   0.1028623027  -0.1817732554  -0.0726971953
       -0.0307881215  -0.0697812865   0.0078016965  -0.0701328436  -0.0661040042
       -0.2222795040   0.0956744227   0.0467639927  -0.0046182790   0.0026563401
        0.0032126567   0.0006341866  -0.0001227680   0.0018365314   0.0003401820
        0.0004911596  -0.0000984244  -0.0000262219  -0.0001492549  -0.0000157013
        0.0000485057  -0.0001742468   0.0001634445   0.0000870441   0.0000224719
        0.0000179326  -0.0000734591  -0.0000041619   0.0000268504   0.2557846178
       -0.1117943593  -0.0552006772  -0.0019256086   0.0026601388  -0.0003203888
       -0.0282564410   0.0110932037   0.0038067322  -0.0000707769  -0.0002481857
       -0.0000307251   0.0005719571   0.0000078520  -0.0003435699  -0.0004205992
        0.0001945016   0.0002296622   0.0001264442  -0.0003131721  -0.0000349033
        0.0000341519   0.0000156028  -0.0000102941   0.0000183494  -0.0000093062
        0.0000051326   0.0000151001   0.0000107582  -0.0000042797  -0.0000094261
       -0.0000046015  -0.0000027500   0.0000197770  -0.0000063949  -0.0000012215
        0.0957271352  -0.0961044785  -0.0252504604   0.0020525154  -0.0007740366
       -0.0013681387   0.0002206164   0.0006144623  -0.0009523893  -0.0002146745
       -0.0001227808  -0.0001209656   0.0000617159   0.0001275512  -0.0000416209
        0.0001339294  -0.0001141444   0.0000456078  -0.0000810802  -0.0000154173
       -0.0000322380   0.0000183291   0.0000204016   0.0000113448  -0.1117943593
        0.1075176749   0.0296911531   0.0283573635  -0.0187567923  -0.0049794468
       -0.0143389849   0.0071573410   0.0029105189  -0.0003143330   0.0003424845
        0.0003238217   0.0001400403  -0.0001949443  -0.0001803220   0.0002029527
        0.0000855643  -0.0001178700  -0.0001769236   0.0001988044   0.0000618204
        0.0000184073   0.0000245062  -0.0000066217  -0.0000021877  -0.0000032546
        0.0000093177  -0.0000080705  -0.0000008613  -0.0000067777   0.0000100550
        0.0000056653   0.0000033657  -0.0000124467  -0.0000077455  -0.0000000990
        0.0462349505  -0.0249006461  -0.0537773301   0.0261765434  -0.0139865161
       -0.0105933699   0.0016764094  -0.0002695376  -0.0062646440  -0.0004734678
       -0.0007256197  -0.0005173240  -0.0000314253   0.0003592882  -0.0000363767
        0.0000418820  -0.0000280242   0.0001555634   0.0000136880  -0.0000110172
       -0.0000308654   0.0000233842   0.0000165110   0.0000387804  -0.0552006772
        0.0296911531   0.0647161972  -0.0095333377   0.0056780366   0.0029297722
       -0.0108985858   0.0051305306   0.0030847972   0.0003478513  -0.0001448804
        0.0005284735   0.0003538911  -0.0002348003   0.0005893158   0.0014925794
       -0.0007394009  -0.0006907250  -0.0002051471   0.0001599311  -0.0001129008
        0.0000060650   0.0000209006  -0.0000165348   0.0000033625  -0.0000117492
        0.0000026370  -0.0000152585  -0.0000086180  -0.0000098471   0.0000008756
        0.0000044135   0.0000093599  -0.0000135832   0.0000000449  -0.0000049787
       -0.0446877171  -0.0026044612   0.0006094915   0.0001264509  -0.0025100259
        0.0017792428   0.0004401509  -0.0010161094   0.0004964955  -0.0000003701
       -0.0005074144   0.0001953450   0.0000151091   0.0002398378  -0.0000124270
        0.0000269890   0.0001583302  -0.0002820506  -0.0001773502  -0.0000701061
        0.0000030642   0.0000210360   0.0000205964  -0.0000002041  -0.0019256086
        0.0283573635  -0.0095333377   0.0476450321   0.0029336043  -0.0015373969
       -0.0021021806  -0.0259351990   0.0078380647   0.0006256528  -0.0000073830
        0.0007134139   0.0000641771   0.0004423449  -0.0004944194  -0.0000473200
        0.0000947416  -0.0000929003  -0.0000793772   0.0003622298   0.0003277898
        0.0000502206   0.0000177881   0.0000086161  -0.0000142384   0.0000173263
        0.0000020078   0.0000036792   0.0000013223  -0.0000166063   0.0000232461
        0.0000044732  -0.0000078086  -0.0000075817   0.0000007405   0.0000036196
       -0.0026988515  -0.2501102115   0.0829917594  -0.0001495193  -0.0010590563
        0.0038085803  -0.0001301584   0.0010131935  -0.0010563448   0.0003148585
       -0.0006405559   0.0004458892  -0.0001801486   0.0000616233   0.0000760049
       -0.0003402749   0.0001976030  -0.0003685382   0.0000237519   0.0000622341
        0.0000740693   0.0000057324   0.0000140297  -0.0000280404   0.0026601388
       -0.0187567923   0.0056780366   0.0029336043   0.2884388910  -0.0974207938
       -0.0029302830  -0.0208888558   0.0055172515   0.0003431852   0.0009927388
        0.0006302853   0.0002143035   0.0004845613  -0.0002681961   0.0000941882
       -0.0000479996  -0.0001929138  -0.0002136899   0.0002465022   0.0001056830
        0.0000412238  -0.0000266792   0.0000130182  -0.0000107819   0.0000226421
       -0.0000026390   0.0000121194  -0.0000106015   0.0000005821   0.0000042602
       -0.0000083486  -0.0000040670   0.0000063413   0.0000150817   0.0000003733
        0.0004705462   0.0826710816  -0.0754984798   0.0014604270   0.0293016888
       -0.0173868412  -0.0007324341   0.0006531092   0.0009087946   0.0002428925
        0.0002556196  -0.0002045607  -0.0000725786  -0.0002159064   0.0000230840
       -0.0000004814  -0.0000440442   0.0000803556   0.0000145624  -0.0000371276
       -0.0000066518  -0.0000239149  -0.0000077206   0.0000267039  -0.0003203888
       -0.0049794468   0.0029297722  -0.0015373969  -0.0974207938   0.0908653163
       -0.0004570472  -0.0106828694   0.0047383917   0.0006756829   0.0004869577
       -0.0073511232   0.0000168065   0.0005492024   0.0007189374  -0.0002198297
       -0.0000069111   0.0002663920   0.0005283670  -0.0005111431  -0.0000721486
       -0.0000095791  -0.0000038106  -0.0000187295  -0.0000283806  -0.0000109230
       -0.0000008049  -0.0000020528   0.0000119474  -0.0000212128  -0.0000109456
       -0.0000006465   0.0000050030   0.0000057452  -0.0000082638  -0.0000021983
       -0.1817708313  -0.0918824048  -0.0715927116   0.0013879967   0.0005576226
       -0.0015869152   0.0009109299   0.0002544629   0.0005723943   0.0003928199
       -0.0000232942  -0.0000667002  -0.0002875111  -0.0000753872   0.0002356571
        0.0000293931   0.0001141039  -0.0000038295  -0.0002509915   0.0000578711
        0.0001119345   0.0000046539  -0.0000136359   0.0000183687  -0.0282564410
       -0.0143389849  -0.0108985858  -0.0021021806  -0.0029302830  -0.0004570472
        0.2091579985   0.1079223691   0.0838479352   0.0000187974   0.0002683118
       -0.0000838661   0.0009688611   0.0002543456  -0.0000133246  -0.0001187570
       -0.0000128212   0.0000913963  -0.0000680993  -0.0000425751  -0.0000626414
       -0.0000649346  -0.0000871923  -0.0000202570   0.0000082138   0.0000009475
       -0.0000246481   0.0000003927  -0.0000060408  -0.0000141103   0.0000193905
       -0.0000021549  -0.0000160383   0.0000202987  -0.0000152602  -0.0000370106
       -0.0921210312  -0.1076098108  -0.0477575136  -0.0015967783  -0.0007843915
       -0.0031363028  -0.0002517538   0.0001561387   0.0000744191   0.0000284056
        0.0008936494  -0.0009154172   0.0000441363  -0.0003247148   0.0001087629
        0.0003140623  -0.0003825752   0.0005999624   0.0001958543   0.0000600127
       -0.0000781764  -0.0000467247  -0.0000014349   0.0000426221   0.0110932037
        0.0071573410   0.0051305306  -0.0259351990  -0.0208888558  -0.0106828694
        0.1079223691   0.1206206778   0.0566131763   0.0005124414   0.0005438214
        0.0005763068   0.0000711693   0.0009628853  -0.0006779749  -0.0000174674
       -0.0000429640   0.0001856031  -0.0001861311  -0.0003263397  -0.0000486267
       -0.0000402613   0.0000344554  -0.0000376820   0.0000314175  -0.0000511996
       -0.0000010104  -0.0000064513   0.0000044796   0.0000070061  -0.0000201154
       -0.0000014004   0.0000105780   0.0000088542  -0.0000197746  -0.0000133940
       -0.0712217392  -0.0473720209  -0.0791294126  -0.0239925988  -0.0168850043
       -0.0187849691  -0.0004360458   0.0002485740   0.0012997018   0.0009259779
       -0.0011569946  -0.0003572128  -0.0001422671   0.0009840304   0.0001005964
       -0.0000042962   0.0000991541  -0.0000398314   0.0001063695  -0.0000548941
       -0.0000121449  -0.0000509195  -0.0000004162   0.0000409344   0.0038067322
        0.0029105189   0.0030847972   0.0078380647   0.0055172515   0.0047383917
        0.0838479352   0.0566131763   0.0956669568  -0.0004419867  -0.0003273214
        0.0008541696  -0.0000517330  -0.0007415448  -0.0076077862  -0.0001204568
        0.0001827606   0.0002911254  -0.0000405439  -0.0000436005  -0.0000793048
        0.0000391630   0.0000054268   0.0000195934  -0.0000684821   0.0000156474
       -0.0000217880   0.0000237038   0.0000127557  -0.0000548177  -0.0000221695
       -0.0000004785   0.0000034004   0.0000052925  -0.0000070205  -0.0000123994
        0.0007348561  -0.0023656621   0.0020445401  -0.0437270295  -0.0099460259
        0.0016803110  -0.0033270241   0.0263769046  -0.0079843473  -0.0004562827
        0.0021820532  -0.0014675993   0.0006684520  -0.0005418582   0.0004377483
        0.0008785860  -0.0005289034   0.0006374817  -0.0001351382  -0.0001072263
       -0.0000093071  -0.0000084279  -0.0000055261   0.0000104574  -0.0000707769
       -0.0003143330   0.0003478513   0.0006256528   0.0003431852   0.0006756829
        0.0000187974   0.0005124414  -0.0004419867   0.0513276396   0.0062550330
       -0.0040751550  -0.0023944291  -0.0251461189   0.0073293209   0.0004494911
       -0.0000835720  -0.0001932171  -0.0046142945   0.0033805887   0.0009885902
       -0.0000345093   0.0000009814  -0.0000284865   0.0000535858  -0.0000082028
        0.0000384867  -0.0000324724   0.0000146532   0.0000132892   0.0000246352
       -0.0000001191  -0.0000005706   0.0000186885  -0.0000182928  -0.0000030901
       -0.0003782624  -0.0006097223   0.0026735691  -0.0089492672  -0.2451153449
        0.0783347779   0.0052488202  -0.0183041873   0.0048408891  -0.0004093646
       -0.0005337970   0.0006573930  -0.0003287378   0.0010728027  -0.0003743815
        0.0000741427  -0.0001227024  -0.0000334739  -0.0001962237  -0.0000383514
       -0.0000990890   0.0000154587   0.0000238902  -0.0000054033  -0.0002481857
        0.0003424845  -0.0001448804  -0.0000073830   0.0009927388   0.0004869577
        0.0002683118   0.0005438214  -0.0003273214   0.0062550330   0.2831818813
       -0.0901928320  -0.0042115909  -0.0198466190   0.0054439851  -0.0001500471
       -0.0000809866  -0.0000434410   0.0030708703  -0.0015404662  -0.0011906273
       -0.0000026525   0.0000431430   0.0000056192  -0.0000375132  -0.0000010826
       -0.0000108175   0.0000135849   0.0000060451  -0.0000187739  -0.0000064044
        0.0000051447   0.0000029823  -0.0000205889  -0.0000186921  -0.0000051325
        0.0019789822   0.0282623986  -0.0174245709   0.0013098796   0.0776713384
       -0.0724074111   0.0000145475  -0.0063083738   0.0027129793  -0.0000782658
        0.0010894310   0.0003459579   0.0001923706  -0.0005904029  -0.0005223273
       -0.0002979309   0.0000220472  -0.0000698280   0.0000362402   0.0001029361
        0.0000538343   0.0000124398  -0.0000172850   0.0000191011  -0.0000307251
        0.0003238217   0.0005284735   0.0007134139   0.0006302853  -0.0073511232
       -0.0000838661   0.0005763068   0.0008541696  -0.0040751550  -0.0901928320
        0.0881934661  -0.0011502245  -0.0105183856   0.0046034985   0.0000883662
       -0.0005100659   0.0002146923   0.0013542856  -0.0005231584   0.0002804985
       -0.0000066893  -0.0000043515  -0.0000110456   0.0000121459  -0.0000136318
       -0.0000158412   0.0000009061  -0.0000027552   0.0000098669   0.0000035464
        0.0000029603  -0.0000092665   0.0000057326  -0.0000002832  -0.0000051241
        0.0012261744  -0.0000684079  -0.0011114568  -0.1821340331  -0.0904273849
       -0.0726620918  -0.0272045129  -0.0107372991  -0.0068508238  -0.0032604281
        0.0038163027   0.0023737296   0.0003010689  -0.0003127326  -0.0002684128
       -0.0020052874  -0.0002568950  -0.0010975865  -0.0001529934   0.0001576211
       -0.0004295127  -0.0000724806  -0.0000041639   0.0000111278   0.0005719571
        0.0001400403   0.0003538911   0.0000641771   0.0002143035   0.0000168065
        0.0009688611   0.0000711693  -0.0000517330  -0.0023944291  -0.0042115909
       -0.0011502245   0.2134062405   0.1024666133   0.0813935801   0.0004070155
       -0.0005284556  -0.0001591362   0.0002833798  -0.0002783064  -0.0003028439
        0.0000432705   0.0000090958   0.0000210059  -0.0001188379  -0.0000537365
       -0.0000604342   0.0000432414   0.0000157133  -0.0000152557  -0.0000024342
       -0.0000089203  -0.0000117404   0.0000300504  -0.0000029662   0.0000011113
       -0.0015466469  -0.0004519545  -0.0024633705  -0.0912195164  -0.1013689829
       -0.0443083218   0.0122761700   0.0059518118   0.0036390725   0.0016363994
       -0.0015215609  -0.0010590844  -0.0000946061   0.0005583753   0.0002532283
        0.0004663845   0.0002045565   0.0004214350   0.0002865611   0.0000346602
        0.0002497864   0.0000002195   0.0000095002   0.0000012650   0.0000078520
       -0.0001949443  -0.0002348003   0.0004423449   0.0004845613   0.0005492024
        0.0002543456   0.0009628853  -0.0007415448  -0.0251461189  -0.0198466190
       -0.0105183856   0.1024666133   0.1144624386   0.0537892479  -0.0001812950
        0.0003868392   0.0003124795   0.0003024238   0.0003013850   0.0000849940
        0.0000229056  -0.0000023010   0.0000012871   0.0000418924   0.0000304870
        0.0000154782   0.0000025724  -0.0000177273  -0.0000018106  -0.0000060331
       -0.0000017861   0.0000051261  -0.0000124680   0.0000183757   0.0000047156
       -0.0228175008  -0.0159488743  -0.0183407219  -0.0725254538  -0.0443039083
       -0.0777339687   0.0051108097   0.0023700461   0.0021956006   0.0014379227
       -0.0007109756   0.0002270842  -0.0000584591  -0.0000419831   0.0000013011
        0.0001775722   0.0002456373   0.0000979498   0.0001615576   0.0000071189
        0.0001410136   0.0000001032   0.0000139800   0.0000392006  -0.0003435699
       -0.0001803220   0.0005893158  -0.0004944194  -0.0002681961   0.0007189374
       -0.0000133246  -0.0006779749  -0.0076077862   0.0073293209   0.0054439851
        0.0046034985   0.0813935801   0.0537892479   0.0947019764   0.0008424114
        0.0001970130   0.0004666651  -0.0002779189   0.0000666690  -0.0000747806
        0.0000286763   0.0000040928  -0.0000315336   0.0000460045  -0.0000043058
        0.0000016094  -0.0000076476  -0.0000090514   0.0000032287   0.0000110931
       -0.0000016717  -0.0000028505  -0.0000007575   0.0000094732   0.0000042605
       -0.0040971731   0.0028186184   0.0015248118  -0.0040955705   0.0049705588
        0.0251827360  -0.0332737961  -0.0017956869  -0.0003952059  -0.0010362283
       -0.0063582680  -0.0243854538  -0.0010691465   0.0011367974   0.0012920988
       -0.0029999573  -0.0004951856  -0.0003157195  -0.0015179313   0.0003073804
        0.0006373293  -0.0002758863  -0.0000796591  -0.0000781210  -0.0004205992
        0.0002029527   0.0014925794  -0.0000473200   0.0000941882  -0.0002198297
       -0.0001187570  -0.0000174674  -0.0001204568   0.0004494911  -0.0001500471
        0.0000883662   0.0004070155  -0.0001812950   0.0008424114   0.0465067561
       -0.0006142545  -0.0046780575   0.0014641593   0.0000980732  -0.0010684215
        0.0001774594   0.0001051584   0.0000850633   0.0000711461  -0.0000007692
        0.0000623760  -0.0000433047  -0.0000883039  -0.0000326819  -0.0000316088
        0.0000013821   0.0001227921  -0.0000487486   0.0000458271  -0.0000366169
        0.0023532132  -0.0006701448  -0.0007066590   0.0033201189  -0.0017613020
       -0.0141009807  -0.0009696558  -0.0434829618  -0.0242757086  -0.0005745941
       -0.0014999758  -0.0179807020  -0.0012003369  -0.0008248099   0.0019594778
       -0.0015454064  -0.0005438720  -0.0006355765  -0.0003869469   0.0004091113
        0.0003811517  -0.0001055277   0.0000085355  -0.0000276028   0.0001945016
        0.0000855643  -0.0007394009   0.0000947416  -0.0000479996  -0.0000069111
       -0.0000128212  -0.0000429640   0.0001827606  -0.0000835720  -0.0000809866
       -0.0005100659  -0.0005284556   0.0003868392   0.0001970130  -0.0006142545
        0.0472653391   0.0279520167  -0.0000363132   0.0008267004   0.0282880040
        0.0001040512   0.0000185650   0.0000194847  -0.0000026150  -0.0000145315
        0.0000107294  -0.0000234634  -0.0000161881  -0.0000352814  -0.0000118431
       -0.0000205412   0.0000294647   0.0000291793   0.0000056224  -0.0000012136
        0.0025416881  -0.0014797192   0.0000476064   0.0034662379  -0.0026903916
       -0.0105051662   0.0047005470  -0.0218918179  -0.2732052348  -0.0040121456
       -0.0044503192  -0.0129972054   0.0001542201   0.0008903312   0.0009530459
       -0.0018625748  -0.0006733283  -0.0003127254  -0.0001946519   0.0003438624
        0.0003003790  -0.0000743244  -0.0000185394   0.0000021957   0.0002296622
       -0.0001178700  -0.0006907250  -0.0000929003  -0.0001929138   0.0002663920
        0.0000913963   0.0001856031   0.0002911254  -0.0001932171  -0.0000434410
        0.0002146923  -0.0001591362   0.0003124795   0.0004666651  -0.0046780575
        0.0279520167   0.3129389236  -0.0000517500   0.0018133332  -0.0178815651
        0.0001297875   0.0000862644   0.0000157764   0.0000763484  -0.0000230312
        0.0000284471  -0.0000466960  -0.0000555030   0.0000171574   0.0000116786
        0.0000119106   0.0000578782  -0.0000361123   0.0000410735  -0.0000076626
        0.0007627541   0.0000006434  -0.0008929504  -0.0034279338   0.0236809687
       -0.0090450687  -0.0427268550   0.0130821663  -0.0064493428   0.0019587968
       -0.0194103556   0.0108319578  -0.0051291957  -0.0067820411  -0.0022134886
        0.0002302622  -0.0002539609   0.0000091653  -0.0001362016  -0.0002311264
        0.0000729780   0.0000348169   0.0000272463  -0.0000049893   0.0001264442
       -0.0001769236  -0.0002051471  -0.0000793772  -0.0002136899   0.0005283670
       -0.0000680993  -0.0001861311  -0.0000405439  -0.0046142945   0.0030708703
        0.0013542856   0.0002833798   0.0003024238  -0.0002779189   0.0014641593
       -0.0000363132  -0.0000517500   0.0510492097  -0.0131013737   0.0063237804
        0.0001496987   0.0001416832   0.0000857378   0.0000672546   0.0000425572
        0.0000014519   0.0000566821  -0.0000084186  -0.0000281973   0.0000551315
        0.0000295318  -0.0000240197  -0.0000566328   0.0000222430   0.0000256929
       -0.0008454581   0.0008433816   0.0004349076   0.0045580236  -0.0156636512
        0.0054444324   0.0107733826  -0.2324865662   0.0939056306  -0.0017186612
       -0.0193223938   0.0081389319  -0.0046204587  -0.0048076139  -0.0010707828
        0.0006717436   0.0006282769  -0.0002523236   0.0005291759   0.0001950429
        0.0001226720   0.0001831250   0.0000998763  -0.0000302701  -0.0003131721
        0.0001988044   0.0001599311   0.0003622298   0.0002465022  -0.0005111431
       -0.0000425751  -0.0003263397  -0.0000436005   0.0033805887  -0.0015404662
       -0.0005231584  -0.0002783064   0.0003013850   0.0000666690   0.0000980732
        0.0008267004   0.0018133332  -0.0131013737   0.2706375307  -0.1077596052
        0.0001483510   0.0000747940   0.0000866655   0.0001068415   0.0000897714
        0.0000414882   0.0000447556  -0.0000517765   0.0000037590   0.0000836209
        0.0000092262  -0.0000360242  -0.0000199060   0.0000475156   0.0000084874
        0.0002741988  -0.0012348970   0.0009955851  -0.0000792552  -0.0050039299
        0.0029018403  -0.0048213130   0.0949426034  -0.0887169320  -0.0000110571
       -0.0048638194   0.0028231396  -0.0020234861  -0.0021365995   0.0007563494
        0.0007817982  -0.0010913211  -0.0003541087  -0.0002142924  -0.0001055466
        0.0001557915  -0.0000644904   0.0000121591  -0.0000201304  -0.0000349033
        0.0000618204  -0.0001129008   0.0003277898   0.0001056830  -0.0000721486
       -0.0000626414  -0.0000486267  -0.0000793048   0.0009885902  -0.0011906273
        0.0002804985  -0.0003028439   0.0000849940  -0.0000747806  -0.0010684215
        0.0282880040  -0.0178815651   0.0063237804  -0.1077596052   0.0994445388
       -0.0000078932  -0.0000329535  -0.0000154790  -0.0000371215  -0.0000061124
        0.0000070739  -0.0000042701   0.0000185067  -0.0000299837  -0.0000144352
       -0.0000171255  -0.0000033160   0.0000502670  -0.0000226065  -0.0000041674
       -0.0000715965  -0.0000220620  -0.0000332511  -0.0000741469   0.0000642216
       -0.0000316755  -0.0002518239   0.0002567780   0.0005055126   0.0007746024
       -0.0023470501  -0.0005236700  -0.0002293850   0.0004924534   0.0004273692
       -0.0077734051  -0.0326596589  -0.0129891715  -0.0476961972   0.0464045422
        0.0117425178  -0.0059405621   0.0183124397   0.0089641626   0.0000341519
        0.0000184073   0.0000060650   0.0000502206   0.0000412238  -0.0000095791
       -0.0000649346  -0.0000402613   0.0000391630  -0.0000345093  -0.0000026525
       -0.0000066893   0.0000432705   0.0000229056   0.0000286763   0.0001774594
        0.0001040512   0.0001297875   0.0001496987   0.0001483510  -0.0000078932
        0.0636047663  -0.0412225119  -0.0132386186  -0.0007033089   0.0098669009
        0.0017329321   0.0006210088   0.0000635124  -0.0007494025   0.0000060301
        0.0003356585   0.0001003514  -0.0026213393   0.0001627514   0.0039134134
       -0.0000039385  -0.0000030253  -0.0000011990   0.0001073064   0.0000195430
       -0.0000001143  -0.0001168139  -0.0001517608   0.0000620365   0.0015142378
       -0.0000419987   0.0011985117   0.0006599079   0.0010555405   0.0000014806
       -0.0133853267  -0.0223726008  -0.0094280646   0.0436468510  -0.2407692225
       -0.0562247850   0.0029206297  -0.0027048025  -0.0026766515   0.0000156028
        0.0000245062   0.0000209006   0.0000177881  -0.0000266792  -0.0000038106
       -0.0000871923   0.0000344554   0.0000054268   0.0000009814   0.0000431430
       -0.0000043515   0.0000090958  -0.0000023010   0.0000040928   0.0001051584
        0.0000185650   0.0000862644   0.0001416832   0.0000747940  -0.0000329535
       -0.0412225119   0.2822951772   0.0688743083   0.0057191103  -0.0193881534
       -0.0022110410  -0.0005486279   0.0006582159   0.0004385453   0.0000585542
        0.0002020057   0.0002714746   0.0004475040   0.0010345982  -0.0003800707
        0.0000667540   0.0000500188   0.0000379841  -0.0000334331   0.0000197151
        0.0000427717   0.0000191742   0.0003190160   0.0003178251   0.0002534711
       -0.0032231115   0.0015029202   0.0005221293   0.0013136300  -0.0009629931
       -0.0055847518  -0.0128611917  -0.0042669323   0.0111779353  -0.0531790124
       -0.0583009224   0.0083932645  -0.0217081367  -0.0090970937  -0.0000102941
       -0.0000066217  -0.0000165348   0.0000086161   0.0000130182  -0.0000187295
       -0.0000202570  -0.0000376820   0.0000195934  -0.0000284865   0.0000056192
       -0.0000110456   0.0000210059   0.0000012871  -0.0000315336   0.0000850633
        0.0000194847   0.0000157764   0.0000857378   0.0000866655  -0.0000154790
       -0.0132386186   0.0688743083   0.0686627062  -0.0049999820   0.0219517293
        0.0050622742  -0.0002875247  -0.0007856843   0.0003325077  -0.0003719896
       -0.0000624246   0.0003796374   0.0039421860  -0.0007906274  -0.0036527322
       -0.0000278360  -0.0000113048   0.0000334389  -0.0002958552  -0.0002288866
       -0.0001269070  -0.0014191629   0.0008157923   0.0000541891  -0.0036900753
       -0.0033778338  -0.0037909552   0.0005981206  -0.0002412999   0.0003941800
       -0.0211868445   0.0123829419  -0.0248366097  -0.0562215421   0.0396739232
       -0.0518053967   0.0041875234  -0.0096563973   0.0157881550   0.0000183494
       -0.0000021877   0.0000033625  -0.0000142384  -0.0000107819  -0.0000283806
        0.0000082138   0.0000314175  -0.0000684821   0.0000535858  -0.0000375132
        0.0000121459  -0.0001188379   0.0000418924   0.0000460045   0.0000711461
       -0.0000026150   0.0000763484   0.0000672546   0.0001068415  -0.0000371215
       -0.0007033089   0.0057191103  -0.0049999820   0.0800217600  -0.0446591906
        0.0651246237  -0.0022104126   0.0000236519   0.0039175731   0.0003282179
       -0.0001720364   0.0003918713   0.0005339423  -0.0003955239  -0.0001480577
        0.0000058754   0.0000273599   0.0000047364  -0.0001625121  -0.0001075446
       -0.0000226044  -0.0007572097   0.0003955287   0.0000170611  -0.0012536799
       -0.0028220550  -0.0000588188   0.0009742965   0.0012893773   0.0000203507
       -0.0064164081   0.0074008750  -0.0101928874   0.0437052573  -0.1189462932
        0.1040989382  -0.0009241050   0.0005816392   0.0013427704  -0.0000093062
       -0.0000032546  -0.0000117492   0.0000173263   0.0000226421  -0.0000109230
        0.0000009475  -0.0000511996   0.0000156474  -0.0000082028  -0.0000010826
       -0.0000136318  -0.0000537365   0.0000304870  -0.0000043058  -0.0000007692
       -0.0000145315  -0.0000230312   0.0000425572   0.0000897714  -0.0000061124
        0.0098669009  -0.0193881534   0.0219517293  -0.0446591906   0.1299399303
       -0.1162436913  -0.0002942217   0.0010772589  -0.0001028132  -0.0001931862
       -0.0000288671   0.0001178902   0.0001193670   0.0005081121  -0.0008785553
        0.0000304649  -0.0000047404   0.0000282679  -0.0000973736  -0.0001419483
       -0.0000374425  -0.0005858711   0.0003329504   0.0000985804  -0.0010054026
       -0.0019870977  -0.0011912484   0.0006635420  -0.0001874229   0.0004313955
       -0.0127857308   0.0045407684  -0.0098592910  -0.0532118756   0.1017145305
       -0.1800910174  -0.0027039229   0.0138783492  -0.0219044366   0.0000051326
        0.0000093177   0.0000026370   0.0000020078  -0.0000026390  -0.0000008049
       -0.0000246481  -0.0000010104  -0.0000217880   0.0000384867  -0.0000108175
       -0.0000158412  -0.0000604342   0.0000154782   0.0000016094   0.0000623760
        0.0000107294   0.0000284471   0.0000014519   0.0000414882   0.0000070739
        0.0017329321  -0.0022110410   0.0050622742   0.0651246237  -0.1162436913
        0.2105427956   0.0038816924  -0.0000413796  -0.0039686616  -0.0004073929
        0.0000474333   0.0005278656  -0.0006600583   0.0002407429   0.0003595851
        0.0000054012  -0.0000032999  -0.0000113404  -0.0000154545   0.0000532135
        0.0000095471   0.0000845663   0.0000276328   0.0000045212  -0.0004031271
       -0.0008326142   0.0004632742   0.0001397662   0.0006348410  -0.0003096798
        0.0019210845   0.0003417450  -0.0003167052   0.0049542017  -0.0112709064
        0.0174344010  -0.0704362649   0.0450558145  -0.0624468702   0.0000151001
       -0.0000080705  -0.0000152585   0.0000036792   0.0000121194  -0.0000020528
        0.0000003927  -0.0000064513   0.0000237038  -0.0000324724   0.0000135849
        0.0000009061   0.0000432414   0.0000025724  -0.0000076476  -0.0000433047
       -0.0000234634  -0.0000466960   0.0000566821   0.0000447556  -0.0000042701
        0.0006210088  -0.0005486279  -0.0002875247  -0.0022104126  -0.0002942217
        0.0038816924   0.0787225422  -0.0520570451   0.0684837226  -0.0122815104
        0.0153856578  -0.0233606913  -0.0011451197   0.0034727635  -0.0034930317
        0.0000215654   0.0000016806  -0.0000180112   0.0000451545   0.0000153849
       -0.0000069276   0.0000083710  -0.0001087067  -0.0000330356  -0.0004945783
        0.0006501346   0.0002953637  -0.0000415800  -0.0002812516  -0.0001554935
        0.0004256534  -0.0004963757  -0.0000119770  -0.0018121819   0.0003395899
        0.0021824028   0.0451276248  -0.1216200757   0.1028623027   0.0000107582
       -0.0000008613  -0.0000086180   0.0000013223  -0.0000106015   0.0000119474
       -0.0000060408   0.0000044796   0.0000127557   0.0000146532   0.0000060451
       -0.0000027552   0.0000157133  -0.0000177273  -0.0000090514  -0.0000883039
       -0.0000161881  -0.0000555030  -0.0000084186  -0.0000517765   0.0000185067
        0.0000635124   0.0006582159  -0.0007856843   0.0000236519   0.0010772589
       -0.0000413796  -0.0520570451   0.1358014690  -0.1195651480  -0.0035912865
        0.0062047175  -0.0078820316   0.0123414548  -0.0221554117   0.0231923370
        0.0000248385  -0.0000111653   0.0000456005  -0.0000438403   0.0000186032
        0.0000407170  -0.0000714837  -0.0001105118  -0.0001088989   0.0004629855
        0.0009908036  -0.0004135954  -0.0006155149  -0.0006014817   0.0001961300
       -0.0008408066  -0.0005103746   0.0016218272  -0.0037755147   0.0141498990
       -0.0241590967  -0.0611604330   0.1018032527  -0.1817732554  -0.0000042797
       -0.0000067777  -0.0000098471  -0.0000166063   0.0000005821  -0.0000212128
       -0.0000141103   0.0000070061  -0.0000548177   0.0000132892  -0.0000187739
        0.0000098669  -0.0000152557  -0.0000018106   0.0000032287  -0.0000326819
       -0.0000352814   0.0000171574  -0.0000281973   0.0000037590  -0.0000299837
       -0.0007494025   0.0004385453   0.0003325077   0.0039175731  -0.0001028132
       -0.0039686616   0.0684837226  -0.1195651480   0.2124484628  -0.0074730888
        0.0068372145  -0.0103617745   0.0019388068  -0.0032855274   0.0061856457
       -0.0000599360   0.0000166948   0.0000097479   0.0000366281  -0.0000290129
        0.0000185170  -0.0001409867   0.0000206411  -0.0003914792   0.0004512582
       -0.0014250021   0.0007432246   0.0001192658   0.0005950950   0.0001257960
       -0.0061081419  -0.0000325137   0.0038012587  -0.0200229568  -0.0077135951
       -0.0054616515  -0.2280511899  -0.0793697118  -0.0726971953  -0.0000094261
        0.0000100550   0.0000008756   0.0000232461   0.0000042602  -0.0000109456
        0.0000193905  -0.0000201154  -0.0000221695   0.0000246352  -0.0000064044
        0.0000035464  -0.0000024342  -0.0000060331   0.0000110931  -0.0000316088
       -0.0000118431   0.0000116786   0.0000551315   0.0000836209  -0.0000144352
        0.0000060301   0.0000585542  -0.0003719896   0.0003282179  -0.0001931862
       -0.0004073929  -0.0122815104  -0.0035912865  -0.0074730888   0.2636174420
        0.0924022987   0.0825406332   0.0020269455  -0.0007925156  -0.0004160236
       -0.0000013065   0.0000125361  -0.0000013706   0.0000226217  -0.0000040376
        0.0000023096  -0.0000349204   0.0000107909  -0.0000435251   0.0001536478
       -0.0000925779   0.0001566319  -0.0000992059   0.0000282295  -0.0000442271
       -0.0002603492   0.0006686580   0.0004068222  -0.0009284692  -0.0001816040
        0.0001348577  -0.0798091646  -0.0767583156  -0.0307881215  -0.0000046015
        0.0000056653   0.0000044135   0.0000044732  -0.0000083486  -0.0000006465
       -0.0000021549  -0.0000014004  -0.0000004785  -0.0000001191   0.0000051447
        0.0000029603  -0.0000089203  -0.0000017861  -0.0000016717   0.0000013821
       -0.0000205412   0.0000119106   0.0000295318   0.0000092262  -0.0000171255
        0.0003356585   0.0002020057  -0.0000624246  -0.0001720364  -0.0000288671
        0.0000474333   0.0153856578   0.0062047175   0.0068372145   0.0924022987
        0.0847669270   0.0356074565  -0.0270140236  -0.0148164223  -0.0122524191
        0.0000331233  -0.0000096405   0.0000089615  -0.0000269703  -0.0000165643
       -0.0000047142   0.0000810116  -0.0000018032   0.0003897024   0.0005324217
        0.0006105891  -0.0004394191  -0.0001774133  -0.0002339324  -0.0000657091
        0.0058442749   0.0008962606  -0.0023132367   0.0169391133   0.0068880715
        0.0057183491  -0.0738160307  -0.0311538993  -0.0697812865  -0.0000027500
        0.0000033657   0.0000093599  -0.0000078086  -0.0000040670   0.0000050030
       -0.0000160383   0.0000105780   0.0000034004  -0.0000005706   0.0000029823
       -0.0000092665  -0.0000117404   0.0000051261  -0.0000028505   0.0001227921
        0.0000294647   0.0000578782  -0.0000240197  -0.0000360242  -0.0000033160
        0.0001003514   0.0002714746   0.0003796374   0.0003918713   0.0001178902
        0.0005278656  -0.0233606913  -0.0078820316  -0.0103617745   0.0825406332
        0.0356074565   0.0793046910  -0.0091415594  -0.0051052967  -0.0034232754
       -0.0000048731  -0.0000192052  -0.0000125378  -0.0000007179   0.0000075073
       -0.0000063462   0.0000869634  -0.0000682503  -0.0000142570  -0.0006428946
        0.0006454545   0.0000652578   0.0001893978  -0.0004318588   0.0000086036
        0.0023098932   0.0005094595  -0.0008067150  -0.0059269770   0.0200112267
        0.0098119321  -0.0468336785   0.0286932087   0.0078016965   0.0000197770
       -0.0000124467  -0.0000135832  -0.0000075817   0.0000063413   0.0000057452
        0.0000202987   0.0000088542   0.0000052925   0.0000186885  -0.0000205889
        0.0000057326   0.0000300504  -0.0000124680  -0.0000007575  -0.0000487486
        0.0000291793  -0.0000361123  -0.0000566328  -0.0000199060   0.0000502670
       -0.0026213393   0.0004475040   0.0039421860   0.0005339423   0.0001193670
       -0.0006600583  -0.0011451197   0.0123414548   0.0019388068   0.0020269455
       -0.0270140236  -0.0091415594   0.0520526063  -0.0352208100  -0.0129435933
       -0.0000062459   0.0000107513   0.0000108082  -0.0000715785   0.0000267780
        0.0000065326  -0.0000141857   0.0001037088   0.0000316824   0.0000576965
       -0.0004223393  -0.0004134005   0.0000735765   0.0001719820   0.0000473554
        0.0002991863   0.0004036737   0.0008555107   0.0030093543  -0.0026517997
       -0.0035738253   0.0293996345  -0.2619131856  -0.0701328436  -0.0000063949
       -0.0000077455   0.0000000449   0.0000007405   0.0000150817  -0.0000082638
       -0.0000152602  -0.0000197746  -0.0000070205  -0.0000182928  -0.0000186921
       -0.0000002832  -0.0000029662   0.0000183757   0.0000094732   0.0000458271
        0.0000056224   0.0000410735   0.0000222430   0.0000475156  -0.0000226065
        0.0001627514   0.0010345982  -0.0007906274  -0.0003955239   0.0005081121
        0.0002407429   0.0034727635  -0.0221554117  -0.0032855274  -0.0007925156
       -0.0148164223  -0.0051052967  -0.0352208100   0.2996591711   0.0820964709
        0.0000316877   0.0000044665   0.0000105089  -0.0000278408   0.0000318696
        0.0000120332  -0.0000275976  -0.0000223449  -0.0000783442   0.0000391665
       -0.0000254979  -0.0001370931  -0.0001354190   0.0002546847   0.0000344540
       -0.0014248831   0.0002265930   0.0011235872   0.0062959395  -0.0232902634
       -0.0102726551   0.0083837550  -0.0689510076  -0.0661040042  -0.0000012215
       -0.0000000990  -0.0000049787   0.0000036196   0.0000003733  -0.0000021983
       -0.0000370106  -0.0000133940  -0.0000123994  -0.0000030901  -0.0000051325
       -0.0000051241   0.0000011113   0.0000047156   0.0000042605  -0.0000366169
       -0.0000012136  -0.0000076626   0.0000256929   0.0000084874  -0.0000041674
        0.0039134134  -0.0003800707  -0.0036527322  -0.0001480577  -0.0008785553
        0.0003595851  -0.0034930317   0.0231923370   0.0061856457  -0.0004160236
       -0.0122524191  -0.0034232754  -0.0129435933   0.0820964709   0.0759745601
