           1           2   1.02106025061137     
           2           3  0.992247784564511     
           3           4  0.978595578748847     
           4           5   1.69595480233184     
           4           6   1.16398982513043     
           5           6  0.170051444980533     
           6           7  0.919913854180181     
           7           8   1.01352993712920     
           1           9  0.986037568451629     
           1          10  0.986370065601584     
           1          11  0.987701121878007     
           2          12  0.976741084919380     
           2          13  0.975882742018457     
           3          14  0.943233311351359     
           3          15  0.970509089926711     
           7          16  0.970249600722389     
           7          17  0.969108708316466     
           8          18  0.985879368536020     
           8          19  0.980261310833463     
           8          20  0.984481036810203     
